# k	<chi>	std	chi_median	chi_max	chi_min
0.000000e+00	-9.602262e-03	1.063732e-01	0.000000e+00	2.827851e-01	-3.552635e-01
5.000000e-02	-2.899071e-02	1.523469e-01	-3.755486e-02	2.802622e-01	-3.589218e-01
1.000000e-01	-3.741997e-02	1.500055e-01	-5.475012e-02	2.746062e-01	-3.602032e-01
1.500000e-01	-6.176156e-02	1.457669e-01	-1.041827e-01	2.622966e-01	-3.631683e-01
2.000000e-01	-8.627737e-02	1.454311e-01	-1.310465e-01	2.483244e-01	-3.656877e-01
2.500000e-01	-1.241421e-01	1.543403e-01	-1.700870e-01	2.271180e-01	-4.086889e-01
3.000000e-01	-1.614505e-01	1.719536e-01	-1.874958e-01	2.040694e-01	-4.917608e-01
3.500000e-01	-2.083104e-01	2.061305e-01	-1.831147e-01	1.768011e-01	-6.118720e-01
4.000000e-01	-2.526793e-01	2.446438e-01	-1.779301e-01	1.486973e-01	-7.211771e-01
4.500000e-01	-3.024381e-01	2.934591e-01	-1.725540e-01	1.202511e-01	-8.471773e-01
5.000000e-01	-3.465415e-01	3.378875e-01	-1.786106e-01	9.288685e-02	-9.769867e-01
5.500000e-01	-3.904814e-01	3.810982e-01	-1.827541e-01	6.465606e-02	-1.093910e+00
6.000000e-01	-4.239225e-01	4.118371e-01	-1.862961e-01	3.770111e-02	-1.168221e+00
6.500000e-01	-4.491567e-01	4.293038e-01	-1.939352e-01	8.133884e-03	-1.203364e+00
7.000000e-01	-4.583358e-01	4.286298e-01	-2.004157e-01	-1.869806e-02	-1.201721e+00
7.500000e-01	-4.509250e-01	4.064108e-01	-2.061250e-01	-3.681829e-02	-1.160386e+00
8.000000e-01	-4.247110e-01	3.660388e-01	-2.042773e-01	-4.679451e-02	-1.077385e+00
8.500000e-01	-3.786552e-01	3.046176e-01	-2.029604e-01	-5.287769e-02	-9.351604e-01
9.000000e-01	-3.183482e-01	2.334456e-01	-1.911767e-01	-4.338443e-02	-7.510980e-01
9.500000e-01	-2.450878e-01	1.531999e-01	-1.762451e-01	-3.777560e-02	-5.711153e-01
1.000000e+00	-1.708726e-01	8.224257e-02	-1.600575e-01	-2.712262e-02	-4.029977e-01
1.050000e+00	-9.983424e-02	4.661237e-02	-9.628328e-02	1.934754e-02	-2.380834e-01
1.100000e+00	-4.455081e-02	7.185441e-02	-4.015282e-02	1.341649e-01	-1.903085e-01
1.150000e+00	-8.967953e-03	9.667079e-02	-2.631124e-02	1.989495e-01	-1.709458e-01
1.200000e+00	1.777303e-03	1.005804e-01	-2.505150e-02	2.060662e-01	-1.693032e-01
1.250000e+00	-1.136012e-02	8.406038e-02	-3.053824e-02	1.633879e-01	-1.695435e-01
1.300000e+00	-4.187974e-02	5.502255e-02	-4.647804e-02	8.789506e-02	-1.689801e-01
1.350000e+00	-8.251931e-02	3.251965e-02	-8.086769e-02	-6.616588e-03	-1.703366e-01
1.400000e+00	-1.195744e-01	4.671104e-02	-1.143815e-01	-1.322152e-02	-2.640836e-01
1.450000e+00	-1.443690e-01	6.852353e-02	-1.278146e-01	-8.985718e-03	-3.155799e-01
1.500000e+00	-1.471535e-01	7.729497e-02	-1.442039e-01	1.009196e-02	-3.042201e-01
1.550000e+00	-1.255557e-01	7.424255e-02	-1.537710e-01	4.012156e-02	-2.379343e-01
1.600000e+00	-8.244390e-02	7.339101e-02	-9.928442e-02	7.778666e-02	-2.020850e-01
1.650000e+00	-2.429361e-02	9.255926e-02	1.875933e-02	1.230688e-01	-1.917465e-01
1.700000e+00	3.577512e-02	1.242992e-01	8.156054e-02	2.191015e-01	-1.733859e-01
1.750000e+00	8.893410e-02	1.534190e-01	1.042437e-01	3.211887e-01	-1.446089e-01
1.800000e+00	1.234036e-01	1.661464e-01	1.143496e-01	3.707614e-01	-1.201149e-01
1.850000e+00	1.374604e-01	1.597189e-01	1.113742e-01	3.783039e-01	-9.099634e-02
1.900000e+00	1.297723e-01	1.335988e-01	9.958639e-02	3.342768e-01	-6.086361e-02
1.950000e+00	1.076994e-01	9.488265e-02	7.815777e-02	2.614456e-01	-3.194609e-02
2.000000e+00	7.818308e-02	5.219078e-02	5.614090e-02	1.747453e-01	-5.146418e-03
2.050000e+00	4.998136e-02	1.971883e-02	5.247719e-02	9.459490e-02	-8.333636e-03
2.100000e+00	2.963785e-02	2.974981e-02	2.519893e-02	9.186357e-02	-2.875978e-02
2.150000e+00	2.013033e-02	4.336260e-02	1.809827e-02	9.119254e-02	-5.511662e-02
2.200000e+00	1.963211e-02	4.591068e-02	1.991069e-02	8.890438e-02	-5.881492e-02
2.250000e+00	2.323558e-02	4.324898e-02	2.461339e-02	9.002854e-02	-5.150592e-02
2.300000e+00	2.527376e-02	3.717335e-02	3.152711e-02	8.663795e-02	-5.319861e-02
2.350000e+00	2.272667e-02	3.072495e-02	3.167414e-02	7.679801e-02	-5.181578e-02
2.400000e+00	1.533715e-02	2.549941e-02	2.362612e-02	5.949802e-02	-4.665609e-02
2.450000e+00	8.482904e-03	2.086520e-02	1.639808e-02	4.286162e-02	-4.081772e-02
2.500000e+00	1.009529e-03	1.626749e-02	7.066539e-03	2.783929e-02	-3.305459e-02
2.550000e+00	-5.812201e-03	1.177734e-02	-2.978695e-03	1.805453e-02	-3.075655e-02
2.600000e+00	-1.085714e-02	7.735329e-03	-1.138244e-02	7.570400e-03	-2.714005e-02
2.650000e+00	-1.472663e-02	5.562960e-03	-1.500822e-02	-1.894243e-04	-2.603352e-02
2.700000e+00	-1.688396e-02	5.704676e-03	-1.598710e-02	-4.858009e-03	-3.242413e-02
2.750000e+00	-1.727087e-02	7.412064e-03	-1.747810e-02	-3.157351e-03	-3.676457e-02
2.800000e+00	-1.613641e-02	9.054372e-03	-1.738768e-02	7.989733e-04	-3.747154e-02
2.850000e+00	-1.497953e-02	9.987677e-03	-1.686610e-02	4.446775e-03	-3.702763e-02
2.900000e+00	-1.291035e-02	1.025325e-02	-1.579226e-02	6.719734e-03	-3.381766e-02
2.950000e+00	-1.037330e-02	9.963156e-03	-1.208289e-02	7.315409e-03	-2.928583e-02
3.000000e+00	-7.732004e-03	9.379144e-03	-8.361375e-03	8.057630e-03	-2.781296e-02
3.050000e+00	-5.190447e-03	8.981803e-03	-4.281549e-03	8.445304e-03	-2.559333e-02
3.100000e+00	-2.831289e-03	8.709153e-03	-2.424303e-04	1.190727e-02	-2.592975e-02
3.150000e+00	-6.752528e-04	8.595658e-03	2.420908e-03	1.435480e-02	-2.565554e-02
3.200000e+00	1.361099e-03	8.563789e-03	3.765653e-03	1.634631e-02	-2.403495e-02
3.250000e+00	3.329464e-03	8.399367e-03	4.369246e-03	2.115420e-02	-2.067140e-02
3.300000e+00	5.429286e-03	8.281365e-03	5.234460e-03	2.768918e-02	-1.553610e-02
3.350000e+00	7.706791e-03	8.320464e-03	5.958497e-03	3.371775e-02	-8.637905e-03
3.400000e+00	1.006583e-02	8.553945e-03	7.942694e-03	3.785092e-02	-6.395405e-03
3.450000e+00	1.244753e-02	8.836226e-03	1.149324e-02	3.958529e-02	-6.820103e-03
3.500000e+00	1.447671e-02	9.035299e-03	1.499036e-02	3.863435e-02	-5.983666e-03
3.550000e+00	1.577831e-02	9.017752e-03	1.665679e-02	3.527884e-02	-4.178582e-03
3.600000e+00	1.604564e-02	8.767857e-03	1.702141e-02	3.243411e-02	-2.709545e-03
3.650000e+00	1.529983e-02	8.415469e-03	1.518923e-02	3.208514e-02	-4.218407e-04
3.700000e+00	1.323638e-02	8.053366e-03	1.187747e-02	3.134425e-02	-3.470649e-03
3.750000e+00	9.956792e-03	7.683103e-03	8.740638e-03	2.779928e-02	-7.537947e-03
3.800000e+00	5.708406e-03	7.298922e-03	5.318837e-03	2.216803e-02	-1.186095e-02
3.850000e+00	8.413170e-04	7.085936e-03	7.512275e-04	1.731302e-02	-1.854670e-02
3.900000e+00	-4.406841e-03	7.361753e-03	-5.034939e-03	1.568899e-02	-2.309986e-02
3.950000e+00	-9.563160e-03	8.466594e-03	-1.055373e-02	1.629638e-02	-2.536493e-02
4.000000e+00	-1.412527e-02	1.011660e-02	-1.435706e-02	1.559096e-02	-3.378394e-02
4.050000e+00	-1.783382e-02	1.166642e-02	-1.741336e-02	1.409189e-02	-4.218440e-02
4.100000e+00	-2.011589e-02	1.240300e-02	-1.887514e-02	1.507289e-02	-4.872748e-02
4.150000e+00	-2.060983e-02	1.181121e-02	-1.942662e-02	1.538353e-02	-4.986490e-02
4.200000e+00	-1.918334e-02	9.825115e-03	-1.875724e-02	1.498556e-02	-4.523744e-02
4.250000e+00	-1.623569e-02	7.342491e-03	-1.707308e-02	1.326342e-02	-3.605004e-02
4.300000e+00	-1.189494e-02	6.511271e-03	-1.264433e-02	1.053408e-02	-2.707434e-02
4.350000e+00	-6.779803e-03	9.156521e-03	-7.901850e-03	1.533246e-02	-2.713649e-02
4.400000e+00	-1.605395e-03	1.304647e-02	-5.345592e-03	2.748240e-02	-2.711813e-02
4.450000e+00	2.894928e-03	1.625207e-02	-2.163716e-03	3.594457e-02	-2.588608e-02
4.500000e+00	6.441540e-03	1.823453e-02	1.271403e-03	4.090939e-02	-2.328666e-02
4.550000e+00	8.893002e-03	1.886250e-02	5.261410e-03	4.158008e-02	-2.389823e-02
4.600000e+00	1.039087e-02	1.838802e-02	8.300480e-03	4.075916e-02	-2.519038e-02
4.650000e+00	1.123839e-02	1.730361e-02	1.044337e-02	3.889209e-02	-2.550066e-02
4.700000e+00	1.179707e-02	1.602038e-02	1.316819e-02	3.683934e-02	-2.553074e-02
4.750000e+00	1.227519e-02	1.476390e-02	1.377252e-02	3.547941e-02	-2.749259e-02
4.800000e+00	1.267313e-02	1.352679e-02	1.390178e-02	3.367363e-02	-2.858791e-02
4.850000e+00	1.280166e-02	1.223952e-02	1.315370e-02	3.306653e-02	-2.888321e-02
4.900000e+00	1.241054e-02	1.089550e-02	1.293694e-02	3.196143e-02	-2.774969e-02
4.950000e+00	1.129660e-02	1.003918e-02	1.164765e-02	3.092352e-02	-2.493708e-02
5.000000e+00	9.443778e-03	1.072123e-02	9.375444e-03	3.404060e-02	-2.041724e-02
5.050000e+00	7.076456e-03	1.319836e-02	7.008663e-03	3.995494e-02	-2.440675e-02
5.100000e+00	4.586744e-03	1.647310e-02	3.970761e-03	4.565182e-02	-3.154662e-02
5.150000e+00	2.361600e-03	1.928882e-02	1.152740e-03	4.900192e-02	-3.584943e-02
5.200000e+00	6.218844e-04	2.077147e-02	-2.102681e-03	4.927668e-02	-3.932323e-02
5.250000e+00	-7.028259e-04	2.057950e-02	-5.483001e-03	4.592292e-02	-4.226320e-02
5.300000e+00	-1.978565e-03	1.900617e-02	-7.557784e-03	3.981163e-02	-4.140032e-02
5.350000e+00	-3.746539e-03	1.681936e-02	-8.564005e-03	3.301223e-02	-3.714295e-02
5.400000e+00	-6.485220e-03	1.494294e-02	-9.455920e-03	3.130192e-02	-3.971968e-02
5.450000e+00	-1.030490e-02	1.388103e-02	-1.153454e-02	2.785665e-02	-4.689681e-02
5.500000e+00	-1.489607e-02	1.374024e-02	-1.583510e-02	2.667189e-02	-5.195908e-02
5.550000e+00	-1.944684e-02	1.447570e-02	-2.074827e-02	2.860491e-02	-5.362790e-02
5.600000e+00	-2.283719e-02	1.612677e-02	-2.494631e-02	3.430178e-02	-5.339410e-02
5.650000e+00	-2.387749e-02	1.829435e-02	-2.513756e-02	4.055513e-02	-6.203462e-02
5.700000e+00	-2.191473e-02	2.022458e-02	-2.142931e-02	4.607608e-02	-6.886558e-02
5.750000e+00	-1.686895e-02	2.107076e-02	-1.385709e-02	4.938955e-02	-6.914841e-02
5.800000e+00	-9.383218e-03	2.040457e-02	-7.074132e-03	4.913339e-02	-6.193117e-02
5.850000e+00	-6.457844e-04	1.838680e-02	-3.625323e-04	4.516929e-02	-4.777441e-02
5.900000e+00	7.761841e-03	1.612772e-02	6.475493e-03	4.993476e-02	-2.900728e-02
5.950000e+00	1.447173e-02	1.522983e-02	1.216489e-02	6.042402e-02	-2.507056e-02
6.000000e+00	1.859154e-02	1.672648e-02	1.855188e-02	6.307530e-02	-2.800192e-02
6.050000e+00	1.979261e-02	1.997701e-02	2.003697e-02	6.066078e-02	-3.447798e-02
6.100000e+00	1.850137e-02	2.378902e-02	1.309792e-02	6.534772e-02	-3.871822e-02
6.150000e+00	1.552981e-02	2.727446e-02	7.683413e-03	6.703558e-02	-4.499593e-02
6.200000e+00	1.179446e-02	2.984871e-02	1.866099e-03	6.946702e-02	-5.231707e-02
6.250000e+00	8.044441e-03	3.106130e-02	-3.498921e-03	7.027447e-02	-5.567368e-02
6.300000e+00	4.710319e-03	3.058469e-02	-7.080135e-03	6.740095e-02	-5.520541e-02
6.350000e+00	1.906404e-03	2.829038e-02	-7.461662e-03	6.505678e-02	-5.148790e-02
6.400000e+00	-4.453522e-04	2.433681e-02	-5.555809e-03	5.849448e-02	-4.540255e-02
6.450000e+00	-2.446960e-03	1.927621e-02	-3.545854e-03	4.814420e-02	-4.231495e-02
6.500000e+00	-4.097387e-03	1.434368e-02	-3.518051e-03	3.684386e-02	-4.062382e-02
6.550000e+00	-5.237458e-03	1.202323e-02	-3.939822e-03	2.499844e-02	-3.690334e-02
6.600000e+00	-5.693440e-03	1.435861e-02	-4.814515e-03	3.075766e-02	-4.387705e-02
6.650000e+00	-5.359453e-03	1.903764e-02	-3.525434e-03	3.686901e-02	-5.583046e-02
6.700000e+00	-4.316397e-03	2.355230e-02	-3.579865e-03	4.309482e-02	-6.203619e-02
6.750000e+00	-2.864269e-03	2.679599e-02	-3.051730e-03	5.031880e-02	-6.178211e-02
6.800000e+00	-1.448254e-03	2.842108e-02	-1.108243e-03	5.375557e-02	-5.997078e-02
6.850000e+00	-5.050220e-04	2.855370e-02	-9.638977e-04	5.175691e-02	-5.723675e-02
6.900000e+00	-2.954768e-04	2.762931e-02	5.103425e-04	4.904083e-02	-5.190957e-02
6.950000e+00	-7.997323e-04	2.615521e-02	3.645423e-03	4.588164e-02	-5.508520e-02
7.000000e+00	-1.724844e-03	2.442520e-02	3.797557e-03	4.202799e-02	-5.507024e-02
7.050000e+00	-2.614779e-03	2.234760e-02	1.919426e-03	4.160377e-02	-5.084349e-02
7.100000e+00	-3.093375e-03	1.982515e-02	-1.763497e-03	4.005087e-02	-4.478871e-02
7.150000e+00	-2.951579e-03	1.705176e-02	-3.694393e-03	4.087979e-02	-3.901563e-02
7.200000e+00	-2.258811e-03	1.492642e-02	-3.241558e-03	4.136723e-02	-4.626104e-02
7.250000e+00	-1.318396e-03	1.471049e-02	-1.134468e-03	3.732056e-02	-4.924425e-02
7.300000e+00	-5.173436e-04	1.650344e-02	-4.027546e-04	4.026422e-02	-4.726604e-02
7.350000e+00	-1.376418e-04	1.897468e-02	7.815256e-04	4.941171e-02	-4.573908e-02
7.400000e+00	-2.149294e-04	2.087454e-02	-2.100069e-04	5.200673e-02	-4.986765e-02
7.450000e+00	-5.109686e-04	2.165618e-02	-9.830812e-04	5.160194e-02	-6.290086e-02
7.500000e+00	-6.165778e-04	2.137010e-02	-6.955357e-04	4.992803e-02	-6.705003e-02
7.550000e+00	-1.325922e-04	2.042243e-02	2.140135e-04	4.543834e-02	-6.138350e-02
7.600000e+00	1.099029e-03	1.946002e-02	7.190404e-04	4.368399e-02	-4.751224e-02
7.650000e+00	2.911080e-03	1.895959e-02	3.565811e-03	4.627825e-02	-4.733222e-02
7.700000e+00	4.840094e-03	1.897610e-02	6.783371e-03	4.989957e-02	-4.648348e-02
7.750000e+00	6.289620e-03	1.912649e-02	8.431071e-03	5.198635e-02	-4.204466e-02
7.800000e+00	6.761361e-03	1.890063e-02	7.521738e-03	5.145585e-02	-3.588287e-02
7.850000e+00	6.057501e-03	1.801185e-02	6.278011e-03	5.905582e-02	-3.050471e-02
7.900000e+00	4.366431e-03	1.661420e-02	3.347125e-03	6.115325e-02	-3.180307e-02
7.950000e+00	2.191557e-03	1.538622e-02	1.298090e-03	5.689601e-02	-3.418855e-02
8.000000e+00	1.494352e-04	1.529786e-02	1.385811e-03	4.720717e-02	-3.741882e-02
8.050000e+00	-1.302333e-03	1.672166e-02	-2.569356e-04	3.646919e-02	-4.182232e-02
8.100000e+00	-1.976872e-03	1.899612e-02	-1.970858e-03	4.384414e-02	-4.932085e-02
8.150000e+00	-2.092645e-03	2.098865e-02	-3.000664e-03	5.555462e-02	-5.250549e-02
8.200000e+00	-2.119698e-03	2.190734e-02	-4.556826e-03	6.247087e-02	-5.082837e-02
8.250000e+00	-2.542218e-03	2.167871e-02	-6.591311e-03	6.198344e-02	-4.467229e-02
8.300000e+00	-3.607795e-03	2.112830e-02	-5.909471e-03	5.308197e-02	-5.456810e-02
8.350000e+00	-5.174521e-03	2.160732e-02	-4.040663e-03	4.071013e-02	-6.428787e-02
8.400000e+00	-6.728239e-03	2.362848e-02	-3.162135e-03	4.007032e-02	-6.887322e-02
8.450000e+00	-7.571081e-03	2.607531e-02	-3.129942e-03	5.548821e-02	-7.291478e-02
8.500000e+00	-7.108595e-03	2.728869e-02	-3.974982e-03	6.532906e-02	-7.357277e-02
8.550000e+00	-5.086079e-03	2.622234e-02	-3.517042e-03	6.718459e-02	-6.331324e-02
8.600000e+00	-1.834020e-03	2.306952e-02	-2.237826e-03	6.073736e-02	-4.572096e-02
8.650000e+00	1.910153e-03	1.925760e-02	3.134195e-05	5.368671e-02	-4.214650e-02
8.700000e+00	5.213801e-03	1.707951e-02	6.571209e-03	5.354743e-02	-4.402486e-02
8.750000e+00	7.279382e-03	1.769800e-02	8.990852e-03	4.738188e-02	-4.298040e-02
8.800000e+00	7.728336e-03	1.959784e-02	6.537267e-03	5.507101e-02	-4.041937e-02
8.850000e+00	6.723961e-03	2.089798e-02	4.457732e-03	5.545090e-02	-4.058614e-02
8.900000e+00	4.882885e-03	2.089732e-02	3.637635e-03	4.868885e-02	-4.355184e-02
8.950000e+00	3.010857e-03	1.973796e-02	4.313718e-03	4.154935e-02	-4.318312e-02
9.000000e+00	1.770885e-03	1.785028e-02	3.702787e-03	3.860987e-02	-3.981922e-02
9.050000e+00	1.412542e-03	1.571378e-02	2.547388e-03	4.201251e-02	-3.645743e-02
9.100000e+00	1.711402e-03	1.392470e-02	1.698698e-03	4.328476e-02	-3.120291e-02
9.150000e+00	2.059179e-03	1.319462e-02	2.104425e-03	4.428344e-02	-3.152157e-02
9.200000e+00	1.764528e-03	1.366514e-02	2.259193e-03	4.410260e-02	-2.867931e-02
9.250000e+00	3.820184e-04	1.452749e-02	8.130388e-04	3.904141e-02	-3.420504e-02
9.300000e+00	-2.055293e-03	1.484897e-02	-1.627525e-03	3.520564e-02	-3.667006e-02
9.350000e+00	-4.998934e-03	1.433372e-02	-3.715086e-03	3.618894e-02	-3.945010e-02
9.400000e+00	-7.563441e-03	1.342918e-02	-6.527080e-03	3.476145e-02	-3.900135e-02
9.450000e+00	-8.852029e-03	1.293638e-02	-8.689769e-03	3.184665e-02	-3.820590e-02
9.500000e+00	-8.301286e-03	1.322857e-02	-8.495410e-03	2.836659e-02	-4.500721e-02
9.550000e+00	-5.908105e-03	1.389406e-02	-6.431915e-03	2.517004e-02	-4.735362e-02
9.600000e+00	-2.238929e-03	1.424447e-02	-2.433254e-03	3.060168e-02	-4.368972e-02
9.650000e+00	1.732666e-03	1.392363e-02	2.540728e-03	3.239457e-02	-3.600684e-02
9.700000e+00	4.971865e-03	1.303750e-02	5.491080e-03	3.736057e-02	-2.888397e-02
9.750000e+00	6.727405e-03	1.223596e-02	6.475263e-03	4.406099e-02	-2.534658e-02
9.800000e+00	6.758713e-03	1.259769e-02	7.208427e-03	4.603731e-02	-2.216409e-02
9.850000e+00	5.366141e-03	1.459776e-02	6.988590e-03	4.342601e-02	-3.130033e-02
9.900000e+00	3.224804e-03	1.731710e-02	6.892890e-03	3.842003e-02	-4.092713e-02
9.950000e+00	1.098898e-03	1.932126e-02	6.075703e-03	4.068794e-02	-4.812289e-02
1.000000e+01	-4.441426e-04	1.954069e-02	4.166427e-03	3.842342e-02	-4.945177e-02
1.005000e+01	-1.201893e-03	1.763004e-02	2.517994e-03	3.417344e-02	-4.511043e-02
1.010000e+01	-1.359313e-03	1.424505e-02	4.351896e-04	3.024414e-02	-3.641923e-02
1.015000e+01	-1.316290e-03	1.145304e-02	-1.151892e-03	3.033388e-02	-3.135009e-02
1.020000e+01	-1.459404e-03	1.193347e-02	-4.272451e-04	2.917865e-02	-3.109849e-02
1.025000e+01	-1.955063e-03	1.488051e-02	-1.926320e-03	3.648677e-02	-4.126215e-02
1.030000e+01	-2.661286e-03	1.751321e-02	-3.565470e-03	4.246713e-02	-4.708964e-02
1.035000e+01	-3.193247e-03	1.846397e-02	-3.718974e-03	4.127778e-02	-5.220122e-02
1.040000e+01	-3.109505e-03	1.761633e-02	-3.293252e-03	3.495422e-02	-5.202894e-02
1.045000e+01	-2.134027e-03	1.560201e-02	-2.654955e-03	3.320572e-02	-4.629053e-02
1.050000e+01	-3.149781e-04	1.337494e-02	-1.099971e-04	3.316826e-02	-3.731895e-02
1.055000e+01	1.950396e-03	1.169867e-02	2.487172e-03	3.035865e-02	-3.699898e-02
1.060000e+01	4.037941e-03	1.072252e-02	4.467801e-03	2.993427e-02	-3.338075e-02
1.065000e+01	5.317120e-03	1.016839e-02	6.315185e-03	2.953861e-02	-2.674338e-02
1.070000e+01	5.381043e-03	9.914802e-03	6.428866e-03	3.163409e-02	-2.416548e-02
1.075000e+01	4.194632e-03	1.009951e-02	4.971877e-03	3.155821e-02	-2.407621e-02
1.080000e+01	2.104428e-03	1.072038e-02	2.034454e-03	3.678945e-02	-2.581345e-02
1.085000e+01	-2.898305e-04	1.146172e-02	-5.268390e-04	3.750470e-02	-2.653328e-02
1.090000e+01	-2.347482e-03	1.197141e-02	-3.359658e-03	3.243124e-02	-3.095920e-02
1.095000e+01	-3.598723e-03	1.211289e-02	-4.928165e-03	2.503831e-02	-3.362900e-02
1.100000e+01	-3.876935e-03	1.196300e-02	-4.233524e-03	2.875165e-02	-3.148397e-02
1.105000e+01	-3.325809e-03	1.167764e-02	-3.559752e-03	3.141084e-02	-2.938718e-02
1.110000e+01	-2.300191e-03	1.130255e-02	-2.881041e-03	3.206282e-02	-3.033793e-02
1.115000e+01	-1.207414e-03	1.083244e-02	-1.759590e-03	2.976882e-02	-2.906834e-02
1.120000e+01	-3.510509e-04	1.028470e-02	-9.026328e-04	2.719221e-02	-2.569533e-02
1.125000e+01	1.551672e-04	9.745803e-03	-3.283051e-04	2.803464e-02	-2.492904e-02
1.130000e+01	3.792103e-04	9.330826e-03	-3.756439e-04	2.749205e-02	-2.601102e-02
1.135000e+01	4.854230e-04	9.154466e-03	2.678783e-04	2.547889e-02	-2.776336e-02
1.140000e+01	6.207550e-04	9.364289e-03	6.347306e-05	2.292898e-02	-2.575987e-02
1.145000e+01	8.290526e-04	1.008676e-02	1.564597e-03	2.645853e-02	-2.943607e-02
1.150000e+01	1.031948e-03	1.122190e-02	1.077894e-03	2.993549e-02	-3.411624e-02
1.155000e+01	1.080692e-03	1.237822e-02	1.138291e-03	3.408464e-02	-3.460039e-02
1.160000e+01	8.491125e-04	1.308100e-02	1.909174e-03	3.288065e-02	-3.123885e-02
1.165000e+01	3.191168e-04	1.302748e-02	1.448612e-03	2.980841e-02	-3.225194e-02
1.170000e+01	-3.851779e-04	1.223175e-02	1.279683e-03	2.862417e-02	-3.359751e-02
1.175000e+01	-1.033540e-03	1.103333e-02	2.610290e-04	2.333283e-02	-3.389588e-02
1.180000e+01	-1.381229e-03	9.954847e-03	-5.596810e-04	1.940918e-02	-3.158892e-02
1.185000e+01	-1.274935e-03	9.404133e-03	-7.711377e-04	1.970594e-02	-2.665852e-02
1.190000e+01	-7.245097e-04	9.412927e-03	-5.061011e-04	2.038497e-02	-3.011506e-02
1.195000e+01	9.321839e-05	9.738674e-03	1.090904e-03	2.196732e-02	-3.225366e-02
1.200000e+01	9.020169e-04	1.013395e-02	1.934569e-03	2.490593e-02	-3.010759e-02
1.205000e+01	1.435630e-03	1.044089e-02	2.063458e-03	2.826477e-02	-2.444692e-02
1.210000e+01	1.549683e-03	1.045551e-02	1.785143e-03	3.055539e-02	-2.018382e-02
1.215000e+01	1.268551e-03	1.008163e-02	6.941790e-04	2.864293e-02	-1.955375e-02
1.220000e+01	7.705815e-04	9.434592e-03	4.819589e-04	2.593231e-02	-2.056835e-02
1.225000e+01	3.048009e-04	8.869301e-03	-1.197994e-04	2.216261e-02	-2.265836e-02
1.230000e+01	7.888888e-05	8.730046e-03	-2.560035e-04	1.973142e-02	-2.342439e-02
1.235000e+01	1.674445e-04	8.957935e-03	5.579049e-05	2.023248e-02	-2.205606e-02
1.240000e+01	4.804061e-04	9.136146e-03	1.606832e-04	2.096593e-02	-2.246178e-02
1.245000e+01	8.050482e-04	8.938529e-03	9.878775e-04	2.071561e-02	-2.364316e-02
1.250000e+01	9.028664e-04	8.412990e-03	1.139939e-03	1.937177e-02	-2.815512e-02
1.255000e+01	6.188972e-04	7.950907e-03	1.009035e-03	1.889139e-02	-2.944966e-02
1.260000e+01	-4.418891e-05	7.943232e-03	2.040679e-04	1.659869e-02	-2.739048e-02
1.265000e+01	-9.194280e-04	8.342909e-03	-5.369135e-04	1.922655e-02	-2.336524e-02
1.270000e+01	-1.739324e-03	8.741493e-03	-1.784083e-03	2.213575e-02	-2.523637e-02
1.275000e+01	-2.242745e-03	8.801367e-03	-1.695356e-03	2.336745e-02	-2.569651e-02
1.280000e+01	-2.279403e-03	8.452057e-03	-1.734952e-03	2.255501e-02	-2.184943e-02
1.285000e+01	-1.867815e-03	7.844781e-03	-1.472731e-03	1.981653e-02	-2.269898e-02
1.290000e+01	-1.182920e-03	7.233451e-03	-8.712667e-04	1.821196e-02	-2.365039e-02
1.295000e+01	-4.797438e-04	6.858769e-03	-1.439056e-05	2.165470e-02	-2.266329e-02
1.300000e+01	1.346432e-05	6.843441e-03	-4.384175e-05	2.188507e-02	-1.910185e-02
1.305000e+01	1.877272e-04	7.131658e-03	-5.472277e-04	2.257005e-02	-1.973669e-02
1.310000e+01	8.952436e-05	7.452234e-03	4.435372e-05	2.052668e-02	-2.321007e-02
1.315000e+01	-1.094553e-04	7.511267e-03	3.578220e-04	1.864266e-02	-2.321400e-02
1.320000e+01	-1.944912e-04	7.140738e-03	3.095186e-04	1.769555e-02	-2.358961e-02
1.325000e+01	-8.378967e-06	6.409743e-03	6.437735e-06	1.824900e-02	-2.131392e-02
1.330000e+01	4.750656e-04	5.646568e-03	5.291843e-04	1.704856e-02	-1.643755e-02
1.335000e+01	1.135879e-03	5.271724e-03	1.261080e-03	1.596135e-02	-1.182227e-02
1.340000e+01	1.756858e-03	5.402764e-03	1.482345e-03	1.444464e-02	-1.265320e-02
1.345000e+01	2.114620e-03	5.771006e-03	1.937320e-03	1.787016e-02	-1.326273e-02
1.350000e+01	2.073355e-03	6.139700e-03	1.781365e-03	1.888429e-02	-1.209821e-02
1.355000e+01	1.641426e-03	6.480626e-03	1.353581e-03	1.768137e-02	-1.324299e-02
1.360000e+01	9.675150e-04	6.793976e-03	5.256918e-04	1.762438e-02	-1.544936e-02
1.365000e+01	2.790094e-04	6.946456e-03	-1.087734e-04	1.935529e-02	-1.763625e-02
1.370000e+01	-2.105306e-04	6.751197e-03	-3.354579e-04	1.846347e-02	-1.812607e-02
1.375000e+01	-3.857159e-04	6.173706e-03	-2.930080e-04	1.622118e-02	-1.727133e-02
1.380000e+01	-2.708881e-04	5.462035e-03	-9.202989e-06	1.330921e-02	-1.513708e-02
1.385000e+01	-1.306532e-05	5.059637e-03	6.776306e-05	1.439964e-02	-1.332284e-02
1.390000e+01	1.848317e-04	5.187072e-03	1.399455e-05	1.549716e-02	-1.381462e-02
1.395000e+01	1.514108e-04	5.587697e-03	-1.847021e-05	1.662120e-02	-1.719291e-02
1.400000e+01	-1.815615e-04	5.938898e-03	-2.200799e-04	1.569353e-02	-1.877148e-02
1.405000e+01	-7.630333e-04	6.173602e-03	-9.940441e-04	1.435478e-02	-1.727103e-02
1.410000e+01	-1.413811e-03	6.326758e-03	-1.630226e-03	1.386034e-02	-1.515626e-02
1.415000e+01	-1.923084e-03	6.367859e-03	-1.981531e-03	1.354679e-02	-1.529370e-02
1.420000e+01	-2.124628e-03	6.181267e-03	-2.356518e-03	1.256807e-02	-1.548231e-02
1.425000e+01	-1.958242e-03	5.748223e-03	-2.116972e-03	1.156065e-02	-1.484994e-02
1.430000e+01	-1.486122e-03	5.287017e-03	-1.550889e-03	1.361899e-02	-1.469373e-02
1.435000e+01	-8.601505e-04	5.130391e-03	-5.758609e-04	1.455885e-02	-1.631820e-02
1.440000e+01	-2.566034e-04	5.329907e-03	7.923020e-05	1.393764e-02	-1.694732e-02
1.445000e+01	1.927236e-04	5.569068e-03	4.328514e-04	1.779537e-02	-1.513435e-02
1.450000e+01	4.443312e-04	5.563173e-03	4.117313e-04	1.882569e-02	-1.565931e-02
1.455000e+01	5.455646e-04	5.306698e-03	3.867435e-04	1.703345e-02	-1.521029e-02
1.460000e+01	5.982922e-04	5.004376e-03	3.953151e-04	1.471867e-02	-1.345971e-02
1.465000e+01	7.025686e-04	4.826076e-03	2.428031e-04	1.620811e-02	-1.089778e-02
1.470000e+01	9.064642e-04	4.733058e-03	4.517122e-04	1.703897e-02	-1.055901e-02
1.475000e+01	1.183773e-03	4.612697e-03	9.208910e-04	1.628184e-02	-9.927463e-03
1.480000e+01	1.447630e-03	4.502725e-03	1.368802e-03	1.515859e-02	-1.184626e-02
1.485000e+01	1.591720e-03	4.567836e-03	1.341495e-03	1.527277e-02	-1.265584e-02
1.490000e+01	1.539073e-03	4.844134e-03	1.385314e-03	1.490880e-02	-1.192494e-02
1.495000e+01	1.276329e-03	5.134919e-03	1.172250e-03	1.687670e-02	-9.914360e-03
1.500000e+01	8.591509e-04	5.208336e-03	7.300057e-04	1.648290e-02	-1.052284e-02
1.505000e+01	3.871523e-04	4.988524e-03	4.810532e-05	1.339136e-02	-1.243168e-02
1.510000e+01	-3.609814e-05	4.541976e-03	-4.670424e-05	1.259904e-02	-1.411222e-02
1.515000e+01	-3.377701e-04	4.059160e-03	-2.413184e-04	1.109399e-02	-1.400195e-02
1.520000e+01	-5.024239e-04	3.760533e-03	-6.718994e-04	8.194737e-03	-1.221199e-02
1.525000e+01	-5.683643e-04	3.779297e-03	-2.066526e-04	9.180293e-03	-1.245749e-02
1.530000e+01	-6.011520e-04	4.059812e-03	-4.062404e-04	1.060944e-02	-1.138527e-02
1.535000e+01	-6.581838e-04	4.408857e-03	-7.511251e-04	1.112254e-02	-9.980851e-03
1.540000e+01	-7.614081e-04	4.637438e-03	-8.687926e-04	1.314470e-02	-1.112396e-02
1.545000e+01	-8.903005e-04	4.653539e-03	-1.016492e-03	1.326384e-02	-1.176130e-02
1.550000e+01	-9.968483e-04	4.492713e-03	-1.156165e-03	1.168887e-02	-1.130849e-02
1.555000e+01	-1.033552e-03	4.284873e-03	-1.298275e-03	1.351468e-02	-1.121057e-02
1.560000e+01	-9.794904e-04	4.149047e-03	-1.263815e-03	1.373074e-02	-1.013038e-02
1.565000e+01	-8.510015e-04	4.091438e-03	-1.050118e-03	1.220431e-02	-9.881909e-03
1.570000e+01	-6.916862e-04	4.037272e-03	-7.041064e-04	1.029904e-02	-1.116955e-02
1.575000e+01	-5.470900e-04	3.953909e-03	-4.016203e-04	9.334409e-03	-1.217166e-02
1.580000e+01	-4.374426e-04	3.895665e-03	-7.771545e-05	1.057306e-02	-1.179259e-02
1.585000e+01	-3.432043e-04	3.918346e-03	-4.974273e-04	1.149864e-02	-1.054714e-02
1.590000e+01	-2.121763e-04	3.978230e-03	-5.780413e-04	1.083949e-02	-9.839851e-03
1.595000e+01	1.364408e-05	3.962749e-03	-2.968641e-05	1.194118e-02	-1.144084e-02
1.600000e+01	3.634152e-04	3.810312e-03	6.217080e-04	1.218043e-02	-1.138045e-02
1.605000e+01	8.176252e-04	3.586536e-03	8.944595e-04	1.107481e-02	-1.004217e-02
1.610000e+01	1.287429e-03	3.441594e-03	1.271680e-03	1.118013e-02	-8.204931e-03
1.615000e+01	1.653864e-03	3.481791e-03	1.639512e-03	1.206100e-02	-6.324541e-03
1.620000e+01	1.805599e-03	3.651677e-03	1.809689e-03	1.125958e-02	-7.565872e-03
1.625000e+01	1.682691e-03	3.808722e-03	1.600984e-03	1.300251e-02	-9.218528e-03
1.630000e+01	1.303664e-03	3.859632e-03	1.137728e-03	1.454236e-02	-1.032984e-02
1.635000e+01	7.634638e-04	3.802558e-03	6.615647e-04	1.410812e-02	-1.041822e-02
1.640000e+01	2.016239e-04	3.692066e-03	-9.623883e-06	1.153419e-02	-9.869438e-03
1.645000e+01	-2.474246e-04	3.580782e-03	-3.461757e-04	9.581137e-03	-9.177383e-03
1.650000e+01	-5.021431e-04	3.484156e-03	-3.497799e-04	8.918720e-03	-9.239104e-03
1.655000e+01	-5.603959e-04	3.393525e-03	-4.169568e-04	7.702817e-03	-9.734504e-03
1.660000e+01	-4.938931e-04	3.310556e-03	-4.049388e-04	8.666751e-03	-1.027064e-02
1.665000e+01	-4.130394e-04	3.255013e-03	-2.467339e-04	8.866553e-03	-1.123332e-02
1.670000e+01	-4.169925e-04	3.237717e-03	-2.780901e-04	7.806197e-03	-1.021868e-02
1.675000e+01	-5.498835e-04	3.239373e-03	-5.203784e-04	7.721643e-03	-9.038414e-03
1.680000e+01	-7.814925e-04	3.229117e-03	-8.114508e-04	7.813076e-03	-9.052728e-03
1.685000e+01	-1.020312e-03	3.199663e-03	-1.174967e-03	7.573392e-03	-9.856754e-03
1.690000e+01	-1.153268e-03	3.173759e-03	-1.467800e-03	8.703121e-03	-9.832858e-03
1.695000e+01	-1.095197e-03	3.172096e-03	-1.356972e-03	1.000299e-02	-8.999529e-03
1.700000e+01	-8.271496e-04	3.180355e-03	-9.993700e-04	1.030247e-02	-8.760825e-03
1.705000e+01	-4.063905e-04	3.164364e-03	-6.919489e-04	9.558596e-03	-8.581141e-03
1.710000e+01	5.003850e-05	3.096838e-03	-6.551041e-05	8.311104e-03	-8.277837e-03
1.715000e+01	4.147909e-04	3.009063e-03	1.963187e-04	8.780182e-03	-7.517570e-03
1.720000e+01	5.980735e-04	2.972677e-03	5.184234e-04	8.715203e-03	-8.031092e-03
1.725000e+01	5.808372e-04	3.041235e-03	6.813948e-04	7.948444e-03	-8.769767e-03
1.730000e+01	4.189232e-04	3.189964e-03	4.789497e-04	8.199742e-03	-8.447298e-03
1.735000e+01	2.172010e-04	3.324988e-03	2.776525e-04	8.578124e-03	-8.481900e-03
1.740000e+01	8.510172e-05	3.349278e-03	8.926003e-05	8.491739e-03	-9.799764e-03
1.745000e+01	9.225965e-05	3.222366e-03	1.471383e-04	8.104670e-03	-1.095254e-02
1.750000e+01	2.422898e-04	2.991468e-03	3.271133e-04	8.272534e-03	-9.714305e-03
1.755000e+01	4.745994e-04	2.783488e-03	6.558266e-04	9.421084e-03	-8.458715e-03
1.760000e+01	6.921955e-04	2.722807e-03	7.324260e-04	9.606199e-03	-7.582486e-03
1.765000e+01	8.028386e-04	2.804322e-03	8.582959e-04	8.444952e-03	-5.951818e-03
1.770000e+01	7.559902e-04	2.898350e-03	7.139082e-04	8.282246e-03	-6.185519e-03
1.775000e+01	5.606335e-04	2.888008e-03	5.650515e-04	8.309100e-03	-6.731976e-03
1.780000e+01	2.777839e-04	2.753596e-03	4.020980e-04	8.151169e-03	-6.906592e-03
1.785000e+01	-7.599615e-06	2.565625e-03	1.414186e-04	6.477507e-03	-7.212608e-03
1.790000e+01	-2.222404e-04	2.422075e-03	-1.032946e-04	6.545812e-03	-7.151107e-03
1.795000e+01	-3.322453e-04	2.369853e-03	-3.102766e-04	6.398016e-03	-6.735999e-03
1.800000e+01	-3.517154e-04	2.383998e-03	-2.498157e-04	6.533365e-03	-6.341755e-03
1.805000e+01	-3.315095e-04	2.425432e-03	-1.692441e-04	6.227932e-03	-6.922130e-03
1.810000e+01	-3.274660e-04	2.467535e-03	-2.909317e-04	7.960077e-03	-7.169035e-03
1.815000e+01	-3.762406e-04	2.503482e-03	-3.330093e-04	8.392451e-03	-8.225701e-03
1.820000e+01	-4.756847e-04	2.529349e-03	-3.392842e-04	7.267714e-03	-8.134870e-03
1.825000e+01	-5.860094e-04	2.545488e-03	-5.518060e-04	6.966206e-03	-8.095535e-03
1.830000e+01	-6.488161e-04	2.553564e-03	-5.871041e-04	7.867518e-03	-7.044802e-03
1.835000e+01	-6.148868e-04	2.540836e-03	-5.904783e-04	7.997733e-03	-7.527767e-03
1.840000e+01	-4.680031e-04	2.479440e-03	-4.559265e-04	7.328559e-03	-7.783850e-03
1.845000e+01	-2.341637e-04	2.359819e-03	-1.751482e-04	7.070033e-03	-7.642096e-03
1.850000e+01	2.770408e-05	2.229374e-03	5.107316e-05	7.564583e-03	-7.182281e-03
1.855000e+01	2.491973e-04	2.177906e-03	1.706054e-04	7.422425e-03	-6.154564e-03
1.860000e+01	3.796152e-04	2.243539e-03	3.034304e-04	7.855531e-03	-5.669560e-03
1.865000e+01	4.050540e-04	2.353383e-03	4.765973e-04	7.821780e-03	-5.389293e-03
1.870000e+01	3.514474e-04	2.404877e-03	4.307321e-04	8.073305e-03	-5.172951e-03
1.875000e+01	2.707681e-04	2.366369e-03	2.562440e-04	8.450552e-03	-5.838961e-03
1.880000e+01	2.169176e-04	2.292936e-03	4.722997e-05	7.921356e-03	-5.227145e-03
1.885000e+01	2.220725e-04	2.259757e-03	3.071434e-05	6.607051e-03	-5.305258e-03
1.890000e+01	2.836825e-04	2.273063e-03	1.586519e-04	6.639639e-03	-5.064706e-03
1.895000e+01	3.673274e-04	2.271432e-03	2.762828e-04	6.990954e-03	-6.148015e-03
1.900000e+01	4.235684e-04	2.214796e-03	4.675319e-04	7.256229e-03	-5.889378e-03
1.905000e+01	4.121051e-04	2.144374e-03	4.959605e-04	8.085213e-03	-5.515263e-03
1.910000e+01	3.160762e-04	2.132114e-03	2.659709e-04	8.040322e-03	-5.765358e-03
1.915000e+01	1.536081e-04	2.196279e-03	7.461784e-05	7.053267e-03	-6.456600e-03
1.920000e+01	-3.128198e-05	2.266147e-03	-1.193374e-04	7.820886e-03	-6.214710e-03
1.925000e+01	-1.877418e-04	2.262384e-03	-3.158881e-04	7.343676e-03	-6.332732e-03
1.930000e+01	-2.795388e-04	2.172109e-03	-2.630721e-04	7.146066e-03	-6.398502e-03
1.935000e+01	-2.994080e-04	2.056221e-03	-2.695504e-04	6.495851e-03	-6.309668e-03
1.940000e+01	-2.701807e-04	1.996201e-03	-3.117971e-04	4.992457e-03	-5.666178e-03
1.945000e+01	-2.325660e-04	2.015417e-03	-2.768718e-04	4.827786e-03	-5.790887e-03
1.950000e+01	-2.253194e-04	2.062402e-03	-1.040220e-04	5.437201e-03	-6.501890e-03
1.955000e+01	-2.667290e-04	2.075339e-03	-2.124194e-04	6.511281e-03	-6.912505e-03
1.960000e+01	-3.455567e-04	2.035279e-03	-4.434896e-04	6.699914e-03	-6.539086e-03
1.965000e+01	-4.252640e-04	1.967763e-03	-5.208612e-04	5.746551e-03	-5.333370e-03
1.970000e+01	-4.595078e-04	1.914475e-03	-4.978662e-04	4.460578e-03	-4.845490e-03
1.975000e+01	-4.120951e-04	1.902812e-03	-4.844514e-04	4.643703e-03	-5.814259e-03
1.980000e+01	-2.728691e-04	1.936172e-03	-3.934184e-04	5.258622e-03	-6.115730e-03
1.985000e+01	-6.297983e-05	2.003933e-03	-2.280469e-04	6.144677e-03	-5.282221e-03
1.990000e+01	1.723137e-04	2.087990e-03	1.181372e-04	7.183931e-03	-4.551495e-03
1.995000e+01	3.798997e-04	2.159893e-03	3.764513e-04	7.366964e-03	-5.198084e-03
2.000000e+01	5.171488e-04	2.185340e-03	4.727134e-04	6.653859e-03	-5.029802e-03
