# k	<chi>	std	chi_median	chi_max	chi_min
0.000000e+00	-1.666452e-01	1.915974e-01	0.000000e+00	0.000000e+00	-7.105467e-01
5.000000e-02	-3.767999e-01	4.791308e-02	-3.725198e-01	-2.728052e-01	-7.226956e-01
1.000000e-01	-3.747437e-01	4.793236e-02	-3.702607e-01	-2.717764e-01	-7.211262e-01
1.500000e-01	-3.688958e-01	4.796200e-02	-3.640473e-01	-2.690765e-01	-7.158274e-01
2.000000e-01	-3.634124e-01	4.795322e-02	-3.585561e-01	-2.669662e-01	-7.097159e-01
2.500000e-01	-3.547225e-01	4.789648e-02	-3.507624e-01	-2.641660e-01	-6.977261e-01
3.000000e-01	-3.464434e-01	4.776106e-02	-3.427607e-01	-2.577744e-01	-6.836960e-01
3.500000e-01	-3.343011e-01	4.761206e-02	-3.303748e-01	-2.401851e-01	-6.725931e-01
4.000000e-01	-3.216959e-01	4.735741e-02	-3.179450e-01	-2.197749e-01	-6.606727e-01
4.500000e-01	-3.028018e-01	4.715184e-02	-2.998031e-01	-1.924966e-01	-6.401561e-01
5.000000e-01	-2.818447e-01	4.672572e-02	-2.802867e-01	-1.667912e-01	-6.137547e-01
5.500000e-01	-2.519805e-01	4.619520e-02	-2.514440e-01	-1.358723e-01	-5.760627e-01
6.000000e-01	-2.190709e-01	4.513958e-02	-2.192556e-01	-1.068533e-01	-5.318602e-01
6.500000e-01	-1.768992e-01	4.354311e-02	-1.767124e-01	-7.427199e-02	-4.759646e-01
7.000000e-01	-1.330922e-01	4.115297e-02	-1.333617e-01	-3.873768e-02	-4.151971e-01
7.500000e-01	-8.371539e-02	3.795549e-02	-8.239452e-02	5.535488e-03	-3.457497e-01
8.000000e-01	-3.742435e-02	3.421238e-02	-3.515446e-02	4.334880e-02	-2.761810e-01
8.500000e-01	6.839890e-03	3.018174e-02	1.000660e-02	7.911445e-02	-2.047342e-01
9.000000e-01	4.130456e-02	2.671881e-02	4.283991e-02	1.064462e-01	-1.403790e-01
9.500000e-01	6.509473e-02	2.449628e-02	6.632817e-02	1.275765e-01	-1.028324e-01
1.000000e+00	7.378665e-02	2.426315e-02	7.450582e-02	1.471090e-01	-8.298839e-02
1.050000e+00	6.675274e-02	2.614733e-02	6.704935e-02	1.581663e-01	-7.668504e-02
1.100000e+00	4.488881e-02	2.948158e-02	4.564148e-02	1.498888e-01	-8.344950e-02
1.150000e+00	9.897348e-03	3.380118e-02	9.400353e-03	1.239760e-01	-1.013840e-01
1.200000e+00	-3.219850e-02	3.811526e-02	-3.180566e-02	8.531242e-02	-1.298352e-01
1.250000e+00	-7.715233e-02	4.186024e-02	-7.647316e-02	3.833791e-02	-1.852088e-01
1.300000e+00	-1.169889e-01	4.410116e-02	-1.140675e-01	-8.834363e-03	-2.292016e-01
1.350000e+00	-1.471409e-01	4.411135e-02	-1.431820e-01	-4.395859e-02	-2.628484e-01
1.400000e+00	-1.624843e-01	4.157393e-02	-1.602988e-01	-6.407005e-02	-2.730341e-01
1.450000e+00	-1.614171e-01	3.624020e-02	-1.601072e-01	-6.615715e-02	-2.577431e-01
1.500000e+00	-1.447154e-01	2.904108e-02	-1.453170e-01	-6.187693e-02	-2.203573e-01
1.550000e+00	-1.151744e-01	2.092267e-02	-1.155100e-01	-5.259303e-02	-1.681524e-01
1.600000e+00	-7.820811e-02	1.469714e-02	-7.763248e-02	-3.282122e-02	-1.223705e-01
1.650000e+00	-3.882271e-02	1.348971e-02	-3.928582e-02	1.008400e-02	-8.541792e-02
1.700000e+00	-2.608305e-03	1.639848e-02	-3.070069e-03	5.115129e-02	-5.095607e-02
1.750000e+00	2.696172e-02	1.954116e-02	2.640477e-02	8.641850e-02	-2.042206e-02
1.800000e+00	4.784372e-02	2.098781e-02	4.701794e-02	1.110529e-01	2.589746e-03
1.850000e+00	6.009810e-02	2.083483e-02	5.916748e-02	1.249650e-01	1.489701e-02
1.900000e+00	6.485269e-02	1.946056e-02	6.353928e-02	1.280765e-01	2.252914e-02
1.950000e+00	6.433541e-02	1.769478e-02	6.243512e-02	1.250513e-01	2.233375e-02
2.000000e+00	5.985948e-02	1.589604e-02	5.870577e-02	1.133555e-01	1.982882e-02
2.050000e+00	5.389315e-02	1.438906e-02	5.286690e-02	9.736513e-02	1.761240e-02
2.100000e+00	4.579352e-02	1.299778e-02	4.507303e-02	7.931723e-02	7.948606e-03
2.150000e+00	3.588456e-02	1.169848e-02	3.480537e-02	6.864912e-02	-3.052608e-03
2.200000e+00	2.476530e-02	1.040872e-02	2.371280e-02	5.537419e-02	-1.229760e-02
2.250000e+00	1.276285e-02	9.269289e-03	1.222355e-02	3.861330e-02	-2.077082e-02
2.300000e+00	2.070234e-03	7.888841e-03	1.852872e-03	2.405745e-02	-2.573756e-02
2.350000e+00	-5.108368e-03	6.661482e-03	-5.098985e-03	1.593939e-02	-2.673374e-02
2.400000e+00	-6.919172e-03	6.524085e-03	-6.834085e-03	1.161012e-02	-2.962639e-02
2.450000e+00	-2.540277e-03	7.494933e-03	-1.761267e-03	1.416524e-02	-2.298041e-02
2.500000e+00	7.312276e-03	8.136225e-03	7.688433e-03	2.391889e-02	-1.677470e-02
2.550000e+00	2.018186e-02	7.707518e-03	2.058925e-02	3.567537e-02	-5.447150e-03
2.600000e+00	3.245485e-02	6.359098e-03	3.294266e-02	4.584577e-02	8.941738e-03
2.650000e+00	4.207734e-02	5.318751e-03	4.268216e-02	5.404332e-02	2.109255e-02
2.700000e+00	4.898910e-02	4.256772e-03	4.940232e-02	5.864603e-02	2.889214e-02
2.750000e+00	5.202664e-02	3.600713e-03	5.225151e-02	6.099373e-02	2.882789e-02
2.800000e+00	5.070820e-02	3.626645e-03	5.090351e-02	5.991541e-02	2.678939e-02
2.850000e+00	4.573555e-02	4.123966e-03	4.593925e-02	5.522911e-02	2.264034e-02
2.900000e+00	3.728372e-02	4.765547e-03	3.754875e-02	4.731641e-02	1.700569e-02
2.950000e+00	2.641075e-02	5.413749e-03	2.657401e-02	3.874166e-02	7.973608e-03
3.000000e+00	1.445848e-02	5.990662e-03	1.431495e-02	2.934969e-02	-1.488808e-03
3.050000e+00	9.510486e-04	6.325502e-03	6.414329e-04	1.945889e-02	-1.477100e-02
3.100000e+00	-1.075461e-02	6.550922e-03	-1.144713e-02	1.054671e-02	-2.611705e-02
3.150000e+00	-1.953851e-02	6.626855e-03	-2.040645e-02	3.423668e-03	-3.380433e-02
3.200000e+00	-2.494563e-02	6.494638e-03	-2.602534e-02	-1.675617e-03	-3.753564e-02
3.250000e+00	-2.819708e-02	6.092159e-03	-2.939826e-02	-6.348537e-03	-3.906886e-02
3.300000e+00	-2.792934e-02	5.436210e-03	-2.887625e-02	-8.398912e-03	-3.707125e-02
3.350000e+00	-2.493600e-02	4.521250e-03	-2.575703e-02	-7.175763e-03	-3.308122e-02
3.400000e+00	-2.031161e-02	3.419611e-03	-2.091562e-02	-5.315249e-03	-2.773338e-02
3.450000e+00	-1.553187e-02	2.466561e-03	-1.577507e-02	-4.437032e-03	-2.168664e-02
3.500000e+00	-1.094785e-02	2.506158e-03	-1.136874e-02	-2.819081e-03	-1.649142e-02
3.550000e+00	-7.096035e-03	3.695927e-03	-7.581371e-03	5.282598e-03	-1.524499e-02
3.600000e+00	-4.102047e-03	5.253366e-03	-4.725232e-03	1.314875e-02	-1.489630e-02
3.650000e+00	-1.582554e-03	6.687170e-03	-1.797898e-03	1.927000e-02	-1.480146e-02
3.700000e+00	5.741096e-04	7.825464e-03	8.570575e-04	2.319554e-02	-1.663275e-02
3.750000e+00	2.756283e-03	8.601205e-03	3.374099e-03	2.502383e-02	-1.810883e-02
3.800000e+00	5.213466e-03	9.012353e-03	6.339720e-03	2.580120e-02	-1.906721e-02
3.850000e+00	8.081107e-03	9.048140e-03	9.631598e-03	2.551682e-02	-1.835994e-02
3.900000e+00	1.088246e-02	8.791510e-03	1.277882e-02	2.623741e-02	-1.650916e-02
3.950000e+00	1.332205e-02	8.283125e-03	1.539931e-02	2.737485e-02	-1.382629e-02
4.000000e+00	1.512038e-02	7.530080e-03	1.722099e-02	2.916480e-02	-1.055683e-02
4.050000e+00	1.587992e-02	6.456061e-03	1.775598e-02	2.869206e-02	-6.882464e-03
4.100000e+00	1.565805e-02	5.158060e-03	1.698955e-02	2.595270e-02	-2.788174e-03
4.150000e+00	1.459405e-02	3.908481e-03	1.504453e-02	2.358450e-02	1.099580e-03
4.200000e+00	1.284761e-02	3.581339e-03	1.296321e-02	2.195918e-02	-1.355799e-04
4.250000e+00	1.015365e-02	4.918053e-03	1.077491e-02	2.086246e-02	-8.106890e-03
4.300000e+00	6.906741e-03	7.153156e-03	7.786983e-03	2.137195e-02	-1.590020e-02
4.350000e+00	3.004225e-03	9.448772e-03	3.483282e-03	2.387463e-02	-2.306917e-02
4.400000e+00	-1.683119e-03	1.132144e-02	-1.752978e-03	2.570710e-02	-2.922614e-02
4.450000e+00	-7.218241e-03	1.246475e-02	-8.193252e-03	2.455992e-02	-3.406642e-02
4.500000e+00	-1.328433e-02	1.269446e-02	-1.467426e-02	2.057325e-02	-3.724798e-02
4.550000e+00	-1.938335e-02	1.200270e-02	-2.121972e-02	1.430211e-02	-4.026728e-02
4.600000e+00	-2.475626e-02	1.052872e-02	-2.685544e-02	6.264485e-03	-4.150690e-02
4.650000e+00	-2.872919e-02	8.522145e-03	-3.086885e-02	-2.397847e-03	-4.367601e-02
4.700000e+00	-3.042809e-02	6.367256e-03	-3.191405e-02	-9.251803e-03	-4.535779e-02
4.750000e+00	-2.944709e-02	4.770686e-03	-2.987996e-02	-1.186930e-02	-4.350916e-02
4.800000e+00	-2.586945e-02	4.829512e-03	-2.621585e-02	-6.743019e-03	-3.911142e-02
4.850000e+00	-2.027516e-02	6.542800e-03	-2.138167e-02	5.655336e-03	-3.736582e-02
4.900000e+00	-1.343777e-02	8.843815e-03	-1.455480e-02	1.813820e-02	-3.634811e-02
4.950000e+00	-6.334853e-03	1.106772e-02	-6.837430e-03	2.944568e-02	-3.389238e-02
5.000000e+00	2.450705e-04	1.283683e-02	1.398418e-04	3.844135e-02	-3.074044e-02
5.050000e+00	6.054402e-03	1.387729e-02	6.020746e-03	4.446339e-02	-2.738864e-02
5.100000e+00	1.106746e-02	1.400023e-02	1.097372e-02	4.772324e-02	-2.187521e-02
5.150000e+00	1.570405e-02	1.318815e-02	1.586261e-02	4.785545e-02	-1.738135e-02
5.200000e+00	2.048637e-02	1.167834e-02	2.161535e-02	4.614747e-02	-1.157552e-02
5.250000e+00	2.572890e-02	1.001387e-02	2.683115e-02	4.785298e-02	-3.573599e-03
5.300000e+00	3.121508e-02	9.037647e-03	3.185428e-02	5.392231e-02	5.387327e-03
5.350000e+00	3.623489e-02	9.276023e-03	3.614481e-02	6.149740e-02	6.126559e-03
5.400000e+00	3.966565e-02	1.032952e-02	3.889287e-02	6.911532e-02	6.742644e-03
5.450000e+00	4.024149e-02	1.143573e-02	3.981783e-02	7.140690e-02	6.454569e-03
5.500000e+00	3.708204e-02	1.221540e-02	3.739407e-02	6.855079e-02	-3.513727e-03
5.550000e+00	2.995235e-02	1.266543e-02	3.033749e-02	6.319948e-02	-1.448096e-02
5.600000e+00	1.946184e-02	1.298509e-02	2.050238e-02	5.305981e-02	-2.613771e-02
5.650000e+00	6.925607e-03	1.331998e-02	8.196584e-03	3.878151e-02	-3.778489e-02
5.700000e+00	-5.692876e-03	1.368867e-02	-4.976177e-03	3.060484e-02	-4.758201e-02
5.750000e+00	-1.654561e-02	1.391478e-02	-1.651715e-02	2.543654e-02	-5.397195e-02
5.800000e+00	-2.427045e-02	1.376486e-02	-2.535721e-02	1.944421e-02	-6.010117e-02
5.850000e+00	-2.824792e-02	1.306238e-02	-2.948211e-02	1.425337e-02	-6.497085e-02
5.900000e+00	-2.885348e-02	1.195099e-02	-2.967575e-02	8.049881e-03	-6.377167e-02
5.950000e+00	-2.715379e-02	1.089474e-02	-2.680797e-02	8.602563e-03	-6.023461e-02
6.000000e+00	-2.453637e-02	1.059663e-02	-2.401801e-02	1.614200e-02	-5.834878e-02
6.050000e+00	-2.220080e-02	1.132401e-02	-2.199494e-02	2.137710e-02	-5.905009e-02
6.100000e+00	-2.103989e-02	1.261273e-02	-2.174134e-02	2.323200e-02	-5.859010e-02
6.150000e+00	-2.113482e-02	1.368277e-02	-2.222602e-02	2.387117e-02	-5.693483e-02
6.200000e+00	-2.194751e-02	1.406107e-02	-2.370031e-02	2.571705e-02	-5.355708e-02
6.250000e+00	-2.257100e-02	1.369383e-02	-2.411796e-02	2.423459e-02	-5.585244e-02
6.300000e+00	-2.205861e-02	1.285683e-02	-2.305919e-02	1.987572e-02	-5.681819e-02
6.350000e+00	-1.971814e-02	1.198349e-02	-2.041314e-02	1.608495e-02	-5.349842e-02
6.400000e+00	-1.528600e-02	1.143983e-02	-1.538465e-02	1.863524e-02	-4.560388e-02
6.450000e+00	-8.950156e-03	1.134135e-02	-8.982448e-03	2.131978e-02	-3.491536e-02
6.500000e+00	-1.246976e-03	1.156609e-02	-1.375937e-03	2.816691e-02	-3.102977e-02
6.550000e+00	7.302193e-03	1.190127e-02	6.468246e-03	3.800316e-02	-2.485841e-02
6.600000e+00	1.568590e-02	1.226868e-02	1.543873e-02	4.715559e-02	-1.692963e-02
6.650000e+00	2.320023e-02	1.263436e-02	2.347788e-02	5.794511e-02	-1.348387e-02
6.700000e+00	2.926937e-02	1.296467e-02	2.958604e-02	6.657283e-02	-9.240048e-03
6.750000e+00	3.343068e-02	1.318434e-02	3.328821e-02	6.866200e-02	-4.782098e-03
6.800000e+00	3.531445e-02	1.321755e-02	3.556977e-02	6.874956e-02	-8.321752e-04
6.850000e+00	3.465389e-02	1.307992e-02	3.461707e-02	6.685150e-02	-4.151357e-03
6.900000e+00	3.133554e-02	1.291208e-02	3.060355e-02	6.225334e-02	-7.500448e-03
6.950000e+00	2.547127e-02	1.287070e-02	2.413382e-02	5.709508e-02	-1.087144e-02
7.000000e+00	1.745530e-02	1.295522e-02	1.620671e-02	5.086750e-02	-2.028736e-02
7.050000e+00	7.786389e-03	1.297707e-02	6.999615e-03	4.262354e-02	-3.035086e-02
7.100000e+00	-2.420586e-03	1.279589e-02	-3.231742e-03	3.191125e-02	-3.832406e-02
7.150000e+00	-1.208362e-02	1.247289e-02	-1.263810e-02	2.186039e-02	-4.341602e-02
7.200000e+00	-2.017127e-02	1.223883e-02	-2.048697e-02	1.605643e-02	-5.168959e-02
7.250000e+00	-2.584058e-02	1.230090e-02	-2.633053e-02	1.039795e-02	-6.441665e-02
7.300000e+00	-2.852770e-02	1.273055e-02	-2.952636e-02	6.712119e-03	-7.245773e-02
7.350000e+00	-2.798737e-02	1.354173e-02	-2.794132e-02	4.627135e-03	-7.582936e-02
7.400000e+00	-2.429849e-02	1.471877e-02	-2.328731e-02	1.202722e-02	-7.173864e-02
7.450000e+00	-1.785997e-02	1.606372e-02	-1.621165e-02	2.219594e-02	-6.680156e-02
7.500000e+00	-9.388404e-03	1.713094e-02	-8.069066e-03	3.564877e-02	-6.179044e-02
7.550000e+00	1.495899e-04	1.741328e-02	2.038139e-03	4.846835e-02	-5.048968e-02
7.600000e+00	9.368608e-03	1.666836e-02	1.097013e-02	5.592163e-02	-3.593090e-02
7.650000e+00	1.686144e-02	1.508942e-02	1.771782e-02	5.934755e-02	-2.234911e-02
7.700000e+00	2.134811e-02	1.331108e-02	2.255566e-02	5.798846e-02	-1.217357e-02
7.750000e+00	2.196464e-02	1.213211e-02	2.272127e-02	5.396490e-02	-1.258356e-02
7.800000e+00	1.853408e-02	1.194525e-02	1.987021e-02	5.021341e-02	-2.512622e-02
7.850000e+00	1.171775e-02	1.244980e-02	1.303376e-02	4.254393e-02	-3.681110e-02
7.900000e+00	2.958891e-03	1.312371e-02	3.957141e-03	3.528972e-02	-4.561781e-02
7.950000e+00	-5.813109e-03	1.365989e-02	-5.164483e-03	2.816480e-02	-5.080020e-02
8.000000e+00	-1.266609e-02	1.396508e-02	-1.226896e-02	2.230890e-02	-5.121966e-02
8.050000e+00	-1.616282e-02	1.402633e-02	-1.600285e-02	1.920430e-02	-4.827992e-02
8.100000e+00	-1.591614e-02	1.394727e-02	-1.616223e-02	2.083763e-02	-4.657464e-02
8.150000e+00	-1.262557e-02	1.376399e-02	-1.410878e-02	2.645658e-02	-4.386669e-02
8.200000e+00	-7.870101e-03	1.339684e-02	-9.903712e-03	3.283817e-02	-3.822568e-02
8.250000e+00	-3.586134e-03	1.272088e-02	-6.000378e-03	3.591353e-02	-3.138713e-02
8.300000e+00	-1.404740e-03	1.181657e-02	-2.902491e-03	3.303071e-02	-2.536523e-02
8.350000e+00	-2.072355e-03	1.114363e-02	-2.929506e-03	3.162998e-02	-2.877475e-02
8.400000e+00	-5.163667e-03	1.121410e-02	-5.563868e-03	3.166672e-02	-3.611550e-02
8.450000e+00	-9.202243e-03	1.187372e-02	-9.179337e-03	3.214337e-02	-3.871076e-02
8.500000e+00	-1.216311e-02	1.235836e-02	-1.275009e-02	3.053862e-02	-4.704064e-02
8.550000e+00	-1.218267e-02	1.209199e-02	-1.277183e-02	2.804760e-02	-5.155188e-02
8.600000e+00	-8.234230e-03	1.119294e-02	-8.410508e-03	2.571010e-02	-4.826544e-02
8.650000e+00	-6.141653e-04	1.041708e-02	-1.839551e-05	2.965251e-02	-3.837635e-02
8.700000e+00	9.128852e-03	1.048307e-02	9.870403e-03	3.694112e-02	-2.480466e-02
8.750000e+00	1.866893e-02	1.124982e-02	1.901952e-02	4.565136e-02	-2.409577e-02
8.800000e+00	2.565334e-02	1.214701e-02	2.610656e-02	5.595871e-02	-2.191770e-02
8.850000e+00	2.846412e-02	1.305516e-02	2.866844e-02	6.144942e-02	-1.836443e-02
8.900000e+00	2.672204e-02	1.423428e-02	2.751885e-02	6.049937e-02	-2.025478e-02
8.950000e+00	2.135687e-02	1.563226e-02	2.301869e-02	5.338941e-02	-3.284604e-02
9.000000e+00	1.422627e-02	1.661921e-02	1.725124e-02	4.793870e-02	-4.119840e-02
9.050000e+00	7.428382e-03	1.644389e-02	1.062511e-02	4.521638e-02	-4.291132e-02
9.100000e+00	2.556549e-03	1.483428e-02	4.567994e-03	3.951573e-02	-3.879381e-02
9.150000e+00	1.976860e-04	1.242202e-02	1.021592e-03	3.630250e-02	-3.619275e-02
9.200000e+00	-2.068840e-04	1.097204e-02	-2.963001e-04	3.336937e-02	-2.954060e-02
9.250000e+00	-4.707972e-05	1.214763e-02	-5.195774e-04	3.294159e-02	-3.636268e-02
9.300000e+00	-9.229280e-04	1.499495e-02	-3.384933e-04	3.643645e-02	-4.436111e-02
9.350000e+00	-3.959870e-03	1.762701e-02	-2.898241e-03	3.757928e-02	-5.012319e-02
9.400000e+00	-9.321993e-03	1.906925e-02	-8.716334e-03	3.352067e-02	-5.756922e-02
9.450000e+00	-1.610384e-02	1.914865e-02	-1.632998e-02	2.641534e-02	-6.127978e-02
9.500000e+00	-2.263426e-02	1.815420e-02	-2.381762e-02	2.152788e-02	-6.359947e-02
9.550000e+00	-2.710909e-02	1.655479e-02	-2.945624e-02	1.940127e-02	-6.315816e-02
9.600000e+00	-2.812472e-02	1.475296e-02	-3.013342e-02	1.604590e-02	-6.026103e-02
9.650000e+00	-2.525508e-02	1.305394e-02	-2.602516e-02	1.198070e-02	-5.746226e-02
9.700000e+00	-1.915948e-02	1.171384e-02	-1.889364e-02	1.608108e-02	-5.273073e-02
9.750000e+00	-1.133297e-02	1.098370e-02	-1.059431e-02	2.147416e-02	-4.246194e-02
9.800000e+00	-3.574965e-03	1.096336e-02	-2.952095e-03	3.304516e-02	-3.429914e-02
9.850000e+00	2.618129e-03	1.144952e-02	2.570317e-03	4.049958e-02	-2.598791e-02
9.900000e+00	6.510397e-03	1.208408e-02	6.940338e-03	4.315888e-02	-2.651518e-02
9.950000e+00	8.273602e-03	1.260311e-02	9.357556e-03	4.226795e-02	-2.744121e-02
1.000000e+01	8.787946e-03	1.291116e-02	9.746175e-03	4.137318e-02	-2.739223e-02
1.005000e+01	9.247437e-03	1.306074e-02	1.029935e-02	4.301841e-02	-2.747123e-02
1.010000e+01	1.046726e-02	1.313195e-02	1.169849e-02	4.485652e-02	-2.602486e-02
1.015000e+01	1.271238e-02	1.326589e-02	1.401201e-02	4.634580e-02	-2.274193e-02
1.020000e+01	1.554434e-02	1.349211e-02	1.663130e-02	4.873897e-02	-1.806187e-02
1.025000e+01	1.801314e-02	1.357049e-02	1.870982e-02	5.086234e-02	-2.329480e-02
1.030000e+01	1.905273e-02	1.306858e-02	2.007640e-02	4.912506e-02	-2.752495e-02
1.035000e+01	1.791939e-02	1.173925e-02	1.876610e-02	4.563526e-02	-2.670357e-02
1.040000e+01	1.450218e-02	1.007258e-02	1.501272e-02	4.248001e-02	-2.048702e-02
1.045000e+01	9.390076e-03	9.686113e-03	9.121558e-03	3.668642e-02	-1.582613e-02
1.050000e+01	3.676812e-03	1.170635e-02	2.546261e-03	3.988563e-02	-2.445718e-02
1.055000e+01	-1.415797e-03	1.475250e-02	-3.052588e-03	4.140646e-02	-3.679041e-02
1.060000e+01	-4.950583e-03	1.701223e-02	-5.473981e-03	3.894909e-02	-4.608684e-02
1.065000e+01	-6.570750e-03	1.754240e-02	-6.307534e-03	3.191304e-02	-5.038429e-02
1.070000e+01	-6.575574e-03	1.627108e-02	-5.844636e-03	2.999405e-02	-4.929516e-02
1.075000e+01	-5.758805e-03	1.386548e-02	-4.254440e-03	2.793199e-02	-4.340299e-02
1.080000e+01	-5.080308e-03	1.146887e-02	-4.288618e-03	2.895888e-02	-3.537992e-02
1.085000e+01	-5.298573e-03	1.008812e-02	-5.654607e-03	2.706379e-02	-3.063233e-02
1.090000e+01	-6.698775e-03	9.751869e-03	-7.064246e-03	2.320739e-02	-2.780732e-02
1.095000e+01	-9.008541e-03	9.746365e-03	-9.517049e-03	1.997863e-02	-3.197702e-02
1.100000e+01	-1.152019e-02	9.647523e-03	-1.242945e-02	1.886603e-02	-3.500924e-02
1.105000e+01	-1.338687e-02	9.488381e-03	-1.410993e-02	1.676872e-02	-3.601254e-02
1.110000e+01	-1.385339e-02	9.301935e-03	-1.409196e-02	1.384435e-02	-3.571554e-02
1.115000e+01	-1.259812e-02	9.087866e-03	-1.257435e-02	1.443119e-02	-3.574408e-02
1.120000e+01	-9.792927e-03	8.994574e-03	-9.519449e-03	1.708050e-02	-3.339212e-02
1.125000e+01	-6.028197e-03	9.300043e-03	-5.639948e-03	1.969985e-02	-3.032835e-02
1.130000e+01	-2.106133e-03	9.981248e-03	-2.184145e-03	2.397464e-02	-2.718476e-02
1.135000e+01	1.217884e-03	1.055783e-02	1.395320e-03	2.527516e-02	-2.544657e-02
1.140000e+01	3.456279e-03	1.051600e-02	4.500385e-03	3.008037e-02	-2.375325e-02
1.145000e+01	4.504869e-03	9.725852e-03	5.207281e-03	3.276245e-02	-2.101442e-02
1.150000e+01	4.627484e-03	8.580219e-03	4.870500e-03	3.112888e-02	-2.092356e-02
1.155000e+01	4.329588e-03	7.832762e-03	4.429302e-03	3.035508e-02	-2.002910e-02
1.160000e+01	4.173638e-03	7.953241e-03	4.225662e-03	3.083547e-02	-2.049749e-02
1.165000e+01	4.599678e-03	8.585520e-03	4.455050e-03	2.872725e-02	-2.208275e-02
1.170000e+01	5.803075e-03	9.109417e-03	5.268386e-03	2.983433e-02	-2.069532e-02
1.175000e+01	7.695183e-03	9.239124e-03	7.614252e-03	3.030300e-02	-1.921230e-02
1.180000e+01	9.943533e-03	9.025590e-03	9.812104e-03	3.341997e-02	-1.766574e-02
1.185000e+01	1.206645e-02	8.673325e-03	1.237323e-02	3.487903e-02	-1.767716e-02
1.190000e+01	1.354847e-02	8.384703e-03	1.386604e-02	3.365430e-02	-1.583716e-02
1.195000e+01	1.394699e-02	8.263062e-03	1.402721e-02	3.534581e-02	-1.248876e-02
1.200000e+01	1.297237e-02	8.276102e-03	1.287666e-02	3.487318e-02	-1.453878e-02
1.205000e+01	1.053362e-02	8.317137e-03	1.062473e-02	3.217197e-02	-1.586693e-02
1.210000e+01	6.727275e-03	8.285954e-03	7.048848e-03	2.643836e-02	-1.789737e-02
1.215000e+01	1.896319e-03	8.227224e-03	2.578532e-03	1.985090e-02	-2.235514e-02
1.220000e+01	-3.434308e-03	8.285084e-03	-2.803937e-03	1.565314e-02	-2.701377e-02
1.225000e+01	-8.624314e-03	8.536132e-03	-8.338901e-03	1.131481e-02	-3.165214e-02
1.230000e+01	-1.301156e-02	8.860155e-03	-1.316627e-02	7.300918e-03	-3.725026e-02
1.235000e+01	-1.602272e-02	9.017992e-03	-1.641750e-02	7.615496e-03	-3.990675e-02
1.240000e+01	-1.728230e-02	8.828606e-03	-1.789637e-02	7.080799e-03	-3.884125e-02
1.245000e+01	-1.669473e-02	8.273658e-03	-1.725661e-02	5.702293e-03	-3.628220e-02
1.250000e+01	-1.447437e-02	7.502632e-03	-1.477603e-02	8.057749e-03	-3.422972e-02
1.255000e+01	-1.110779e-02	6.767359e-03	-1.136955e-02	1.147174e-02	-2.977978e-02
1.260000e+01	-7.249698e-03	6.290887e-03	-7.522160e-03	1.425609e-02	-2.339330e-02
1.265000e+01	-3.574098e-03	6.115541e-03	-3.614813e-03	1.510599e-02	-2.001089e-02
1.270000e+01	-6.182301e-04	6.098488e-03	-6.138880e-04	1.467849e-02	-1.589429e-02
1.275000e+01	1.337559e-03	6.093174e-03	1.464011e-03	1.693918e-02	-1.461861e-02
1.280000e+01	2.318666e-03	6.092944e-03	2.588128e-03	1.810872e-02	-1.360512e-02
1.285000e+01	2.618500e-03	6.192248e-03	2.890603e-03	1.779813e-02	-1.405410e-02
1.290000e+01	2.684953e-03	6.421354e-03	3.040191e-03	1.868720e-02	-1.385918e-02
1.295000e+01	2.965688e-03	6.661109e-03	3.053254e-03	2.026192e-02	-1.477365e-02
1.300000e+01	3.760062e-03	6.758285e-03	3.850946e-03	2.228371e-02	-1.380632e-02
1.305000e+01	5.161052e-03	6.709116e-03	5.064819e-03	2.376562e-02	-1.304649e-02
1.310000e+01	6.924385e-03	6.650583e-03	6.881415e-03	2.555690e-02	-1.202631e-02
1.315000e+01	8.650942e-03	6.772400e-03	8.717067e-03	2.586201e-02	-1.060213e-02
1.320000e+01	9.881744e-03	7.089143e-03	9.937962e-03	2.609171e-02	-9.913646e-03
1.325000e+01	1.024105e-02	7.426473e-03	1.015825e-02	2.768828e-02	-1.021986e-02
1.330000e+01	9.548214e-03	7.601661e-03	9.284897e-03	2.966745e-02	-1.023940e-02
1.335000e+01	7.864019e-03	7.548275e-03	7.238585e-03	2.812115e-02	-1.033710e-02
1.340000e+01	5.460504e-03	7.309281e-03	5.068437e-03	2.483144e-02	-1.214464e-02
1.345000e+01	2.729207e-03	6.980665e-03	2.737062e-03	2.146843e-02	-1.454413e-02
1.350000e+01	6.284085e-05	6.682141e-03	-3.476332e-05	1.834765e-02	-1.932440e-02
1.355000e+01	-2.247713e-03	6.547690e-03	-2.297220e-03	1.562795e-02	-2.190234e-02
1.360000e+01	-4.067333e-03	6.665612e-03	-3.994764e-03	1.258447e-02	-2.216292e-02
1.365000e+01	-5.407697e-03	6.986447e-03	-5.222506e-03	1.224918e-02	-2.292968e-02
1.370000e+01	-6.365816e-03	7.335451e-03	-5.869687e-03	1.090852e-02	-2.514491e-02
1.375000e+01	-7.039840e-03	7.531719e-03	-6.650055e-03	9.999742e-03	-2.568050e-02
1.380000e+01	-7.459322e-03	7.476632e-03	-7.259301e-03	1.021716e-02	-2.697259e-02
1.385000e+01	-7.559861e-03	7.161020e-03	-7.271382e-03	9.201018e-03	-2.758611e-02
1.390000e+01	-7.213074e-03	6.639571e-03	-6.935213e-03	8.568828e-03	-2.660253e-02
1.395000e+01	-6.299435e-03	6.031532e-03	-5.879352e-03	9.820101e-03	-2.410092e-02
1.400000e+01	-4.792877e-03	5.543295e-03	-4.626253e-03	1.012728e-02	-2.176043e-02
1.405000e+01	-2.831254e-03	5.418775e-03	-2.601804e-03	1.099017e-02	-1.883000e-02
1.410000e+01	-6.808636e-04	5.670287e-03	-1.094908e-04	1.234530e-02	-1.590311e-02
1.415000e+01	1.284028e-03	6.043846e-03	1.722414e-03	1.355305e-02	-1.557989e-02
1.420000e+01	2.697223e-03	6.249005e-03	3.273372e-03	1.706431e-02	-1.450973e-02
1.425000e+01	3.316191e-03	6.179500e-03	3.813833e-03	1.880202e-02	-1.252130e-02
1.430000e+01	3.107334e-03	5.946261e-03	3.326244e-03	1.859270e-02	-1.264111e-02
1.435000e+01	2.267673e-03	5.760013e-03	2.283762e-03	1.885818e-02	-1.344947e-02
1.440000e+01	1.171126e-03	5.731345e-03	1.369704e-03	1.958266e-02	-1.462380e-02
1.445000e+01	2.543105e-04	5.781333e-03	2.549547e-04	1.924593e-02	-1.483465e-02
1.450000e+01	-1.210737e-04	5.770795e-03	-4.930284e-04	1.797919e-02	-1.508464e-02
1.455000e+01	2.170592e-04	5.650279e-03	-1.735294e-04	1.592124e-02	-1.497557e-02
1.460000e+01	1.198529e-03	5.472283e-03	1.086186e-03	1.551083e-02	-1.313546e-02
1.465000e+01	2.538071e-03	5.313011e-03	2.818215e-03	1.667350e-02	-1.108594e-02
1.470000e+01	3.832378e-03	5.213911e-03	4.218419e-03	1.709994e-02	-1.058959e-02
1.475000e+01	4.692899e-03	5.193834e-03	4.950701e-03	1.847553e-02	-1.034681e-02
1.480000e+01	4.868483e-03	5.274065e-03	4.789497e-03	1.952874e-02	-9.191244e-03
1.485000e+01	4.316729e-03	5.452575e-03	4.556476e-03	1.926757e-02	-9.876590e-03
1.490000e+01	3.202098e-03	5.669168e-03	3.416432e-03	1.718146e-02	-1.270337e-02
1.495000e+01	1.825426e-03	5.829292e-03	1.948190e-03	1.613290e-02	-1.453509e-02
1.500000e+01	5.133797e-04	5.861737e-03	8.499419e-04	1.445245e-02	-1.576708e-02
1.505000e+01	-5.046048e-04	5.758835e-03	-2.408677e-04	1.322853e-02	-1.636062e-02
1.510000e+01	-1.121695e-03	5.526454e-03	-7.681877e-04	1.268443e-02	-1.580713e-02
1.515000e+01	-1.403024e-03	5.197689e-03	-1.156734e-03	1.227912e-02	-1.423512e-02
1.520000e+01	-1.529443e-03	4.822362e-03	-1.752099e-03	1.237514e-02	-1.332668e-02
1.525000e+01	-1.710005e-03	4.496007e-03	-2.166313e-03	1.162164e-02	-1.226977e-02
1.530000e+01	-2.091164e-03	4.361667e-03	-2.583162e-03	1.034905e-02	-1.242388e-02
1.535000e+01	-2.697087e-03	4.520553e-03	-2.976604e-03	1.192582e-02	-1.378284e-02
1.540000e+01	-3.421568e-03	4.918943e-03	-3.515217e-03	1.355217e-02	-1.575072e-02
1.545000e+01	-4.071165e-03	5.380038e-03	-4.027664e-03	1.326150e-02	-1.907733e-02
1.550000e+01	-4.439779e-03	5.727015e-03	-4.114360e-03	1.161128e-02	-2.052811e-02
1.555000e+01	-4.384243e-03	5.853561e-03	-3.944793e-03	1.011198e-02	-1.954741e-02
1.560000e+01	-3.872190e-03	5.735588e-03	-3.577005e-03	9.874065e-03	-1.943526e-02
1.565000e+01	-2.986234e-03	5.420388e-03	-2.745506e-03	1.110171e-02	-1.820502e-02
1.570000e+01	-1.886471e-03	5.010785e-03	-1.804646e-03	1.167963e-02	-1.655390e-02
1.575000e+01	-7.494048e-04	4.644397e-03	-7.897227e-04	1.145473e-02	-1.450964e-02
1.580000e+01	2.908742e-04	4.449796e-03	3.442335e-04	1.059628e-02	-1.278263e-02
1.585000e+01	1.176355e-03	4.470767e-03	9.893005e-04	1.206501e-02	-1.284295e-02
1.590000e+01	1.922679e-03	4.625293e-03	1.492528e-03	1.378667e-02	-1.174545e-02
1.595000e+01	2.585185e-03	4.767778e-03	2.444468e-03	1.466500e-02	-1.166851e-02
1.600000e+01	3.210712e-03	4.790864e-03	3.115215e-03	1.489931e-02	-1.085864e-02
1.605000e+01	3.815888e-03	4.699971e-03	4.125917e-03	1.575349e-02	-9.033674e-03
1.610000e+01	4.316126e-03	4.562520e-03	4.498715e-03	1.692381e-02	-9.510151e-03
1.615000e+01	4.593232e-03	4.476018e-03	4.687882e-03	1.623568e-02	-9.588303e-03
1.620000e+01	4.525678e-03	4.463448e-03	4.200179e-03	1.645297e-02	-8.918051e-03
1.625000e+01	4.038907e-03	4.450957e-03	3.634964e-03	1.548346e-02	-7.854071e-03
1.630000e+01	3.142266e-03	4.347700e-03	2.873045e-03	1.453279e-02	-8.280318e-03
1.635000e+01	1.937776e-03	4.134430e-03	1.875137e-03	1.282609e-02	-8.762021e-03
1.640000e+01	5.971371e-04	3.886539e-03	4.656100e-04	1.050777e-02	-8.285083e-03
1.645000e+01	-6.844898e-04	3.723536e-03	-7.672876e-04	8.074476e-03	-9.944202e-03
1.650000e+01	-1.740990e-03	3.712582e-03	-1.867975e-03	8.913107e-03	-1.079247e-02
1.655000e+01	-2.475641e-03	3.811424e-03	-2.588316e-03	9.902842e-03	-1.228398e-02
1.660000e+01	-2.876338e-03	3.914924e-03	-2.930526e-03	1.050990e-02	-1.268426e-02
1.665000e+01	-3.002746e-03	3.936114e-03	-3.061764e-03	1.041682e-02	-1.364149e-02
1.670000e+01	-2.952692e-03	3.849701e-03	-3.113449e-03	9.603567e-03	-1.309955e-02
1.675000e+01	-2.821822e-03	3.700554e-03	-2.967787e-03	8.923327e-03	-1.306571e-02
1.680000e+01	-2.671388e-03	3.579977e-03	-2.887115e-03	7.871595e-03	-1.199349e-02
1.685000e+01	-2.514272e-03	3.558613e-03	-2.516335e-03	8.482121e-03	-1.340931e-02
1.690000e+01	-2.321465e-03	3.619531e-03	-2.145127e-03	8.122241e-03	-1.429164e-02
1.695000e+01	-2.043494e-03	3.679212e-03	-1.779870e-03	9.014769e-03	-1.378913e-02
1.700000e+01	-1.636762e-03	3.674551e-03	-1.426328e-03	9.087100e-03	-1.228056e-02
1.705000e+01	-1.077046e-03	3.616886e-03	-9.196027e-04	1.003376e-02	-1.081843e-02
1.710000e+01	-3.900672e-04	3.554783e-03	-4.803153e-04	1.147226e-02	-1.011488e-02
1.715000e+01	3.676785e-04	3.527040e-03	2.982247e-04	1.182735e-02	-9.152630e-03
1.720000e+01	1.120659e-03	3.536097e-03	1.190017e-03	1.124344e-02	-7.594999e-03
1.725000e+01	1.790954e-03	3.581542e-03	1.979806e-03	1.251624e-02	-7.457920e-03
1.730000e+01	2.311817e-03	3.678455e-03	2.417313e-03	1.356933e-02	-7.972510e-03
1.735000e+01	2.635320e-03	3.812472e-03	2.645126e-03	1.300921e-02	-9.285827e-03
1.740000e+01	2.734643e-03	3.900653e-03	2.682779e-03	1.464289e-02	-9.710531e-03
1.745000e+01	2.603768e-03	3.836854e-03	2.595620e-03	1.456414e-02	-8.929305e-03
1.750000e+01	2.257319e-03	3.586976e-03	2.263082e-03	1.285080e-02	-7.025996e-03
1.755000e+01	1.731388e-03	3.258309e-03	1.653727e-03	1.082784e-02	-7.674760e-03
1.760000e+01	1.083858e-03	3.075421e-03	1.118377e-03	1.061443e-02	-8.859524e-03
1.765000e+01	3.912905e-04	3.180713e-03	3.323968e-04	1.163948e-02	-1.062826e-02
1.770000e+01	-2.599444e-04	3.448772e-03	-3.178364e-04	1.085834e-02	-1.094296e-02
1.775000e+01	-7.881851e-04	3.644839e-03	-9.010871e-04	1.106678e-02	-9.687305e-03
1.780000e+01	-1.133432e-03	3.639069e-03	-1.238652e-03	1.259706e-02	-9.741530e-03
1.785000e+01	-1.271350e-03	3.448107e-03	-1.442436e-03	1.255576e-02	-9.512686e-03
1.790000e+01	-1.218948e-03	3.187203e-03	-1.350523e-03	1.106453e-02	-1.009879e-02
1.795000e+01	-1.029040e-03	2.985967e-03	-1.096715e-03	8.579759e-03	-1.018584e-02
1.800000e+01	-7.745775e-04	2.901546e-03	-9.721842e-04	9.827090e-03	-1.083759e-02
1.805000e+01	-5.321937e-04	2.906809e-03	-7.995914e-04	1.095318e-02	-1.020060e-02
1.810000e+01	-3.491935e-04	2.937609e-03	-6.418345e-04	1.047275e-02	-8.347014e-03
1.815000e+01	-2.464816e-04	2.961368e-03	-4.706502e-04	8.685445e-03	-8.981235e-03
1.820000e+01	-2.146175e-04	2.970890e-03	-2.161657e-04	9.021612e-03	-9.694815e-03
1.825000e+01	-2.238237e-04	2.964545e-03	-2.226501e-05	9.079396e-03	-9.737116e-03
1.830000e+01	-2.391728e-04	2.938951e-03	-4.347681e-05	8.138524e-03	-8.844714e-03
1.835000e+01	-2.347198e-04	2.895276e-03	-1.926978e-04	7.963744e-03	-7.886500e-03
1.840000e+01	-2.013877e-04	2.843499e-03	-2.050926e-04	7.281473e-03	-7.232449e-03
1.845000e+01	-1.464675e-04	2.795436e-03	-2.518876e-04	6.871653e-03	-7.683303e-03
1.850000e+01	-8.627521e-05	2.754645e-03	1.514647e-05	6.859250e-03	-7.752255e-03
1.855000e+01	-3.620161e-05	2.718717e-03	5.042001e-05	7.018504e-03	-7.158423e-03
1.860000e+01	-3.002608e-06	2.694027e-03	2.020558e-04	7.355887e-03	-7.089601e-03
1.865000e+01	1.741294e-05	2.701565e-03	1.086566e-04	7.005832e-03	-7.696852e-03
1.870000e+01	3.636835e-05	2.756930e-03	-4.776910e-07	6.702214e-03	-7.954922e-03
1.875000e+01	6.546521e-05	2.843735e-03	1.454355e-04	7.304257e-03	-7.144427e-03
1.880000e+01	1.101818e-04	2.919378e-03	6.586161e-05	8.222127e-03	-6.425407e-03
1.885000e+01	1.673072e-04	2.951722e-03	1.258137e-04	8.814751e-03	-6.722237e-03
1.890000e+01	2.272831e-04	2.945444e-03	3.269941e-05	9.013633e-03	-7.163516e-03
1.895000e+01	2.798694e-04	2.930300e-03	2.525258e-04	8.988542e-03	-6.920581e-03
1.900000e+01	3.198098e-04	2.922798e-03	2.245983e-04	1.004820e-02	-6.880408e-03
1.905000e+01	3.527591e-04	2.911268e-03	3.510364e-04	1.127884e-02	-6.558285e-03
1.910000e+01	3.820241e-04	2.866857e-03	3.171029e-04	1.084120e-02	-7.103183e-03
1.915000e+01	4.123963e-04	2.795813e-03	3.459619e-04	8.939919e-03	-7.367247e-03
1.920000e+01	4.415088e-04	2.734843e-03	3.246889e-04	7.681143e-03	-6.500732e-03
1.925000e+01	4.570464e-04	2.708934e-03	3.897503e-04	7.843001e-03	-6.638828e-03
1.930000e+01	4.394444e-04	2.697953e-03	4.256870e-04	8.438332e-03	-6.822943e-03
1.935000e+01	3.696373e-04	2.661188e-03	2.778353e-04	8.389299e-03	-7.125149e-03
1.940000e+01	2.387173e-04	2.589319e-03	8.605796e-05	7.757411e-03	-7.560066e-03
1.945000e+01	5.500136e-05	2.520202e-03	-6.732943e-05	6.884469e-03	-7.644431e-03
1.950000e+01	-1.552717e-04	2.498547e-03	-2.195070e-04	6.199367e-03	-7.247137e-03
1.955000e+01	-3.547750e-04	2.521828e-03	-2.374595e-04	6.314537e-03	-8.054904e-03
1.960000e+01	-5.072351e-04	2.541641e-03	-5.192942e-04	6.107427e-03	-8.635277e-03
1.965000e+01	-5.900446e-04	2.515673e-03	-5.859658e-04	5.656586e-03	-8.180101e-03
1.970000e+01	-6.019437e-04	2.444370e-03	-5.858048e-04	6.020031e-03	-7.121444e-03
1.975000e+01	-5.622181e-04	2.365636e-03	-5.659854e-04	5.945608e-03	-6.981616e-03
1.980000e+01	-5.014223e-04	2.323698e-03	-4.653470e-04	6.390982e-03	-7.082042e-03
1.985000e+01	-4.473808e-04	2.339419e-03	-5.378864e-04	6.446220e-03	-7.010819e-03
1.990000e+01	-4.124639e-04	2.401823e-03	-5.404332e-04	6.693952e-03	-7.463244e-03
1.995000e+01	-3.878153e-04	2.477995e-03	-4.225535e-04	6.845444e-03	-7.904803e-03
2.000000e+01	-3.473699e-04	2.527733e-03	-3.097512e-04	7.717911e-03	-7.585402e-03
