# k	<chi>	std	chi_median	chi_max	chi_min
0.000000e+00	-1.952307e-01	2.669855e-01	0.000000e+00	0.000000e+00	-7.683613e-01
5.000000e-02	-4.067590e-01	2.481342e-01	-4.757337e-01	-4.988990e-02	-8.195314e-01
1.000000e-01	-4.124406e-01	2.408798e-01	-4.820172e-01	-6.312157e-02	-8.247357e-01
1.500000e-01	-4.287860e-01	2.190075e-01	-4.997993e-01	-1.027921e-01	-8.383619e-01
2.000000e-01	-4.446735e-01	1.968374e-01	-5.168348e-01	-1.430193e-01	-8.500071e-01
2.500000e-01	-4.689233e-01	1.602826e-01	-5.373643e-01	-2.091979e-01	-8.637747e-01
3.000000e-01	-4.918042e-01	1.248599e-01	-5.361162e-01	-2.711208e-01	-8.723869e-01
3.500000e-01	-5.195544e-01	8.233081e-02	-5.348260e-01	-3.436669e-01	-8.750090e-01
4.000000e-01	-5.442220e-01	6.166247e-02	-5.401710e-01	-4.143315e-01	-8.688393e-01
4.500000e-01	-5.694571e-01	8.599752e-02	-5.460653e-01	-4.237567e-01	-8.492783e-01
5.000000e-01	-5.887182e-01	1.318081e-01	-5.894861e-01	-3.755937e-01	-8.715499e-01
5.500000e-01	-6.029105e-01	1.839999e-01	-6.670262e-01	-3.254230e-01	-9.164380e-01
6.000000e-01	-6.074292e-01	2.272403e-01	-7.056263e-01	-2.734741e-01	-9.558169e-01
6.500000e-01	-5.998630e-01	2.611738e-01	-7.067271e-01	-2.300424e-01	-9.653988e-01
7.000000e-01	-5.792412e-01	2.793027e-01	-6.989852e-01	-2.017502e-01	-9.409040e-01
7.500000e-01	-5.406971e-01	2.802403e-01	-6.450749e-01	-1.845881e-01	-8.907645e-01
8.000000e-01	-4.888423e-01	2.648303e-01	-5.753966e-01	-1.580064e-01	-8.244776e-01
8.500000e-01	-4.190589e-01	2.322752e-01	-4.825975e-01	-1.303964e-01	-7.186436e-01
9.000000e-01	-3.423345e-01	1.897146e-01	-3.628168e-01	-8.337812e-02	-6.039161e-01
9.500000e-01	-2.571770e-01	1.381624e-01	-2.329388e-01	-4.557576e-02	-4.647187e-01
1.000000e+00	-1.783974e-01	8.824976e-02	-1.593872e-01	-1.957817e-02	-3.397830e-01
1.050000e+00	-1.080822e-01	4.573248e-02	-1.097967e-01	-1.016537e-02	-2.882278e-01
1.100000e+00	-5.833457e-02	3.397173e-02	-5.563279e-02	3.192182e-02	-2.429444e-01
1.150000e+00	-3.137037e-02	5.002969e-02	-3.463982e-02	6.057253e-02	-2.045677e-01
1.200000e+00	-2.944502e-02	6.273280e-02	-2.108912e-02	7.311462e-02	-1.738182e-01
1.250000e+00	-5.018161e-02	6.595806e-02	-5.318639e-02	5.913495e-02	-1.704640e-01
1.300000e+00	-8.406947e-02	6.117774e-02	-9.029351e-02	2.367262e-02	-2.041969e-01
1.350000e+00	-1.233571e-01	5.145743e-02	-1.241635e-01	-2.854993e-02	-2.384600e-01
1.400000e+00	-1.534204e-01	4.143364e-02	-1.562994e-01	-6.445160e-02	-2.526766e-01
1.450000e+00	-1.665152e-01	3.405456e-02	-1.653349e-01	-8.174959e-02	-2.548612e-01
1.500000e+00	-1.544572e-01	3.223731e-02	-1.524019e-01	-5.746696e-02	-2.453450e-01
1.550000e+00	-1.163897e-01	3.646590e-02	-1.134511e-01	-2.731572e-02	-2.071478e-01
1.600000e+00	-5.725826e-02	4.419678e-02	-4.949759e-02	2.538261e-02	-1.430716e-01
1.650000e+00	1.545665e-02	5.207866e-02	3.087604e-02	1.021226e-01	-8.116790e-02
1.700000e+00	8.776096e-02	5.548365e-02	1.024837e-01	1.768900e-01	-1.025142e-02
1.750000e+00	1.508204e-01	5.222483e-02	1.680224e-01	2.289540e-01	5.718581e-02
1.800000e+00	1.926894e-01	4.068890e-02	1.976964e-01	2.568196e-01	1.167409e-01
1.850000e+00	2.118925e-01	2.326366e-02	2.124098e-01	2.610931e-01	1.598711e-01
1.900000e+00	2.061093e-01	1.222092e-02	2.057221e-01	2.390465e-01	1.727901e-01
1.950000e+00	1.830023e-01	2.787344e-02	1.904769e-01	2.365096e-01	1.306650e-01
2.000000e+00	1.474510e-01	4.372344e-02	1.540830e-01	2.144445e-01	8.318711e-02
2.050000e+00	1.106883e-01	5.232490e-02	1.137776e-01	1.820311e-01	4.034076e-02
2.100000e+00	7.600715e-02	5.079457e-02	7.251361e-02	1.529418e-01	7.815741e-03
2.150000e+00	4.813048e-02	4.067877e-02	4.604506e-02	1.243627e-01	-7.008096e-03
2.200000e+00	2.847561e-02	2.575489e-02	2.738205e-02	9.207395e-02	-9.969343e-03
2.250000e+00	1.674567e-02	1.137377e-02	1.527675e-02	6.064477e-02	-5.692377e-03
2.300000e+00	7.405758e-03	8.608665e-03	8.206582e-03	3.127158e-02	-1.479772e-02
2.350000e+00	-1.443839e-03	1.318129e-02	-1.908611e-04	2.540079e-02	-2.680202e-02
2.400000e+00	-9.969418e-03	1.340380e-02	-1.129365e-02	1.487768e-02	-3.180281e-02
2.450000e+00	-1.663271e-02	1.194096e-02	-1.938603e-02	4.645338e-03	-4.076933e-02
2.500000e+00	-2.135989e-02	9.002221e-03	-2.375610e-02	-2.342566e-03	-4.714017e-02
2.550000e+00	-2.348184e-02	5.773818e-03	-2.510615e-02	-8.096648e-03	-4.776382e-02
2.600000e+00	-2.268835e-02	3.838943e-03	-2.269989e-02	-1.237807e-02	-4.546706e-02
2.650000e+00	-2.142457e-02	4.237510e-03	-2.119695e-02	-1.102373e-02	-4.270650e-02
2.700000e+00	-1.854459e-02	5.617160e-03	-1.875405e-02	-6.147769e-03	-3.672689e-02
2.750000e+00	-1.455744e-02	6.918144e-03	-1.691496e-02	-1.605203e-03	-2.854992e-02
2.800000e+00	-1.011888e-02	7.802260e-03	-1.271415e-02	2.402361e-03	-2.364555e-02
2.850000e+00	-6.751709e-03	8.544942e-03	-9.313742e-03	6.283258e-03	-2.061320e-02
2.900000e+00	-4.076255e-03	8.824010e-03	-4.846477e-03	8.910618e-03	-1.748685e-02
2.950000e+00	-2.517941e-03	8.660874e-03	-2.183236e-03	1.140168e-02	-1.608910e-02
3.000000e+00	-2.177190e-03	8.068816e-03	-2.375216e-03	1.268923e-02	-1.514657e-02
3.050000e+00	-3.123320e-03	6.946925e-03	-3.093843e-03	1.141452e-02	-1.598970e-02
3.100000e+00	-4.552079e-03	5.365270e-03	-4.744112e-03	8.141724e-03	-1.625602e-02
3.150000e+00	-5.724837e-03	3.637664e-03	-5.373513e-03	4.493507e-03	-1.531692e-02
3.200000e+00	-5.892008e-03	2.979717e-03	-5.965118e-03	2.264932e-03	-1.231400e-02
3.250000e+00	-4.520027e-03	4.699802e-03	-5.739252e-03	3.942753e-03	-1.320298e-02
3.300000e+00	-1.092406e-03	7.134494e-03	-9.372227e-04	1.011327e-02	-1.142930e-02
3.350000e+00	4.144851e-03	9.150245e-03	5.394386e-03	1.687519e-02	-9.519900e-03
3.400000e+00	1.047260e-02	1.026226e-02	1.246237e-02	2.391455e-02	-5.053329e-03
3.450000e+00	1.720202e-02	1.035275e-02	1.854318e-02	3.133980e-02	1.262606e-03
3.500000e+00	2.289124e-02	9.141483e-03	2.299082e-02	3.725494e-02	7.473575e-03
3.550000e+00	2.644472e-02	6.938441e-03	2.653153e-02	3.970978e-02	1.309997e-02
3.600000e+00	2.716967e-02	4.544572e-03	2.651873e-02	3.918383e-02	1.735865e-02
3.650000e+00	2.506772e-02	3.804796e-03	2.515406e-02	3.452705e-02	1.745865e-02
3.700000e+00	2.009681e-02	5.572701e-03	2.004658e-02	3.305336e-02	9.016872e-03
3.750000e+00	1.300825e-02	7.429724e-03	1.384834e-02	2.950145e-02	-7.405557e-04
3.800000e+00	4.843536e-03	8.292634e-03	4.823166e-03	2.270818e-02	-1.029445e-02
3.850000e+00	-3.504776e-03	8.056382e-03	-3.500006e-03	1.347312e-02	-1.844276e-02
3.900000e+00	-1.123183e-02	6.658649e-03	-1.086773e-02	3.738747e-03	-2.413666e-02
3.950000e+00	-1.761079e-02	4.554803e-03	-1.734570e-02	-5.409843e-03	-2.705999e-02
4.000000e+00	-2.215611e-02	2.582437e-03	-2.242669e-02	-1.411329e-02	-2.762900e-02
4.050000e+00	-2.498356e-02	2.333737e-03	-2.524805e-02	-1.524636e-02	-3.373321e-02
4.100000e+00	-2.585463e-02	3.474641e-03	-2.667095e-02	-1.577098e-02	-3.802724e-02
4.150000e+00	-2.482181e-02	4.379993e-03	-2.552584e-02	-1.601212e-02	-3.873326e-02
4.200000e+00	-2.209857e-02	4.731481e-03	-2.203795e-02	-1.358956e-02	-3.718928e-02
4.250000e+00	-1.849218e-02	4.606131e-03	-1.809323e-02	-1.067465e-02	-3.371507e-02
4.300000e+00	-1.408366e-02	4.309601e-03	-1.372815e-02	-6.438279e-03	-2.809538e-02
4.350000e+00	-9.452135e-03	4.159129e-03	-9.327262e-03	-1.805129e-03	-2.155820e-02
4.400000e+00	-5.192318e-03	4.419554e-03	-5.354641e-03	2.594754e-03	-1.535782e-02
4.450000e+00	-1.906908e-03	5.115340e-03	-2.258377e-03	7.014574e-03	-1.277215e-02
4.500000e+00	4.539809e-04	6.080188e-03	-2.723898e-04	1.083498e-02	-1.216749e-02
4.550000e+00	2.031829e-03	7.008614e-03	1.079565e-03	1.387567e-02	-1.260142e-02
4.600000e+00	3.283995e-03	7.564935e-03	2.315427e-03	1.625937e-02	-1.285085e-02
4.650000e+00	4.870126e-03	7.439740e-03	3.861318e-03	1.855776e-02	-1.148998e-02
4.700000e+00	7.470289e-03	6.597412e-03	6.849991e-03	2.118077e-02	-7.372306e-03
4.750000e+00	1.149140e-02	5.272875e-03	1.073594e-02	2.353946e-02	1.459731e-04
4.800000e+00	1.694289e-02	4.560612e-03	1.670906e-02	2.666948e-02	6.553821e-03
4.850000e+00	2.333108e-02	6.013353e-03	2.415656e-02	3.808823e-02	7.085381e-03
4.900000e+00	2.985907e-02	8.965520e-03	3.106651e-02	4.880371e-02	8.505871e-03
4.950000e+00	3.546261e-02	1.214844e-02	3.693375e-02	5.715196e-02	1.029776e-02
5.000000e+00	3.908599e-02	1.477387e-02	4.043433e-02	6.156475e-02	1.191805e-02
5.050000e+00	3.983964e-02	1.630720e-02	4.005248e-02	6.182971e-02	1.296266e-02
5.100000e+00	3.740258e-02	1.651744e-02	3.654106e-02	6.109117e-02	8.659312e-03
5.150000e+00	3.179704e-02	1.541110e-02	3.164105e-02	5.637092e-02	4.214833e-03
5.200000e+00	2.342180e-02	1.332278e-02	2.378692e-02	4.799581e-02	-2.181870e-04
5.250000e+00	1.290100e-02	1.088813e-02	1.370608e-02	3.745558e-02	-7.146993e-03
5.300000e+00	1.125559e-03	9.021241e-03	1.603092e-03	2.502385e-02	-1.622401e-02
5.350000e+00	-1.110881e-02	8.277275e-03	-1.203083e-02	1.149231e-02	-2.616737e-02
5.400000e+00	-2.304822e-02	8.253397e-03	-2.347692e-02	-2.466011e-03	-3.990185e-02
5.450000e+00	-3.381346e-02	8.109565e-03	-3.341036e-02	-1.540667e-02	-5.247796e-02
5.500000e+00	-4.279341e-02	7.505587e-03	-4.308721e-02	-2.373489e-02	-6.126766e-02
5.550000e+00	-4.936132e-02	6.648685e-03	-5.024510e-02	-2.786145e-02	-6.582784e-02
5.600000e+00	-5.297486e-02	6.221821e-03	-5.390432e-02	-2.994400e-02	-6.619226e-02
5.650000e+00	-5.306648e-02	7.038750e-03	-5.428052e-02	-2.939209e-02	-6.656173e-02
5.700000e+00	-4.979600e-02	9.304481e-03	-4.993230e-02	-2.616873e-02	-7.031316e-02
5.750000e+00	-4.347555e-02	1.255212e-02	-4.120519e-02	-1.970189e-02	-7.331372e-02
5.800000e+00	-3.476093e-02	1.616914e-02	-3.329644e-02	-6.885134e-03	-7.335994e-02
5.850000e+00	-2.445999e-02	1.946052e-02	-2.245720e-02	6.513449e-03	-6.775624e-02
5.900000e+00	-1.371314e-02	2.183295e-02	-1.199106e-02	1.884656e-02	-5.743165e-02
5.950000e+00	-3.375328e-03	2.283355e-02	-2.114143e-03	2.975875e-02	-4.573967e-02
6.000000e+00	5.972805e-03	2.227931e-02	7.233175e-03	4.035544e-02	-3.235108e-02
6.050000e+00	1.409226e-02	2.013701e-02	1.300508e-02	4.871457e-02	-1.963351e-02
6.100000e+00	2.095916e-02	1.684116e-02	1.845792e-02	5.342587e-02	-7.342955e-03
6.150000e+00	2.676410e-02	1.285111e-02	2.463867e-02	5.482455e-02	1.936017e-03
6.200000e+00	3.167527e-02	8.923451e-03	3.130768e-02	5.306062e-02	1.227334e-02
6.250000e+00	3.570973e-02	7.269248e-03	3.549422e-02	5.249007e-02	1.412991e-02
6.300000e+00	3.868784e-02	1.058801e-02	3.998211e-02	5.739748e-02	1.039265e-02
6.350000e+00	4.028287e-02	1.685311e-02	4.530800e-02	6.638954e-02	7.060498e-03
6.400000e+00	4.014050e-02	2.400544e-02	4.502778e-02	7.363258e-02	2.070741e-03
6.450000e+00	3.801744e-02	3.079894e-02	4.209836e-02	7.672450e-02	-4.545372e-03
6.500000e+00	3.388433e-02	3.601837e-02	3.718847e-02	7.880073e-02	-1.364407e-02
6.550000e+00	2.787799e-02	3.837253e-02	2.940726e-02	7.962867e-02	-2.273814e-02
6.600000e+00	2.048614e-02	3.714646e-02	1.850618e-02	7.550695e-02	-2.817341e-02
6.650000e+00	1.222539e-02	3.221258e-02	9.112299e-03	6.557576e-02	-3.082814e-02
6.700000e+00	3.607168e-03	2.431178e-02	-6.959550e-05	5.262743e-02	-3.203955e-02
6.750000e+00	-4.925455e-03	1.524949e-02	-9.669503e-03	3.738529e-02	-3.147232e-02
6.800000e+00	-1.300761e-02	9.161588e-03	-1.403719e-02	1.899609e-02	-3.377541e-02
6.850000e+00	-2.032095e-02	1.149603e-02	-1.823962e-02	1.976988e-03	-4.951679e-02
6.900000e+00	-2.655314e-02	1.630179e-02	-2.651840e-02	2.777676e-03	-6.022881e-02
6.950000e+00	-3.138391e-02	1.926934e-02	-3.412769e-02	1.570330e-03	-6.524696e-02
7.000000e+00	-3.451781e-02	2.012169e-02	-3.974549e-02	-1.164380e-03	-6.593530e-02
7.050000e+00	-3.575666e-02	1.980386e-02	-3.938049e-02	-2.963532e-03	-6.485035e-02
7.100000e+00	-3.504600e-02	1.956130e-02	-3.541408e-02	-3.303185e-03	-6.776774e-02
7.150000e+00	-3.259467e-02	2.033199e-02	-3.220842e-02	-5.640279e-04	-7.016994e-02
7.200000e+00	-2.880806e-02	2.228958e-02	-2.952175e-02	7.795476e-03	-6.947762e-02
7.250000e+00	-2.418056e-02	2.485919e-02	-2.612271e-02	1.651530e-02	-6.624542e-02
7.300000e+00	-1.914725e-02	2.700069e-02	-2.158719e-02	2.359828e-02	-6.433576e-02
7.350000e+00	-1.395339e-02	2.755491e-02	-1.548994e-02	3.025996e-02	-6.154810e-02
7.400000e+00	-8.600146e-03	2.564070e-02	-9.897779e-03	3.541542e-02	-5.741765e-02
7.450000e+00	-2.897867e-03	2.104939e-02	-2.023739e-03	3.518935e-02	-4.871068e-02
7.500000e+00	3.384845e-03	1.467552e-02	5.882438e-03	3.143754e-02	-3.487807e-02
7.550000e+00	1.035959e-02	9.829238e-03	1.038921e-02	3.303569e-02	-1.613509e-02
7.600000e+00	1.772967e-02	1.250408e-02	1.791900e-02	4.877793e-02	-1.114896e-02
7.650000e+00	2.490423e-02	1.896521e-02	2.696553e-02	6.078355e-02	-1.512031e-02
7.700000e+00	3.103862e-02	2.459610e-02	3.352128e-02	6.888240e-02	-1.885910e-02
7.750000e+00	3.524573e-02	2.817832e-02	3.517399e-02	7.684470e-02	-2.060766e-02
7.800000e+00	3.685069e-02	2.970534e-02	3.689289e-02	8.090052e-02	-2.070283e-02
7.850000e+00	3.559605e-02	2.968383e-02	3.806674e-02	8.739265e-02	-1.906024e-02
7.900000e+00	3.171995e-02	2.870301e-02	3.034417e-02	8.741425e-02	-1.836911e-02
7.950000e+00	2.587667e-02	2.709110e-02	2.175232e-02	8.140246e-02	-2.343090e-02
8.000000e+00	1.892892e-02	2.479622e-02	1.426151e-02	7.032597e-02	-2.701958e-02
8.050000e+00	1.172968e-02	2.154430e-02	1.049480e-02	5.938705e-02	-2.748192e-02
8.100000e+00	4.856497e-03	1.733057e-02	3.771400e-03	4.714058e-02	-2.428170e-02
8.150000e+00	-1.505118e-03	1.272402e-02	-2.170417e-03	3.319308e-02	-2.728417e-02
8.200000e+00	-7.442088e-03	9.509729e-03	-8.447770e-03	1.714392e-02	-2.783300e-02
8.250000e+00	-1.312015e-02	1.004189e-02	-1.318376e-02	1.147373e-02	-3.785545e-02
8.300000e+00	-1.856438e-02	1.298353e-02	-1.918736e-02	1.285211e-02	-4.792507e-02
8.350000e+00	-2.351339e-02	1.574407e-02	-2.546769e-02	1.424778e-02	-5.375908e-02
8.400000e+00	-2.741659e-02	1.745883e-02	-3.052751e-02	1.521096e-02	-5.613834e-02
8.450000e+00	-2.958441e-02	1.830248e-02	-3.185209e-02	1.307187e-02	-5.922176e-02
8.500000e+00	-2.943747e-02	1.880716e-02	-2.908135e-02	9.221045e-03	-6.329202e-02
8.550000e+00	-2.674751e-02	1.934672e-02	-2.465557e-02	9.175176e-03	-6.461703e-02
8.600000e+00	-2.182968e-02	2.001086e-02	-2.036351e-02	1.891226e-02	-6.164142e-02
8.650000e+00	-1.547488e-02	2.070275e-02	-1.487097e-02	2.640969e-02	-5.532187e-02
8.700000e+00	-8.761931e-03	2.124863e-02	-7.281933e-03	3.039515e-02	-5.015965e-02
8.750000e+00	-2.749354e-03	2.129793e-02	2.604950e-05	3.087607e-02	-4.335433e-02
8.800000e+00	1.832175e-03	2.029833e-02	3.879588e-03	3.223823e-02	-3.488708e-02
8.850000e+00	4.774524e-03	1.774012e-02	5.173153e-03	3.497318e-02	-2.624072e-02
8.900000e+00	6.402348e-03	1.356624e-02	8.065444e-03	3.341367e-02	-2.167419e-02
8.950000e+00	7.396869e-03	8.843120e-03	7.176936e-03	2.913305e-02	-1.425952e-02
9.000000e+00	8.501619e-03	7.689652e-03	8.407705e-03	3.127913e-02	-8.196798e-03
9.050000e+00	1.025121e-02	1.225874e-02	7.903063e-03	4.087823e-02	-1.705827e-02
9.100000e+00	1.270441e-02	1.783165e-02	1.006270e-02	4.863524e-02	-2.258208e-02
9.150000e+00	1.546822e-02	2.221387e-02	1.472229e-02	5.539688e-02	-2.416871e-02
9.200000e+00	1.783489e-02	2.478480e-02	1.713971e-02	5.904617e-02	-2.248031e-02
9.250000e+00	1.904392e-02	2.554641e-02	1.851048e-02	5.981657e-02	-1.896156e-02
9.300000e+00	1.855522e-02	2.481805e-02	1.886031e-02	5.511066e-02	-1.805123e-02
9.350000e+00	1.623315e-02	2.301535e-02	1.530825e-02	5.717210e-02	-1.892831e-02
9.400000e+00	1.238061e-02	2.049627e-02	8.784692e-03	5.874330e-02	-2.020559e-02
9.450000e+00	7.621939e-03	1.750848e-02	2.418205e-03	5.445137e-02	-2.215175e-02
9.500000e+00	2.690487e-03	1.423864e-02	-1.940317e-03	4.433713e-02	-2.224805e-02
9.550000e+00	-1.815243e-03	1.092874e-02	-4.462252e-03	3.005081e-02	-2.305947e-02
9.600000e+00	-5.508174e-03	8.255907e-03	-6.037762e-03	1.707716e-02	-2.219158e-02
9.650000e+00	-8.304435e-03	7.482807e-03	-8.446217e-03	1.068472e-02	-2.833980e-02
9.700000e+00	-1.032163e-02	9.035493e-03	-9.521715e-03	1.274833e-02	-3.549814e-02
9.750000e+00	-1.173575e-02	1.152940e-02	-1.111587e-02	1.799501e-02	-4.085764e-02
9.800000e+00	-1.264932e-02	1.378288e-02	-1.275607e-02	2.019184e-02	-4.366555e-02
9.850000e+00	-1.302924e-02	1.528699e-02	-1.377779e-02	2.077987e-02	-4.594827e-02
9.900000e+00	-1.273724e-02	1.595487e-02	-1.276212e-02	2.319424e-02	-4.599569e-02
9.950000e+00	-1.163166e-02	1.598038e-02	-1.107399e-02	2.291987e-02	-4.315837e-02
1.000000e+01	-9.687815e-03	1.569873e-02	-8.979262e-03	2.301188e-02	-3.902664e-02
1.005000e+01	-7.078853e-03	1.538845e-02	-7.445477e-03	2.271183e-02	-3.562278e-02
1.010000e+01	-4.177692e-03	1.513330e-02	-2.436203e-03	2.084651e-02	-3.253032e-02
1.015000e+01	-1.438023e-03	1.475052e-02	-4.565697e-05	2.411619e-02	-3.130927e-02
1.020000e+01	7.386136e-04	1.395731e-02	2.840586e-03	2.719702e-02	-2.871848e-02
1.025000e+01	2.134953e-03	1.256691e-02	3.479764e-03	2.796868e-02	-2.540497e-02
1.030000e+01	2.784916e-03	1.063278e-02	3.286886e-03	2.665651e-02	-2.060652e-02
1.035000e+01	2.946741e-03	8.569366e-03	2.845991e-03	2.518463e-02	-1.998013e-02
1.040000e+01	2.992344e-03	7.284757e-03	1.972184e-03	2.206948e-02	-1.739302e-02
1.045000e+01	3.257006e-03	7.762537e-03	2.552691e-03	2.362419e-02	-1.486956e-02
1.050000e+01	3.908999e-03	9.769799e-03	3.435278e-03	2.987348e-02	-1.678378e-02
1.055000e+01	4.889609e-03	1.240111e-02	4.687778e-03	3.582400e-02	-2.120875e-02
1.060000e+01	5.944688e-03	1.510494e-02	4.786061e-03	4.005146e-02	-2.379379e-02
1.065000e+01	6.731887e-03	1.756339e-02	4.190978e-03	4.219617e-02	-2.428495e-02
1.070000e+01	6.958401e-03	1.945028e-02	5.172499e-03	4.109245e-02	-2.282333e-02
1.075000e+01	6.494033e-03	2.038335e-02	2.957476e-03	3.688011e-02	-2.721038e-02
1.080000e+01	5.416817e-03	2.002957e-02	2.840503e-03	3.436654e-02	-2.967580e-02
1.085000e+01	3.977248e-03	1.826762e-02	5.527783e-03	2.964267e-02	-2.894149e-02
1.090000e+01	2.499890e-03	1.532531e-02	2.186265e-03	2.768758e-02	-2.773635e-02
1.095000e+01	1.264432e-03	1.186985e-02	8.489429e-04	2.591976e-02	-2.357121e-02
1.100000e+01	4.132929e-04	9.074156e-03	-9.063412e-05	2.286434e-02	-2.178871e-02
1.105000e+01	-8.569423e-05	8.254947e-03	-5.760080e-05	1.870210e-02	-2.548434e-02
1.110000e+01	-3.913862e-04	9.236811e-03	1.189601e-03	1.756943e-02	-2.572518e-02
1.115000e+01	-7.211592e-04	1.060086e-02	1.764334e-03	1.855864e-02	-2.351953e-02
1.120000e+01	-1.257354e-03	1.158805e-02	-1.292971e-03	2.126840e-02	-2.132176e-02
1.125000e+01	-2.079462e-03	1.216214e-02	-3.067861e-03	2.211830e-02	-2.178078e-02
1.130000e+01	-3.142630e-03	1.256343e-02	-3.861646e-03	2.664466e-02	-2.226096e-02
1.135000e+01	-4.303872e-03	1.302317e-02	-4.927502e-03	2.874721e-02	-2.694358e-02
1.140000e+01	-5.378064e-03	1.362579e-02	-5.854123e-03	2.803753e-02	-3.050581e-02
1.145000e+01	-6.196366e-03	1.425954e-02	-6.028192e-03	2.485143e-02	-3.328080e-02
1.150000e+01	-6.643251e-03	1.462820e-02	-4.795677e-03	2.751565e-02	-3.418217e-02
1.155000e+01	-6.662335e-03	1.435315e-02	-5.244007e-03	2.736754e-02	-3.298738e-02
1.160000e+01	-6.238127e-03	1.315906e-02	-2.593853e-03	2.326349e-02	-2.973157e-02
1.165000e+01	-5.372406e-03	1.108086e-02	-2.936590e-03	1.608488e-02	-2.888250e-02
1.170000e+01	-4.074597e-03	8.664872e-03	-3.766686e-03	1.570106e-02	-2.550595e-02
1.175000e+01	-2.375346e-03	7.138224e-03	-2.311383e-03	1.678420e-02	-1.932181e-02
1.180000e+01	-3.567994e-04	7.599806e-03	-4.852346e-04	2.151826e-02	-2.017749e-02
1.185000e+01	1.819718e-03	9.229806e-03	1.299576e-03	2.493264e-02	-2.155216e-02
1.190000e+01	3.910921e-03	1.069566e-02	2.596454e-03	2.733094e-02	-2.069014e-02
1.195000e+01	5.626937e-03	1.146256e-02	3.850737e-03	2.776538e-02	-1.837310e-02
1.200000e+01	6.700633e-03	1.157058e-02	4.897384e-03	2.828986e-02	-1.787358e-02
1.205000e+01	7.003917e-03	1.138665e-02	6.054440e-03	2.907580e-02	-1.664717e-02
1.210000e+01	6.493218e-03	1.126903e-02	6.580122e-03	2.730386e-02	-1.513761e-02
1.215000e+01	5.342833e-03	1.147901e-02	6.880112e-03	2.379734e-02	-1.516609e-02
1.220000e+01	3.871230e-03	1.197734e-02	4.719312e-03	2.296329e-02	-1.688138e-02
1.225000e+01	2.449444e-03	1.242674e-02	2.338082e-03	2.165987e-02	-1.820816e-02
1.230000e+01	1.389232e-03	1.237590e-02	-4.927225e-05	2.190939e-02	-2.092034e-02
1.235000e+01	8.497916e-04	1.148704e-02	-6.361679e-04	2.210085e-02	-2.128559e-02
1.240000e+01	7.958270e-04	9.725345e-03	-1.155389e-04	2.082866e-02	-1.897265e-02
1.245000e+01	1.021106e-03	7.554431e-03	1.403641e-03	1.786184e-02	-1.424941e-02
1.250000e+01	1.227844e-03	6.236821e-03	1.040397e-03	1.525381e-02	-1.415321e-02
1.255000e+01	1.132476e-03	7.125214e-03	8.215233e-04	1.993533e-02	-1.664598e-02
1.260000e+01	5.602011e-04	9.394646e-03	1.118167e-03	2.258654e-02	-1.787556e-02
1.265000e+01	-5.032092e-04	1.164688e-02	-8.432873e-04	2.261379e-02	-1.997089e-02
1.270000e+01	-1.916366e-03	1.326070e-02	-1.730998e-03	2.023143e-02	-2.560132e-02
1.275000e+01	-3.436507e-03	1.409413e-02	-3.171928e-03	1.694325e-02	-2.850882e-02
1.280000e+01	-4.798528e-03	1.423285e-02	-4.866860e-03	1.787302e-02	-2.864737e-02
1.285000e+01	-5.788090e-03	1.382848e-02	-6.081226e-03	1.793627e-02	-2.681556e-02
1.290000e+01	-6.284283e-03	1.298000e-02	-6.881422e-03	1.669551e-02	-2.729761e-02
1.295000e+01	-6.262581e-03	1.168948e-02	-6.238831e-03	1.508734e-02	-2.582042e-02
1.300000e+01	-5.766011e-03	9.920276e-03	-5.379402e-03	1.351046e-02	-2.274022e-02
1.305000e+01	-4.880272e-03	7.751942e-03	-5.528478e-03	1.012661e-02	-2.128855e-02
1.310000e+01	-3.653619e-03	5.585856e-03	-3.590318e-03	8.267381e-03	-1.867729e-02
1.315000e+01	-2.134954e-03	4.615655e-03	-2.307709e-03	1.236022e-02	-1.468834e-02
1.320000e+01	-3.809542e-04	5.793311e-03	-1.094557e-03	1.683928e-02	-1.260099e-02
1.325000e+01	1.512673e-03	7.883426e-03	-1.570681e-04	2.248788e-02	-1.420642e-02
1.330000e+01	3.389702e-03	9.775055e-03	2.050867e-03	2.715180e-02	-1.479917e-02
1.335000e+01	5.038539e-03	1.109719e-02	4.946919e-03	2.861686e-02	-1.481037e-02
1.340000e+01	6.228893e-03	1.182777e-02	6.710228e-03	2.712837e-02	-1.404027e-02
1.345000e+01	6.770243e-03	1.209853e-02	7.205299e-03	2.602519e-02	-1.320230e-02
1.350000e+01	6.571453e-03	1.206212e-02	6.052016e-03	2.661847e-02	-1.312095e-02
1.355000e+01	5.678363e-03	1.179483e-02	4.522605e-03	2.768055e-02	-1.412837e-02
1.360000e+01	4.273031e-03	1.125807e-02	3.246357e-03	2.616049e-02	-1.424913e-02
1.365000e+01	2.631764e-03	1.033066e-02	7.388572e-04	2.212966e-02	-1.533588e-02
1.370000e+01	1.053902e-03	8.904487e-03	3.403216e-04	1.940784e-02	-1.565379e-02
1.375000e+01	-2.160831e-04	7.041633e-03	-1.612378e-04	1.645318e-02	-1.474156e-02
1.380000e+01	-1.048124e-03	5.268454e-03	-1.324329e-03	1.210659e-02	-1.329750e-02
1.385000e+01	-1.449002e-03	4.935131e-03	-1.557805e-03	1.133144e-02	-1.520069e-02
1.390000e+01	-1.541780e-03	6.563168e-03	-1.244118e-03	1.385490e-02	-1.716586e-02
1.395000e+01	-1.510919e-03	8.745212e-03	-1.829699e-03	1.665513e-02	-1.738465e-02
1.400000e+01	-1.533021e-03	1.044669e-02	-1.117344e-03	1.829404e-02	-1.966262e-02
1.405000e+01	-1.734503e-03	1.129595e-02	-8.181005e-04	1.876689e-02	-2.095979e-02
1.410000e+01	-2.097873e-03	1.120043e-02	-1.563370e-04	1.691907e-02	-2.265054e-02
1.415000e+01	-2.540842e-03	1.038372e-02	-1.320927e-03	1.337644e-02	-2.256400e-02
1.420000e+01	-2.934538e-03	9.236949e-03	-2.822343e-03	1.271289e-02	-2.065928e-02
1.425000e+01	-3.153705e-03	8.154051e-03	-2.832222e-03	1.288611e-02	-1.712718e-02
1.430000e+01	-3.119131e-03	7.320645e-03	-2.554494e-03	1.193729e-02	-1.729778e-02
1.435000e+01	-2.818497e-03	6.615103e-03	-2.238718e-03	1.170242e-02	-1.671619e-02
1.440000e+01	-2.301336e-03	5.788925e-03	-2.103611e-03	1.108359e-02	-1.551079e-02
1.445000e+01	-1.653573e-03	4.787959e-03	-1.862815e-03	1.038683e-02	-1.462471e-02
1.450000e+01	-9.636342e-04	4.043807e-03	-1.205989e-03	9.982067e-03	-1.274534e-02
1.455000e+01	-2.934818e-04	4.377375e-03	-1.834970e-04	1.206645e-02	-9.733297e-03
1.460000e+01	3.355745e-04	5.745043e-03	-1.208956e-04	1.542506e-02	-1.043738e-02
1.465000e+01	9.388536e-04	7.318726e-03	5.144163e-04	1.826781e-02	-1.207101e-02
1.470000e+01	1.549325e-03	8.530279e-03	5.825654e-04	1.991527e-02	-1.295026e-02
1.475000e+01	2.191621e-03	9.146710e-03	9.663344e-04	2.069633e-02	-1.359608e-02
1.480000e+01	2.858533e-03	9.162838e-03	2.615079e-03	2.000795e-02	-1.414248e-02
1.485000e+01	3.497964e-03	8.712209e-03	4.016726e-03	1.835803e-02	-1.340064e-02
1.490000e+01	4.014772e-03	7.981130e-03	4.675336e-03	1.810053e-02	-1.155466e-02
1.495000e+01	4.287651e-03	7.143919e-03	3.619466e-03	2.006549e-02	-8.881147e-03
1.500000e+01	4.197389e-03	6.329021e-03	3.178542e-03	2.001371e-02	-7.615957e-03
1.505000e+01	3.659823e-03	5.600392e-03	2.983528e-03	1.757895e-02	-6.716237e-03
1.510000e+01	2.660808e-03	4.971475e-03	1.860851e-03	1.471082e-02	-9.430920e-03
1.515000e+01	1.265952e-03	4.492127e-03	1.275438e-03	1.431422e-02	-1.022777e-02
1.520000e+01	-3.778740e-04	4.410315e-03	-8.286801e-04	1.209589e-02	-1.087166e-02
1.525000e+01	-2.059228e-03	5.048924e-03	-1.974302e-03	9.242218e-03	-1.405472e-02
1.530000e+01	-3.535617e-03	6.299579e-03	-2.498494e-03	1.151385e-02	-1.707618e-02
1.535000e+01	-4.578838e-03	7.663950e-03	-3.997986e-03	1.301484e-02	-1.865394e-02
1.540000e+01	-5.023147e-03	8.655592e-03	-3.644176e-03	1.329164e-02	-2.083174e-02
1.545000e+01	-4.804666e-03	8.974389e-03	-3.175871e-03	1.213659e-02	-2.096761e-02
1.550000e+01	-3.980644e-03	8.552113e-03	-2.512190e-03	1.087219e-02	-1.936938e-02
1.555000e+01	-2.721102e-03	7.541571e-03	-2.346337e-03	1.292445e-02	-1.803276e-02
1.560000e+01	-1.272418e-03	6.253227e-03	-1.057385e-03	1.354329e-02	-1.632522e-02
1.565000e+01	9.915969e-05	5.048215e-03	-1.630745e-04	1.256155e-02	-1.308980e-02
1.570000e+01	1.169249e-03	4.196208e-03	1.306445e-03	1.087056e-02	-8.898312e-03
1.575000e+01	1.804885e-03	3.742255e-03	2.047681e-03	9.886107e-03	-6.414617e-03
1.580000e+01	1.987531e-03	3.541031e-03	2.089731e-03	9.623035e-03	-6.591886e-03
1.585000e+01	1.803423e-03	3.463593e-03	1.904341e-03	8.985216e-03	-6.331001e-03
1.590000e+01	1.405673e-03	3.509280e-03	1.465980e-03	9.522074e-03	-6.380232e-03
1.595000e+01	9.617563e-04	3.744212e-03	9.351417e-04	9.256391e-03	-7.363299e-03
1.600000e+01	6.043227e-04	4.168815e-03	6.207162e-04	1.076567e-02	-7.669808e-03
1.605000e+01	4.200467e-04	4.680663e-03	3.856040e-04	1.153410e-02	-8.924606e-03
1.610000e+01	3.894825e-04	5.066176e-03	3.696613e-04	1.306644e-02	-9.864549e-03
1.615000e+01	4.540034e-04	5.182590e-03	5.924113e-04	1.534026e-02	-9.487135e-03
1.620000e+01	5.419999e-04	5.001111e-03	5.318442e-04	1.549891e-02	-8.741502e-03
1.625000e+01	6.018665e-04	4.619895e-03	4.413691e-04	1.361329e-02	-8.028142e-03
1.630000e+01	6.188441e-04	4.212606e-03	1.778714e-04	1.033051e-02	-7.367140e-03
1.635000e+01	6.103891e-04	3.912908e-03	2.463689e-04	1.037449e-02	-7.930194e-03
1.640000e+01	6.045093e-04	3.717923e-03	3.174961e-04	9.729431e-03	-7.767055e-03
1.645000e+01	6.130568e-04	3.541167e-03	4.286412e-04	9.594421e-03	-7.034126e-03
1.650000e+01	6.140991e-04	3.365651e-03	7.820441e-04	8.565317e-03	-7.902456e-03
1.655000e+01	5.532897e-04	3.328084e-03	5.586107e-04	7.893487e-03	-8.075705e-03
1.660000e+01	3.653867e-04	3.625127e-03	2.848410e-04	8.685397e-03	-8.317602e-03
1.665000e+01	7.502097e-06	4.278824e-03	6.864098e-05	1.058189e-02	-1.028821e-02
1.670000e+01	-5.105350e-04	5.091399e-03	5.257340e-04	1.185340e-02	-1.191068e-02
1.675000e+01	-1.113311e-03	5.805921e-03	-4.032816e-05	1.099650e-02	-1.404078e-02
1.680000e+01	-1.672626e-03	6.211150e-03	-5.854325e-04	8.425118e-03	-1.517187e-02
1.685000e+01	-2.043770e-03	6.182873e-03	-9.680086e-04	8.092783e-03	-1.655463e-02
1.690000e+01	-2.113074e-03	5.710830e-03	-2.174433e-03	7.752364e-03	-1.611570e-02
1.695000e+01	-1.839078e-03	4.914780e-03	-1.990866e-03	7.705360e-03	-1.332381e-02
1.700000e+01	-1.271210e-03	4.043117e-03	-1.094647e-03	8.343356e-03	-1.230690e-02
1.705000e+01	-5.372478e-04	3.422971e-03	-4.373090e-04	8.263385e-03	-1.124267e-02
1.710000e+01	1.848917e-04	3.269435e-03	2.846131e-04	7.994372e-03	-8.972622e-03
1.715000e+01	7.411308e-04	3.456443e-03	5.081064e-04	8.723682e-03	-8.431925e-03
1.720000e+01	1.039336e-03	3.684089e-03	5.411944e-04	1.048306e-02	-7.495994e-03
1.725000e+01	1.071960e-03	3.771497e-03	3.740320e-04	1.135667e-02	-6.859271e-03
1.730000e+01	9.082934e-04	3.690073e-03	-2.445552e-05	1.045406e-02	-7.239425e-03
1.735000e+01	6.608244e-04	3.507010e-03	-6.013777e-05	1.067867e-02	-6.942765e-03
1.740000e+01	4.397931e-04	3.327549e-03	-1.125159e-04	1.006686e-02	-6.081254e-03
1.745000e+01	3.138687e-04	3.225376e-03	2.454114e-04	8.946890e-03	-6.540292e-03
1.750000e+01	2.915179e-04	3.183713e-03	1.631348e-04	8.534513e-03	-6.696196e-03
1.755000e+01	3.286917e-04	3.114536e-03	1.602462e-04	8.887386e-03	-7.325906e-03
1.760000e+01	3.576417e-04	2.945144e-03	2.257582e-04	8.474225e-03	-8.300043e-03
1.765000e+01	3.233923e-04	2.689657e-03	1.703492e-04	6.705223e-03	-8.318500e-03
1.770000e+01	2.118863e-04	2.459758e-03	3.150660e-05	5.535294e-03	-7.239064e-03
1.775000e+01	5.791977e-05	2.383900e-03	-2.023120e-04	6.186598e-03	-6.453607e-03
1.780000e+01	-7.018366e-05	2.462922e-03	-3.033175e-04	6.513539e-03	-6.026692e-03
1.785000e+01	-1.023367e-04	2.565796e-03	-2.201419e-04	7.059739e-03	-6.017483e-03
1.790000e+01	-1.198499e-06	2.582345e-03	-4.322740e-05	7.140117e-03	-6.030859e-03
1.795000e+01	2.154189e-04	2.519495e-03	1.367560e-04	6.524174e-03	-5.926261e-03
1.800000e+01	4.741942e-04	2.493149e-03	5.599558e-04	6.615507e-03	-6.707703e-03
1.805000e+01	6.679254e-04	2.627364e-03	9.840189e-04	6.294993e-03	-7.723779e-03
1.810000e+01	6.956211e-04	2.899268e-03	1.251426e-03	6.675639e-03	-8.466734e-03
1.815000e+01	4.994698e-04	3.166968e-03	1.105248e-03	8.403532e-03	-8.876213e-03
1.820000e+01	9.036079e-05	3.295810e-03	6.039527e-04	8.847126e-03	-8.844023e-03
1.825000e+01	-4.507988e-04	3.234228e-03	-2.625321e-04	8.068274e-03	-9.360359e-03
1.830000e+01	-9.962901e-04	3.027176e-03	-1.002255e-03	6.551280e-03	-9.203548e-03
1.835000e+01	-1.411014e-03	2.790836e-03	-1.620639e-03	6.178098e-03	-9.287804e-03
1.840000e+01	-1.594101e-03	2.642298e-03	-1.814229e-03	5.145161e-03	-8.105355e-03
1.845000e+01	-1.508305e-03	2.608145e-03	-1.689281e-03	5.444074e-03	-9.147150e-03
1.850000e+01	-1.187759e-03	2.617525e-03	-1.116749e-03	7.170399e-03	-1.032708e-02
1.855000e+01	-7.227670e-04	2.597734e-03	-5.701866e-04	7.585549e-03	-9.865562e-03
1.860000e+01	-2.283983e-04	2.545436e-03	-2.433013e-04	7.060975e-03	-7.993196e-03
1.865000e+01	1.913012e-04	2.515943e-03	1.126774e-04	7.467388e-03	-7.377490e-03
1.870000e+01	4.712759e-04	2.557658e-03	2.802112e-04	8.353690e-03	-6.784157e-03
1.875000e+01	5.973909e-04	2.656522e-03	6.067881e-04	7.986781e-03	-5.611762e-03
1.880000e+01	6.006030e-04	2.751051e-03	6.414049e-04	7.906501e-03	-5.712138e-03
1.885000e+01	5.379817e-04	2.787469e-03	5.069738e-04	8.984815e-03	-5.570024e-03
1.890000e+01	4.690571e-04	2.752677e-03	1.912988e-04	8.838574e-03	-5.152876e-03
1.895000e+01	4.362385e-04	2.674332e-03	2.257518e-04	8.533598e-03	-4.730351e-03
1.900000e+01	4.551181e-04	2.600831e-03	2.668175e-04	8.346904e-03	-5.571276e-03
1.905000e+01	5.189815e-04	2.576102e-03	5.057696e-04	8.237846e-03	-6.257813e-03
1.910000e+01	5.992110e-04	2.598778e-03	5.426587e-04	8.581884e-03	-6.210982e-03
1.915000e+01	6.648390e-04	2.634916e-03	4.043206e-04	8.281547e-03	-5.605539e-03
1.920000e+01	6.919268e-04	2.638061e-03	5.382857e-04	7.645311e-03	-5.671248e-03
1.925000e+01	6.685691e-04	2.577163e-03	5.701081e-04	6.545080e-03	-6.170881e-03
1.930000e+01	5.938975e-04	2.454831e-03	7.702175e-04	6.050940e-03	-6.808980e-03
1.935000e+01	4.733778e-04	2.315385e-03	7.981419e-04	5.155207e-03	-6.597605e-03
1.940000e+01	3.137813e-04	2.236363e-03	4.674524e-04	4.861643e-03	-6.480503e-03
1.945000e+01	1.205752e-04	2.284370e-03	3.042148e-04	4.702691e-03	-6.835817e-03
1.950000e+01	-1.013144e-04	2.452274e-03	2.397169e-04	4.940490e-03	-6.292339e-03
1.955000e+01	-3.443791e-04	2.657090e-03	2.107752e-04	4.657045e-03	-6.477462e-03
1.960000e+01	-5.952714e-04	2.801126e-03	1.785515e-05	4.833796e-03	-8.432185e-03
1.965000e+01	-8.336319e-04	2.822048e-03	-3.379628e-04	5.172384e-03	-9.568040e-03
1.970000e+01	-1.034123e-03	2.710555e-03	-6.749920e-04	5.469153e-03	-9.589797e-03
1.975000e+01	-1.171214e-03	2.507084e-03	-9.660629e-04	5.302599e-03	-8.626329e-03
1.980000e+01	-1.224984e-03	2.283883e-03	-1.201376e-03	4.809700e-03	-7.388419e-03
1.985000e+01	-1.185758e-03	2.116054e-03	-1.226757e-03	4.299988e-03	-6.645598e-03
1.990000e+01	-1.055937e-03	2.050991e-03	-1.000653e-03	4.802589e-03	-6.852360e-03
1.995000e+01	-8.485773e-04	2.093631e-03	-8.572224e-04	4.442477e-03	-7.473485e-03
2.000000e+01	-5.835520e-04	2.214433e-03	-5.722980e-04	5.282687e-03	-7.455333e-03
