# k	<chi>	std	chi_median	chi_max	chi_min
0.000000e+00	1.074431e-01	2.694976e-01	0.000000e+00	7.858960e-01	-5.328791e-01
5.000000e-02	1.883848e-01	3.448074e-01	3.319476e-01	7.647539e-01	-5.305511e-01
1.000000e-01	1.736937e-01	3.351382e-01	3.095089e-01	7.432420e-01	-5.223567e-01
1.500000e-01	1.290310e-01	3.071312e-01	2.466983e-01	6.846150e-01	-5.000086e-01
2.000000e-01	8.322916e-02	2.797900e-01	1.833783e-01	6.294495e-01	-4.785032e-01
2.500000e-01	6.229695e-03	2.376697e-01	8.083277e-02	5.337810e-01	-4.469863e-01
3.000000e-01	-7.342675e-02	1.992383e-01	-2.503707e-02	4.319415e-01	-4.511247e-01
3.500000e-01	-1.833323e-01	1.552269e-01	-1.721797e-01	2.858916e-01	-4.992246e-01
4.000000e-01	-2.937093e-01	1.246095e-01	-2.948226e-01	1.322815e-01	-6.073857e-01
4.500000e-01	-4.273987e-01	1.143425e-01	-4.048953e-01	-6.276814e-02	-7.327439e-01
5.000000e-01	-5.531889e-01	1.327127e-01	-5.338922e-01	-2.583914e-01	-8.718530e-01
5.500000e-01	-6.858188e-01	1.711757e-01	-7.097069e-01	-2.622053e-01	-1.024558e+00
6.000000e-01	-7.961044e-01	2.104757e-01	-8.540214e-01	-2.698443e-01	-1.160825e+00
6.500000e-01	-8.886963e-01	2.495585e-01	-9.816665e-01	-2.813001e-01	-1.263380e+00
7.000000e-01	-9.425777e-01	2.764688e-01	-1.061463e+00	-2.950443e-01	-1.306048e+00
7.500000e-01	-9.546284e-01	2.925116e-01	-1.094070e+00	-2.908200e-01	-1.301997e+00
8.000000e-01	-9.188697e-01	2.918994e-01	-1.059469e+00	-2.803732e-01	-1.252450e+00
8.500000e-01	-8.308260e-01	2.752855e-01	-9.644097e-01	-2.589595e-01	-1.161119e+00
9.000000e-01	-7.035645e-01	2.441833e-01	-8.177516e-01	-2.182699e-01	-1.033828e+00
9.500000e-01	-5.383294e-01	2.002607e-01	-6.272961e-01	-1.350917e-01	-8.593245e-01
1.000000e+00	-3.634113e-01	1.514810e-01	-4.191300e-01	-5.083097e-02	-6.468467e-01
1.050000e+00	-1.871552e-01	1.017917e-01	-2.122105e-01	2.841236e-02	-4.094399e-01
1.100000e+00	-4.036086e-02	6.395869e-02	-4.042338e-02	9.360292e-02	-1.901724e-01
1.150000e+00	6.797436e-02	4.777020e-02	6.595414e-02	2.049291e-01	-8.505809e-02
1.200000e+00	1.216917e-01	5.081074e-02	1.201568e-01	2.497475e-01	-5.589118e-02
1.250000e+00	1.215728e-01	5.363096e-02	1.265465e-01	2.360305e-01	-5.301547e-02
1.300000e+00	7.586026e-02	4.904689e-02	7.915218e-02	1.886368e-01	-7.473832e-02
1.350000e+00	-7.966467e-04	4.078975e-02	1.729458e-03	1.085966e-01	-1.164898e-01
1.400000e+00	-8.298437e-02	3.750203e-02	-8.283020e-02	4.893610e-02	-2.055756e-01
1.450000e+00	-1.508754e-01	4.221780e-02	-1.545524e-01	1.716545e-02	-2.635086e-01
1.500000e+00	-1.833440e-01	4.645653e-02	-1.940724e-01	-1.463529e-02	-2.696464e-01
1.550000e+00	-1.715053e-01	4.431865e-02	-1.826502e-01	-1.741451e-02	-2.551000e-01
1.600000e+00	-1.169225e-01	3.511283e-02	-1.200818e-01	2.548625e-05	-2.070820e-01
1.650000e+00	-2.946726e-02	2.857630e-02	-2.979736e-02	5.708817e-02	-1.083912e-01
1.700000e+00	6.823718e-02	3.934560e-02	7.127319e-02	1.670428e-01	-4.225148e-02
1.750000e+00	1.585144e-01	5.897189e-02	1.772219e-01	2.553019e-01	-9.165351e-03
1.800000e+00	2.186477e-01	7.401716e-02	2.501307e-01	3.134327e-01	1.493296e-02
1.850000e+00	2.424657e-01	8.015119e-02	2.807078e-01	3.284057e-01	3.601948e-02
1.900000e+00	2.261686e-01	7.493965e-02	2.640870e-01	3.003777e-01	4.939478e-02
1.950000e+00	1.816974e-01	6.065025e-02	2.118142e-01	2.497355e-01	3.898685e-02
2.000000e+00	1.218923e-01	4.112882e-02	1.406379e-01	1.765344e-01	2.239644e-02
2.050000e+00	6.355449e-02	2.073123e-02	6.918778e-02	1.029650e-01	6.445108e-03
2.100000e+00	1.979823e-02	1.029489e-02	2.006513e-02	5.269404e-02	-1.386278e-02
2.150000e+00	-3.202574e-03	1.340040e-02	-5.819920e-03	4.598235e-02	-3.489338e-02
2.200000e+00	-7.922566e-03	1.460294e-02	-1.260506e-02	4.132451e-02	-3.371045e-02
2.250000e+00	-4.155658e-03	1.299215e-02	-8.127021e-03	3.802731e-02	-3.012565e-02
2.300000e+00	-1.151374e-03	9.917241e-03	-3.247494e-03	3.441481e-02	-2.347272e-02
2.350000e+00	-3.284828e-03	7.477220e-03	-4.455249e-03	2.393404e-02	-2.119170e-02
2.400000e+00	-1.082689e-02	6.220132e-03	-1.174195e-02	9.944225e-03	-2.709277e-02
2.450000e+00	-1.625621e-02	5.276360e-03	-1.657369e-02	3.065958e-04	-3.093046e-02
2.500000e+00	-2.187457e-02	4.636524e-03	-2.199062e-02	-8.045080e-03	-3.429726e-02
2.550000e+00	-2.622129e-02	4.321599e-03	-2.642111e-02	-1.353030e-02	-3.836369e-02
2.600000e+00	-2.798549e-02	4.410596e-03	-2.838807e-02	-1.407150e-02	-3.961851e-02
2.650000e+00	-2.859269e-02	4.849545e-03	-2.941140e-02	-1.356243e-02	-4.069719e-02
2.700000e+00	-2.720847e-02	5.321233e-03	-2.860703e-02	-1.241162e-02	-3.937261e-02
2.750000e+00	-2.396085e-02	5.635076e-03	-2.578413e-02	-7.933647e-03	-3.591142e-02
2.800000e+00	-1.935235e-02	5.732080e-03	-2.108554e-02	-2.486225e-03	-3.095944e-02
2.850000e+00	-1.529536e-02	5.705611e-03	-1.703741e-02	2.082284e-03	-2.589267e-02
2.900000e+00	-1.093963e-02	5.229425e-03	-1.227024e-02	5.320651e-03	-2.183144e-02
2.950000e+00	-6.717421e-03	4.602164e-03	-7.218019e-03	7.110912e-03	-2.448522e-02
3.000000e+00	-2.852733e-03	4.321868e-03	-2.814261e-03	7.695734e-03	-2.715924e-02
3.050000e+00	9.064744e-04	4.854844e-03	1.171309e-03	1.195835e-02	-2.938746e-02
3.100000e+00	4.285360e-03	6.042413e-03	5.301491e-03	1.535182e-02	-3.003022e-02
3.150000e+00	7.445349e-03	6.894862e-03	9.370584e-03	1.768587e-02	-2.815646e-02
3.200000e+00	1.056382e-02	6.748806e-03	1.272996e-02	1.973824e-02	-2.314438e-02
3.250000e+00	1.338834e-02	5.391514e-03	1.489487e-02	2.078791e-02	-1.503408e-02
3.300000e+00	1.616481e-02	3.305081e-03	1.662595e-02	2.616498e-02	-3.742371e-03
3.350000e+00	1.884259e-02	4.235984e-03	1.757244e-02	3.471474e-02	9.999052e-03
3.400000e+00	2.121905e-02	8.389518e-03	1.726230e-02	4.271133e-02	1.175715e-02
3.450000e+00	2.294126e-02	1.286637e-02	1.655114e-02	5.012466e-02	1.058961e-02
3.500000e+00	2.387595e-02	1.634180e-02	1.570998e-02	5.900576e-02	7.725972e-03
3.550000e+00	2.379300e-02	1.815754e-02	1.487288e-02	6.611462e-02	4.890082e-03
3.600000e+00	2.259790e-02	1.806691e-02	1.441613e-02	7.061063e-02	2.387792e-03
3.650000e+00	2.033672e-02	1.607339e-02	1.407498e-02	7.232492e-02	-7.203878e-04
3.700000e+00	1.707293e-02	1.294402e-02	1.343987e-02	6.906292e-02	-4.125518e-03
3.750000e+00	1.300887e-02	9.890500e-03	1.118186e-02	6.133425e-02	-6.694321e-03
3.800000e+00	8.322362e-03	8.425237e-03	7.605916e-03	5.007528e-02	-1.778763e-02
3.850000e+00	3.025318e-03	9.064557e-03	3.621364e-03	3.597557e-02	-3.049470e-02
3.900000e+00	-2.875719e-03	1.038871e-02	-5.266194e-04	2.062259e-02	-4.006226e-02
3.950000e+00	-9.253050e-03	1.115875e-02	-5.324499e-03	6.815177e-03	-4.593411e-02
4.000000e+00	-1.580754e-02	1.111412e-02	-1.096154e-02	-2.935819e-03	-4.828465e-02
4.050000e+00	-2.234283e-02	1.043209e-02	-1.773575e-02	-1.043902e-02	-4.808949e-02
4.100000e+00	-2.803205e-02	9.403295e-03	-2.449777e-02	-1.357964e-02	-5.074524e-02
4.150000e+00	-3.198235e-02	8.370443e-03	-2.927728e-02	-1.664487e-02	-5.461338e-02
4.200000e+00	-3.340050e-02	7.558650e-03	-3.104754e-02	-1.845621e-02	-5.670133e-02
4.250000e+00	-3.245156e-02	7.011676e-03	-2.999931e-02	-1.958672e-02	-5.587382e-02
4.300000e+00	-2.865375e-02	7.034679e-03	-2.594291e-02	-1.881278e-02	-5.160883e-02
4.350000e+00	-2.250520e-02	7.532520e-03	-1.992505e-02	-1.189484e-02	-4.854644e-02
4.400000e+00	-1.491358e-02	8.137543e-03	-1.227765e-02	-3.384985e-03	-4.469101e-02
4.450000e+00	-7.274928e-03	8.522111e-03	-4.654372e-03	4.983544e-03	-3.877539e-02
4.500000e+00	2.046315e-05	8.629100e-03	2.598342e-03	1.362476e-02	-3.110667e-02
4.550000e+00	6.522154e-03	8.555323e-03	8.478958e-03	2.210670e-02	-2.508625e-02
4.600000e+00	1.222296e-02	8.529117e-03	1.326144e-02	3.011879e-02	-1.895945e-02
4.650000e+00	1.738610e-02	8.711951e-03	1.798469e-02	3.768892e-02	-1.308334e-02
4.700000e+00	2.256354e-02	8.972348e-03	2.343726e-02	4.467644e-02	-8.650106e-03
4.750000e+00	2.786684e-02	9.128090e-03	2.893269e-02	5.069227e-02	-3.477028e-03
4.800000e+00	3.294031e-02	9.096241e-03	3.434255e-02	5.742057e-02	2.148735e-03
4.850000e+00	3.703568e-02	8.985862e-03	3.825626e-02	6.238783e-02	7.781227e-03
4.900000e+00	3.906234e-02	9.111038e-03	3.892699e-02	6.389649e-02	1.252178e-02
4.950000e+00	3.806372e-02	9.790621e-03	3.597953e-02	6.394711e-02	1.298379e-02
5.000000e+00	3.359184e-02	1.111107e-02	3.067743e-02	6.303955e-02	1.090691e-02
5.050000e+00	2.593198e-02	1.284404e-02	2.261116e-02	5.797395e-02	-1.066034e-03
5.100000e+00	1.624687e-02	1.460368e-02	1.311133e-02	5.289219e-02	-1.503397e-02
5.150000e+00	6.125946e-03	1.604225e-02	3.252110e-03	4.836931e-02	-2.805995e-02
5.200000e+00	-2.826984e-03	1.694319e-02	-4.554115e-03	4.229393e-02	-3.908512e-02
5.250000e+00	-9.553691e-03	1.716239e-02	-1.139127e-02	3.883215e-02	-4.479162e-02
5.300000e+00	-1.369082e-02	1.677128e-02	-1.641824e-02	3.900383e-02	-4.528746e-02
5.350000e+00	-1.587272e-02	1.583091e-02	-1.874982e-02	3.906633e-02	-4.760401e-02
5.400000e+00	-1.737090e-02	1.441567e-02	-2.030936e-02	4.219281e-02	-5.148072e-02
5.450000e+00	-1.942596e-02	1.266673e-02	-2.157204e-02	4.055023e-02	-5.785398e-02
5.500000e+00	-2.304699e-02	1.118982e-02	-2.381516e-02	3.325834e-02	-6.234856e-02
5.550000e+00	-2.835085e-02	1.085778e-02	-2.665041e-02	2.057043e-02	-6.401847e-02
5.600000e+00	-3.450946e-02	1.211539e-02	-3.216303e-02	4.103265e-03	-6.548824e-02
5.650000e+00	-3.979769e-02	1.424559e-02	-3.662172e-02	-1.113435e-02	-8.004367e-02
5.700000e+00	-4.270266e-02	1.617305e-02	-3.946628e-02	-8.057060e-03	-9.094620e-02
5.750000e+00	-4.193043e-02	1.709988e-02	-3.875708e-02	-4.350092e-03	-9.507407e-02
5.800000e+00	-3.701209e-02	1.664393e-02	-3.386162e-02	3.239096e-04	-9.381529e-02
5.850000e+00	-2.833741e-02	1.481976e-02	-2.536578e-02	5.628776e-03	-8.466781e-02
5.900000e+00	-1.735749e-02	1.221788e-02	-1.544940e-02	1.101187e-02	-6.867531e-02
5.950000e+00	-5.683054e-03	9.922979e-03	-4.760209e-03	2.475273e-02	-4.954759e-02
6.000000e+00	5.263601e-03	9.157346e-03	5.139676e-03	3.960454e-02	-2.891038e-02
6.050000e+00	1.460980e-02	9.790778e-03	1.322071e-02	5.379065e-02	-1.036550e-02
6.100000e+00	2.211662e-02	1.051576e-02	2.014485e-02	6.275048e-02	-3.256026e-03
6.150000e+00	2.813314e-02	1.058580e-02	2.625902e-02	6.689221e-02	1.305476e-04
6.200000e+00	3.315547e-02	1.035328e-02	3.187167e-02	6.761403e-02	2.189474e-04
6.250000e+00	3.745089e-02	1.081292e-02	3.725108e-02	6.696376e-02	-2.368590e-03
6.300000e+00	4.083571e-02	1.226741e-02	4.256850e-02	6.378072e-02	-6.808120e-03
6.350000e+00	4.269809e-02	1.373793e-02	4.587910e-02	6.344260e-02	-1.627457e-02
6.400000e+00	4.224832e-02	1.405528e-02	4.584671e-02	6.224930e-02	-2.272029e-02
6.450000e+00	3.888143e-02	1.279595e-02	4.139796e-02	6.379518e-02	-2.364799e-02
6.500000e+00	3.249106e-02	1.090229e-02	3.389966e-02	6.681751e-02	-1.836015e-02
6.550000e+00	2.359927e-02	1.106566e-02	2.395725e-02	6.783925e-02	-7.928978e-03
6.600000e+00	1.321459e-02	1.463059e-02	1.214184e-02	6.562506e-02	-2.672117e-02
6.650000e+00	2.576793e-03	1.917669e-02	3.815410e-05	5.835239e-02	-4.309990e-02
6.700000e+00	-7.229828e-03	2.246735e-02	-1.130677e-02	4.837747e-02	-5.427702e-02
6.750000e+00	-1.555590e-02	2.343922e-02	-2.017521e-02	4.815305e-02	-5.831646e-02
6.800000e+00	-2.226602e-02	2.200829e-02	-2.760320e-02	4.936116e-02	-5.959430e-02
6.850000e+00	-2.759826e-02	1.898569e-02	-3.243516e-02	4.707775e-02	-6.195751e-02
6.900000e+00	-3.188160e-02	1.593777e-02	-3.532328e-02	3.804154e-02	-7.774216e-02
6.950000e+00	-3.524937e-02	1.451387e-02	-3.650758e-02	2.385060e-02	-8.582422e-02
7.000000e+00	-3.748464e-02	1.487576e-02	-3.658419e-02	7.407159e-03	-8.559775e-02
7.050000e+00	-3.805029e-02	1.561852e-02	-3.654200e-02	7.851754e-04	-8.079041e-02
7.100000e+00	-3.637259e-02	1.566697e-02	-3.492289e-02	4.188249e-03	-7.484105e-02
7.150000e+00	-3.212303e-02	1.495129e-02	-3.076343e-02	5.347741e-03	-7.387180e-02
7.200000e+00	-2.545750e-02	1.401606e-02	-2.377228e-02	7.593021e-03	-6.916036e-02
7.250000e+00	-1.706618e-02	1.336604e-02	-1.469480e-02	1.242503e-02	-6.155225e-02
7.300000e+00	-8.002079e-03	1.302341e-02	-5.091923e-03	1.579779e-02	-5.219822e-02
7.350000e+00	6.456899e-04	1.271187e-02	3.892591e-03	2.515185e-02	-4.100954e-02
7.400000e+00	8.095275e-03	1.230314e-02	1.143501e-02	3.270500e-02	-3.204100e-02
7.450000e+00	1.408181e-02	1.191323e-02	1.708108e-02	3.793671e-02	-2.444418e-02
7.500000e+00	1.883910e-02	1.169835e-02	2.086171e-02	4.846409e-02	-2.136958e-02
7.550000e+00	2.278371e-02	1.169355e-02	2.395944e-02	6.532701e-02	-1.783174e-02
7.600000e+00	2.636576e-02	1.206834e-02	2.645132e-02	7.816024e-02	-9.820633e-03
7.650000e+00	2.957714e-02	1.289073e-02	2.867355e-02	8.530748e-02	-1.735510e-03
7.700000e+00	3.191255e-02	1.393030e-02	2.962756e-02	8.626645e-02	-3.898723e-03
7.750000e+00	3.253374e-02	1.466238e-02	2.941134e-02	8.089953e-02	-3.507448e-03
7.800000e+00	3.063990e-02	1.462722e-02	2.727978e-02	7.700670e-02	-1.471098e-03
7.850000e+00	2.589070e-02	1.377398e-02	2.347702e-02	7.100437e-02	-2.788276e-03
7.900000e+00	1.869163e-02	1.253987e-02	1.710461e-02	6.048871e-02	-8.306132e-03
7.950000e+00	1.019670e-02	1.154840e-02	9.240206e-03	5.634169e-02	-1.882891e-02
8.000000e+00	1.995006e-03	1.102726e-02	9.931583e-04	4.981299e-02	-2.640327e-02
8.050000e+00	-4.390997e-03	1.063488e-02	-4.592944e-03	4.241570e-02	-3.439184e-02
8.100000e+00	-8.106335e-03	1.016387e-02	-7.814098e-03	3.466580e-02	-4.303379e-02
8.150000e+00	-9.306580e-03	9.877061e-03	-8.641801e-03	2.628028e-02	-4.714514e-02
8.200000e+00	-9.081477e-03	1.013202e-02	-8.977263e-03	1.778074e-02	-4.779826e-02
8.250000e+00	-9.037341e-03	1.069212e-02	-9.602419e-03	2.477998e-02	-4.686746e-02
8.300000e+00	-1.065173e-02	1.093255e-02	-1.144879e-02	2.644612e-02	-4.595765e-02
8.350000e+00	-1.464295e-02	1.058048e-02	-1.485234e-02	1.984869e-02	-4.781115e-02
8.400000e+00	-2.060275e-02	1.003260e-02	-2.031750e-02	8.620119e-03	-5.258315e-02
8.450000e+00	-2.704832e-02	1.000846e-02	-2.618101e-02	4.843718e-03	-5.581340e-02
8.500000e+00	-3.189228e-02	1.069056e-02	-3.122064e-02	5.852856e-04	-6.672747e-02
8.550000e+00	-3.314346e-02	1.156616e-02	-3.449373e-02	5.118775e-03	-6.867600e-02
8.600000e+00	-2.968192e-02	1.223280e-02	-3.171412e-02	1.357645e-02	-5.959438e-02
8.650000e+00	-2.169265e-02	1.277247e-02	-2.403833e-02	2.095567e-02	-5.049345e-02
8.700000e+00	-1.064090e-02	1.337095e-02	-1.239062e-02	2.744372e-02	-4.857843e-02
8.750000e+00	1.188634e-03	1.380979e-02	-5.840345e-06	5.032933e-02	-4.169561e-02
8.800000e+00	1.142866e-02	1.355078e-02	1.078443e-02	6.208117e-02	-4.006812e-02
8.850000e+00	1.837137e-02	1.231546e-02	1.776259e-02	6.037432e-02	-3.630816e-02
8.900000e+00	2.144848e-02	1.065139e-02	2.121768e-02	4.855662e-02	-2.945419e-02
8.950000e+00	2.128581e-02	1.007577e-02	2.226479e-02	4.525857e-02	-1.900193e-02
9.000000e+00	1.933241e-02	1.150593e-02	2.160616e-02	4.464562e-02	-1.500304e-02
9.050000e+00	1.723394e-02	1.369243e-02	1.921449e-02	4.480988e-02	-2.069866e-02
9.100000e+00	1.616691e-02	1.499202e-02	1.891975e-02	4.376027e-02	-2.490954e-02
9.150000e+00	1.641215e-02	1.469995e-02	1.889825e-02	4.602138e-02	-2.883404e-02
9.200000e+00	1.731734e-02	1.308410e-02	1.890200e-02	5.391784e-02	-3.049287e-02
9.250000e+00	1.764147e-02	1.128497e-02	1.821817e-02	5.828292e-02	-3.123907e-02
9.300000e+00	1.612726e-02	1.077158e-02	1.588502e-02	5.638972e-02	-2.769323e-02
9.350000e+00	1.206714e-02	1.176183e-02	1.050206e-02	5.983901e-02	-2.129631e-02
9.400000e+00	5.640594e-03	1.301857e-02	2.914586e-03	5.674877e-02	-1.765923e-02
9.450000e+00	-2.101241e-03	1.353539e-02	-5.118358e-03	4.732950e-02	-2.862922e-02
9.500000e+00	-9.586747e-03	1.308922e-02	-1.216519e-02	3.378986e-02	-4.305906e-02
9.550000e+00	-1.528190e-02	1.196738e-02	-1.717532e-02	2.098540e-02	-5.327999e-02
9.600000e+00	-1.814352e-02	1.063987e-02	-1.886536e-02	1.969778e-02	-5.596993e-02
9.650000e+00	-1.801069e-02	9.475067e-03	-1.895248e-02	1.588958e-02	-5.079033e-02
9.700000e+00	-1.557254e-02	8.695510e-03	-1.647876e-02	8.535411e-03	-3.946905e-02
9.750000e+00	-1.206169e-02	8.437769e-03	-1.250595e-02	1.037658e-02	-4.334964e-02
9.800000e+00	-8.782929e-03	8.653434e-03	-8.277613e-03	1.450535e-02	-4.315920e-02
9.850000e+00	-6.663049e-03	9.022507e-03	-5.551339e-03	1.623216e-02	-3.907399e-02
9.900000e+00	-5.985312e-03	9.201658e-03	-4.566779e-03	1.532420e-02	-3.601580e-02
9.950000e+00	-6.387874e-03	9.146790e-03	-5.368309e-03	1.300243e-02	-3.766220e-02
1.000000e+01	-7.098116e-03	9.146726e-03	-6.589799e-03	1.456704e-02	-3.728252e-02
1.005000e+01	-7.281253e-03	9.467451e-03	-6.945421e-03	1.816450e-02	-3.503776e-02
1.010000e+01	-6.382424e-03	9.930664e-03	-6.395487e-03	2.059396e-02	-3.392588e-02
1.015000e+01	-4.291226e-03	1.009417e-02	-4.840141e-03	2.379456e-02	-3.091102e-02
1.020000e+01	-1.316924e-03	9.697675e-03	-2.413137e-03	2.438737e-02	-2.672712e-02
1.025000e+01	2.000947e-03	8.877763e-03	8.244801e-04	2.360175e-02	-2.096572e-02
1.030000e+01	5.141023e-03	8.096125e-03	4.938184e-03	2.450611e-02	-2.148147e-02
1.035000e+01	7.791955e-03	7.865549e-03	8.079454e-03	3.032638e-02	-2.432074e-02
1.040000e+01	9.909245e-03	8.427344e-03	1.021884e-02	3.243517e-02	-2.252317e-02
1.045000e+01	1.162682e-02	9.670514e-03	1.267292e-02	3.312235e-02	-1.909362e-02
1.050000e+01	1.308088e-02	1.123610e-02	1.457957e-02	4.326233e-02	-2.069933e-02
1.055000e+01	1.424148e-02	1.258532e-02	1.590903e-02	5.154382e-02	-2.123580e-02
1.060000e+01	1.484084e-02	1.314652e-02	1.612109e-02	5.408297e-02	-2.115438e-02
1.065000e+01	1.444030e-02	1.257834e-02	1.504735e-02	5.112560e-02	-1.758929e-02
1.070000e+01	1.261347e-02	1.103699e-02	1.289327e-02	4.466861e-02	-1.389932e-02
1.075000e+01	9.168041e-03	9.344973e-03	8.503552e-03	3.343510e-02	-1.299633e-02
1.080000e+01	4.308380e-03	8.705133e-03	3.831150e-03	3.348890e-02	-1.646229e-02
1.085000e+01	-1.337889e-03	9.345208e-03	-2.324260e-03	3.066415e-02	-2.342413e-02
1.090000e+01	-6.852142e-03	1.013430e-02	-8.854747e-03	2.461170e-02	-2.973793e-02
1.095000e+01	-1.127479e-02	1.012452e-02	-1.334397e-02	1.797196e-02	-3.830643e-02
1.100000e+01	-1.388466e-02	9.189312e-03	-1.515681e-02	1.432109e-02	-4.119557e-02
1.105000e+01	-1.443390e-02	7.907877e-03	-1.482558e-02	9.776233e-03	-3.903752e-02
1.110000e+01	-1.311947e-02	7.146033e-03	-1.330026e-02	9.651877e-03	-3.264017e-02
1.115000e+01	-1.059038e-02	7.299717e-03	-1.085010e-02	1.224154e-02	-3.329319e-02
1.120000e+01	-7.683645e-03	7.855499e-03	-8.041341e-03	1.537830e-02	-3.253248e-02
1.125000e+01	-5.151720e-03	8.202821e-03	-4.995176e-03	1.920840e-02	-2.813148e-02
1.130000e+01	-3.443757e-03	8.152702e-03	-3.528525e-03	2.385239e-02	-2.581644e-02
1.135000e+01	-2.611341e-03	7.820793e-03	-2.553197e-03	2.482109e-02	-2.282708e-02
1.140000e+01	-2.359513e-03	7.396673e-03	-1.938772e-03	2.612992e-02	-2.442378e-02
1.145000e+01	-2.209999e-03	6.987171e-03	-1.926048e-03	2.892024e-02	-2.272005e-02
1.150000e+01	-1.706678e-03	6.594017e-03	-1.709959e-03	2.600890e-02	-1.875615e-02
1.155000e+01	-5.855320e-04	6.208935e-03	-5.302206e-04	1.836494e-02	-1.839917e-02
1.160000e+01	1.146866e-03	5.922751e-03	1.432222e-03	1.555772e-02	-1.521229e-02
1.165000e+01	3.242323e-03	5.912871e-03	3.385574e-03	1.896891e-02	-1.555889e-02
1.170000e+01	5.322124e-03	6.245664e-03	5.326445e-03	2.461723e-02	-1.732384e-02
1.175000e+01	7.018151e-03	6.732933e-03	7.435284e-03	2.783455e-02	-1.749270e-02
1.180000e+01	8.088083e-03	7.095135e-03	8.308290e-03	3.108725e-02	-1.668764e-02
1.185000e+01	8.466485e-03	7.206978e-03	8.321046e-03	3.388419e-02	-1.351984e-02
1.190000e+01	8.243443e-03	7.174134e-03	7.908578e-03	3.341304e-02	-1.076771e-02
1.195000e+01	7.591249e-03	7.186767e-03	7.029902e-03	3.009848e-02	-1.386337e-02
1.200000e+01	6.676502e-03	7.257198e-03	6.172548e-03	2.555234e-02	-1.540105e-02
1.205000e+01	5.597950e-03	7.182411e-03	4.993017e-03	2.437781e-02	-1.554185e-02
1.210000e+01	4.361459e-03	6.736481e-03	3.815779e-03	2.383759e-02	-1.422055e-02
1.215000e+01	2.906119e-03	6.028673e-03	2.743983e-03	2.389302e-02	-1.186507e-02
1.220000e+01	1.163211e-03	5.538809e-03	1.230127e-03	2.319037e-02	-1.591744e-02
1.225000e+01	-8.792146e-04	5.701127e-03	-7.589970e-04	2.171064e-02	-2.064134e-02
1.230000e+01	-3.133450e-03	6.293902e-03	-2.594443e-03	2.011889e-02	-2.274946e-02
1.235000e+01	-5.406325e-03	6.757744e-03	-4.649491e-03	1.853663e-02	-2.518559e-02
1.240000e+01	-7.430896e-03	6.795643e-03	-7.083047e-03	1.670005e-02	-2.640416e-02
1.245000e+01	-8.923372e-03	6.470896e-03	-9.194601e-03	1.342671e-02	-2.531252e-02
1.250000e+01	-9.646834e-03	6.057320e-03	-1.020727e-02	1.235729e-02	-2.415011e-02
1.255000e+01	-9.464260e-03	5.818301e-03	-9.891944e-03	1.288505e-02	-2.718374e-02
1.260000e+01	-8.369400e-03	5.848063e-03	-8.591213e-03	1.159377e-02	-2.666233e-02
1.265000e+01	-6.491410e-03	6.102261e-03	-6.985827e-03	1.106609e-02	-2.571211e-02
1.270000e+01	-4.075092e-03	6.495326e-03	-4.098987e-03	1.189080e-02	-3.363333e-02
1.275000e+01	-1.441766e-03	6.905977e-03	-1.134924e-03	1.417974e-02	-3.651515e-02
1.280000e+01	1.062971e-03	7.171408e-03	1.279311e-03	1.746083e-02	-3.344833e-02
1.285000e+01	3.127470e-03	7.146863e-03	3.330475e-03	1.917793e-02	-2.751906e-02
1.290000e+01	4.529524e-03	6.774496e-03	4.480335e-03	2.441457e-02	-2.082049e-02
1.295000e+01	5.178454e-03	6.106650e-03	5.114531e-03	2.650297e-02	-1.501338e-02
1.300000e+01	5.132496e-03	5.300813e-03	5.040455e-03	2.505664e-02	-1.073183e-02
1.305000e+01	4.596813e-03	4.640031e-03	4.451738e-03	2.060300e-02	-8.038157e-03
1.310000e+01	3.834458e-03	4.471505e-03	3.598899e-03	1.754015e-02	-9.630984e-03
1.315000e+01	3.124088e-03	4.939061e-03	3.089138e-03	1.795321e-02	-1.054469e-02
1.320000e+01	2.674241e-03	5.732190e-03	2.641313e-03	1.875174e-02	-1.280556e-02
1.325000e+01	2.564697e-03	6.394741e-03	2.469352e-03	2.077747e-02	-1.326510e-02
1.330000e+01	2.725535e-03	6.626301e-03	2.745606e-03	2.040847e-02	-1.445417e-02
1.335000e+01	2.962907e-03	6.371104e-03	3.321162e-03	1.785172e-02	-1.501077e-02
1.340000e+01	3.025667e-03	5.829888e-03	3.528339e-03	1.710110e-02	-1.764824e-02
1.345000e+01	2.692612e-03	5.380950e-03	2.844103e-03	1.830008e-02	-1.862029e-02
1.350000e+01	1.851776e-03	5.311310e-03	1.562010e-03	2.280507e-02	-1.701715e-02
1.355000e+01	5.446768e-04	5.524944e-03	2.310183e-05	2.367643e-02	-1.359776e-02
1.360000e+01	-1.040102e-03	5.687771e-03	-1.718331e-03	2.377741e-02	-1.343570e-02
1.365000e+01	-2.622036e-03	5.566949e-03	-3.354292e-03	2.207387e-02	-1.730295e-02
1.370000e+01	-3.913289e-03	5.150260e-03	-4.436570e-03	1.725860e-02	-1.871341e-02
1.375000e+01	-4.703306e-03	4.618432e-03	-4.872611e-03	1.004357e-02	-1.813206e-02
1.380000e+01	-4.914433e-03	4.254242e-03	-4.728287e-03	6.602476e-03	-1.760832e-02
1.385000e+01	-4.610860e-03	4.245720e-03	-4.220310e-03	5.633466e-03	-1.599175e-02
1.390000e+01	-3.960672e-03	4.507276e-03	-3.657947e-03	8.315179e-03	-1.733050e-02
1.395000e+01	-3.167743e-03	4.809971e-03	-2.769168e-03	1.216904e-02	-1.887990e-02
1.400000e+01	-2.400193e-03	5.015527e-03	-2.282733e-03	1.440686e-02	-1.924687e-02
1.405000e+01	-1.736770e-03	5.146093e-03	-1.611309e-03	1.480521e-02	-1.861497e-02
1.410000e+01	-1.166547e-03	5.254031e-03	-9.535141e-04	1.519062e-02	-1.664357e-02
1.415000e+01	-6.168990e-04	5.342108e-03	-5.598537e-04	1.789908e-02	-1.428762e-02
1.420000e+01	-4.167928e-07	5.319469e-03	-7.426205e-07	1.811654e-02	-1.328424e-02
1.425000e+01	7.341037e-04	5.093406e-03	1.009755e-03	1.619682e-02	-1.273582e-02
1.430000e+01	1.570417e-03	4.685100e-03	1.828042e-03	1.396431e-02	-1.205854e-02
1.435000e+01	2.423870e-03	4.271617e-03	2.408471e-03	1.327226e-02	-1.166507e-02
1.440000e+01	3.168242e-03	4.089716e-03	3.222140e-03	1.365243e-02	-8.545534e-03
1.445000e+01	3.677264e-03	4.214974e-03	3.927118e-03	1.568372e-02	-7.571009e-03
1.450000e+01	3.863573e-03	4.500746e-03	4.091206e-03	1.712868e-02	-1.027777e-02
1.455000e+01	3.701215e-03	4.782137e-03	4.070246e-03	1.680041e-02	-1.107154e-02
1.460000e+01	3.226328e-03	5.000493e-03	3.471508e-03	1.630169e-02	-1.154273e-02
1.465000e+01	2.519964e-03	5.149795e-03	2.328733e-03	1.524373e-02	-1.308366e-02
1.470000e+01	1.683060e-03	5.190756e-03	1.457554e-03	1.436900e-02	-1.429708e-02
1.475000e+01	8.140573e-04	5.044549e-03	6.677140e-04	1.272842e-02	-1.488834e-02
1.480000e+01	-4.545891e-06	4.658889e-03	-1.620705e-04	1.119349e-02	-1.550818e-02
1.485000e+01	-7.106270e-04	4.072494e-03	-8.785012e-04	1.060712e-02	-1.452116e-02
1.490000e+01	-1.262340e-03	3.435154e-03	-1.369265e-03	1.010931e-02	-1.190273e-02
1.495000e+01	-1.638703e-03	2.972058e-03	-1.730401e-03	9.889451e-03	-1.086449e-02
1.500000e+01	-1.842988e-03	2.851348e-03	-2.006142e-03	9.474048e-03	-9.944246e-03
1.505000e+01	-1.917563e-03	3.024104e-03	-1.962734e-03	8.304676e-03	-9.082739e-03
1.510000e+01	-1.922125e-03	3.281748e-03	-1.975454e-03	9.145134e-03	-9.948514e-03
1.515000e+01	-1.920749e-03	3.458838e-03	-2.027707e-03	9.995570e-03	-1.094152e-02
1.520000e+01	-1.963965e-03	3.491977e-03	-1.938180e-03	9.526501e-03	-1.224283e-02
1.525000e+01	-2.066138e-03	3.417551e-03	-1.855806e-03	8.126324e-03	-1.509794e-02
1.530000e+01	-2.189476e-03	3.360550e-03	-1.983044e-03	7.775876e-03	-1.691677e-02
1.535000e+01	-2.244563e-03	3.462245e-03	-2.092914e-03	7.583481e-03	-1.691457e-02
1.540000e+01	-2.112913e-03	3.742521e-03	-1.765591e-03	8.400222e-03	-1.750783e-02
1.545000e+01	-1.688428e-03	4.066090e-03	-1.285728e-03	1.011693e-02	-1.653438e-02
1.550000e+01	-9.252204e-04	4.262967e-03	-4.630505e-04	1.138987e-02	-1.593263e-02
1.555000e+01	1.265675e-04	4.238425e-03	4.857436e-04	1.206934e-02	-1.459933e-02
1.560000e+01	1.314075e-03	4.010424e-03	1.575733e-03	1.420505e-02	-1.262673e-02
1.565000e+01	2.412271e-03	3.698525e-03	2.681373e-03	1.545476e-02	-8.990586e-03
1.570000e+01	3.185942e-03	3.466410e-03	3.173304e-03	1.699463e-02	-8.920603e-03
1.575000e+01	3.463836e-03	3.412879e-03	3.452788e-03	1.577166e-02	-9.304505e-03
1.580000e+01	3.198540e-03	3.496580e-03	3.160735e-03	1.460109e-02	-9.324878e-03
1.585000e+01	2.488456e-03	3.602905e-03	2.452986e-03	1.408292e-02	-1.098332e-02
1.590000e+01	1.550848e-03	3.657527e-03	1.622153e-03	1.365209e-02	-1.368084e-02
1.595000e+01	6.528389e-04	3.660015e-03	7.068053e-04	1.253957e-02	-1.405822e-02
1.600000e+01	2.361489e-05	3.644663e-03	1.128902e-04	1.047461e-02	-1.221921e-02
1.605000e+01	-2.072930e-04	3.634185e-03	-1.745196e-04	9.673097e-03	-9.970812e-03
1.610000e+01	-9.333282e-05	3.588217e-03	1.015330e-04	1.025436e-02	-9.149132e-03
1.615000e+01	1.949620e-04	3.462115e-03	3.256781e-04	9.625606e-03	-9.184366e-03
1.620000e+01	4.307385e-04	3.248203e-03	6.257841e-04	9.543168e-03	-8.668547e-03
1.625000e+01	4.189067e-04	3.000014e-03	4.061738e-04	9.024501e-03	-8.936202e-03
1.630000e+01	6.930224e-05	2.811776e-03	1.355240e-04	8.998496e-03	-8.358277e-03
1.635000e+01	-5.717644e-04	2.755672e-03	-4.886385e-04	8.788950e-03	-8.618161e-03
1.640000e+01	-1.341988e-03	2.826247e-03	-1.341821e-03	8.426475e-03	-9.383119e-03
1.645000e+01	-2.026068e-03	2.959065e-03	-1.973577e-03	8.177966e-03	-1.003508e-02
1.650000e+01	-2.435879e-03	3.088728e-03	-2.349162e-03	7.638790e-03	-1.231030e-02
1.655000e+01	-2.476720e-03	3.174261e-03	-2.355249e-03	7.394734e-03	-1.238010e-02
1.660000e+01	-2.174999e-03	3.195472e-03	-2.105988e-03	8.761516e-03	-1.017727e-02
1.665000e+01	-1.658474e-03	3.149717e-03	-1.634826e-03	1.048954e-02	-1.065158e-02
1.670000e+01	-1.098945e-03	3.055311e-03	-1.174242e-03	1.124474e-02	-9.839151e-03
1.675000e+01	-6.416779e-04	2.949967e-03	-6.048518e-04	1.099690e-02	-8.788474e-03
1.680000e+01	-3.501841e-04	2.874147e-03	-3.806020e-04	9.401353e-03	-9.890679e-03
1.685000e+01	-1.879649e-04	2.845533e-03	-2.781079e-04	8.809154e-03	-1.104027e-02
1.690000e+01	-4.339560e-05	2.847189e-03	-1.276473e-04	9.549121e-03	-1.112923e-02
1.695000e+01	2.135429e-04	2.842917e-03	1.832846e-04	1.064163e-02	-1.011139e-02
1.700000e+01	6.665415e-04	2.805502e-03	6.960975e-04	1.066785e-02	-8.832435e-03
1.705000e+01	1.317513e-03	2.739477e-03	1.232830e-03	1.009223e-02	-8.012690e-03
1.710000e+01	2.043976e-03	2.670782e-03	1.929748e-03	1.096382e-02	-5.668868e-03
1.715000e+01	2.660182e-03	2.631927e-03	2.617688e-03	1.185697e-02	-5.177687e-03
1.720000e+01	2.977755e-03	2.633825e-03	3.030191e-03	1.129374e-02	-4.774354e-03
1.725000e+01	2.874026e-03	2.661903e-03	2.999553e-03	9.793594e-03	-5.889171e-03
1.730000e+01	2.336971e-03	2.700968e-03	2.362161e-03	1.118150e-02	-7.105933e-03
1.735000e+01	1.470571e-03	2.756337e-03	1.413758e-03	1.143164e-02	-7.234217e-03
1.740000e+01	4.600994e-04	2.840488e-03	3.239862e-04	9.786581e-03	-7.154437e-03
1.745000e+01	-4.880851e-04	2.938351e-03	-4.538078e-04	8.914040e-03	-7.661262e-03
1.750000e+01	-1.209111e-03	2.997951e-03	-1.302784e-03	7.785745e-03	-8.308170e-03
1.755000e+01	-1.622211e-03	2.963659e-03	-1.738168e-03	7.219307e-03	-9.815605e-03
1.760000e+01	-1.740304e-03	2.819521e-03	-1.820980e-03	7.203874e-03	-1.020634e-02
1.765000e+01	-1.646965e-03	2.608969e-03	-1.683911e-03	6.446289e-03	-9.210303e-03
1.770000e+01	-1.453286e-03	2.417719e-03	-1.551954e-03	5.921240e-03	-8.171480e-03
1.775000e+01	-1.253332e-03	2.321209e-03	-1.283328e-03	5.699377e-03	-7.905915e-03
1.780000e+01	-1.095112e-03	2.332405e-03	-9.737749e-04	6.796036e-03	-7.804342e-03
1.785000e+01	-9.758408e-04	2.409049e-03	-9.239616e-04	7.007171e-03	-8.419620e-03
1.790000e+01	-8.594137e-04	2.501887e-03	-7.657717e-04	6.424566e-03	-8.169274e-03
1.795000e+01	-7.052198e-04	2.578222e-03	-6.635431e-04	6.266791e-03	-8.148771e-03
1.800000e+01	-4.940265e-04	2.620210e-03	-4.812291e-04	6.586166e-03	-8.684814e-03
1.805000e+01	-2.379469e-04	2.629359e-03	-1.404904e-04	6.718292e-03	-8.309551e-03
1.810000e+01	2.114302e-05	2.620924e-03	1.969766e-04	7.377543e-03	-8.869150e-03
1.815000e+01	2.353187e-04	2.615992e-03	3.706697e-04	7.547888e-03	-9.166289e-03
1.820000e+01	3.746064e-04	2.610910e-03	5.558145e-04	7.123903e-03	-8.418529e-03
1.825000e+01	4.423734e-04	2.572242e-03	5.882096e-04	7.046375e-03	-9.057774e-03
1.830000e+01	4.744780e-04	2.471590e-03	5.441839e-04	6.542418e-03	-9.062976e-03
1.835000e+01	5.224470e-04	2.329959e-03	6.123780e-04	7.375973e-03	-8.165535e-03
1.840000e+01	6.282711e-04	2.225530e-03	6.270003e-04	7.876546e-03	-6.226956e-03
1.845000e+01	8.021679e-04	2.232566e-03	6.612642e-04	7.869408e-03	-4.837068e-03
1.850000e+01	1.013363e-03	2.336731e-03	9.157378e-04	9.091988e-03	-5.524098e-03
1.855000e+01	1.198288e-03	2.451158e-03	1.091301e-03	1.008078e-02	-6.606985e-03
1.860000e+01	1.283163e-03	2.508824e-03	1.118102e-03	9.523365e-03	-7.047404e-03
1.865000e+01	1.211884e-03	2.507621e-03	1.034746e-03	8.102082e-03	-6.837985e-03
1.870000e+01	9.680369e-04	2.485094e-03	9.230933e-04	7.995495e-03	-6.288092e-03
1.875000e+01	5.824007e-04	2.462409e-03	4.871803e-04	7.701685e-03	-7.585846e-03
1.880000e+01	1.232939e-04	2.417249e-03	1.046009e-04	6.786265e-03	-7.903186e-03
1.885000e+01	-3.260108e-04	2.314897e-03	-3.437741e-04	7.061508e-03	-7.237098e-03
1.890000e+01	-6.937012e-04	2.156120e-03	-6.563969e-04	6.394687e-03	-7.505200e-03
1.895000e+01	-9.395392e-04	1.989923e-03	-9.918280e-04	6.570941e-03	-7.246466e-03
1.900000e+01	-1.061619e-03	1.876877e-03	-1.123715e-03	6.592123e-03	-6.978887e-03
1.905000e+01	-1.089193e-03	1.836342e-03	-1.157035e-03	6.030597e-03	-7.201283e-03
1.910000e+01	-1.062284e-03	1.839197e-03	-1.100291e-03	5.229201e-03	-6.779543e-03
1.915000e+01	-1.014557e-03	1.864929e-03	-1.045441e-03	4.881452e-03	-6.113050e-03
1.920000e+01	-9.577123e-04	1.924024e-03	-9.111327e-04	4.653989e-03	-6.365469e-03
1.925000e+01	-8.792425e-04	2.023034e-03	-8.238654e-04	4.044521e-03	-7.260447e-03
1.930000e+01	-7.522895e-04	2.128914e-03	-7.270989e-04	4.543971e-03	-7.290777e-03
1.935000e+01	-5.526535e-04	2.187757e-03	-5.731282e-04	5.306346e-03	-7.229273e-03
1.940000e+01	-2.751575e-04	2.171473e-03	-3.332434e-04	5.802740e-03	-6.940061e-03
1.945000e+01	5.788831e-05	2.102928e-03	-5.160754e-05	6.278179e-03	-6.198408e-03
1.950000e+01	3.998775e-04	2.040620e-03	3.393705e-04	6.280700e-03	-6.464803e-03
1.955000e+01	6.935815e-04	2.028648e-03	8.097828e-04	5.932697e-03	-6.529183e-03
1.960000e+01	8.898420e-04	2.056048e-03	1.066153e-03	6.009803e-03	-6.040437e-03
1.965000e+01	9.638654e-04	2.075732e-03	1.082767e-03	6.414152e-03	-5.463812e-03
1.970000e+01	9.227712e-04	2.055133e-03	8.969822e-04	6.085359e-03	-5.758834e-03
1.975000e+01	8.016089e-04	2.001508e-03	8.012667e-04	6.331208e-03	-5.900432e-03
1.980000e+01	6.495906e-04	1.951118e-03	6.291283e-04	6.163853e-03	-5.529314e-03
1.985000e+01	5.120005e-04	1.938714e-03	4.594850e-04	6.215828e-03	-4.957847e-03
1.990000e+01	4.147088e-04	1.972059e-03	3.994556e-04	6.898516e-03	-5.162145e-03
1.995000e+01	3.569747e-04	2.031998e-03	2.926688e-04	7.013858e-03	-5.376049e-03
2.000000e+01	3.148648e-04	2.090695e-03	2.106310e-04	6.150378e-03	-4.988037e-03
