# k	<chi>	std	chi_median	chi_max	chi_min
0.000000e+00	1.148408e-01	2.483391e-01	0.000000e+00	1.159769e+00	-2.456951e-01
5.000000e-02	2.350448e-01	3.096237e-01	1.614825e-01	1.149663e+00	-2.404189e-01
1.000000e-01	2.240582e-01	3.044316e-01	1.441598e-01	1.138786e+00	-2.352337e-01
1.500000e-01	1.901027e-01	2.891272e-01	8.841148e-02	1.100846e+00	-2.210114e-01
2.000000e-01	1.545159e-01	2.746137e-01	4.411961e-02	1.074351e+00	-2.133975e-01
2.500000e-01	9.324854e-02	2.525976e-01	-3.198694e-03	1.028216e+00	-2.980435e-01
3.000000e-01	2.893863e-02	2.349507e-01	-3.392727e-02	9.674342e-01	-3.814807e-01
3.500000e-01	-6.166153e-02	2.202807e-01	-6.258201e-02	8.618907e-01	-4.961940e-01
4.000000e-01	-1.540764e-01	2.190307e-01	-1.198009e-01	7.348683e-01	-6.078801e-01
4.500000e-01	-2.680102e-01	2.360574e-01	-2.831497e-01	5.521531e-01	-7.411750e-01
5.000000e-01	-3.778239e-01	2.652767e-01	-4.528064e-01	3.500785e-01	-8.646750e-01
5.500000e-01	-4.969848e-01	3.055835e-01	-6.287071e-01	9.857410e-02	-9.864671e-01
6.000000e-01	-6.008917e-01	3.413534e-01	-7.683099e-01	1.490353e-04	-1.074561e+00
6.500000e-01	-6.952451e-01	3.701299e-01	-9.047594e-01	-4.776815e-02	-1.163642e+00
7.000000e-01	-7.605589e-01	3.819377e-01	-9.869375e-01	-1.093792e-01	-1.207116e+00
7.500000e-01	-7.958285e-01	3.738313e-01	-1.021297e+00	-1.816884e-01	-1.226628e+00
8.000000e-01	-7.921503e-01	3.454048e-01	-9.972003e-01	-2.411200e-01	-1.184963e+00
8.500000e-01	-7.460844e-01	2.951893e-01	-9.033425e-01	-2.628294e-01	-1.182328e+00
9.000000e-01	-6.637467e-01	2.324500e-01	-7.676063e-01	-2.709590e-01	-1.100428e+00
9.500000e-01	-5.451319e-01	1.602403e-01	-5.874570e-01	-2.573431e-01	-1.013665e+00
1.000000e+00	-4.104560e-01	9.821135e-02	-4.036547e-01	-2.339199e-01	-8.636042e-01
1.050000e+00	-2.656427e-01	7.191883e-02	-2.594227e-01	-7.909214e-02	-6.655789e-01
1.100000e+00	-1.362849e-01	9.256425e-02	-1.192683e-01	6.922277e-02	-4.567214e-01
1.150000e+00	-3.064045e-02	1.171420e-01	1.554416e-02	1.830534e-01	-2.619355e-01
1.200000e+00	3.486918e-02	1.239973e-01	9.155408e-02	2.321668e-01	-1.881001e-01
1.250000e+00	5.812351e-02	1.110271e-01	1.072679e-01	2.332343e-01	-1.396042e-01
1.300000e+00	4.262866e-02	8.228791e-02	6.674701e-02	1.821993e-01	-1.132906e-01
1.350000e+00	-2.470240e-03	4.737792e-02	-7.424356e-04	1.103600e-01	-9.774650e-02
1.400000e+00	-5.669565e-02	3.645974e-02	-5.939191e-02	4.829083e-02	-1.511421e-01
1.450000e+00	-1.050304e-01	5.983918e-02	-1.211273e-01	3.991653e-02	-2.169649e-01
1.500000e+00	-1.274518e-01	7.940136e-02	-1.633041e-01	3.256444e-02	-2.481732e-01
1.550000e+00	-1.161834e-01	8.394638e-02	-1.602305e-01	3.481651e-02	-2.369237e-01
1.600000e+00	-6.989216e-02	7.142741e-02	-1.012482e-01	5.788443e-02	-1.927556e-01
1.650000e+00	4.089163e-03	4.662278e-02	-5.419435e-03	8.500968e-02	-1.057564e-01
1.700000e+00	8.700376e-02	2.649036e-02	8.925650e-02	1.693016e-01	7.732372e-03
1.750000e+00	1.641477e-01	4.163661e-02	1.622396e-01	2.687559e-01	8.068567e-02
1.800000e+00	2.146046e-01	6.472093e-02	2.333088e-01	3.219274e-01	9.161544e-02
1.850000e+00	2.331487e-01	7.858552e-02	2.674225e-01	3.319101e-01	8.767028e-02
1.900000e+00	2.153497e-01	7.794751e-02	2.541637e-01	3.064778e-01	7.181453e-02
1.950000e+00	1.721126e-01	6.566472e-02	2.065387e-01	2.594187e-01	5.297820e-02
2.000000e+00	1.152734e-01	4.548052e-02	1.379428e-01	1.833870e-01	3.360206e-02
2.050000e+00	5.946993e-02	2.365740e-02	6.772000e-02	1.114086e-01	1.213778e-02
2.100000e+00	1.898411e-02	1.091014e-02	1.870978e-02	7.325139e-02	-6.644900e-03
2.150000e+00	-3.001414e-04	1.462771e-02	1.102598e-03	4.462806e-02	-3.475713e-02
2.200000e+00	-1.652598e-03	1.721663e-02	-2.046386e-04	4.222964e-02	-3.723430e-02
2.250000e+00	2.883146e-03	1.749472e-02	1.035872e-03	4.583753e-02	-3.024604e-02
2.300000e+00	7.667308e-03	1.652545e-02	3.429305e-03	4.491305e-02	-2.214871e-02
2.350000e+00	8.030638e-03	1.550991e-02	2.310922e-03	3.907724e-02	-3.093102e-02
2.400000e+00	2.673707e-03	1.498179e-02	-3.246676e-03	3.071758e-02	-3.625787e-02
2.450000e+00	-1.617162e-03	1.424174e-02	-7.569906e-03	2.640693e-02	-3.785559e-02
2.500000e+00	-6.975414e-03	1.306487e-02	-1.247142e-02	1.928565e-02	-3.676060e-02
2.550000e+00	-1.214916e-02	1.125777e-02	-1.691715e-02	1.135593e-02	-3.329753e-02
2.600000e+00	-1.587988e-02	8.731430e-03	-1.935310e-02	3.844324e-03	-3.144678e-02
2.650000e+00	-1.952742e-02	6.099094e-03	-2.146896e-02	-2.432792e-03	-3.089399e-02
2.700000e+00	-2.139204e-02	3.598862e-03	-2.188488e-02	-6.791773e-03	-2.880000e-02
2.750000e+00	-2.130116e-02	2.884052e-03	-2.113158e-02	-9.614723e-03	-2.905993e-02
2.800000e+00	-1.952129e-02	4.375911e-03	-1.852833e-02	-8.469261e-03	-3.126648e-02
2.850000e+00	-1.778811e-02	5.976000e-03	-1.606001e-02	-7.147390e-03	-3.320239e-02
2.900000e+00	-1.467346e-02	6.971720e-03	-1.281395e-02	-2.509164e-03	-3.157657e-02
2.950000e+00	-1.075441e-02	7.253907e-03	-9.806357e-03	1.680533e-03	-2.681402e-02
3.000000e+00	-6.598893e-03	6.983328e-03	-7.131170e-03	5.561804e-03	-1.987202e-02
3.050000e+00	-2.001408e-03	6.587134e-03	-3.751386e-03	1.130357e-02	-1.239660e-02
3.100000e+00	2.008264e-03	6.090740e-03	4.733573e-05	1.555250e-02	-9.371184e-03
3.150000e+00	5.060484e-03	5.713821e-03	5.050047e-03	1.805494e-02	-7.282662e-03
3.200000e+00	7.032106e-03	5.560002e-03	8.666478e-03	1.797774e-02	-6.263905e-03
3.250000e+00	7.921357e-03	5.617141e-03	9.234714e-03	1.885025e-02	-5.047608e-03
3.300000e+00	7.903276e-03	5.950167e-03	7.791033e-03	2.085825e-02	-3.811190e-03
3.350000e+00	7.399839e-03	6.332694e-03	5.771333e-03	2.133341e-02	-2.187510e-03
3.400000e+00	6.792412e-03	6.531206e-03	4.268385e-03	2.060276e-02	-3.126630e-03
3.450000e+00	6.348576e-03	6.415052e-03	4.460062e-03	2.003003e-02	-4.246593e-03
3.500000e+00	6.215146e-03	5.775617e-03	4.884196e-03	1.972881e-02	-5.226347e-03
3.550000e+00	6.301770e-03	4.725925e-03	5.747000e-03	1.818347e-02	-5.067448e-03
3.600000e+00	6.399698e-03	3.719479e-03	5.971538e-03	1.622727e-02	-3.743650e-03
3.650000e+00	6.355206e-03	3.786253e-03	6.184915e-03	1.661010e-02	-2.266125e-03
3.700000e+00	5.745322e-03	5.321824e-03	6.668248e-03	1.752664e-02	-6.217600e-03
3.750000e+00	4.395518e-03	7.292766e-03	6.241168e-03	1.651674e-02	-9.820785e-03
3.800000e+00	2.227516e-03	8.912381e-03	3.618169e-03	1.971002e-02	-1.307978e-02
3.850000e+00	-7.537224e-04	9.820831e-03	-2.690863e-04	2.221399e-02	-1.584621e-02
3.900000e+00	-4.606799e-03	9.625453e-03	-5.339173e-03	1.971399e-02	-1.882199e-02
3.950000e+00	-9.054292e-03	8.443117e-03	-1.216978e-02	1.218195e-02	-2.055168e-02
4.000000e+00	-1.361875e-02	6.898252e-03	-1.694545e-02	1.388564e-03	-2.374702e-02
4.050000e+00	-1.794976e-02	6.246182e-03	-1.767594e-02	-5.244467e-03	-3.188466e-02
4.100000e+00	-2.122441e-02	7.329317e-03	-1.906763e-02	-6.354740e-03	-3.844359e-02
4.150000e+00	-2.258573e-02	9.021339e-03	-2.336998e-02	-2.380298e-03	-4.120213e-02
4.200000e+00	-2.137452e-02	9.996432e-03	-2.411496e-02	1.550753e-03	-3.935022e-02
4.250000e+00	-1.791580e-02	9.835940e-03	-2.075487e-02	5.302403e-03	-3.515275e-02
4.300000e+00	-1.188406e-02	8.400997e-03	-1.377928e-02	8.902562e-03	-2.732755e-02
4.350000e+00	-3.954394e-03	6.393776e-03	-4.363861e-03	1.052809e-02	-1.623876e-02
4.400000e+00	4.777151e-03	5.502751e-03	3.840026e-03	1.770970e-02	-6.329317e-03
4.450000e+00	1.283122e-02	6.833217e-03	1.175087e-02	2.787407e-02	6.836052e-05
4.500000e+00	1.954977e-02	8.910100e-03	1.990090e-02	3.749303e-02	1.771983e-03
4.550000e+00	2.425900e-02	1.045866e-02	2.480137e-02	4.351942e-02	1.775130e-03
4.600000e+00	2.679465e-02	1.103079e-02	2.741036e-02	4.538061e-02	8.914248e-04
4.650000e+00	2.748039e-02	1.071579e-02	2.756515e-02	4.475128e-02	1.078964e-03
4.700000e+00	2.691455e-02	9.765912e-03	2.660707e-02	4.327355e-02	2.579115e-03
4.750000e+00	2.561971e-02	8.533158e-03	2.520853e-02	4.139343e-02	5.344753e-03
4.800000e+00	2.388633e-02	7.364861e-03	2.412511e-02	3.916079e-02	3.665256e-03
4.850000e+00	2.167070e-02	6.554203e-03	2.176530e-02	3.749201e-02	2.111337e-03
4.900000e+00	1.868293e-02	6.271102e-03	1.958543e-02	3.461749e-02	-3.751517e-04
4.950000e+00	1.456144e-02	6.765975e-03	1.548227e-02	2.963871e-02	-5.410014e-03
5.000000e+00	9.122182e-03	8.143659e-03	9.215033e-03	2.718962e-02	-1.074849e-02
5.050000e+00	2.560745e-03	1.006690e-02	9.278674e-04	2.584780e-02	-2.136006e-02
5.100000e+00	-4.479278e-03	1.188727e-02	-6.389775e-03	2.337758e-02	-3.049076e-02
5.150000e+00	-1.114837e-02	1.288262e-02	-1.278309e-02	1.915223e-02	-3.632795e-02
5.200000e+00	-1.661159e-02	1.255704e-02	-1.774201e-02	1.314018e-02	-3.922836e-02
5.250000e+00	-2.030638e-02	1.089210e-02	-2.098659e-02	8.646933e-03	-3.814132e-02
5.300000e+00	-2.223477e-02	8.611101e-03	-2.303793e-02	2.565454e-03	-3.731803e-02
5.350000e+00	-2.291872e-02	7.232562e-03	-2.330269e-02	-2.121096e-03	-3.780295e-02
5.400000e+00	-2.320528e-02	7.694382e-03	-2.401498e-02	-9.043720e-04	-3.889504e-02
5.450000e+00	-2.377312e-02	8.695539e-03	-2.409835e-02	-9.451521e-05	-4.161108e-02
5.500000e+00	-2.516923e-02	9.077482e-03	-2.578881e-02	2.871043e-04	-4.550143e-02
5.550000e+00	-2.723567e-02	9.110095e-03	-2.749742e-02	1.686238e-03	-4.686888e-02
5.600000e+00	-2.919792e-02	9.916647e-03	-3.046351e-02	2.820512e-03	-4.752936e-02
5.650000e+00	-2.977359e-02	1.164587e-02	-3.196718e-02	5.858164e-03	-5.360949e-02
5.700000e+00	-2.798469e-02	1.316493e-02	-3.004025e-02	1.349940e-02	-5.483541e-02
5.750000e+00	-2.316776e-02	1.337360e-02	-2.432994e-02	2.100659e-02	-4.991336e-02
5.800000e+00	-1.538241e-02	1.207277e-02	-1.619166e-02	2.682397e-02	-4.427218e-02
5.850000e+00	-5.363159e-03	1.019539e-02	-5.351512e-03	3.029224e-02	-3.286501e-02
5.900000e+00	5.422732e-03	9.703510e-03	6.026018e-03	3.081400e-02	-2.045763e-02
5.950000e+00	1.550571e-02	1.128456e-02	1.711425e-02	3.765084e-02	-1.166206e-02
6.000000e+00	2.372571e-02	1.342044e-02	2.579362e-02	5.079157e-02	-1.130191e-02
6.050000e+00	2.950361e-02	1.481639e-02	3.157802e-02	5.808360e-02	-1.574009e-02
6.100000e+00	3.285939e-02	1.528811e-02	3.496387e-02	6.039372e-02	-1.918199e-02
6.150000e+00	3.435003e-02	1.515171e-02	3.701613e-02	6.188566e-02	-2.063207e-02
6.200000e+00	3.465890e-02	1.472144e-02	3.677568e-02	5.840535e-02	-1.936016e-02
6.250000e+00	3.425598e-02	1.406369e-02	3.537969e-02	6.000557e-02	-1.513968e-02
6.300000e+00	3.319873e-02	1.314031e-02	3.361948e-02	6.177097e-02	-8.401090e-03
6.350000e+00	3.114792e-02	1.203624e-02	3.115651e-02	6.123177e-02	-2.585972e-04
6.400000e+00	2.757963e-02	1.098293e-02	2.702713e-02	5.697356e-02	-8.439291e-04
6.450000e+00	2.209303e-02	1.027049e-02	2.153496e-02	4.851958e-02	-6.847774e-03
6.500000e+00	1.467600e-02	1.024647e-02	1.493180e-02	4.093214e-02	-1.098936e-02
6.550000e+00	5.707176e-03	1.118383e-02	5.245029e-03	3.895743e-02	-1.900566e-02
6.600000e+00	-3.793681e-03	1.292696e-02	-5.445187e-03	4.003905e-02	-3.067955e-02
6.650000e+00	-1.278184e-02	1.475655e-02	-1.399073e-02	3.634552e-02	-4.073314e-02
6.700000e+00	-2.038613e-02	1.589387e-02	-1.982569e-02	2.908520e-02	-4.875474e-02
6.750000e+00	-2.614060e-02	1.589550e-02	-2.474789e-02	2.128281e-02	-5.798001e-02
6.800000e+00	-3.004222e-02	1.480605e-02	-2.907230e-02	1.693948e-02	-6.130425e-02
6.850000e+00	-3.241941e-02	1.311617e-02	-3.263508e-02	1.201568e-02	-5.951330e-02
6.900000e+00	-3.367827e-02	1.154323e-02	-3.457678e-02	6.637386e-03	-5.394959e-02
6.950000e+00	-3.404531e-02	1.064662e-02	-3.490028e-02	1.849662e-03	-5.767570e-02
7.000000e+00	-3.342465e-02	1.049109e-02	-3.439193e-02	3.460599e-03	-5.762237e-02
7.050000e+00	-3.134908e-02	1.075166e-02	-3.214061e-02	3.732131e-03	-5.351495e-02
7.100000e+00	-2.744374e-02	1.120017e-02	-2.836793e-02	4.952330e-03	-4.824248e-02
7.150000e+00	-2.145068e-02	1.175386e-02	-2.190711e-02	1.231129e-02	-5.066154e-02
7.200000e+00	-1.353230e-02	1.240027e-02	-1.307573e-02	2.069418e-02	-4.843660e-02
7.250000e+00	-4.345802e-03	1.308320e-02	-2.965305e-03	2.920040e-02	-4.138491e-02
7.300000e+00	5.079168e-03	1.365758e-02	5.894994e-03	4.022493e-02	-3.110899e-02
7.350000e+00	1.361787e-02	1.393914e-02	1.383230e-02	5.149686e-02	-2.534020e-02
7.400000e+00	2.037421e-02	1.382834e-02	2.145291e-02	5.584858e-02	-2.396243e-02
7.450000e+00	2.492202e-02	1.341126e-02	2.687673e-02	5.468989e-02	-2.149779e-02
7.500000e+00	2.736910e-02	1.291973e-02	2.974786e-02	5.046752e-02	-1.784674e-02
7.550000e+00	2.815881e-02	1.249464e-02	3.093011e-02	5.506944e-02	-1.406762e-02
7.600000e+00	2.799454e-02	1.213348e-02	2.985529e-02	5.820721e-02	-1.202310e-02
7.650000e+00	2.735685e-02	1.166828e-02	2.854262e-02	5.657631e-02	-8.616726e-03
7.700000e+00	2.637394e-02	1.103661e-02	2.674898e-02	5.290259e-02	-4.849302e-03
7.750000e+00	2.480892e-02	1.036781e-02	2.523163e-02	5.202280e-02	-6.105923e-03
7.800000e+00	2.222225e-02	9.849214e-03	2.160119e-02	4.790892e-02	-9.282728e-03
7.850000e+00	1.823246e-02	9.541053e-03	1.744317e-02	4.089717e-02	-1.031213e-02
7.900000e+00	1.275763e-02	9.367952e-03	1.185583e-02	3.509009e-02	-9.340508e-03
7.950000e+00	6.130053e-03	9.271660e-03	5.569087e-03	2.796387e-02	-1.495212e-02
8.000000e+00	-9.664102e-04	9.314672e-03	-8.984004e-04	1.889700e-02	-2.174278e-02
8.050000e+00	-7.749772e-03	9.616395e-03	-7.872881e-03	1.529652e-02	-3.033234e-02
8.100000e+00	-1.345046e-02	1.026298e-02	-1.438081e-02	1.577222e-02	-3.715700e-02
8.150000e+00	-1.771971e-02	1.107735e-02	-1.904450e-02	1.514031e-02	-4.141280e-02
8.200000e+00	-2.061462e-02	1.167013e-02	-2.265591e-02	1.597631e-02	-4.591171e-02
8.250000e+00	-2.248318e-02	1.172518e-02	-2.453525e-02	1.636236e-02	-4.564324e-02
8.300000e+00	-2.373081e-02	1.138952e-02	-2.560920e-02	1.383008e-02	-4.607908e-02
8.350000e+00	-2.457558e-02	1.145603e-02	-2.501352e-02	9.099364e-03	-5.145341e-02
8.400000e+00	-2.490433e-02	1.266442e-02	-2.440427e-02	1.069640e-02	-5.699477e-02
8.450000e+00	-2.429798e-02	1.454085e-02	-2.354407e-02	1.044538e-02	-5.925140e-02
8.500000e+00	-2.222023e-02	1.579578e-02	-2.032441e-02	8.232927e-03	-5.794355e-02
8.550000e+00	-1.825016e-02	1.542459e-02	-1.646797e-02	1.679972e-02	-5.953364e-02
8.600000e+00	-1.244682e-02	1.339484e-02	-1.311167e-02	2.476187e-02	-5.284812e-02
8.650000e+00	-5.331024e-03	1.092884e-02	-5.434584e-03	2.864360e-02	-3.825195e-02
8.700000e+00	2.178646e-03	1.040156e-02	3.582435e-03	3.127380e-02	-2.225262e-02
8.750000e+00	9.021915e-03	1.247816e-02	1.082467e-02	4.751069e-02	-2.482233e-02
8.800000e+00	1.431529e-02	1.501997e-02	1.604257e-02	5.563342e-02	-2.999664e-02
8.850000e+00	1.760853e-02	1.645395e-02	1.885554e-02	5.590758e-02	-3.145473e-02
8.900000e+00	1.898013e-02	1.646003e-02	2.071654e-02	5.266458e-02	-2.890010e-02
8.950000e+00	1.893883e-02	1.543176e-02	2.074265e-02	5.284614e-02	-2.336914e-02
9.000000e+00	1.817672e-02	1.395623e-02	2.023003e-02	4.875431e-02	-2.010198e-02
9.050000e+00	1.729906e-02	1.247963e-02	1.886994e-02	4.510661e-02	-1.568741e-02
9.100000e+00	1.653004e-02	1.124845e-02	1.710220e-02	4.299024e-02	-9.828280e-03
9.150000e+00	1.574303e-02	1.048627e-02	1.606513e-02	3.970886e-02	-9.439861e-03
9.200000e+00	1.454417e-02	1.024375e-02	1.472806e-02	3.739622e-02	-1.126195e-02
9.250000e+00	1.250295e-02	1.020830e-02	1.271996e-02	4.004010e-02	-1.248734e-02
9.300000e+00	9.392847e-03	1.003892e-02	9.040933e-03	4.078557e-02	-1.793735e-02
9.350000e+00	5.335531e-03	9.860886e-03	4.810404e-03	3.848440e-02	-2.360121e-02
9.400000e+00	7.871578e-04	1.018773e-02	2.434122e-04	3.176009e-02	-2.616745e-02
9.450000e+00	-3.624599e-03	1.116845e-02	-5.067567e-03	2.381640e-02	-2.898255e-02
9.500000e+00	-7.338394e-03	1.226904e-02	-9.445770e-03	2.708839e-02	-3.296116e-02
9.550000e+00	-1.008846e-02	1.291885e-02	-1.252200e-02	2.857906e-02	-3.652724e-02
9.600000e+00	-1.191332e-02	1.298928e-02	-1.549678e-02	2.713373e-02	-3.788164e-02
9.650000e+00	-1.315307e-02	1.276529e-02	-1.641537e-02	2.215423e-02	-4.096621e-02
9.700000e+00	-1.422349e-02	1.250250e-02	-1.621911e-02	1.731172e-02	-4.739395e-02
9.750000e+00	-1.537717e-02	1.213024e-02	-1.563659e-02	1.547118e-02	-4.914640e-02
9.800000e+00	-1.653598e-02	1.147126e-02	-1.604836e-02	1.605282e-02	-4.540427e-02
9.850000e+00	-1.727400e-02	1.064802e-02	-1.750422e-02	1.736814e-02	-3.999097e-02
9.900000e+00	-1.696725e-02	1.008917e-02	-1.758261e-02	1.662245e-02	-4.520871e-02
9.950000e+00	-1.505441e-02	1.001221e-02	-1.484793e-02	1.660951e-02	-4.500965e-02
1.000000e+01	-1.130370e-02	1.009819e-02	-1.062939e-02	1.444520e-02	-3.895455e-02
1.005000e+01	-5.949543e-03	9.969984e-03	-5.309988e-03	2.239097e-02	-3.275559e-02
1.010000e+01	2.431004e-04	9.740100e-03	2.536720e-04	3.144231e-02	-2.690149e-02
1.015000e+01	6.253782e-03	9.888936e-03	5.506176e-03	3.649060e-02	-1.720758e-02
1.020000e+01	1.108962e-02	1.058249e-02	1.078755e-02	3.656461e-02	-1.435039e-02
1.025000e+01	1.408730e-02	1.137759e-02	1.427183e-02	4.199951e-02	-1.660113e-02
1.030000e+01	1.509781e-02	1.173934e-02	1.656296e-02	4.419079e-02	-1.755486e-02
1.035000e+01	1.448738e-02	1.148298e-02	1.574495e-02	3.990181e-02	-1.896694e-02
1.040000e+01	1.295976e-02	1.078736e-02	1.479791e-02	3.412298e-02	-2.041974e-02
1.045000e+01	1.127307e-02	9.991460e-03	1.247921e-02	3.328023e-02	-1.990950e-02
1.050000e+01	9.962388e-03	9.373228e-03	1.074072e-02	3.275237e-02	-1.706753e-02
1.055000e+01	9.172082e-03	9.031890e-03	9.029510e-03	3.172779e-02	-1.230451e-02
1.060000e+01	8.654640e-03	8.879458e-03	7.919941e-03	3.171300e-02	-1.104827e-02
1.065000e+01	7.925507e-03	8.699316e-03	7.170642e-03	3.143928e-02	-1.504338e-02
1.070000e+01	6.503276e-03	8.299203e-03	6.246288e-03	2.781423e-02	-1.642189e-02
1.075000e+01	4.135447e-03	7.746403e-03	3.705290e-03	2.223632e-02	-1.563646e-02
1.080000e+01	9.214084e-04	7.497113e-03	4.040110e-04	2.405241e-02	-1.861949e-02
1.085000e+01	-2.710145e-03	8.017363e-03	-3.980667e-03	2.255706e-02	-2.033412e-02
1.090000e+01	-6.152463e-03	9.087164e-03	-7.744750e-03	2.011977e-02	-2.433371e-02
1.095000e+01	-8.834336e-03	9.996065e-03	-1.020202e-02	2.081946e-02	-3.084675e-02
1.100000e+01	-1.040952e-02	1.020671e-02	-1.173130e-02	1.933246e-02	-3.260209e-02
1.105000e+01	-1.087441e-02	9.622471e-03	-1.199862e-02	1.548712e-02	-3.221672e-02
1.110000e+01	-1.046475e-02	8.509384e-03	-1.094737e-02	1.441847e-02	-2.946838e-02
1.115000e+01	-9.594279e-03	7.387605e-03	-1.003926e-02	1.277508e-02	-2.588769e-02
1.120000e+01	-8.651350e-03	6.716509e-03	-9.085852e-03	1.070035e-02	-2.312491e-02
1.125000e+01	-7.851144e-03	6.588433e-03	-7.836347e-03	1.204101e-02	-2.128045e-02
1.130000e+01	-7.174706e-03	6.773203e-03	-7.304349e-03	1.657693e-02	-2.278846e-02
1.135000e+01	-6.411609e-03	7.024624e-03	-6.578167e-03	1.865142e-02	-2.367761e-02
1.140000e+01	-5.280389e-03	7.198083e-03	-4.500561e-03	1.796028e-02	-2.500183e-02
1.145000e+01	-3.572012e-03	7.242186e-03	-2.981237e-03	1.719536e-02	-2.319074e-02
1.150000e+01	-1.256995e-03	7.231871e-03	-8.752592e-04	1.939515e-02	-1.941462e-02
1.155000e+01	1.483742e-03	7.362921e-03	2.061246e-03	2.139931e-02	-2.197247e-02
1.160000e+01	4.310548e-03	7.781481e-03	5.341884e-03	2.370330e-02	-2.202391e-02
1.165000e+01	6.832546e-03	8.386598e-03	8.147896e-03	2.333437e-02	-1.920705e-02
1.170000e+01	8.725054e-03	8.887357e-03	1.073268e-02	2.621423e-02	-1.662039e-02
1.175000e+01	9.812122e-03	9.024463e-03	1.150980e-02	2.700594e-02	-1.948609e-02
1.180000e+01	1.008811e-02	8.713922e-03	1.174740e-02	2.863547e-02	-2.037352e-02
1.185000e+01	9.679297e-03	8.073186e-03	1.109010e-02	2.783456e-02	-1.888743e-02
1.190000e+01	8.769977e-03	7.369248e-03	9.531635e-03	2.779585e-02	-1.509185e-02
1.195000e+01	7.528055e-03	6.890932e-03	7.894775e-03	2.565616e-02	-1.142239e-02
1.200000e+01	6.060136e-03	6.758740e-03	6.185022e-03	2.194663e-02	-1.392624e-02
1.205000e+01	4.406576e-03	6.851667e-03	4.453515e-03	2.068862e-02	-1.663046e-02
1.210000e+01	2.574632e-03	6.923097e-03	2.375019e-03	2.021528e-02	-1.991902e-02
1.215000e+01	5.958020e-04	6.830427e-03	1.298571e-04	1.861246e-02	-2.081249e-02
1.220000e+01	-1.446302e-03	6.610782e-03	-2.379536e-03	1.859494e-02	-1.847105e-02
1.225000e+01	-3.410375e-03	6.465241e-03	-4.346026e-03	1.891737e-02	-1.620667e-02
1.230000e+01	-5.123089e-03	6.632104e-03	-5.289341e-03	1.730110e-02	-1.771435e-02
1.235000e+01	-6.423456e-03	7.170171e-03	-8.015823e-03	1.373458e-02	-2.008101e-02
1.240000e+01	-7.205851e-03	7.873721e-03	-8.835585e-03	1.369570e-02	-2.091459e-02
1.245000e+01	-7.443818e-03	8.417790e-03	-8.083174e-03	1.984687e-02	-2.378783e-02
1.250000e+01	-7.186811e-03	8.531223e-03	-7.387091e-03	2.336431e-02	-2.615010e-02
1.255000e+01	-6.534486e-03	8.097308e-03	-6.611439e-03	2.407517e-02	-2.614267e-02
1.260000e+01	-5.602174e-03	7.210060e-03	-5.719304e-03	2.234242e-02	-2.261924e-02
1.265000e+01	-4.492924e-03	6.193502e-03	-4.461766e-03	1.916146e-02	-1.750096e-02
1.270000e+01	-3.285806e-03	5.515095e-03	-3.504895e-03	1.531384e-02	-1.664774e-02
1.275000e+01	-2.040607e-03	5.450273e-03	-1.873097e-03	1.216151e-02	-1.744308e-02
1.280000e+01	-8.105510e-04	5.795203e-03	-3.010351e-04	1.130017e-02	-1.790209e-02
1.285000e+01	3.484304e-04	6.193679e-03	1.054361e-03	1.412397e-02	-1.742475e-02
1.290000e+01	1.379806e-03	6.498305e-03	2.044948e-03	1.487488e-02	-1.887626e-02
1.295000e+01	2.239875e-03	6.733534e-03	2.527326e-03	1.621706e-02	-1.876120e-02
1.300000e+01	2.914466e-03	6.917881e-03	3.352631e-03	2.002367e-02	-1.730960e-02
1.305000e+01	3.442474e-03	7.002390e-03	4.197496e-03	2.156169e-02	-1.773947e-02
1.310000e+01	3.855872e-03	6.870046e-03	4.109059e-03	1.976118e-02	-1.621199e-02
1.315000e+01	4.209564e-03	6.505122e-03	4.618670e-03	1.963232e-02	-1.544166e-02
1.320000e+01	4.533566e-03	6.017793e-03	4.683142e-03	2.094125e-02	-1.466627e-02
1.325000e+01	4.806166e-03	5.604104e-03	4.851754e-03	2.023591e-02	-1.317874e-02
1.330000e+01	4.946831e-03	5.436460e-03	5.152765e-03	1.907349e-02	-1.117850e-02
1.335000e+01	4.836184e-03	5.537291e-03	5.448033e-03	1.895828e-02	-1.009664e-02
1.340000e+01	4.358674e-03	5.754351e-03	5.223892e-03	1.742565e-02	-1.079240e-02
1.345000e+01	3.452622e-03	5.863212e-03	4.315879e-03	1.809095e-02	-1.332503e-02
1.350000e+01	2.147207e-03	5.689825e-03	2.883430e-03	1.930856e-02	-1.468561e-02
1.355000e+01	5.697633e-04	5.207885e-03	8.550469e-04	1.872544e-02	-1.429121e-02
1.360000e+01	-1.081816e-03	4.622859e-03	-1.268136e-03	1.621737e-02	-1.263390e-02
1.365000e+01	-2.592309e-03	4.369712e-03	-2.824391e-03	1.202201e-02	-1.232077e-02
1.370000e+01	-3.787734e-03	4.753202e-03	-4.163066e-03	8.977068e-03	-1.621052e-02
1.375000e+01	-4.576515e-03	5.532137e-03	-5.144801e-03	1.277547e-02	-1.781119e-02
1.380000e+01	-4.958029e-03	6.256258e-03	-5.631584e-03	1.550288e-02	-1.799661e-02
1.385000e+01	-4.997557e-03	6.651323e-03	-5.826457e-03	1.651106e-02	-1.692154e-02
1.390000e+01	-4.781324e-03	6.648825e-03	-5.748102e-03	1.586592e-02	-1.730726e-02
1.395000e+01	-4.373479e-03	6.308307e-03	-5.348734e-03	1.391208e-02	-1.642911e-02
1.400000e+01	-3.794932e-03	5.736484e-03	-4.679401e-03	1.119598e-02	-1.558756e-02
1.405000e+01	-3.036707e-03	5.052873e-03	-3.558538e-03	1.135457e-02	-1.562565e-02
1.410000e+01	-2.074667e-03	4.343755e-03	-2.199683e-03	1.028582e-02	-1.458361e-02
1.415000e+01	-9.320655e-04	3.757279e-03	-8.565281e-04	9.556231e-03	-1.230718e-02
1.420000e+01	3.052698e-04	3.513225e-03	3.647647e-04	1.013042e-02	-1.271934e-02
1.425000e+01	1.492830e-03	3.755577e-03	1.490067e-03	1.470795e-02	-1.200657e-02
1.430000e+01	2.462087e-03	4.351022e-03	2.296343e-03	1.810942e-02	-9.288318e-03
1.435000e+01	3.073687e-03	5.016508e-03	3.058590e-03	1.894941e-02	-8.961355e-03
1.440000e+01	3.267480e-03	5.521894e-03	3.584905e-03	1.775975e-02	-1.140365e-02
1.445000e+01	3.087547e-03	5.744236e-03	3.530293e-03	1.632027e-02	-1.312029e-02
1.450000e+01	2.669810e-03	5.665891e-03	3.371286e-03	1.428031e-02	-1.364520e-02
1.455000e+01	2.195046e-03	5.355966e-03	2.798468e-03	1.522490e-02	-1.270179e-02
1.460000e+01	1.824691e-03	4.930440e-03	2.071972e-03	1.480036e-02	-1.189217e-02
1.465000e+01	1.644316e-03	4.497038e-03	1.742012e-03	1.307953e-02	-1.017878e-02
1.470000e+01	1.636969e-03	4.113191e-03	1.655899e-03	1.101689e-02	-9.226335e-03
1.475000e+01	1.696576e-03	3.786553e-03	1.966652e-03	1.041075e-02	-1.236862e-02
1.480000e+01	1.675406e-03	3.510522e-03	1.905717e-03	1.005693e-02	-1.357270e-02
1.485000e+01	1.446059e-03	3.298169e-03	1.658957e-03	9.221919e-03	-1.291685e-02
1.490000e+01	9.530760e-04	3.192510e-03	1.145828e-03	8.037774e-03	-1.087807e-02
1.495000e+01	2.342696e-04	3.243640e-03	5.121922e-04	8.588520e-03	-8.163668e-03
1.500000e+01	-5.951083e-04	3.455350e-03	-5.877750e-04	8.545332e-03	-9.054921e-03
1.505000e+01	-1.398370e-03	3.773508e-03	-1.656651e-03	8.533554e-03	-9.390183e-03
1.510000e+01	-2.036683e-03	4.085848e-03	-2.286909e-03	8.725412e-03	-1.073951e-02
1.515000e+01	-2.438587e-03	4.323378e-03	-2.992376e-03	8.416934e-03	-1.200504e-02
1.520000e+01	-2.606757e-03	4.467850e-03	-3.138527e-03	7.750889e-03	-1.346654e-02
1.525000e+01	-2.600197e-03	4.523314e-03	-2.985835e-03	9.607385e-03	-1.311991e-02
1.530000e+01	-2.495149e-03	4.473295e-03	-2.674750e-03	1.129518e-02	-1.264509e-02
1.535000e+01	-2.343877e-03	4.274448e-03	-2.482922e-03	1.147440e-02	-1.420404e-02
1.540000e+01	-2.150467e-03	3.903852e-03	-2.412289e-03	9.718262e-03	-1.381183e-02
1.545000e+01	-1.874254e-03	3.426398e-03	-2.004245e-03	8.596864e-03	-1.173555e-02
1.550000e+01	-1.458385e-03	3.031131e-03	-1.414709e-03	7.825586e-03	-1.065989e-02
1.555000e+01	-8.693615e-04	2.949096e-03	-1.004528e-03	8.516663e-03	-9.586388e-03
1.560000e+01	-1.283119e-04	3.216657e-03	-2.565457e-04	8.782070e-03	-8.390139e-03
1.565000e+01	6.814606e-04	3.644915e-03	6.518043e-04	1.072499e-02	-9.383745e-03
1.570000e+01	1.435340e-03	4.057114e-03	1.541508e-03	1.148287e-02	-1.113984e-02
1.575000e+01	2.008431e-03	4.379978e-03	2.571284e-03	1.124340e-02	-1.177523e-02
1.580000e+01	2.319332e-03	4.595173e-03	2.921526e-03	1.118561e-02	-1.139249e-02
1.585000e+01	2.357803e-03	4.686120e-03	2.916722e-03	1.228095e-02	-1.078807e-02
1.590000e+01	2.184443e-03	4.627638e-03	2.450208e-03	1.290084e-02	-1.355951e-02
1.595000e+01	1.902662e-03	4.409572e-03	2.010130e-03	1.359181e-02	-1.448374e-02
1.600000e+01	1.615180e-03	4.062749e-03	1.844120e-03	1.274616e-02	-1.335270e-02
1.605000e+01	1.390374e-03	3.671685e-03	1.760609e-03	1.067432e-02	-1.042521e-02
1.610000e+01	1.220942e-03	3.331976e-03	1.391493e-03	9.705416e-03	-7.822832e-03
1.615000e+01	1.052745e-03	3.126592e-03	9.854763e-04	8.839463e-03	-7.271380e-03
1.620000e+01	8.099979e-04	3.059767e-03	6.870293e-04	9.093943e-03	-7.475088e-03
1.625000e+01	4.365542e-04	3.069247e-03	3.797271e-04	8.827394e-03	-8.338515e-03
1.630000e+01	-7.162658e-05	3.100842e-03	-1.935784e-04	8.774686e-03	-8.281678e-03
1.635000e+01	-6.570171e-04	3.158245e-03	-7.176836e-04	9.268004e-03	-8.674087e-03
1.640000e+01	-1.218156e-03	3.282049e-03	-1.351326e-03	8.772599e-03	-9.338685e-03
1.645000e+01	-1.646795e-03	3.481131e-03	-1.837362e-03	9.634004e-03	-9.215094e-03
1.650000e+01	-1.868691e-03	3.691923e-03	-2.364729e-03	1.087773e-02	-1.029184e-02
1.655000e+01	-1.870785e-03	3.811516e-03	-2.356599e-03	1.079031e-02	-1.135471e-02
1.660000e+01	-1.703480e-03	3.759357e-03	-1.957469e-03	9.819610e-03	-1.079644e-02
1.665000e+01	-1.457379e-03	3.515117e-03	-1.501552e-03	7.657210e-03	-9.928304e-03
1.670000e+01	-1.224643e-03	3.125295e-03	-1.108933e-03	7.058055e-03	-9.362951e-03
1.675000e+01	-1.061381e-03	2.691814e-03	-9.148013e-04	6.883343e-03	-8.353011e-03
1.680000e+01	-9.667709e-04	2.351074e-03	-8.225274e-04	5.986318e-03	-8.751480e-03
1.685000e+01	-8.872873e-04	2.222679e-03	-8.711768e-04	5.520445e-03	-9.474205e-03
1.690000e+01	-7.437152e-04	2.316732e-03	-6.549810e-04	5.388372e-03	-9.024565e-03
1.695000e+01	-4.691940e-04	2.522693e-03	-3.101100e-04	5.689491e-03	-7.469249e-03
1.700000e+01	-4.219222e-05	2.718367e-03	-1.775743e-05	6.251008e-03	-6.791965e-03
1.705000e+01	5.022402e-04	2.849325e-03	3.764588e-04	6.893701e-03	-6.559952e-03
1.710000e+01	1.074635e-03	2.920712e-03	1.142124e-03	7.263988e-03	-6.803117e-03
1.715000e+01	1.564985e-03	2.974953e-03	1.771928e-03	7.937332e-03	-7.088391e-03
1.720000e+01	1.881116e-03	3.029708e-03	2.104707e-03	9.367786e-03	-7.031755e-03
1.725000e+01	1.978590e-03	3.047394e-03	2.133068e-03	1.012183e-02	-6.613285e-03
1.730000e+01	1.871201e-03	2.969393e-03	2.178307e-03	9.356459e-03	-6.118257e-03
1.735000e+01	1.619195e-03	2.779604e-03	1.755901e-03	8.806223e-03	-6.637869e-03
1.740000e+01	1.301530e-03	2.541685e-03	1.466555e-03	9.135601e-03	-6.448635e-03
1.745000e+01	9.845549e-04	2.375318e-03	1.100662e-03	8.581551e-03	-6.833141e-03
1.750000e+01	7.000915e-04	2.357069e-03	7.272035e-04	7.268637e-03	-6.749627e-03
1.755000e+01	4.410819e-04	2.439852e-03	4.257354e-04	6.412853e-03	-6.056660e-03
1.760000e+01	1.750522e-04	2.521679e-03	1.289398e-04	6.059349e-03	-6.999022e-03
1.765000e+01	-1.318917e-04	2.555761e-03	-2.014544e-04	6.750550e-03	-7.687270e-03
1.770000e+01	-4.918114e-04	2.571702e-03	-6.631000e-04	7.261924e-03	-7.514498e-03
1.775000e+01	-8.827073e-04	2.623075e-03	-1.052182e-03	8.062177e-03	-6.894487e-03
1.780000e+01	-1.252295e-03	2.722505e-03	-1.310523e-03	8.247782e-03	-8.214532e-03
1.785000e+01	-1.535666e-03	2.829443e-03	-1.654504e-03	7.803690e-03	-8.646221e-03
1.790000e+01	-1.678894e-03	2.890099e-03	-1.932867e-03	6.756679e-03	-8.491302e-03
1.795000e+01	-1.658496e-03	2.871135e-03	-1.965029e-03	6.107746e-03	-8.289572e-03
1.800000e+01	-1.488888e-03	2.763681e-03	-1.633865e-03	5.518609e-03	-8.202183e-03
1.805000e+01	-1.216647e-03	2.578922e-03	-1.156551e-03	4.679186e-03	-8.098187e-03
1.810000e+01	-8.982907e-04	2.342353e-03	-7.993915e-04	5.122620e-03	-7.854222e-03
1.815000e+01	-5.845596e-04	2.114907e-03	-5.658988e-04	6.684608e-03	-7.204562e-03
1.820000e+01	-3.030128e-04	1.984108e-03	-3.011924e-04	7.251897e-03	-6.734153e-03
1.825000e+01	-5.420460e-05	2.005853e-03	6.632238e-05	6.797073e-03	-6.366295e-03
1.830000e+01	1.800245e-04	2.142623e-03	2.970998e-04	5.754127e-03	-7.869113e-03
1.835000e+01	4.207535e-04	2.303528e-03	5.585657e-04	6.103003e-03	-8.141001e-03
1.840000e+01	6.761706e-04	2.424315e-03	7.667237e-04	7.828836e-03	-7.253754e-03
1.845000e+01	9.327592e-04	2.491348e-03	9.590371e-04	8.487675e-03	-6.525467e-03
1.850000e+01	1.157088e-03	2.519692e-03	1.173321e-03	8.033897e-03	-6.571548e-03
1.855000e+01	1.307100e-03	2.520590e-03	1.260988e-03	7.211546e-03	-5.876163e-03
1.860000e+01	1.347855e-03	2.486521e-03	1.352366e-03	7.126358e-03	-6.325655e-03
1.865000e+01	1.265076e-03	2.403294e-03	1.122875e-03	7.737804e-03	-5.974535e-03
1.870000e+01	1.071104e-03	2.273026e-03	7.922269e-04	7.772721e-03	-5.664152e-03
1.875000e+01	8.012657e-04	2.126524e-03	6.368423e-04	7.424753e-03	-6.141705e-03
1.880000e+01	5.025355e-04	2.014331e-03	1.973746e-04	6.557815e-03	-5.406075e-03
1.885000e+01	2.192547e-04	1.976323e-03	4.482251e-05	5.844368e-03	-4.663363e-03
1.890000e+01	-1.866389e-05	2.010552e-03	-8.781426e-05	5.876410e-03	-5.071778e-03
1.895000e+01	-2.011283e-04	2.076836e-03	-2.840903e-04	5.848345e-03	-5.420418e-03
1.900000e+01	-3.358181e-04	2.131409e-03	-4.824863e-04	5.177191e-03	-5.991799e-03
1.905000e+01	-4.412945e-04	2.157764e-03	-5.960369e-04	6.142009e-03	-6.012813e-03
1.910000e+01	-5.355780e-04	2.160489e-03	-7.135155e-04	6.723145e-03	-5.571239e-03
1.915000e+01	-6.297742e-04	2.157782e-03	-8.172662e-04	6.302243e-03	-5.991788e-03
1.920000e+01	-7.244755e-04	2.155815e-03	-9.022990e-04	6.071785e-03	-5.963841e-03
1.925000e+01	-8.108747e-04	2.141614e-03	-1.043145e-03	5.165738e-03	-5.644051e-03
1.930000e+01	-8.748563e-04	2.098404e-03	-9.716020e-04	5.862192e-03	-6.390869e-03
1.935000e+01	-9.018071e-04	2.025089e-03	-9.277311e-04	5.844977e-03	-6.448182e-03
1.940000e+01	-8.802776e-04	1.938779e-03	-8.807494e-04	4.899819e-03	-6.268579e-03
1.945000e+01	-8.037482e-04	1.858142e-03	-7.707731e-04	4.092035e-03	-6.327467e-03
1.950000e+01	-6.708867e-04	1.786601e-03	-6.566462e-04	4.045316e-03	-5.700141e-03
1.955000e+01	-4.852604e-04	1.717427e-03	-3.877465e-04	4.250407e-03	-4.984878e-03
1.960000e+01	-2.552871e-04	1.655892e-03	-1.779777e-04	4.131592e-03	-4.995755e-03
1.965000e+01	5.486707e-06	1.629524e-03	1.356660e-04	3.953215e-03	-5.045201e-03
1.970000e+01	2.783861e-04	1.667456e-03	4.079441e-04	4.968103e-03	-4.460119e-03
1.975000e+01	5.407273e-04	1.767822e-03	5.536308e-04	6.363928e-03	-4.692234e-03
1.980000e+01	7.684954e-04	1.895359e-03	7.874841e-04	7.056215e-03	-5.060033e-03
1.985000e+01	9.401913e-04	2.007705e-03	9.618966e-04	6.657979e-03	-4.897527e-03
1.990000e+01	1.040689e-03	2.074540e-03	1.134082e-03	5.337046e-03	-4.147817e-03
1.995000e+01	1.063683e-03	2.079924e-03	1.170442e-03	5.444129e-03	-4.174344e-03
2.000000e+01	1.011777e-03	2.019592e-03	1.052531e-03	5.382543e-03	-5.150351e-03
