# k	<chi>	std	chi_median	chi_max	chi_min
0.000000e+00	-3.902093e-02	1.839392e-01	0.000000e+00	3.290796e-01	-6.167122e-01
5.000000e-02	-7.651446e-02	2.387329e-01	-6.229067e-02	3.315978e-01	-6.256327e-01
1.000000e-01	-8.991036e-02	2.366196e-01	-7.440186e-02	3.115519e-01	-6.334224e-01
1.500000e-01	-1.302302e-01	2.297624e-01	-1.104008e-01	2.505346e-01	-6.555865e-01
2.000000e-01	-1.708970e-01	2.222458e-01	-1.505997e-01	1.930164e-01	-6.763717e-01
2.500000e-01	-2.380852e-01	2.083832e-01	-2.188593e-01	1.024894e-01	-7.070591e-01
3.000000e-01	-3.048697e-01	1.931608e-01	-2.889419e-01	1.390938e-02	-7.335897e-01
3.500000e-01	-3.939596e-01	1.703573e-01	-3.809487e-01	-8.226770e-02	-7.675658e-01
4.000000e-01	-4.788418e-01	1.463521e-01	-4.669142e-01	-1.814579e-01	-7.985750e-01
4.500000e-01	-5.752958e-01	1.158636e-01	-5.664897e-01	-3.062839e-01	-8.449415e-01
5.000000e-01	-6.595005e-01	8.733558e-02	-6.513548e-01	-4.280984e-01	-9.025185e-01
5.500000e-01	-7.382226e-01	6.152828e-02	-7.402929e-01	-5.615705e-01	-9.438541e-01
6.000000e-01	-7.940588e-01	5.449156e-02	-7.949114e-01	-6.618239e-01	-9.578665e-01
6.500000e-01	-8.258775e-01	6.939510e-02	-8.240684e-01	-6.340600e-01	-9.888008e-01
7.000000e-01	-8.269329e-01	9.111803e-02	-8.310594e-01	-5.670152e-01	-1.022464e+00
7.500000e-01	-7.923787e-01	1.111632e-01	-7.930207e-01	-4.791047e-01	-1.005184e+00
8.000000e-01	-7.289802e-01	1.233590e-01	-7.252162e-01	-3.891707e-01	-9.539828e-01
8.500000e-01	-6.334066e-01	1.262524e-01	-6.271411e-01	-2.951975e-01	-8.551012e-01
9.000000e-01	-5.245152e-01	1.198474e-01	-5.205229e-01	-2.156654e-01	-7.568251e-01
9.500000e-01	-4.034108e-01	1.040222e-01	-4.067418e-01	-1.436298e-01	-6.282005e-01
1.000000e+00	-2.934959e-01	8.361241e-02	-3.024229e-01	-9.456130e-02	-4.860447e-01
1.050000e+00	-1.982301e-01	6.088869e-02	-2.060486e-01	-6.510202e-02	-3.356768e-01
1.100000e+00	-1.339747e-01	4.471090e-02	-1.340078e-01	-1.041701e-02	-2.173726e-01
1.150000e+00	-1.009219e-01	3.946619e-02	-1.009533e-01	7.682869e-03	-1.949070e-01
1.200000e+00	-9.912582e-02	4.199249e-02	-9.716482e-02	-2.680236e-03	-1.968220e-01
1.250000e+00	-1.216042e-01	4.321383e-02	-1.201593e-01	-2.294432e-02	-2.198073e-01
1.300000e+00	-1.527336e-01	3.963675e-02	-1.506860e-01	-3.704491e-02	-2.362638e-01
1.350000e+00	-1.811675e-01	3.313605e-02	-1.801003e-01	-7.303607e-02	-2.555255e-01
1.400000e+00	-1.881327e-01	2.981607e-02	-1.862280e-01	-1.029784e-01	-2.625365e-01
1.450000e+00	-1.668099e-01	3.403967e-02	-1.704926e-01	-6.312465e-02	-2.464800e-01
1.500000e+00	-1.115995e-01	3.988374e-02	-1.185818e-01	1.853366e-02	-1.961833e-01
1.550000e+00	-2.744731e-02	4.269560e-02	-3.193476e-02	1.106065e-01	-1.041362e-01
1.600000e+00	7.166597e-02	3.917628e-02	6.832323e-02	1.946617e-01	6.591212e-03
1.650000e+00	1.722325e-01	3.082149e-02	1.693735e-01	2.609363e-01	1.039993e-01
1.700000e+00	2.513071e-01	2.213780e-02	2.516373e-01	3.062308e-01	1.896588e-01
1.750000e+00	2.997455e-01	2.065825e-02	2.979753e-01	3.548149e-01	2.511457e-01
1.800000e+00	3.051393e-01	2.554892e-02	3.083281e-01	3.650634e-01	2.490985e-01
1.850000e+00	2.731829e-01	3.004631e-02	2.811301e-01	3.273564e-01	1.976789e-01
1.900000e+00	2.111969e-01	2.989094e-02	2.185025e-01	2.532146e-01	1.285869e-01
1.950000e+00	1.359216e-01	2.615454e-02	1.424295e-01	1.776898e-01	6.196287e-02
2.000000e+00	6.398983e-02	2.070248e-02	6.539855e-02	1.067943e-01	7.983380e-03
2.050000e+00	8.222042e-03	1.619533e-02	8.519218e-03	4.469977e-02	-3.835677e-02
2.100000e+00	-2.104455e-02	1.369289e-02	-2.297784e-02	1.135696e-02	-6.180095e-02
2.150000e+00	-2.524902e-02	1.181437e-02	-2.712285e-02	4.123567e-03	-5.791632e-02
2.200000e+00	-1.374899e-02	9.894975e-03	-1.424157e-02	1.396850e-02	-3.784518e-02
2.250000e+00	-9.183915e-05	9.415529e-03	-1.608778e-03	2.860598e-02	-1.833914e-02
2.300000e+00	1.203883e-02	8.373028e-03	1.015374e-02	3.661192e-02	-2.223181e-03
2.350000e+00	1.839442e-02	6.771199e-03	1.804982e-02	3.540166e-02	4.960427e-03
2.400000e+00	1.822175e-02	6.170880e-03	1.910426e-02	3.132156e-02	5.905351e-03
2.450000e+00	1.758565e-02	6.868647e-03	1.842627e-02	3.111753e-02	2.827974e-03
2.500000e+00	1.400790e-02	7.486985e-03	1.361439e-02	2.704154e-02	-2.921242e-03
2.550000e+00	8.960800e-03	7.377221e-03	8.424299e-03	2.231940e-02	-7.462969e-03
2.600000e+00	3.918347e-03	6.571440e-03	3.681662e-03	1.634819e-02	-1.008465e-02
2.650000e+00	-1.636574e-03	5.579356e-03	-1.347438e-03	1.020183e-02	-1.475634e-02
2.700000e+00	-6.133320e-03	4.753605e-03	-6.305336e-03	5.359055e-03	-1.739692e-02
2.750000e+00	-9.207240e-03	4.383244e-03	-8.795046e-03	1.287809e-03	-1.836206e-02
2.800000e+00	-1.095127e-02	4.287032e-03	-1.094224e-02	-1.659732e-03	-1.973591e-02
2.850000e+00	-1.264041e-02	4.249226e-03	-1.271841e-02	-3.306464e-03	-2.227248e-02
2.900000e+00	-1.335358e-02	3.924477e-03	-1.282842e-02	-5.428062e-03	-2.271853e-02
2.950000e+00	-1.369222e-02	3.452105e-03	-1.361831e-02	-6.256553e-03	-2.208990e-02
3.000000e+00	-1.413429e-02	3.170256e-03	-1.382156e-02	-6.342331e-03	-2.139029e-02
3.050000e+00	-1.500321e-02	3.243749e-03	-1.510376e-02	-7.049468e-03	-2.222773e-02
3.100000e+00	-1.619768e-02	3.412805e-03	-1.636187e-02	-8.966430e-03	-2.450826e-02
3.150000e+00	-1.736188e-02	3.304001e-03	-1.726941e-02	-1.027732e-02	-2.560873e-02
3.200000e+00	-1.788796e-02	2.897361e-03	-1.737149e-02	-1.000271e-02	-2.481066e-02
3.250000e+00	-1.709561e-02	2.516383e-03	-1.712612e-02	-9.647266e-03	-2.298108e-02
3.300000e+00	-1.411218e-02	2.551011e-03	-1.419775e-02	-8.408994e-03	-2.030420e-02
3.350000e+00	-8.814514e-03	2.847077e-03	-8.682455e-03	-1.412773e-03	-1.596987e-02
3.400000e+00	-1.659783e-03	2.983760e-03	-1.863995e-03	6.965751e-03	-8.629285e-03
3.450000e+00	7.122059e-03	2.887888e-03	6.961875e-03	1.674751e-02	1.410979e-03
3.500000e+00	1.553753e-02	2.744194e-03	1.548197e-02	2.483143e-02	9.826599e-03
3.550000e+00	2.205449e-02	2.845390e-03	2.210046e-02	2.966639e-02	1.550323e-02
3.600000e+00	2.552043e-02	3.108016e-03	2.547303e-02	3.153433e-02	1.883522e-02
3.650000e+00	2.573349e-02	3.146844e-03	2.557389e-02	3.226125e-02	1.932526e-02
3.700000e+00	2.217260e-02	2.911447e-03	2.221037e-02	2.900541e-02	1.493955e-02
3.750000e+00	1.563671e-02	2.639093e-03	1.583340e-02	2.263681e-02	6.586895e-03
3.800000e+00	7.380922e-03	2.658983e-03	7.776193e-03	1.352300e-02	-2.251369e-03
3.850000e+00	-1.324261e-03	2.985975e-03	-1.094887e-03	4.698390e-03	-1.046110e-02
3.900000e+00	-9.372080e-03	3.245068e-03	-9.395627e-03	-2.459746e-03	-1.795741e-02
3.950000e+00	-1.580851e-02	3.145935e-03	-1.592154e-02	-8.680837e-03	-2.267660e-02
4.000000e+00	-2.009598e-02	2.691724e-03	-2.027247e-02	-1.281127e-02	-2.494539e-02
4.050000e+00	-2.232531e-02	2.193485e-03	-2.250799e-02	-1.541697e-02	-2.676093e-02
4.100000e+00	-2.239231e-02	1.969941e-03	-2.252006e-02	-1.719798e-02	-2.652180e-02
4.150000e+00	-2.048271e-02	2.234805e-03	-2.052045e-02	-1.503978e-02	-2.639511e-02
4.200000e+00	-1.688749e-02	2.780018e-03	-1.681192e-02	-9.082246e-03	-2.309989e-02
4.250000e+00	-1.232503e-02	3.345249e-03	-1.179717e-02	-2.961064e-03	-1.945111e-02
4.300000e+00	-6.901094e-03	3.797275e-03	-6.202569e-03	3.484517e-03	-1.620904e-02
4.350000e+00	-1.149776e-03	4.042278e-03	-8.434500e-04	9.477355e-03	-1.133786e-02
4.400000e+00	4.348437e-03	4.050784e-03	4.696581e-03	1.502159e-02	-5.578474e-03
4.450000e+00	8.853984e-03	3.923345e-03	9.119796e-03	1.869990e-02	-1.370070e-04
4.500000e+00	1.220279e-02	3.847536e-03	1.244883e-02	2.206869e-02	2.446563e-03
4.550000e+00	1.427278e-02	3.932906e-03	1.444836e-02	2.395938e-02	3.686216e-03
4.600000e+00	1.522949e-02	4.066507e-03	1.532388e-02	2.475415e-02	4.674328e-03
4.650000e+00	1.535976e-02	4.063404e-03	1.553810e-02	2.481028e-02	5.509835e-03
4.700000e+00	1.529496e-02	3.812482e-03	1.526078e-02	2.491518e-02	6.819549e-03
4.750000e+00	1.548800e-02	3.405962e-03	1.546214e-02	2.570550e-02	9.004633e-03
4.800000e+00	1.617073e-02	3.107015e-03	1.570332e-02	2.682629e-02	9.954616e-03
4.850000e+00	1.724736e-02	3.177912e-03	1.675820e-02	2.998711e-02	1.131197e-02
4.900000e+00	1.846596e-02	3.639689e-03	1.825304e-02	3.173837e-02	8.298915e-03
4.950000e+00	1.930495e-02	4.339170e-03	1.893635e-02	3.139921e-02	5.488774e-03
5.000000e+00	1.920448e-02	5.112471e-03	1.892439e-02	3.210022e-02	3.121701e-03
5.050000e+00	1.773207e-02	5.814771e-03	1.788572e-02	3.306642e-02	1.293053e-03
5.100000e+00	1.467937e-02	6.369966e-03	1.532659e-02	3.106436e-02	-1.116004e-04
5.150000e+00	1.004725e-02	6.750232e-03	1.076292e-02	2.685833e-02	-7.135115e-03
5.200000e+00	4.037041e-03	6.998362e-03	4.689892e-03	2.036941e-02	-1.405829e-02
5.250000e+00	-2.972890e-03	7.143198e-03	-2.393655e-03	1.537062e-02	-2.135552e-02
5.300000e+00	-1.058680e-02	7.164241e-03	-1.013738e-02	8.438803e-03	-2.712974e-02
5.350000e+00	-1.839771e-02	7.008894e-03	-1.835319e-02	-4.154237e-04	-3.324017e-02
5.400000e+00	-2.596888e-02	6.751595e-03	-2.601181e-02	-1.048695e-02	-4.142378e-02
5.450000e+00	-3.264737e-02	6.620988e-03	-3.177154e-02	-1.989761e-02	-4.722239e-02
5.500000e+00	-3.796075e-02	6.840657e-03	-3.709389e-02	-2.225910e-02	-5.065501e-02
5.550000e+00	-4.129764e-02	7.195563e-03	-4.129371e-02	-2.304035e-02	-5.456714e-02
5.600000e+00	-4.209146e-02	7.206797e-03	-4.321213e-02	-2.204055e-02	-5.433296e-02
5.650000e+00	-3.984073e-02	6.597028e-03	-4.048502e-02	-2.199958e-02	-5.389564e-02
5.700000e+00	-3.468069e-02	5.792655e-03	-3.508136e-02	-1.961661e-02	-5.064180e-02
5.750000e+00	-2.700438e-02	6.014426e-03	-2.735050e-02	-1.199089e-02	-4.305223e-02
5.800000e+00	-1.758915e-02	7.800903e-03	-1.792178e-02	5.115807e-04	-3.918232e-02
5.850000e+00	-7.384461e-03	1.006518e-02	-7.190525e-03	1.556489e-02	-3.335826e-02
5.900000e+00	2.481316e-03	1.175501e-02	3.236946e-03	2.795821e-02	-2.510769e-02
5.950000e+00	1.122932e-02	1.235377e-02	1.211933e-02	3.640570e-02	-1.583713e-02
6.000000e+00	1.847620e-02	1.182409e-02	1.883555e-02	4.308221e-02	-1.019031e-02
6.050000e+00	2.421203e-02	1.046071e-02	2.431718e-02	4.772231e-02	-3.078070e-03
6.100000e+00	2.869958e-02	8.909055e-03	2.918938e-02	4.962044e-02	3.213786e-03
6.150000e+00	3.228134e-02	7.763866e-03	3.230214e-02	4.920325e-02	9.272399e-03
6.200000e+00	3.508777e-02	7.295556e-03	3.562683e-02	5.279710e-02	1.697579e-02
6.250000e+00	3.689033e-02	7.336368e-03	3.700824e-02	5.794950e-02	2.315847e-02
6.300000e+00	3.712715e-02	7.598857e-03	3.739649e-02	6.329042e-02	2.216936e-02
6.350000e+00	3.510846e-02	7.941789e-03	3.549253e-02	6.436988e-02	1.655048e-02
6.400000e+00	3.033498e-02	8.342565e-03	3.029040e-02	5.907509e-02	8.633993e-03
6.450000e+00	2.280974e-02	8.803368e-03	2.257071e-02	4.784252e-02	-9.709415e-05
6.500000e+00	1.321321e-02	9.315668e-03	1.370237e-02	3.240181e-02	-1.250120e-02
6.550000e+00	2.771726e-03	9.822947e-03	3.925910e-03	2.379467e-02	-2.547900e-02
6.600000e+00	-6.714024e-03	1.031342e-02	-6.519020e-03	1.576296e-02	-3.514923e-02
6.650000e+00	-1.372575e-02	1.070040e-02	-1.333739e-02	9.668835e-03	-4.202213e-02
6.700000e+00	-1.734895e-02	1.086753e-02	-1.662215e-02	9.510827e-03	-4.655681e-02
6.750000e+00	-1.758021e-02	1.070713e-02	-1.803931e-02	9.650976e-03	-4.433157e-02
6.800000e+00	-1.535900e-02	1.017219e-02	-1.684700e-02	9.096841e-03	-3.714898e-02
6.850000e+00	-1.229582e-02	9.325596e-03	-1.217451e-02	7.865160e-03	-3.229829e-02
6.900000e+00	-1.017235e-02	8.360389e-03	-9.415605e-03	7.173031e-03	-3.145103e-02
6.950000e+00	-1.037085e-02	7.544497e-03	-9.011303e-03	3.962709e-03	-3.024862e-02
7.000000e+00	-1.341815e-02	7.055380e-03	-1.277993e-02	2.096380e-03	-2.995377e-02
7.050000e+00	-1.882059e-02	6.817685e-03	-1.809227e-02	-2.703113e-03	-3.354224e-02
7.100000e+00	-2.510079e-02	6.664723e-03	-2.457084e-02	-8.964144e-03	-3.976176e-02
7.150000e+00	-3.031052e-02	6.609584e-03	-2.959895e-02	-1.459736e-02	-4.516699e-02
7.200000e+00	-3.261774e-02	6.998560e-03	-3.309558e-02	-1.508649e-02	-4.774576e-02
7.250000e+00	-3.085390e-02	8.168305e-03	-3.143691e-02	-1.133849e-02	-4.817363e-02
7.300000e+00	-2.484270e-02	9.952919e-03	-2.628989e-02	-4.683865e-04	-5.009512e-02
7.350000e+00	-1.541629e-02	1.180334e-02	-1.640237e-02	1.131435e-02	-4.756497e-02
7.400000e+00	-4.132453e-03	1.317338e-02	-4.169580e-03	2.878694e-02	-4.050594e-02
7.450000e+00	7.196699e-03	1.373105e-02	7.473620e-03	4.398345e-02	-2.994603e-02
7.500000e+00	1.699947e-02	1.344736e-02	1.678093e-02	5.368505e-02	-1.748555e-02
7.550000e+00	2.429173e-02	1.254633e-02	2.512652e-02	5.669878e-02	-8.085521e-03
7.600000e+00	2.877564e-02	1.149781e-02	2.904275e-02	5.420483e-02	1.797073e-03
7.650000e+00	3.082521e-02	1.059631e-02	3.069689e-02	5.234303e-02	5.977152e-03
7.700000e+00	3.110960e-02	9.827094e-03	2.996906e-02	5.322113e-02	7.219554e-03
7.750000e+00	3.023980e-02	9.099700e-03	2.989865e-02	4.989876e-02	1.134932e-02
7.800000e+00	2.851729e-02	8.650101e-03	2.827544e-02	4.448806e-02	5.557486e-03
7.850000e+00	2.587235e-02	8.981430e-03	2.614795e-02	4.543092e-02	1.160467e-04
7.900000e+00	2.199910e-02	1.016131e-02	2.096117e-02	4.356604e-02	-4.896380e-03
7.950000e+00	1.661596e-02	1.162429e-02	1.505692e-02	4.364609e-02	-1.038768e-02
8.000000e+00	9.734023e-03	1.281245e-02	8.140539e-03	4.046507e-02	-1.820850e-02
8.050000e+00	1.805262e-03	1.352211e-02	9.270477e-04	3.512639e-02	-2.787614e-02
8.100000e+00	-6.225991e-03	1.389303e-02	-7.464963e-03	2.821663e-02	-3.580199e-02
8.150000e+00	-1.323228e-02	1.400854e-02	-1.424538e-02	1.942907e-02	-4.210553e-02
8.200000e+00	-1.819109e-02	1.372545e-02	-1.835391e-02	1.297701e-02	-5.105206e-02
8.250000e+00	-2.050432e-02	1.281604e-02	-1.964255e-02	8.874498e-03	-5.461147e-02
8.300000e+00	-2.019463e-02	1.130931e-02	-2.004923e-02	5.470187e-03	-5.613235e-02
8.350000e+00	-1.790618e-02	9.760293e-03	-1.825971e-02	1.061242e-02	-4.838675e-02
8.400000e+00	-1.470638e-02	9.139482e-03	-1.481591e-02	1.243800e-02	-4.142461e-02
8.450000e+00	-1.175479e-02	9.850104e-03	-1.062047e-02	1.049167e-02	-4.457443e-02
8.500000e+00	-9.948853e-03	1.109990e-02	-9.373202e-03	1.414641e-02	-4.452418e-02
8.550000e+00	-9.681367e-03	1.189675e-02	-9.264998e-03	2.354730e-02	-4.167838e-02
8.600000e+00	-1.068246e-02	1.180155e-02	-1.110492e-02	2.591633e-02	-4.079301e-02
8.650000e+00	-1.217038e-02	1.089008e-02	-1.258398e-02	2.339145e-02	-4.041725e-02
8.700000e+00	-1.312300e-02	9.753024e-03	-1.319335e-02	1.635441e-02	-3.670971e-02
8.750000e+00	-1.261509e-02	9.392680e-03	-1.243993e-02	1.065088e-02	-3.590287e-02
8.800000e+00	-1.011135e-02	1.039865e-02	-9.274275e-03	1.530402e-02	-3.692633e-02
8.850000e+00	-5.628418e-03	1.213190e-02	-6.363982e-03	2.535028e-02	-3.344948e-02
8.900000e+00	2.739175e-04	1.351987e-02	-7.214089e-04	3.449808e-02	-3.103597e-02
8.950000e+00	6.657367e-03	1.389107e-02	6.544833e-03	4.020377e-02	-2.615211e-02
9.000000e+00	1.246546e-02	1.315985e-02	1.261883e-02	4.254504e-02	-1.919688e-02
9.050000e+00	1.681843e-02	1.179494e-02	1.736253e-02	4.504190e-02	-1.072148e-02
9.100000e+00	1.914086e-02	1.058735e-02	1.865354e-02	4.777379e-02	-2.632522e-03
9.150000e+00	1.935991e-02	1.004683e-02	1.963565e-02	4.490225e-02	-4.239759e-03
9.200000e+00	1.782565e-02	9.953500e-03	1.772720e-02	3.785800e-02	-1.294724e-02
9.250000e+00	1.516438e-02	9.866847e-03	1.649673e-02	3.149278e-02	-1.670249e-02
9.300000e+00	1.208123e-02	9.836294e-03	1.350149e-02	3.054936e-02	-1.471030e-02
9.350000e+00	9.172014e-03	1.030808e-02	9.539577e-03	3.526961e-02	-1.555247e-02
9.400000e+00	6.792440e-03	1.138023e-02	5.661634e-03	3.799994e-02	-1.574048e-02
9.450000e+00	5.010713e-03	1.250991e-02	2.125253e-03	3.844446e-02	-1.572179e-02
9.500000e+00	3.644054e-03	1.304679e-02	7.750227e-04	3.799669e-02	-1.609574e-02
9.550000e+00	2.344706e-03	1.270018e-02	5.630825e-04	3.466915e-02	-2.132333e-02
9.600000e+00	7.664416e-04	1.162558e-02	2.358152e-04	2.662036e-02	-2.453705e-02
9.650000e+00	-1.340429e-03	1.032925e-02	1.466486e-04	2.228082e-02	-2.561275e-02
9.700000e+00	-4.038042e-03	9.380392e-03	-4.000409e-03	1.777625e-02	-2.489496e-02
9.750000e+00	-7.172468e-03	9.037379e-03	-7.557341e-03	1.427729e-02	-2.371165e-02
9.800000e+00	-1.040330e-02	9.133215e-03	-1.128070e-02	1.080900e-02	-3.108915e-02
9.850000e+00	-1.328001e-02	9.385950e-03	-1.405007e-02	5.477665e-03	-3.724417e-02
9.900000e+00	-1.534382e-02	9.631384e-03	-1.472538e-02	1.626571e-03	-4.050023e-02
9.950000e+00	-1.622960e-02	9.766174e-03	-1.518260e-02	9.573118e-04	-4.581739e-02
1.000000e+01	-1.574409e-02	9.678382e-03	-1.595617e-02	2.254190e-03	-4.803926e-02
1.005000e+01	-1.390634e-02	9.357006e-03	-1.471247e-02	5.548835e-03	-4.378824e-02
1.010000e+01	-1.090551e-02	9.072989e-03	-1.163797e-02	9.350072e-03	-3.498371e-02
1.015000e+01	-7.117964e-03	9.335314e-03	-7.644359e-03	1.414730e-02	-3.589325e-02
1.020000e+01	-3.005896e-03	1.031904e-02	-3.375777e-03	2.456373e-02	-3.438745e-02
1.025000e+01	9.695046e-04	1.147931e-02	1.039436e-03	3.257038e-02	-2.999799e-02
1.030000e+01	4.423387e-03	1.201417e-02	3.995006e-03	3.658286e-02	-2.400631e-02
1.035000e+01	7.094898e-03	1.143119e-02	6.481096e-03	3.579005e-02	-1.826924e-02
1.040000e+01	8.860921e-03	9.851248e-03	8.144258e-03	3.198191e-02	-1.591254e-02
1.045000e+01	9.720503e-03	8.203013e-03	9.382208e-03	2.718263e-02	-1.182268e-02
1.050000e+01	9.762687e-03	7.919350e-03	8.953364e-03	2.757243e-02	-7.208592e-03
1.055000e+01	9.132763e-03	9.084064e-03	8.921360e-03	3.160926e-02	-8.112308e-03
1.060000e+01	8.008015e-03	1.022559e-02	6.872434e-03	3.396767e-02	-1.307587e-02
1.065000e+01	6.585809e-03	1.032967e-02	5.690196e-03	3.327459e-02	-1.629363e-02
1.070000e+01	5.078224e-03	9.360587e-03	4.396362e-03	2.886719e-02	-1.809372e-02
1.075000e+01	3.702486e-03	8.160553e-03	2.816165e-03	2.212857e-02	-1.576407e-02
1.080000e+01	2.657770e-03	7.967651e-03	1.273342e-03	2.219657e-02	-1.499112e-02
1.085000e+01	2.086337e-03	8.939095e-03	1.399110e-03	2.435317e-02	-1.827473e-02
1.090000e+01	2.027422e-03	9.986654e-03	2.638399e-03	2.648354e-02	-2.113164e-02
1.095000e+01	2.381047e-03	1.030513e-02	2.806701e-03	2.801673e-02	-2.259128e-02
1.100000e+01	2.901508e-03	9.853512e-03	2.520220e-03	2.823797e-02	-2.053083e-02
1.105000e+01	3.232061e-03	9.172383e-03	2.913795e-03	2.631039e-02	-1.519914e-02
1.110000e+01	2.987049e-03	8.872337e-03	2.842514e-03	2.153903e-02	-1.864896e-02
1.115000e+01	1.858799e-03	9.026957e-03	2.113575e-03	2.291024e-02	-2.292715e-02
1.120000e+01	-2.716709e-04	9.152004e-03	9.596884e-04	2.225659e-02	-2.385363e-02
1.125000e+01	-3.260559e-03	8.854458e-03	-2.895582e-03	1.729126e-02	-2.334411e-02
1.130000e+01	-6.693638e-03	8.215044e-03	-5.836895e-03	1.238268e-02	-2.844278e-02
1.135000e+01	-9.957207e-03	7.707078e-03	-8.961680e-03	5.434409e-03	-3.118558e-02
1.140000e+01	-1.237565e-02	7.719213e-03	-1.158970e-02	8.029870e-03	-3.120603e-02
1.145000e+01	-1.338112e-02	8.076075e-03	-1.316938e-02	1.182229e-02	-3.354843e-02
1.150000e+01	-1.266796e-02	8.306077e-03	-1.325174e-02	1.264769e-02	-3.147405e-02
1.155000e+01	-1.028553e-02	8.197184e-03	-1.155178e-02	1.113952e-02	-2.661170e-02
1.160000e+01	-6.639638e-03	7.947909e-03	-7.408751e-03	1.029962e-02	-2.520909e-02
1.165000e+01	-2.398791e-03	7.913415e-03	-2.382884e-03	1.804500e-02	-2.250752e-02
1.170000e+01	1.670141e-03	8.155585e-03	1.882016e-03	2.572292e-02	-1.932335e-02
1.175000e+01	4.890666e-03	8.339122e-03	5.476320e-03	2.958461e-02	-1.512330e-02
1.180000e+01	6.836264e-03	8.107802e-03	7.399037e-03	2.866752e-02	-1.056697e-02
1.185000e+01	7.416198e-03	7.411771e-03	7.626493e-03	2.605549e-02	-1.204730e-02
1.190000e+01	6.865604e-03	6.585027e-03	6.457124e-03	2.502845e-02	-1.367214e-02
1.195000e+01	5.647043e-03	6.181295e-03	5.642630e-03	2.181049e-02	-1.344077e-02
1.200000e+01	4.296994e-03	6.468922e-03	3.948999e-03	1.780589e-02	-1.161747e-02
1.205000e+01	3.281385e-03	7.138236e-03	2.954270e-03	1.903443e-02	-1.120230e-02
1.210000e+01	2.836166e-03	7.680344e-03	2.051507e-03	1.957705e-02	-1.395836e-02
1.215000e+01	2.950866e-03	7.818987e-03	1.239344e-03	2.363250e-02	-1.452552e-02
1.220000e+01	3.400642e-03	7.513607e-03	1.904119e-03	2.657111e-02	-1.263897e-02
1.225000e+01	3.848053e-03	6.900931e-03	2.987195e-03	2.752980e-02	-9.507907e-03
1.230000e+01	3.968922e-03	6.246375e-03	3.734971e-03	2.590820e-02	-1.039602e-02
1.235000e+01	3.560089e-03	5.856892e-03	3.093637e-03	2.181100e-02	-1.171316e-02
1.240000e+01	2.596666e-03	5.899184e-03	2.314529e-03	1.642227e-02	-1.166116e-02
1.245000e+01	1.225608e-03	6.275900e-03	1.210680e-03	1.691380e-02	-1.295892e-02
1.250000e+01	-2.959438e-04	6.752160e-03	-2.246581e-04	1.729307e-02	-1.579295e-02
1.255000e+01	-1.692076e-03	7.121904e-03	-2.108670e-03	1.544349e-02	-1.745572e-02
1.260000e+01	-2.756462e-03	7.244960e-03	-3.336386e-03	1.556617e-02	-1.891043e-02
1.265000e+01	-3.408576e-03	7.050984e-03	-3.997215e-03	1.665382e-02	-2.132850e-02
1.270000e+01	-3.701536e-03	6.585261e-03	-4.125259e-03	1.528896e-02	-2.054360e-02
1.275000e+01	-3.782600e-03	6.057869e-03	-4.570911e-03	1.325596e-02	-1.736971e-02
1.280000e+01	-3.823218e-03	5.772197e-03	-4.505806e-03	1.153656e-02	-1.699977e-02
1.285000e+01	-3.945054e-03	5.855826e-03	-3.680907e-03	1.076899e-02	-1.906462e-02
1.290000e+01	-4.168694e-03	6.110630e-03	-3.631607e-03	9.889048e-03	-2.080288e-02
1.295000e+01	-4.402964e-03	6.271308e-03	-4.122420e-03	8.803635e-03	-2.227249e-02
1.300000e+01	-4.478089e-03	6.271419e-03	-4.195707e-03	1.101685e-02	-2.142906e-02
1.305000e+01	-4.213629e-03	6.235207e-03	-4.297762e-03	1.341470e-02	-1.877339e-02
1.310000e+01	-3.480348e-03	6.229304e-03	-3.788818e-03	1.385292e-02	-1.723807e-02
1.315000e+01	-2.265078e-03	6.162429e-03	-2.872531e-03	1.254021e-02	-1.677798e-02
1.320000e+01	-6.836192e-04	5.901031e-03	-1.400540e-03	1.567444e-02	-1.416167e-02
1.325000e+01	1.043928e-03	5.511970e-03	5.628553e-04	1.704183e-02	-1.192991e-02
1.330000e+01	2.652031e-03	5.331279e-03	2.275592e-03	1.643341e-02	-9.765993e-03
1.335000e+01	3.902850e-03	5.637698e-03	4.077097e-03	1.954406e-02	-7.893570e-03
1.340000e+01	4.649134e-03	6.234457e-03	5.106554e-03	2.196512e-02	-7.932839e-03
1.345000e+01	4.866581e-03	6.663189e-03	5.266262e-03	2.205918e-02	-9.140708e-03
1.350000e+01	4.646712e-03	6.624128e-03	5.309579e-03	1.920142e-02	-8.613223e-03
1.355000e+01	4.155235e-03	6.110148e-03	3.963375e-03	1.741363e-02	-7.011749e-03
1.360000e+01	3.572241e-03	5.378426e-03	3.262369e-03	1.793990e-02	-7.695372e-03
1.365000e+01	3.035243e-03	4.833343e-03	2.481924e-03	1.652640e-02	-8.396617e-03
1.370000e+01	2.603082e-03	4.742539e-03	3.149046e-03	1.367617e-02	-8.142540e-03
1.375000e+01	2.249985e-03	4.961762e-03	2.303368e-03	1.328494e-02	-1.048773e-02
1.380000e+01	1.888363e-03	5.132849e-03	1.638446e-03	1.374967e-02	-1.265153e-02
1.385000e+01	1.410244e-03	5.031981e-03	1.242610e-03	1.403963e-02	-1.339662e-02
1.390000e+01	7.328918e-04	4.687808e-03	7.980145e-04	1.298054e-02	-1.280791e-02
1.395000e+01	-1.654475e-04	4.362270e-03	-7.806628e-06	1.075547e-02	-1.200715e-02
1.400000e+01	-1.229596e-03	4.357170e-03	-1.058744e-03	8.400050e-03	-1.341176e-02
1.405000e+01	-2.344866e-03	4.667474e-03	-2.239042e-03	8.716838e-03	-1.463705e-02
1.410000e+01	-3.338974e-03	4.947145e-03	-3.481117e-03	9.946259e-03	-1.531859e-02
1.415000e+01	-4.048957e-03	4.917849e-03	-4.205955e-03	1.067195e-02	-1.844815e-02
1.420000e+01	-4.358741e-03	4.562055e-03	-4.614052e-03	9.640383e-03	-1.944065e-02
1.425000e+01	-4.229368e-03	4.124952e-03	-4.669698e-03	7.422018e-03	-1.840741e-02
1.430000e+01	-3.708450e-03	3.950875e-03	-3.950278e-03	5.764271e-03	-1.581890e-02
1.435000e+01	-2.916700e-03	4.146716e-03	-3.017466e-03	8.452920e-03	-1.394732e-02
1.440000e+01	-2.015685e-03	4.493253e-03	-2.058028e-03	1.023790e-02	-1.610397e-02
1.445000e+01	-1.165958e-03	4.748945e-03	-1.355750e-03	1.068690e-02	-1.627890e-02
1.450000e+01	-4.873400e-04	4.808312e-03	-3.096985e-04	1.207038e-02	-1.439729e-02
1.455000e+01	-3.231141e-05	4.663638e-03	2.699191e-04	1.247768e-02	-1.090605e-02
1.460000e+01	2.204681e-04	4.372793e-03	2.164132e-04	1.145270e-02	-1.000779e-02
1.465000e+01	3.516042e-04	4.089483e-03	3.154213e-04	1.116019e-02	-9.118615e-03
1.470000e+01	4.706891e-04	4.047480e-03	4.709163e-04	1.143789e-02	-7.778158e-03
1.475000e+01	6.799195e-04	4.348735e-03	5.479269e-04	1.145800e-02	-7.039427e-03
1.480000e+01	1.042269e-03	4.797061e-03	6.381236e-04	1.324851e-02	-8.230227e-03
1.485000e+01	1.562541e-03	5.089684e-03	9.875688e-04	1.407099e-02	-8.977200e-03
1.490000e+01	2.185154e-03	5.046667e-03	1.362372e-03	1.335498e-02	-8.220780e-03
1.495000e+01	2.807664e-03	4.673773e-03	2.513737e-03	1.451996e-02	-9.327317e-03
1.500000e+01	3.305401e-03	4.129395e-03	2.952024e-03	1.377594e-02	-8.267864e-03
1.505000e+01	3.566364e-03	3.661853e-03	3.367348e-03	1.447074e-02	-6.718563e-03
1.510000e+01	3.496712e-03	3.488869e-03	3.367661e-03	1.365107e-02	-7.315367e-03
1.515000e+01	3.069662e-03	3.684271e-03	2.895396e-03	1.302092e-02	-7.171585e-03
1.520000e+01	2.323086e-03	4.123484e-03	1.995048e-03	1.357379e-02	-8.943377e-03
1.525000e+01	1.351594e-03	4.580380e-03	1.240147e-03	1.254358e-02	-1.143273e-02
1.530000e+01	2.855383e-04	4.835314e-03	4.591941e-04	1.079209e-02	-1.301254e-02
1.535000e+01	-7.378797e-04	4.750266e-03	-4.360170e-04	1.034067e-02	-1.360587e-02
1.540000e+01	-1.603812e-03	4.331814e-03	-1.349307e-03	8.458676e-03	-1.281984e-02
1.545000e+01	-2.241235e-03	3.771087e-03	-2.305801e-03	6.790228e-03	-1.140382e-02
1.550000e+01	-2.630782e-03	3.405448e-03	-2.916692e-03	6.380573e-03	-9.238383e-03
1.555000e+01	-2.797428e-03	3.459159e-03	-3.279705e-03	8.098732e-03	-1.191530e-02
1.560000e+01	-2.791785e-03	3.762807e-03	-3.276066e-03	9.192828e-03	-1.363911e-02
1.565000e+01	-2.667662e-03	3.987886e-03	-3.185675e-03	8.682069e-03	-1.344903e-02
1.570000e+01	-2.464368e-03	3.951544e-03	-2.944986e-03	7.234973e-03	-1.208622e-02
1.575000e+01	-2.199487e-03	3.662873e-03	-2.633011e-03	7.772593e-03	-1.148681e-02
1.580000e+01	-1.872952e-03	3.291207e-03	-1.754220e-03	8.918708e-03	-1.005745e-02
1.585000e+01	-1.478410e-03	3.093764e-03	-1.330813e-03	9.803316e-03	-8.171190e-03
1.590000e+01	-1.015526e-03	3.211353e-03	-9.998452e-04	9.690342e-03	-8.354676e-03
1.595000e+01	-4.976695e-04	3.507415e-03	-4.161105e-04	8.582390e-03	-8.381477e-03
1.600000e+01	4.736729e-05	3.748487e-03	1.113397e-04	1.057702e-02	-9.458235e-03
1.605000e+01	5.989331e-04	3.821336e-03	5.490506e-04	1.135263e-02	-9.127486e-03
1.610000e+01	1.104392e-03	3.753470e-03	1.022124e-03	1.032444e-02	-8.856950e-03
1.615000e+01	1.519897e-03	3.677340e-03	1.433121e-03	1.096351e-02	-8.882496e-03
1.620000e+01	1.815560e-03	3.678018e-03	2.022489e-03	1.185167e-02	-7.722619e-03
1.625000e+01	1.981341e-03	3.704528e-03	1.948567e-03	1.200193e-02	-7.235569e-03
1.630000e+01	2.026934e-03	3.659565e-03	1.725456e-03	1.131412e-02	-5.993451e-03
1.635000e+01	1.975989e-03	3.535047e-03	1.857219e-03	9.756786e-03	-5.022398e-03
1.640000e+01	1.856789e-03	3.420800e-03	2.287929e-03	9.900392e-03	-6.732907e-03
1.645000e+01	1.692647e-03	3.382286e-03	2.026442e-03	1.083969e-02	-7.729579e-03
1.650000e+01	1.495291e-03	3.368221e-03	1.730152e-03	9.515966e-03	-7.809192e-03
1.655000e+01	1.263434e-03	3.293674e-03	1.397207e-03	9.153696e-03	-7.255670e-03
1.660000e+01	9.868315e-04	3.177996e-03	7.298168e-04	7.856101e-03	-6.526202e-03
1.665000e+01	6.540772e-04	3.153835e-03	5.909852e-04	7.309246e-03	-7.289921e-03
1.670000e+01	2.610509e-04	3.309090e-03	4.800924e-04	6.836176e-03	-9.716836e-03
1.675000e+01	-1.832201e-04	3.550743e-03	2.367326e-04	6.569593e-03	-1.109368e-02
1.680000e+01	-6.553094e-04	3.694510e-03	-4.158318e-04	7.462127e-03	-1.118106e-02
1.685000e+01	-1.120829e-03	3.613647e-03	-1.073810e-03	7.473459e-03	-1.001215e-02
1.690000e+01	-1.540821e-03	3.296978e-03	-1.938095e-03	6.509106e-03	-8.262802e-03
1.695000e+01	-1.878521e-03	2.858915e-03	-2.383468e-03	5.713834e-03	-8.291459e-03
1.700000e+01	-2.104371e-03	2.530601e-03	-2.323986e-03	4.200719e-03	-8.129743e-03
1.705000e+01	-2.203481e-03	2.530554e-03	-2.339257e-03	3.655176e-03	-9.805121e-03
1.710000e+01	-2.161546e-03	2.808180e-03	-2.239515e-03	5.973744e-03	-1.115348e-02
1.715000e+01	-1.979794e-03	3.109750e-03	-2.078269e-03	7.771033e-03	-1.147095e-02
1.720000e+01	-1.669071e-03	3.259470e-03	-1.710790e-03	8.248335e-03	-1.068349e-02
1.725000e+01	-1.249430e-03	3.228702e-03	-1.269167e-03	9.708175e-03	-8.261866e-03
1.730000e+01	-7.496228e-04	3.094503e-03	-8.573451e-04	1.047298e-02	-8.796581e-03
1.735000e+01	-2.057652e-04	2.958234e-03	-1.261829e-04	1.038567e-02	-8.855818e-03
1.740000e+01	3.414381e-04	2.860653e-03	5.131991e-04	9.354296e-03	-8.190711e-03
1.745000e+01	8.509115e-04	2.777764e-03	9.151986e-04	7.772276e-03	-6.822885e-03
1.750000e+01	1.286099e-03	2.703356e-03	1.231945e-03	8.114261e-03	-5.869751e-03
1.755000e+01	1.619263e-03	2.690994e-03	1.473720e-03	8.691850e-03	-5.959473e-03
1.760000e+01	1.833970e-03	2.774682e-03	1.515127e-03	8.709399e-03	-5.710247e-03
1.765000e+01	1.925194e-03	2.878267e-03	1.944007e-03	8.352420e-03	-5.093152e-03
1.770000e+01	1.897378e-03	2.871568e-03	1.780591e-03	8.299397e-03	-5.102572e-03
1.775000e+01	1.761551e-03	2.703751e-03	1.541901e-03	7.583274e-03	-5.116390e-03
1.780000e+01	1.532849e-03	2.485068e-03	1.507661e-03	7.486920e-03	-4.902586e-03
1.785000e+01	1.229315e-03	2.442027e-03	1.395325e-03	7.738058e-03	-4.914788e-03
1.790000e+01	8.719987e-04	2.665133e-03	1.163101e-03	7.340431e-03	-5.621655e-03
1.795000e+01	4.854582e-04	2.969738e-03	9.306942e-04	7.808499e-03	-6.552523e-03
1.800000e+01	9.738082e-05	3.130335e-03	5.250878e-04	8.682797e-03	-8.072559e-03
1.805000e+01	-2.612148e-04	3.065885e-03	-1.060527e-04	8.324452e-03	-8.402287e-03
1.810000e+01	-5.709554e-04	2.839599e-03	-5.526623e-04	6.790892e-03	-7.506719e-03
1.815000e+01	-8.157811e-04	2.629480e-03	-8.969601e-04	5.824259e-03	-6.890340e-03
1.820000e+01	-9.903041e-04	2.590291e-03	-9.685330e-04	5.164196e-03	-6.604410e-03
1.825000e+01	-1.100667e-03	2.698052e-03	-1.157342e-03	6.340849e-03	-7.636202e-03
1.830000e+01	-1.161996e-03	2.794686e-03	-1.274959e-03	6.335722e-03	-8.008226e-03
1.835000e+01	-1.192726e-03	2.757170e-03	-1.394880e-03	6.393591e-03	-7.905393e-03
1.840000e+01	-1.207448e-03	2.575594e-03	-1.246175e-03	5.480265e-03	-8.047046e-03
1.845000e+01	-1.210767e-03	2.353737e-03	-1.178416e-03	3.840736e-03	-6.993278e-03
1.850000e+01	-1.194568e-03	2.254923e-03	-1.162729e-03	3.729972e-03	-6.146556e-03
1.855000e+01	-1.140024e-03	2.358011e-03	-1.158752e-03	4.847473e-03	-7.200693e-03
1.860000e+01	-1.023975e-03	2.563499e-03	-1.025432e-03	5.603611e-03	-8.269241e-03
1.865000e+01	-8.276581e-04	2.712110e-03	-7.730728e-04	6.209364e-03	-9.019627e-03
1.870000e+01	-5.448114e-04	2.713845e-03	-3.310376e-04	5.935639e-03	-8.040710e-03
1.875000e+01	-1.863266e-04	2.575078e-03	-1.837820e-04	5.811203e-03	-7.196691e-03
1.880000e+01	2.201442e-04	2.373421e-03	3.712944e-04	5.938531e-03	-5.981429e-03
1.885000e+01	6.354215e-04	2.203008e-03	8.287756e-04	5.682153e-03	-4.476127e-03
1.890000e+01	1.016981e-03	2.107959e-03	1.097131e-03	5.344317e-03	-3.713183e-03
1.895000e+01	1.327295e-03	2.063308e-03	1.201877e-03	6.678210e-03	-2.831203e-03
1.900000e+01	1.539755e-03	2.028237e-03	1.392661e-03	7.196593e-03	-2.920466e-03
1.905000e+01	1.642170e-03	1.999950e-03	1.593234e-03	6.781839e-03	-3.109667e-03
1.910000e+01	1.631436e-03	1.999321e-03	1.792826e-03	5.726244e-03	-3.489813e-03
1.915000e+01	1.514254e-03	2.042096e-03	1.750306e-03	6.436156e-03	-5.060585e-03
1.920000e+01	1.301823e-03	2.111452e-03	1.456709e-03	7.464313e-03	-6.124725e-03
1.925000e+01	1.007965e-03	2.176828e-03	9.154000e-04	7.583178e-03	-6.582818e-03
1.930000e+01	6.497686e-04	2.223462e-03	5.053203e-04	6.703800e-03	-6.690203e-03
1.935000e+01	2.498163e-04	2.259259e-03	3.488497e-04	5.301063e-03	-6.371432e-03
1.940000e+01	-1.620493e-04	2.296473e-03	-3.988334e-05	5.128183e-03	-5.647608e-03
1.945000e+01	-5.495292e-04	2.327119e-03	-4.031673e-04	5.183763e-03	-6.598374e-03
1.950000e+01	-8.743518e-04	2.318349e-03	-7.105467e-04	5.977100e-03	-7.495426e-03
1.955000e+01	-1.103810e-03	2.237029e-03	-9.908772e-04	5.803783e-03	-7.425245e-03
1.960000e+01	-1.219058e-03	2.087513e-03	-1.268924e-03	4.712884e-03	-6.420727e-03
1.965000e+01	-1.221003e-03	1.937247e-03	-1.232840e-03	4.093923e-03	-5.345397e-03
1.970000e+01	-1.131077e-03	1.890835e-03	-1.202397e-03	3.816221e-03	-5.584881e-03
1.975000e+01	-9.858004e-04	1.984755e-03	-8.880088e-04	4.738552e-03	-5.718662e-03
1.980000e+01	-8.263341e-04	2.128303e-03	-8.891341e-04	5.093157e-03	-5.805857e-03
1.985000e+01	-6.862130e-04	2.198915e-03	-7.373676e-04	4.785357e-03	-4.980333e-03
1.990000e+01	-5.813871e-04	2.147647e-03	-6.833665e-04	5.013182e-03	-5.047129e-03
1.995000e+01	-5.060985e-04	2.034715e-03	-6.855322e-04	4.685382e-03	-5.294387e-03
2.000000e+01	-4.361931e-04	1.994427e-03	-4.173940e-04	4.321604e-03	-4.993353e-03
