# k	<chi>	std	chi_median	chi_max	chi_min
0.000000e+00	3.869337e-02	2.986126e-01	0.000000e+00	7.355923e-01	-4.889664e-01
5.000000e-02	7.669337e-02	4.095527e-01	1.012009e-02	7.173390e-01	-4.895412e-01
1.000000e-01	6.540951e-02	4.008248e-01	-5.323810e-03	6.986001e-01	-4.901703e-01
1.500000e-01	3.115789e-02	3.737697e-01	-5.404744e-02	6.402199e-01	-4.915169e-01
2.000000e-01	-4.130488e-03	3.459351e-01	-1.027764e-01	5.792156e-01	-4.969044e-01
2.500000e-01	-6.341858e-02	2.981442e-01	-1.827963e-01	4.747831e-01	-5.111496e-01
3.000000e-01	-1.239828e-01	2.502332e-01	-2.602748e-01	3.645157e-01	-5.220011e-01
3.500000e-01	-2.068529e-01	1.880769e-01	-3.084630e-01	2.063396e-01	-5.294383e-01
4.000000e-01	-2.898593e-01	1.393327e-01	-3.151383e-01	4.100513e-02	-6.357646e-01
4.500000e-01	-3.888797e-01	1.293773e-01	-3.425611e-01	-1.605848e-01	-7.684981e-01
5.000000e-01	-4.812689e-01	1.777792e-01	-4.901121e-01	-2.194037e-01	-8.881934e-01
5.500000e-01	-5.771297e-01	2.586847e-01	-6.876637e-01	-1.831766e-01	-1.006160e+00
6.000000e-01	-6.550688e-01	3.374652e-01	-8.503720e-01	-1.403280e-01	-1.163072e+00
6.500000e-01	-7.178488e-01	4.108902e-01	-9.835227e-01	-9.403613e-02	-1.284346e+00
7.000000e-01	-7.500632e-01	4.628145e-01	-1.064898e+00	-5.331310e-02	-1.340741e+00
7.500000e-01	-7.488777e-01	4.909019e-01	-1.064499e+00	-1.777419e-02	-1.328069e+00
8.000000e-01	-7.106891e-01	4.893799e-01	-1.002530e+00	8.768907e-03	-1.293746e+00
8.500000e-01	-6.323610e-01	4.553525e-01	-8.793455e-01	2.494453e-02	-1.211506e+00
9.000000e-01	-5.252703e-01	3.946438e-01	-7.107187e-01	2.920182e-02	-1.056505e+00
9.500000e-01	-3.913907e-01	3.073397e-01	-5.063758e-01	3.778445e-02	-8.285338e-01
1.000000e+00	-2.537708e-01	2.091917e-01	-3.006980e-01	4.213066e-02	-5.833950e-01
1.050000e+00	-1.200433e-01	1.074871e-01	-9.850781e-02	5.632830e-02	-3.368617e-01
1.100000e+00	-1.410151e-02	5.342168e-02	-2.504638e-02	1.510040e-01	-1.225430e-01
1.150000e+00	5.667871e-02	1.052174e-01	8.373791e-02	2.559564e-01	-1.548361e-01
1.200000e+00	8.149772e-02	1.584141e-01	1.673032e-01	3.260553e-01	-2.094857e-01
1.250000e+00	6.188332e-02	1.874937e-01	1.758323e-01	3.241599e-01	-2.697568e-01
1.300000e+00	7.275583e-03	1.894497e-01	1.245593e-01	2.654462e-01	-3.189407e-01
1.350000e+00	-6.914598e-02	1.687303e-01	3.374902e-02	1.639998e-01	-3.528419e-01
1.400000e+00	-1.447827e-01	1.348534e-01	-6.685102e-02	6.469942e-02	-3.817168e-01
1.450000e+00	-2.029425e-01	9.674643e-02	-1.528673e-01	7.878776e-05	-3.878915e-01
1.500000e+00	-2.260730e-01	6.633577e-02	-2.050562e-01	-2.645320e-03	-3.594172e-01
1.550000e+00	-2.076259e-01	4.966215e-02	-2.075509e-01	1.666835e-02	-2.994005e-01
1.600000e+00	-1.500598e-01	4.691780e-02	-1.539011e-01	5.469881e-02	-2.268502e-01
1.650000e+00	-6.290127e-02	5.355896e-02	-6.179001e-02	1.058197e-01	-1.503234e-01
1.700000e+00	3.364038e-02	6.546853e-02	4.837831e-02	1.765555e-01	-7.809865e-02
1.750000e+00	1.235591e-01	7.906077e-02	1.580441e-01	2.605756e-01	-7.395293e-03
1.800000e+00	1.868984e-01	8.602731e-02	2.358944e-01	3.237036e-01	5.155569e-02
1.850000e+00	2.176114e-01	8.305729e-02	2.696102e-01	3.351164e-01	8.878937e-02
1.900000e+00	2.118861e-01	6.767312e-02	2.471306e-01	3.043825e-01	1.031587e-01
1.950000e+00	1.795092e-01	4.398927e-02	1.826432e-01	2.469611e-01	1.054288e-01
2.000000e+00	1.310434e-01	2.251111e-02	1.279824e-01	1.779059e-01	7.292136e-02
2.050000e+00	8.130930e-02	2.999252e-02	8.542074e-02	1.605759e-01	-4.973317e-03
2.100000e+00	4.162469e-02	4.722637e-02	2.610702e-02	1.408070e-01	-5.293338e-02
2.150000e+00	1.822509e-02	5.495097e-02	-9.941703e-03	1.198148e-01	-7.851262e-02
2.200000e+00	1.005118e-02	5.213410e-02	-2.183041e-02	1.017432e-01	-7.798554e-02
2.250000e+00	1.152270e-02	4.573306e-02	-1.747073e-02	8.976202e-02	-6.383996e-02
2.300000e+00	1.328886e-02	3.745777e-02	-9.186190e-03	7.881965e-02	-4.540766e-02
2.350000e+00	1.094744e-02	2.989206e-02	-1.857764e-03	6.572637e-02	-3.111575e-02
2.400000e+00	3.639810e-03	2.421989e-02	-3.672865e-03	4.732818e-02	-2.954736e-02
2.450000e+00	-2.533379e-03	1.911359e-02	-4.957689e-03	3.014055e-02	-3.255484e-02
2.500000e+00	-9.066898e-03	1.473598e-02	-6.901585e-03	1.336488e-02	-3.458792e-02
2.550000e+00	-1.462449e-02	1.112692e-02	-1.060140e-02	3.918761e-03	-3.598530e-02
2.600000e+00	-1.803055e-02	8.218275e-03	-1.649971e-02	-2.485023e-03	-3.424715e-02
2.650000e+00	-2.058507e-02	6.403701e-03	-2.110866e-02	-3.327548e-03	-3.385400e-02
2.700000e+00	-2.139392e-02	5.253087e-03	-2.212144e-02	-3.609727e-03	-3.358273e-02
2.750000e+00	-2.042202e-02	4.701033e-03	-2.041431e-02	-5.436459e-03	-3.500429e-02
2.800000e+00	-1.794932e-02	4.517574e-03	-1.766334e-02	-5.419051e-03	-3.271037e-02
2.850000e+00	-1.567631e-02	4.461533e-03	-1.531701e-02	-5.111687e-03	-3.125866e-02
2.900000e+00	-1.253066e-02	4.255401e-03	-1.228650e-02	-3.602884e-03	-2.994269e-02
2.950000e+00	-8.888431e-03	3.984539e-03	-8.510831e-03	-2.483343e-04	-2.615448e-02
3.000000e+00	-5.057460e-03	3.929575e-03	-4.476463e-03	2.832826e-03	-2.103411e-02
3.050000e+00	-1.238130e-03	4.183122e-03	-9.858700e-04	7.947466e-03	-1.875404e-02
3.100000e+00	2.296579e-03	4.715563e-03	2.448217e-03	1.448272e-02	-1.520519e-02
3.150000e+00	5.421742e-03	5.247303e-03	5.529610e-03	2.073726e-02	-1.061417e-02
3.200000e+00	8.093804e-03	5.551404e-03	8.272934e-03	2.500228e-02	-5.476130e-03
3.250000e+00	9.790505e-03	5.555119e-03	1.041397e-02	2.616813e-02	-4.621371e-03
3.300000e+00	1.109877e-02	5.406550e-03	1.214125e-02	2.513295e-02	-3.806852e-03
3.350000e+00	1.223697e-02	5.308470e-03	1.386286e-02	2.502064e-02	-2.649309e-03
3.400000e+00	1.334421e-02	5.382877e-03	1.497387e-02	2.414183e-02	-1.028197e-03
3.450000e+00	1.422454e-02	5.476147e-03	1.543879e-02	2.408252e-02	4.521233e-04
3.500000e+00	1.524481e-02	5.449839e-03	1.642294e-02	2.676236e-02	2.737459e-03
3.550000e+00	1.626568e-02	5.237920e-03	1.681862e-02	2.866460e-02	4.331068e-03
3.600000e+00	1.704461e-02	5.008635e-03	1.692673e-02	3.096574e-02	4.437477e-03
3.650000e+00	1.734615e-02	5.065608e-03	1.732896e-02	3.315673e-02	4.485861e-03
3.700000e+00	1.682188e-02	5.605797e-03	1.682325e-02	3.410291e-02	6.029445e-04
3.750000e+00	1.513756e-02	6.330425e-03	1.551446e-02	3.322267e-02	-4.916236e-03
3.800000e+00	1.203705e-02	6.808298e-03	1.301536e-02	3.099311e-02	-9.514886e-03
3.850000e+00	7.502233e-03	6.933790e-03	7.962461e-03	2.625104e-02	-1.283704e-02
3.900000e+00	1.358220e-03	6.685620e-03	6.912225e-04	1.880015e-02	-1.469772e-02
3.950000e+00	-6.043025e-03	6.397122e-03	-6.561689e-03	1.109946e-02	-1.810210e-02
4.000000e+00	-1.399436e-02	6.387363e-03	-1.359373e-02	1.853465e-03	-2.920322e-02
4.050000e+00	-2.173860e-02	6.694655e-03	-2.019272e-02	-8.425036e-03	-3.849464e-02
4.100000e+00	-2.812444e-02	6.819832e-03	-2.723533e-02	-1.499160e-02	-4.498591e-02
4.150000e+00	-3.199291e-02	6.697634e-03	-3.302025e-02	-1.534260e-02	-4.561751e-02
4.200000e+00	-3.249796e-02	6.900470e-03	-3.372124e-02	-1.531312e-02	-4.557438e-02
4.250000e+00	-2.981442e-02	8.067012e-03	-2.712863e-02	-1.262333e-02	-4.660722e-02
4.300000e+00	-2.389723e-02	1.030560e-02	-2.193553e-02	4.955706e-04	-4.396945e-02
4.350000e+00	-1.570941e-02	1.283208e-02	-1.568066e-02	1.482304e-02	-3.770671e-02
4.400000e+00	-6.665927e-03	1.482925e-02	-8.833021e-03	2.897435e-02	-2.922835e-02
4.450000e+00	1.516270e-03	1.585166e-02	-2.355642e-03	4.031873e-02	-2.148574e-02
4.500000e+00	7.963981e-03	1.579640e-02	3.821412e-03	4.684474e-02	-1.533685e-02
4.550000e+00	1.206419e-02	1.484803e-02	8.631325e-03	4.767678e-02	-1.053018e-02
4.600000e+00	1.390000e-02	1.343307e-02	1.163442e-02	4.354608e-02	-8.683416e-03
4.650000e+00	1.414241e-02	1.211104e-02	1.329147e-02	3.718365e-02	-9.486581e-03
4.700000e+00	1.382097e-02	1.105067e-02	1.453262e-02	3.429672e-02	-1.069347e-02
4.750000e+00	1.383519e-02	1.012252e-02	1.528632e-02	3.257140e-02	-1.070762e-02
4.800000e+00	1.467995e-02	9.032025e-03	1.551183e-02	3.369081e-02	-8.520877e-03
4.850000e+00	1.627700e-02	8.017782e-03	1.633794e-02	3.384381e-02	-3.796777e-03
4.900000e+00	1.808000e-02	8.278084e-03	1.956847e-02	3.213932e-02	-9.213457e-03
4.950000e+00	1.926261e-02	1.128134e-02	2.207700e-02	4.032284e-02	-1.716689e-02
5.000000e+00	1.908758e-02	1.628765e-02	2.025409e-02	5.407415e-02	-2.530965e-02
5.050000e+00	1.722899e-02	2.166835e-02	1.585384e-02	6.564657e-02	-3.294532e-02
5.100000e+00	1.394064e-02	2.611725e-02	9.012727e-03	7.209933e-02	-3.962961e-02
5.150000e+00	9.909532e-03	2.867811e-02	1.700021e-03	7.212457e-02	-4.534542e-02
5.200000e+00	6.018758e-03	2.892233e-02	-4.156285e-03	6.578094e-02	-4.471640e-02
5.250000e+00	2.930644e-03	2.700632e-02	-7.199459e-03	5.381340e-02	-3.786305e-02
5.300000e+00	9.090686e-04	2.375626e-02	-8.463357e-03	4.818411e-02	-3.643744e-02
5.350000e+00	-4.367630e-04	2.022297e-02	-6.922005e-03	4.280536e-02	-3.659390e-02
5.400000e+00	-1.982762e-03	1.718909e-02	-3.944765e-03	3.718879e-02	-3.512230e-02
5.450000e+00	-4.668905e-03	1.464949e-02	-4.577726e-03	3.038142e-02	-3.577673e-02
5.500000e+00	-9.185683e-03	1.227021e-02	-9.642567e-03	2.432339e-02	-3.749867e-02
5.550000e+00	-1.555860e-02	9.820153e-03	-1.603106e-02	1.408186e-02	-4.225599e-02
5.600000e+00	-2.299937e-02	8.030740e-03	-2.330699e-02	1.931962e-03	-5.189097e-02
5.650000e+00	-2.991495e-02	8.821434e-03	-2.860445e-02	-7.047318e-03	-5.873257e-02
5.700000e+00	-3.471914e-02	1.266462e-02	-3.250120e-02	-2.335899e-03	-6.719494e-02
5.750000e+00	-3.601917e-02	1.793139e-02	-3.189299e-02	2.209942e-03	-7.738063e-02
5.800000e+00	-3.316357e-02	2.317515e-02	-2.607160e-02	1.366766e-02	-8.215475e-02
5.850000e+00	-2.637655e-02	2.713994e-02	-1.729741e-02	2.778012e-02	-8.006973e-02
5.900000e+00	-1.705156e-02	2.898196e-02	-6.153581e-03	4.035891e-02	-7.163109e-02
5.950000e+00	-6.951539e-03	2.833515e-02	4.892641e-03	4.828171e-02	-5.781112e-02
6.000000e+00	2.174580e-03	2.552974e-02	1.186818e-02	5.000502e-02	-4.551637e-02
6.050000e+00	9.055813e-03	2.144771e-02	1.650264e-02	4.911170e-02	-3.430894e-02
6.100000e+00	1.324661e-02	1.743637e-02	1.871823e-02	4.549642e-02	-2.601975e-02
6.150000e+00	1.517949e-02	1.449762e-02	1.919524e-02	4.484913e-02	-1.967629e-02
6.200000e+00	1.583821e-02	1.288770e-02	1.863835e-02	4.876992e-02	-1.766043e-02
6.250000e+00	1.632946e-02	1.215615e-02	1.780545e-02	5.161259e-02	-1.471309e-02
6.300000e+00	1.746166e-02	1.157770e-02	1.798496e-02	5.397201e-02	-8.688267e-03
6.350000e+00	1.947454e-02	1.054975e-02	1.916916e-02	5.698450e-02	-4.652250e-03
6.400000e+00	2.199647e-02	9.490939e-03	2.136759e-02	5.465607e-02	-4.944646e-03
6.450000e+00	2.421851e-02	1.110169e-02	2.388337e-02	6.235604e-02	-5.706411e-03
6.500000e+00	2.519945e-02	1.685130e-02	2.172580e-02	7.494715e-02	-1.446190e-02
6.550000e+00	2.416204e-02	2.436708e-02	1.484640e-02	8.359544e-02	-2.636045e-02
6.600000e+00	2.072181e-02	3.095717e-02	6.641015e-03	8.545844e-02	-3.788140e-02
6.650000e+00	1.502102e-02	3.471800e-02	-1.303281e-03	8.378003e-02	-4.561841e-02
6.700000e+00	7.611834e-03	3.468440e-02	-8.558596e-03	7.853515e-02	-4.794418e-02
6.750000e+00	-7.136062e-04	3.100968e-02	-1.337386e-02	6.771395e-02	-4.577504e-02
6.800000e+00	-9.099410e-03	2.493690e-02	-1.630778e-02	5.132860e-02	-4.872522e-02
6.850000e+00	-1.674977e-02	1.854232e-02	-2.009995e-02	3.173352e-02	-4.918821e-02
6.900000e+00	-2.298410e-02	1.415595e-02	-2.492830e-02	1.816927e-02	-5.529974e-02
6.950000e+00	-2.724802e-02	1.269768e-02	-2.760490e-02	9.371091e-03	-5.830443e-02
7.000000e+00	-2.912438e-02	1.254641e-02	-2.854399e-02	1.055795e-02	-5.946076e-02
7.050000e+00	-2.835696e-02	1.225823e-02	-2.738748e-02	8.237968e-03	-5.974385e-02
7.100000e+00	-2.499586e-02	1.228989e-02	-2.458022e-02	4.978295e-03	-5.964211e-02
7.150000e+00	-1.941836e-02	1.369180e-02	-1.817605e-02	1.223567e-02	-6.260614e-02
7.200000e+00	-1.236075e-02	1.639191e-02	-1.054241e-02	2.513355e-02	-6.328571e-02
7.250000e+00	-4.840465e-03	1.935981e-02	-2.437420e-03	3.896608e-02	-6.893126e-02
7.300000e+00	2.030178e-03	2.171809e-02	4.329584e-03	5.048743e-02	-6.941354e-02
7.350000e+00	7.297166e-03	2.308765e-02	1.005753e-02	5.638214e-02	-6.365205e-02
7.400000e+00	1.040471e-02	2.349196e-02	1.490464e-02	5.956660e-02	-5.228547e-02
7.450000e+00	1.133328e-02	2.313517e-02	1.804904e-02	5.727992e-02	-3.868861e-02
7.500000e+00	1.057700e-02	2.216077e-02	1.997255e-02	5.124247e-02	-3.429842e-02
7.550000e+00	8.927431e-03	2.049238e-02	1.626445e-02	4.577085e-02	-3.835704e-02
7.600000e+00	7.300895e-03	1.816162e-02	1.199303e-02	4.251574e-02	-4.091245e-02
7.650000e+00	6.328115e-03	1.536526e-02	9.196560e-03	3.828034e-02	-3.865434e-02
7.700000e+00	6.219604e-03	1.270188e-02	6.493728e-03	3.550292e-02	-3.116862e-02
7.750000e+00	6.759389e-03	1.101094e-02	6.479825e-03	3.835959e-02	-2.761073e-02
7.800000e+00	7.461240e-03	1.074005e-02	7.385249e-03	4.426795e-02	-2.679542e-02
7.850000e+00	7.815662e-03	1.153349e-02	7.557726e-03	4.501883e-02	-2.279680e-02
7.900000e+00	7.520243e-03	1.286337e-02	6.361454e-03	5.051877e-02	-2.432412e-02
7.950000e+00	6.595405e-03	1.447376e-02	4.120848e-03	5.694203e-02	-2.890091e-02
8.000000e+00	5.338905e-03	1.617793e-02	1.777510e-03	5.910835e-02	-3.130685e-02
8.050000e+00	4.127567e-03	1.768760e-02	-2.773171e-04	5.671201e-02	-3.441498e-02
8.100000e+00	3.244770e-03	1.882249e-02	-1.529078e-03	5.255942e-02	-3.685747e-02
8.150000e+00	2.639668e-03	1.955678e-02	-2.225145e-03	5.155338e-02	-3.637501e-02
8.200000e+00	1.935094e-03	2.009519e-02	-3.548783e-03	4.824931e-02	-4.038957e-02
8.250000e+00	5.807441e-04	2.077163e-02	-2.989991e-03	4.480324e-02	-4.005906e-02
8.300000e+00	-1.879630e-03	2.174207e-02	-2.661444e-03	4.166023e-02	-5.206257e-02
8.350000e+00	-5.539012e-03	2.262731e-02	-3.719823e-03	3.560219e-02	-6.571608e-02
8.400000e+00	-9.976561e-03	2.253211e-02	-4.602955e-03	2.982366e-02	-7.532016e-02
8.450000e+00	-1.430370e-02	2.056535e-02	-8.268572e-03	2.245894e-02	-7.780535e-02
8.500000e+00	-1.740738e-02	1.665741e-02	-1.340260e-02	1.185380e-02	-7.007504e-02
8.550000e+00	-1.828725e-02	1.289383e-02	-1.792058e-02	1.007008e-02	-5.491831e-02
8.600000e+00	-1.646750e-02	1.434247e-02	-1.749437e-02	2.149231e-02	-5.058824e-02
8.650000e+00	-1.214063e-02	2.056173e-02	-9.887501e-03	5.089480e-02	-5.918210e-02
8.700000e+00	-6.148446e-03	2.661702e-02	-2.797675e-03	7.275581e-02	-6.283046e-02
8.750000e+00	2.710049e-04	2.979653e-02	2.528402e-03	8.231652e-02	-6.180635e-02
8.800000e+00	5.866072e-03	2.923365e-02	6.281744e-03	7.875355e-02	-5.616239e-02
8.850000e+00	9.743656e-03	2.541722e-02	9.428113e-03	6.739399e-02	-4.694375e-02
8.900000e+00	1.159688e-02	1.985731e-02	1.205536e-02	5.292175e-02	-3.543101e-02
8.950000e+00	1.171267e-02	1.463723e-02	1.321169e-02	4.447221e-02	-2.278264e-02
9.000000e+00	1.077012e-02	1.165976e-02	1.184359e-02	3.780262e-02	-2.308816e-02
9.050000e+00	9.515630e-03	1.111802e-02	1.089432e-02	3.805203e-02	-2.756150e-02
9.100000e+00	8.469232e-03	1.142921e-02	1.012017e-02	3.692198e-02	-2.972812e-02
9.150000e+00	7.738579e-03	1.147108e-02	8.523710e-03	3.458203e-02	-2.755466e-02
9.200000e+00	7.041333e-03	1.105629e-02	6.965754e-03	3.339135e-02	-2.490158e-02
9.250000e+00	5.899337e-03	1.066785e-02	5.582752e-03	3.894736e-02	-2.248227e-02
9.300000e+00	3.915240e-03	1.130216e-02	3.414230e-03	4.104119e-02	-2.887300e-02
9.350000e+00	1.009706e-03	1.333233e-02	-8.444456e-04	3.934039e-02	-4.237658e-02
9.400000e+00	-2.482202e-03	1.570699e-02	-5.190472e-03	4.686421e-02	-5.128616e-02
9.450000e+00	-5.895522e-03	1.704275e-02	-8.517776e-03	5.950770e-02	-5.202239e-02
9.500000e+00	-8.465111e-03	1.662871e-02	-1.059859e-02	6.296915e-02	-4.374642e-02
9.550000e+00	-9.605354e-03	1.476640e-02	-1.191392e-02	5.692231e-02	-3.618639e-02
9.600000e+00	-9.125709e-03	1.265039e-02	-1.057307e-02	4.344912e-02	-3.512399e-02
9.650000e+00	-7.311091e-03	1.158757e-02	-7.921888e-03	2.733085e-02	-3.522821e-02
9.700000e+00	-4.811777e-03	1.156785e-02	-5.325123e-03	2.278676e-02	-3.307163e-02
9.750000e+00	-2.406527e-03	1.157543e-02	-3.021345e-03	2.605453e-02	-3.122192e-02
9.800000e+00	-7.279870e-04	1.120556e-02	-1.238727e-03	2.979599e-02	-2.816522e-02
9.850000e+00	-5.543557e-05	1.085408e-02	1.368996e-04	3.232441e-02	-2.750860e-02
9.900000e+00	-2.495039e-04	1.083749e-02	4.889048e-04	2.984613e-02	-4.264122e-02
9.950000e+00	-8.454860e-04	1.100156e-02	6.608479e-04	2.422880e-02	-5.100904e-02
1.000000e+01	-1.260554e-03	1.140915e-02	-1.251759e-04	2.514727e-02	-4.973534e-02
1.005000e+01	-1.017663e-03	1.258838e-02	1.022762e-04	2.665613e-02	-3.922290e-02
1.010000e+01	4.613890e-05	1.452742e-02	1.319390e-03	2.668517e-02	-3.799021e-02
1.015000e+01	1.748331e-03	1.623173e-02	5.988320e-03	3.144910e-02	-3.942329e-02
1.020000e+01	3.636807e-03	1.666325e-02	7.939240e-03	4.078907e-02	-3.951184e-02
1.025000e+01	5.164733e-03	1.556210e-02	7.120958e-03	4.744777e-02	-3.438180e-02
1.030000e+01	5.887020e-03	1.365673e-02	5.535170e-03	4.623155e-02	-2.951808e-02
1.035000e+01	5.605804e-03	1.219593e-02	4.162678e-03	3.971970e-02	-2.358379e-02
1.040000e+01	4.418991e-03	1.167445e-02	4.308263e-03	3.571663e-02	-2.801989e-02
1.045000e+01	2.666638e-03	1.130078e-02	3.239947e-03	3.177024e-02	-3.380110e-02
1.050000e+01	8.071138e-04	1.039954e-02	1.096687e-03	3.040929e-02	-3.424077e-02
1.055000e+01	-7.253778e-04	9.388629e-03	-1.151860e-03	3.025611e-02	-2.977883e-02
1.060000e+01	-1.633256e-03	9.086304e-03	-2.071517e-03	3.096462e-02	-2.370934e-02
1.065000e+01	-1.809941e-03	9.183198e-03	-1.320349e-03	3.298191e-02	-2.706292e-02
1.070000e+01	-1.334695e-03	8.619717e-03	-8.051847e-04	3.199963e-02	-2.823755e-02
1.075000e+01	-4.268095e-04	7.457659e-03	-1.290904e-04	2.688258e-02	-2.291777e-02
1.080000e+01	6.154278e-04	7.908008e-03	4.068760e-04	2.817990e-02	-2.282021e-02
1.085000e+01	1.472328e-03	1.112265e-02	4.398395e-04	3.473692e-02	-2.940261e-02
1.090000e+01	1.851595e-03	1.485569e-02	-6.767157e-04	4.147786e-02	-3.619087e-02
1.095000e+01	1.533333e-03	1.713869e-02	-2.540103e-03	4.540723e-02	-3.799619e-02
1.100000e+01	4.171848e-04	1.713531e-02	-3.711039e-03	4.544443e-02	-3.421510e-02
1.105000e+01	-1.441747e-03	1.503207e-02	-3.977980e-03	4.022695e-02	-3.256292e-02
1.110000e+01	-3.777097e-03	1.187222e-02	-4.696598e-03	2.941277e-02	-3.386049e-02
1.115000e+01	-6.139098e-03	9.406769e-03	-5.655873e-03	1.656982e-02	-3.270060e-02
1.120000e+01	-7.960180e-03	8.977802e-03	-7.545372e-03	1.852142e-02	-3.299609e-02
1.125000e+01	-8.682113e-03	9.746737e-03	-8.435697e-03	2.173532e-02	-3.770962e-02
1.130000e+01	-7.915492e-03	1.023741e-02	-7.057760e-03	2.188129e-02	-3.709733e-02
1.135000e+01	-5.583628e-03	1.004058e-02	-4.719994e-03	2.032332e-02	-3.080242e-02
1.140000e+01	-1.996537e-03	9.508123e-03	-1.236505e-03	2.268412e-02	-2.356519e-02
1.145000e+01	2.184063e-03	9.139818e-03	2.320313e-03	2.714953e-02	-1.975871e-02
1.150000e+01	6.093853e-03	9.121515e-03	5.827947e-03	3.207726e-02	-1.605512e-02
1.155000e+01	8.893029e-03	9.282607e-03	8.999363e-03	3.325800e-02	-1.815499e-02
1.160000e+01	1.000306e-02	9.390126e-03	1.039100e-02	3.321328e-02	-2.374326e-02
1.165000e+01	9.275144e-03	9.329059e-03	1.016437e-02	3.364396e-02	-2.719054e-02
1.170000e+01	7.031180e-03	9.091185e-03	7.792225e-03	2.994384e-02	-2.745129e-02
1.175000e+01	3.959940e-03	8.745823e-03	4.401023e-03	2.349802e-02	-2.433744e-02
1.180000e+01	9.010183e-04	8.455141e-03	1.042305e-03	2.506381e-02	-2.202337e-02
1.185000e+01	-1.411350e-03	8.442967e-03	-1.773969e-03	2.689987e-02	-2.274463e-02
1.190000e+01	-2.558687e-03	8.819512e-03	-3.243833e-03	2.665309e-02	-2.391310e-02
1.195000e+01	-2.534211e-03	9.411874e-03	-3.190480e-03	2.462073e-02	-2.575166e-02
1.200000e+01	-1.697527e-03	9.848716e-03	-1.559602e-03	2.130461e-02	-2.513930e-02
1.205000e+01	-6.248461e-04	9.801124e-03	-5.824167e-04	2.140087e-02	-2.229895e-02
1.210000e+01	1.499894e-04	9.100095e-03	3.981617e-05	2.036452e-02	-1.926287e-02
1.215000e+01	2.773159e-04	7.878978e-03	-3.654778e-05	2.159278e-02	-1.955241e-02
1.220000e+01	-2.943571e-04	6.602985e-03	-4.083806e-04	2.159192e-02	-1.876647e-02
1.225000e+01	-1.336061e-03	6.003322e-03	-1.496827e-03	1.986195e-02	-1.747688e-02
1.230000e+01	-2.456334e-03	6.458776e-03	-2.927046e-03	1.671120e-02	-1.874871e-02
1.235000e+01	-3.266042e-03	7.459998e-03	-3.204274e-03	1.428924e-02	-2.347423e-02
1.240000e+01	-3.523456e-03	8.335527e-03	-3.898411e-03	1.690807e-02	-2.722355e-02
1.245000e+01	-3.206324e-03	8.788427e-03	-2.744606e-03	1.750918e-02	-2.724444e-02
1.250000e+01	-2.490615e-03	8.862460e-03	-2.036794e-03	1.723971e-02	-2.408342e-02
1.255000e+01	-1.654001e-03	8.755619e-03	-1.541253e-03	2.090014e-02	-2.492137e-02
1.260000e+01	-9.503246e-04	8.571480e-03	-1.200717e-03	2.182042e-02	-2.372729e-02
1.265000e+01	-5.088297e-04	8.181876e-03	-6.518733e-04	2.116107e-02	-2.361358e-02
1.270000e+01	-2.971939e-04	7.382718e-03	-1.053494e-04	1.893484e-02	-2.177014e-02
1.275000e+01	-1.579249e-04	6.239568e-03	2.884173e-04	1.554183e-02	-1.861649e-02
1.280000e+01	1.034282e-04	5.414817e-03	1.410557e-04	1.588386e-02	-1.512729e-02
1.285000e+01	6.197011e-04	5.840532e-03	3.094027e-04	1.931285e-02	-1.403278e-02
1.290000e+01	1.395871e-03	7.240760e-03	5.604365e-04	2.420856e-02	-1.288342e-02
1.295000e+01	2.301227e-03	8.552908e-03	1.402272e-03	2.654196e-02	-1.546415e-02
1.300000e+01	3.119731e-03	9.146518e-03	2.164101e-03	2.717055e-02	-1.806141e-02
1.305000e+01	3.635955e-03	8.959825e-03	3.265874e-03	2.575246e-02	-2.095029e-02
1.310000e+01	3.706720e-03	8.295743e-03	3.632805e-03	2.411732e-02	-2.173130e-02
1.315000e+01	3.321679e-03	7.655564e-03	3.015731e-03	2.386349e-02	-2.035656e-02
1.320000e+01	2.589979e-03	7.384146e-03	2.451002e-03	2.469977e-02	-1.750858e-02
1.325000e+01	1.688223e-03	7.428728e-03	1.324550e-03	2.428431e-02	-1.777699e-02
1.330000e+01	7.897647e-04	7.506829e-03	2.074616e-04	2.258633e-02	-1.914660e-02
1.335000e+01	6.770380e-06	7.401308e-03	-7.328167e-04	2.025978e-02	-1.800484e-02
1.340000e+01	-6.320555e-04	7.051085e-03	-1.694790e-03	1.840789e-02	-1.540369e-02
1.345000e+01	-1.162930e-03	6.536173e-03	-2.157729e-03	1.628497e-02	-1.555764e-02
1.350000e+01	-1.641119e-03	6.057704e-03	-2.364522e-03	1.453299e-02	-1.606308e-02
1.355000e+01	-2.092400e-03	5.838466e-03	-2.638654e-03	1.290036e-02	-1.926378e-02
1.360000e+01	-2.485893e-03	5.909399e-03	-2.819612e-03	1.366686e-02	-2.027097e-02
1.365000e+01	-2.740814e-03	6.062359e-03	-2.835108e-03	1.393139e-02	-1.810027e-02
1.370000e+01	-2.763128e-03	6.099310e-03	-2.738982e-03	1.438061e-02	-1.698255e-02
1.375000e+01	-2.494075e-03	6.033605e-03	-2.324204e-03	1.459095e-02	-1.792174e-02
1.380000e+01	-1.947197e-03	6.025971e-03	-1.445172e-03	1.412075e-02	-1.720108e-02
1.385000e+01	-1.215917e-03	6.135952e-03	-9.879494e-04	1.492906e-02	-1.658858e-02
1.390000e+01	-4.471451e-04	6.210193e-03	-3.303794e-04	1.523651e-02	-1.693370e-02
1.395000e+01	2.083416e-04	6.078110e-03	7.074588e-04	1.582708e-02	-1.635086e-02
1.400000e+01	6.476943e-04	5.779211e-03	1.428998e-03	1.455527e-02	-1.709068e-02
1.405000e+01	8.558259e-04	5.576553e-03	1.585480e-03	1.592882e-02	-1.793119e-02
1.410000e+01	8.954763e-04	5.627549e-03	1.266983e-03	1.566646e-02	-1.901250e-02
1.415000e+01	8.635954e-04	5.794603e-03	8.110130e-04	1.446842e-02	-1.808376e-02
1.420000e+01	8.481770e-04	5.790591e-03	7.368039e-04	1.493239e-02	-1.752521e-02
1.425000e+01	8.883142e-04	5.506859e-03	6.136722e-04	1.553000e-02	-1.589960e-02
1.430000e+01	9.610666e-04	5.127660e-03	7.750765e-04	1.591223e-02	-1.327769e-02
1.435000e+01	1.000336e-03	4.992946e-03	8.240263e-04	1.488977e-02	-1.133094e-02
1.440000e+01	9.378578e-04	5.259578e-03	4.368944e-04	1.631458e-02	-1.286265e-02
1.445000e+01	7.460084e-04	5.752306e-03	4.973265e-04	1.672298e-02	-1.565692e-02
1.450000e+01	4.611778e-04	6.220004e-03	4.849819e-04	1.618695e-02	-1.691043e-02
1.455000e+01	1.754075e-04	6.528055e-03	2.288403e-04	1.828487e-02	-1.545407e-02
1.460000e+01	-1.245530e-06	6.636720e-03	4.859005e-05	1.875058e-02	-1.644080e-02
1.465000e+01	8.696130e-06	6.538120e-03	-1.056875e-04	1.773627e-02	-1.514041e-02
1.470000e+01	2.095153e-04	6.245884e-03	-5.024995e-04	1.801475e-02	-1.230028e-02
1.475000e+01	5.209474e-04	5.824119e-03	-4.190614e-04	1.682595e-02	-1.383636e-02
1.480000e+01	8.029899e-04	5.396229e-03	-1.603580e-04	1.744479e-02	-1.344161e-02
1.485000e+01	9.080920e-04	5.087193e-03	-6.570615e-05	2.006212e-02	-1.166061e-02
1.490000e+01	7.398319e-04	4.923484e-03	-1.878380e-04	2.058675e-02	-1.144125e-02
1.495000e+01	2.939311e-04	4.810083e-03	-4.649648e-04	1.871856e-02	-1.226595e-02
1.500000e+01	-3.355663e-04	4.643421e-03	-4.581777e-04	1.459734e-02	-1.611808e-02
1.505000e+01	-9.878346e-04	4.463991e-03	-6.104598e-04	1.140250e-02	-1.807562e-02
1.510000e+01	-1.495422e-03	4.449775e-03	-1.016840e-03	9.839058e-03	-1.729438e-02
1.515000e+01	-1.735848e-03	4.779062e-03	-1.187504e-03	8.992240e-03	-1.572928e-02
1.520000e+01	-1.675847e-03	5.370546e-03	-1.130860e-03	1.056476e-02	-1.433944e-02
1.525000e+01	-1.376486e-03	5.937475e-03	-7.903217e-04	1.180829e-02	-1.668101e-02
1.530000e+01	-9.619478e-04	6.223421e-03	-1.403858e-04	1.160617e-02	-1.676357e-02
1.535000e+01	-5.661593e-04	6.125782e-03	1.997534e-05	1.333769e-02	-1.567762e-02
1.540000e+01	-2.801119e-04	5.704800e-03	3.241087e-04	1.496792e-02	-1.487406e-02
1.545000e+01	-1.216000e-04	5.130033e-03	6.439072e-04	1.468011e-02	-1.339278e-02
1.550000e+01	-3.887152e-05	4.590227e-03	3.333016e-04	1.376516e-02	-1.242499e-02
1.555000e+01	5.509819e-05	4.201612e-03	1.912238e-04	1.330493e-02	-1.232063e-02
1.560000e+01	2.339688e-04	3.969018e-03	2.120484e-04	1.400797e-02	-1.169196e-02
1.565000e+01	5.170040e-04	3.823426e-03	2.938717e-04	1.336055e-02	-1.006459e-02
1.570000e+01	8.538381e-04	3.692773e-03	5.179018e-04	1.291298e-02	-9.672601e-03
1.575000e+01	1.141778e-03	3.569803e-03	6.096202e-04	1.296880e-02	-8.651761e-03
1.580000e+01	1.268294e-03	3.556371e-03	1.225599e-03	1.182056e-02	-7.078740e-03
1.585000e+01	1.160595e-03	3.796322e-03	1.315519e-03	1.266349e-02	-8.873939e-03
1.590000e+01	8.211982e-04	4.280754e-03	7.560419e-04	1.280168e-02	-1.163875e-02
1.595000e+01	3.342631e-04	4.800827e-03	-2.358743e-04	1.412163e-02	-1.332656e-02
1.600000e+01	-1.605180e-04	5.118660e-03	-1.054659e-03	1.538189e-02	-1.316797e-02
1.605000e+01	-5.113241e-04	5.130281e-03	-1.674165e-03	1.465109e-02	-1.144872e-02
1.610000e+01	-6.175346e-04	4.867440e-03	-1.599926e-03	1.236845e-02	-1.210214e-02
1.615000e+01	-4.656704e-04	4.516497e-03	-1.111555e-03	1.076391e-02	-1.365871e-02
1.620000e+01	-1.306974e-04	4.294607e-03	-4.348328e-04	1.002636e-02	-1.340037e-02
1.625000e+01	2.526585e-04	4.283008e-03	-7.824487e-05	1.250064e-02	-1.140816e-02
1.630000e+01	5.395254e-04	4.371433e-03	2.047537e-04	1.492104e-02	-1.043324e-02
1.635000e+01	6.262334e-04	4.390012e-03	9.019884e-05	1.498855e-02	-1.005820e-02
1.640000e+01	4.843460e-04	4.244382e-03	1.937637e-05	1.348953e-02	-9.279446e-03
1.645000e+01	1.658032e-04	3.969727e-03	2.712145e-04	1.213275e-02	-9.815643e-03
1.650000e+01	-2.208683e-04	3.743833e-03	1.171547e-04	1.058151e-02	-1.066830e-02
1.655000e+01	-5.525062e-04	3.806944e-03	-4.051283e-04	9.129842e-03	-1.208397e-02
1.660000e+01	-7.346846e-04	4.219217e-03	-6.895697e-04	8.743041e-03	-1.271559e-02
1.665000e+01	-7.306474e-04	4.763538e-03	-5.625649e-04	9.439145e-03	-1.309082e-02
1.670000e+01	-5.667826e-04	5.156679e-03	1.266265e-04	9.701306e-03	-1.471437e-02
1.675000e+01	-3.152850e-04	5.219754e-03	8.793789e-04	9.535299e-03	-1.415650e-02
1.680000e+01	-6.311955e-05	4.915642e-03	1.053944e-03	9.326972e-03	-1.376315e-02
1.685000e+01	1.195147e-04	4.333644e-03	1.007653e-03	1.061572e-02	-1.258513e-02
1.690000e+01	1.994926e-04	3.660278e-03	7.724695e-04	1.113224e-02	-1.079245e-02
1.695000e+01	1.839681e-04	3.138978e-03	5.901522e-04	1.008492e-02	-8.895829e-03
1.700000e+01	1.080512e-04	2.959624e-03	1.095005e-05	8.101457e-03	-7.475654e-03
1.705000e+01	5.394526e-06	3.085191e-03	-2.047280e-04	8.454646e-03	-6.848893e-03
1.710000e+01	-8.854048e-05	3.290968e-03	-2.434481e-04	9.258242e-03	-7.919104e-03
1.715000e+01	-1.544934e-04	3.399050e-03	-3.191034e-04	9.627455e-03	-9.277566e-03
1.720000e+01	-1.939833e-04	3.370989e-03	-2.589038e-04	8.891274e-03	-1.057986e-02
1.725000e+01	-2.213683e-04	3.286362e-03	-1.790960e-04	7.413897e-03	-1.049303e-02
1.730000e+01	-2.511012e-04	3.260879e-03	-3.417754e-04	8.162616e-03	-8.862692e-03
1.735000e+01	-2.865290e-04	3.335452e-03	-5.331899e-04	9.134242e-03	-7.581562e-03
1.740000e+01	-3.151414e-04	3.447096e-03	-6.380349e-04	8.889585e-03	-9.325760e-03
1.745000e+01	-3.119424e-04	3.511496e-03	-7.212592e-04	8.696199e-03	-1.071067e-02
1.750000e+01	-2.491286e-04	3.491666e-03	-6.106602e-04	8.556079e-03	-1.095231e-02
1.755000e+01	-1.079170e-04	3.393705e-03	-4.445619e-04	9.564007e-03	-9.530334e-03
1.760000e+01	1.120746e-04	3.239428e-03	-1.466293e-04	1.119571e-02	-7.077884e-03
1.765000e+01	3.891708e-04	3.068415e-03	2.632371e-04	1.162245e-02	-7.134052e-03
1.770000e+01	6.826803e-04	2.953666e-03	6.616856e-04	1.072638e-02	-7.124461e-03
1.775000e+01	9.413488e-04	2.960837e-03	8.680791e-04	8.613574e-03	-6.709585e-03
1.780000e+01	1.114508e-03	3.061553e-03	1.202680e-03	1.039501e-02	-7.361659e-03
1.785000e+01	1.162903e-03	3.145732e-03	1.252783e-03	1.161102e-02	-8.330909e-03
1.790000e+01	1.066800e-03	3.149035e-03	1.176306e-03	1.135371e-02	-9.391973e-03
1.795000e+01	8.300368e-04	3.145725e-03	1.077490e-03	1.046434e-02	-9.063551e-03
1.800000e+01	4.797003e-04	3.294127e-03	9.031841e-04	1.086317e-02	-9.709802e-03
1.805000e+01	5.863324e-05	3.644184e-03	6.499449e-04	9.498241e-03	-1.135642e-02
1.810000e+01	-3.709553e-04	4.033915e-03	5.866387e-04	8.320851e-03	-1.222285e-02
1.815000e+01	-7.487084e-04	4.257326e-03	2.688266e-04	6.889989e-03	-1.331441e-02
1.820000e+01	-1.022675e-03	4.209289e-03	-8.976133e-05	6.885175e-03	-1.464049e-02
1.825000e+01	-1.158658e-03	3.920594e-03	-5.281736e-04	7.062932e-03	-1.466109e-02
1.830000e+01	-1.146634e-03	3.522342e-03	-8.266417e-04	8.986568e-03	-1.251710e-02
1.835000e+01	-1.002462e-03	3.167774e-03	-9.370821e-04	9.675659e-03	-1.005094e-02
1.840000e+01	-7.640237e-04	2.943720e-03	-8.225386e-04	8.932455e-03	-1.015887e-02
1.845000e+01	-4.823882e-04	2.842608e-03	-8.250694e-04	7.150017e-03	-9.603535e-03
1.850000e+01	-2.101235e-04	2.821162e-03	-5.000894e-04	8.040226e-03	-9.396629e-03
1.855000e+01	1.011222e-05	2.852665e-03	-4.247830e-04	8.319307e-03	-8.073051e-03
1.860000e+01	1.536019e-04	2.918044e-03	-2.811693e-04	9.093552e-03	-6.532495e-03
1.865000e+01	2.162286e-04	2.986762e-03	-2.204918e-04	9.119130e-03	-7.313591e-03
1.870000e+01	2.115866e-04	3.025857e-03	-1.694155e-04	8.836786e-03	-7.249767e-03
1.875000e+01	1.641932e-04	3.016785e-03	-1.421317e-04	8.942132e-03	-6.714028e-03
1.880000e+01	1.015459e-04	2.956089e-03	-1.583155e-04	9.172448e-03	-6.459160e-03
1.885000e+01	4.772369e-05	2.845911e-03	-3.736620e-04	8.700938e-03	-6.245501e-03
1.890000e+01	2.012531e-05	2.692546e-03	-5.010417e-04	9.346788e-03	-5.710073e-03
1.895000e+01	2.930530e-05	2.518016e-03	-2.607860e-04	8.799922e-03	-5.791724e-03
1.900000e+01	8.048808e-05	2.369883e-03	5.807569e-05	7.477463e-03	-6.009580e-03
1.905000e+01	1.757148e-04	2.307663e-03	3.155176e-04	6.521381e-03	-6.536501e-03
1.910000e+01	3.102630e-04	2.350532e-03	5.650928e-04	6.758400e-03	-7.281283e-03
1.915000e+01	4.736450e-04	2.453499e-03	7.703634e-04	6.425366e-03	-7.350282e-03
1.920000e+01	6.468640e-04	2.536015e-03	8.837832e-04	6.747369e-03	-7.567598e-03
1.925000e+01	8.018848e-04	2.540062e-03	1.066421e-03	6.286671e-03	-7.411577e-03
1.930000e+01	9.043206e-04	2.467965e-03	1.160300e-03	6.386719e-03	-7.312590e-03
1.935000e+01	9.197819e-04	2.390193e-03	1.105905e-03	6.278119e-03	-6.343805e-03
1.940000e+01	8.226398e-04	2.406629e-03	9.442994e-04	6.228545e-03	-5.971477e-03
1.945000e+01	6.045696e-04	2.556616e-03	7.215217e-04	7.569531e-03	-7.135811e-03
1.950000e+01	2.798279e-04	2.771894e-03	4.965037e-04	8.630334e-03	-8.396870e-03
1.955000e+01	-1.149641e-04	2.939744e-03	9.451817e-05	8.965209e-03	-8.983733e-03
1.960000e+01	-5.269966e-04	2.981980e-03	-3.007443e-04	8.080169e-03	-1.001051e-02
1.965000e+01	-8.978500e-04	2.886618e-03	-7.169356e-04	6.930979e-03	-1.037990e-02
1.970000e+01	-1.175464e-03	2.705069e-03	-1.069422e-03	6.025632e-03	-9.566643e-03
1.975000e+01	-1.324139e-03	2.525324e-03	-1.271255e-03	6.451252e-03	-9.180936e-03
1.980000e+01	-1.330076e-03	2.421386e-03	-1.403814e-03	6.809461e-03	-8.908193e-03
1.985000e+01	-1.201612e-03	2.404952e-03	-1.412124e-03	6.739619e-03	-8.094928e-03
1.990000e+01	-9.650078e-04	2.433511e-03	-1.288850e-03	7.468821e-03	-7.003248e-03
1.995000e+01	-6.577928e-04	2.465860e-03	-9.479514e-04	7.301850e-03	-6.528559e-03
2.000000e+01	-3.217830e-04	2.494925e-03	-5.369585e-04	7.304947e-03	-7.361061e-03
