# k	<chi>	std	chi_median	chi_max	chi_min
0.000000e+00	-2.037250e-01	2.151035e-01	0.000000e+00	0.000000e+00	-7.124036e-01
5.000000e-02	-4.016541e-01	9.320561e-02	-3.950187e-01	-1.209921e-01	-7.425575e-01
1.000000e-01	-3.979610e-01	9.096383e-02	-3.916854e-01	-1.206191e-01	-7.502149e-01
1.500000e-01	-3.872832e-01	8.492635e-02	-3.825583e-01	-1.160595e-01	-7.718462e-01
2.000000e-01	-3.773615e-01	8.007271e-02	-3.722738e-01	-9.748455e-02	-7.920646e-01
2.500000e-01	-3.624298e-01	7.539462e-02	-3.597776e-01	-7.199825e-02	-8.214739e-01
3.000000e-01	-3.499515e-01	7.527973e-02	-3.509805e-01	-5.334587e-02	-8.468221e-01
3.500000e-01	-3.363208e-01	8.158717e-02	-3.409442e-01	-3.932496e-02	-8.736997e-01
4.000000e-01	-3.279959e-01	9.248079e-02	-3.407282e-01	-3.882852e-02	-8.928445e-01
4.500000e-01	-3.241578e-01	1.074018e-01	-3.533106e-01	-3.604035e-02	-9.048412e-01
5.000000e-01	-3.284867e-01	1.202590e-01	-3.748915e-01	-3.675928e-02	-9.057764e-01
5.500000e-01	-3.419676e-01	1.294583e-01	-3.992002e-01	-3.280786e-02	-8.927643e-01
6.000000e-01	-3.633992e-01	1.311778e-01	-4.224555e-01	-6.036410e-02	-8.700056e-01
6.500000e-01	-3.927521e-01	1.236966e-01	-4.416545e-01	-1.038884e-01	-8.360394e-01
7.000000e-01	-4.232220e-01	1.078706e-01	-4.553433e-01	-1.566050e-01	-8.071202e-01
7.500000e-01	-4.508959e-01	8.448507e-02	-4.630914e-01	-1.980453e-01	-7.695746e-01
8.000000e-01	-4.666176e-01	6.203797e-02	-4.669210e-01	-2.514020e-01	-7.503761e-01
8.500000e-01	-4.633414e-01	5.333496e-02	-4.603462e-01	-3.079869e-01	-7.544410e-01
9.000000e-01	-4.364898e-01	6.607129e-02	-4.253968e-01	-2.820164e-01	-7.527073e-01
9.500000e-01	-3.813541e-01	8.597518e-02	-3.483696e-01	-2.198577e-01	-7.290370e-01
1.000000e+00	-3.036953e-01	1.003244e-01	-2.533682e-01	-1.462418e-01	-6.757317e-01
1.050000e+00	-2.063746e-01	1.047770e-01	-1.524234e-01	-2.945780e-02	-5.906959e-01
1.100000e+00	-1.049277e-01	9.814634e-02	-6.075360e-02	7.476255e-02	-4.803673e-01
1.150000e+00	-9.186307e-03	8.200910e-02	1.801269e-02	1.516750e-01	-3.478041e-01
1.200000e+00	6.428443e-02	6.037560e-02	7.329492e-02	1.968314e-01	-2.092106e-01
1.250000e+00	1.065120e-01	3.917506e-02	1.097952e-01	2.067547e-01	-7.976287e-02
1.300000e+00	1.114659e-01	2.962138e-02	1.124408e-01	1.969178e-01	1.365464e-03
1.350000e+00	7.983567e-02	3.608351e-02	7.595765e-02	1.976806e-01	-2.282697e-03
1.400000e+00	2.173041e-02	4.487295e-02	6.576932e-03	2.458333e-01	-5.912062e-02
1.450000e+00	-5.108221e-02	4.881866e-02	-6.924065e-02	2.525966e-01	-1.348151e-01
1.500000e+00	-1.179237e-01	4.702687e-02	-1.307964e-01	2.247016e-01	-2.047589e-01
1.550000e+00	-1.645969e-01	4.150896e-02	-1.698956e-01	1.735828e-01	-2.390111e-01
1.600000e+00	-1.750634e-01	3.566183e-02	-1.788361e-01	1.389231e-01	-2.412276e-01
1.650000e+00	-1.448650e-01	3.214950e-02	-1.466619e-01	1.116306e-01	-2.146650e-01
1.700000e+00	-7.582542e-02	3.053776e-02	-7.453333e-02	1.022593e-01	-1.579408e-01
1.750000e+00	2.155462e-02	2.857891e-02	2.602090e-02	1.220846e-01	-6.026815e-02
1.800000e+00	1.282433e-01	2.462804e-02	1.321360e-01	1.826652e-01	5.856570e-02
1.850000e+00	2.274782e-01	1.928327e-02	2.287722e-01	2.740501e-01	1.553850e-01
1.900000e+00	2.980173e-01	1.446171e-02	2.994151e-01	3.329766e-01	2.158521e-01
1.950000e+00	3.326909e-01	1.239405e-02	3.333792e-01	3.614060e-01	2.526877e-01
2.000000e+00	3.237346e-01	1.262931e-02	3.239756e-01	3.552350e-01	2.649168e-01
2.050000e+00	2.813035e-01	1.334544e-02	2.807529e-01	3.189547e-01	2.437114e-01
2.100000e+00	2.113791e-01	1.335954e-02	2.111856e-01	2.619897e-01	1.720809e-01
2.150000e+00	1.310184e-01	1.290867e-02	1.308644e-01	2.022790e-01	9.665933e-02
2.200000e+00	5.671789e-02	1.175015e-02	5.621908e-02	1.278347e-01	2.412050e-02
2.250000e+00	9.845297e-04	9.644266e-03	3.391580e-04	5.695738e-02	-2.789199e-02
2.300000e+00	-3.293484e-02	7.023402e-03	-3.386604e-02	3.439242e-03	-5.553448e-02
2.350000e+00	-4.529685e-02	5.611324e-03	-4.569723e-02	-2.698585e-02	-7.168863e-02
2.400000e+00	-4.230376e-02	5.909811e-03	-4.213457e-02	-2.393709e-02	-8.819263e-02
2.450000e+00	-3.592297e-02	6.878614e-03	-3.551001e-02	-1.712766e-02	-9.466117e-02
2.500000e+00	-2.581224e-02	7.435568e-03	-2.539683e-02	-6.780742e-03	-9.023196e-02
2.550000e+00	-1.568613e-02	7.341344e-03	-1.501533e-02	9.656365e-04	-7.828027e-02
2.600000e+00	-8.167077e-03	6.744560e-03	-7.622479e-03	6.903487e-03	-6.255004e-02
2.650000e+00	-6.188408e-03	5.837351e-03	-5.707821e-03	6.001715e-03	-4.952633e-02
2.700000e+00	-7.891416e-03	4.701671e-03	-7.657212e-03	2.195536e-03	-4.020824e-02
2.750000e+00	-1.247203e-02	3.724755e-03	-1.226691e-02	-3.531703e-03	-3.369288e-02
2.800000e+00	-1.842965e-02	3.294862e-03	-1.839865e-02	-9.323212e-03	-3.308132e-02
2.850000e+00	-2.562621e-02	3.453675e-03	-2.566600e-02	-1.606150e-02	-3.551515e-02
2.900000e+00	-3.031813e-02	3.722344e-03	-3.049370e-02	-1.898166e-02	-3.999566e-02
2.950000e+00	-3.132808e-02	3.734557e-03	-3.152993e-02	-1.937524e-02	-4.058067e-02
3.000000e+00	-2.834971e-02	3.400290e-03	-2.844136e-02	-1.753137e-02	-3.776828e-02
3.050000e+00	-2.129609e-02	2.807557e-03	-2.130587e-02	-1.318688e-02	-3.144599e-02
3.100000e+00	-1.176119e-02	2.223148e-03	-1.184600e-02	-5.144604e-03	-2.104688e-02
3.150000e+00	-1.824260e-03	2.034831e-03	-1.773019e-03	4.661611e-03	-9.320242e-03
3.200000e+00	6.434113e-03	2.312409e-03	6.525564e-03	1.284508e-02	-6.855915e-04
3.250000e+00	1.220230e-02	2.777253e-03	1.225163e-02	2.403885e-02	4.389584e-03
3.300000e+00	1.369816e-02	3.161253e-03	1.350254e-02	3.112786e-02	6.402868e-03
3.350000e+00	1.098826e-02	3.438957e-03	1.071701e-02	3.476919e-02	3.742073e-03
3.400000e+00	5.132825e-03	3.646787e-03	4.894410e-03	3.460254e-02	-1.719724e-03
3.450000e+00	-1.671813e-03	3.800563e-03	-1.923348e-03	2.991704e-02	-9.106056e-03
3.500000e+00	-7.915617e-03	3.768864e-03	-8.306211e-03	2.146104e-02	-1.598602e-02
3.550000e+00	-1.205676e-02	3.465577e-03	-1.239105e-02	1.413305e-02	-1.932496e-02
3.600000e+00	-1.329614e-02	2.893853e-03	-1.353378e-02	6.498051e-03	-2.031816e-02
3.650000e+00	-1.067203e-02	2.297329e-03	-1.073612e-02	1.441690e-03	-1.760084e-02
3.700000e+00	-6.319215e-03	1.916463e-03	-6.327985e-03	-7.983674e-04	-1.283723e-02
3.750000e+00	-1.827246e-03	2.026820e-03	-1.834114e-03	4.068916e-03	-1.277405e-02
3.800000e+00	1.214861e-03	2.419376e-03	1.218733e-03	7.806369e-03	-1.216760e-02
3.850000e+00	2.364617e-03	2.694046e-03	2.405135e-03	9.958028e-03	-1.270095e-02
3.900000e+00	4.927185e-04	2.662436e-03	4.485844e-04	8.732844e-03	-1.489728e-02
3.950000e+00	-3.602857e-03	2.411872e-03	-3.679140e-03	4.072049e-03	-1.764413e-02
4.000000e+00	-8.441332e-03	2.128587e-03	-8.568388e-03	-2.193065e-03	-2.298140e-02
4.050000e+00	-1.323523e-02	2.019815e-03	-1.319953e-02	-8.414876e-03	-2.912646e-02
4.100000e+00	-1.604051e-02	2.044387e-03	-1.588741e-02	-1.139025e-02	-3.294762e-02
4.150000e+00	-1.580308e-02	2.048723e-03	-1.562387e-02	-1.132617e-02	-3.376018e-02
4.200000e+00	-1.232400e-02	1.957372e-03	-1.222497e-02	-8.162231e-03	-3.092799e-02
4.250000e+00	-6.861046e-03	1.852007e-03	-6.726196e-03	-2.474429e-03	-2.361663e-02
4.300000e+00	3.353645e-04	1.909599e-03	3.747080e-04	5.529565e-03	-1.187094e-02
4.350000e+00	8.097713e-03	2.217564e-03	8.191807e-03	1.700497e-02	1.926106e-04
4.400000e+00	1.540735e-02	2.650357e-03	1.549690e-02	3.115521e-02	5.769827e-03
4.450000e+00	2.125470e-02	3.082899e-03	2.132965e-02	4.196813e-02	1.017864e-02
4.500000e+00	2.589927e-02	3.398747e-03	2.598553e-02	5.007856e-02	1.462619e-02
4.550000e+00	2.944260e-02	3.586032e-03	2.940682e-02	5.344211e-02	1.914377e-02
4.600000e+00	3.209338e-02	3.694897e-03	3.211633e-02	5.327432e-02	2.151732e-02
4.650000e+00	3.386074e-02	3.813047e-03	3.403203e-02	5.245544e-02	2.243077e-02
4.700000e+00	3.476080e-02	3.971384e-03	3.505427e-02	4.934864e-02	2.332726e-02
4.750000e+00	3.428437e-02	4.162191e-03	3.462510e-02	4.502112e-02	1.891405e-02
4.800000e+00	3.174934e-02	4.338433e-03	3.211016e-02	4.247789e-02	1.045586e-02
4.850000e+00	2.674978e-02	4.483077e-03	2.699134e-02	3.844414e-02	2.685465e-03
4.900000e+00	1.889236e-02	4.598117e-03	1.892416e-02	3.133689e-02	-5.093536e-03
4.950000e+00	8.434645e-03	4.758570e-03	8.362602e-03	2.186129e-02	-1.359486e-02
5.000000e+00	-3.732627e-03	5.059067e-03	-4.023001e-03	1.369116e-02	-2.312730e-02
5.050000e+00	-1.603091e-02	5.512036e-03	-1.636212e-02	4.656039e-03	-3.378038e-02
5.100000e+00	-2.704215e-02	6.034817e-03	-2.724919e-02	-4.376995e-03	-4.424132e-02
5.150000e+00	-3.535088e-02	6.476885e-03	-3.545941e-02	-1.270732e-02	-5.326078e-02
5.200000e+00	-4.008642e-02	6.720826e-03	-4.022350e-02	-1.928429e-02	-6.014870e-02
5.250000e+00	-4.110776e-02	6.732216e-03	-4.127067e-02	-2.139046e-02	-6.174591e-02
5.300000e+00	-3.932684e-02	6.598080e-03	-3.958468e-02	-2.012150e-02	-5.938965e-02
5.350000e+00	-3.621175e-02	6.414949e-03	-3.662350e-02	-1.684851e-02	-5.287103e-02
5.400000e+00	-3.345839e-02	6.215481e-03	-3.408931e-02	-1.507255e-02	-4.783890e-02
5.450000e+00	-3.228856e-02	5.937814e-03	-3.277584e-02	-8.235255e-03	-4.821802e-02
5.500000e+00	-3.338128e-02	5.594342e-03	-3.361008e-02	-3.618990e-03	-4.972247e-02
5.550000e+00	-3.616238e-02	5.311439e-03	-3.638445e-02	-4.076409e-03	-5.126646e-02
5.600000e+00	-3.894756e-02	5.324360e-03	-3.896979e-02	-8.164245e-03	-5.638508e-02
5.650000e+00	-3.911625e-02	5.726218e-03	-3.917174e-02	-1.271950e-02	-5.942034e-02
5.700000e+00	-3.440279e-02	6.417961e-03	-3.455770e-02	-1.047652e-02	-5.607165e-02
5.750000e+00	-2.307789e-02	7.247754e-03	-2.298861e-02	3.628323e-03	-4.636044e-02
5.800000e+00	-4.825844e-03	8.189794e-03	-4.628370e-03	2.325892e-02	-2.842685e-02
5.850000e+00	1.893890e-02	9.239465e-03	1.907272e-02	4.905462e-02	-7.289928e-03
5.900000e+00	4.485128e-02	1.029136e-02	4.512390e-02	7.622603e-02	1.357958e-02
5.950000e+00	6.865743e-02	1.109202e-02	6.929178e-02	1.008568e-01	3.319320e-02
6.000000e+00	8.600392e-02	1.143511e-02	8.639524e-02	1.168961e-01	4.275266e-02
6.050000e+00	9.309073e-02	1.130420e-02	9.329073e-02	1.228947e-01	4.818289e-02
6.100000e+00	8.868861e-02	1.112204e-02	8.878279e-02	1.176806e-01	4.880095e-02
6.150000e+00	7.371382e-02	1.132934e-02	7.411239e-02	1.068302e-01	3.438441e-02
6.200000e+00	5.118533e-02	1.194307e-02	5.201564e-02	8.627218e-02	6.672620e-03
6.250000e+00	2.546455e-02	1.246179e-02	2.619606e-02	5.871965e-02	-1.843153e-02
6.300000e+00	1.157275e-03	1.232443e-02	1.593679e-03	3.392094e-02	-3.684852e-02
6.350000e+00	-1.800873e-02	1.134596e-02	-1.834217e-02	1.644775e-02	-5.328790e-02
6.400000e+00	-3.001068e-02	9.910544e-03	-3.057925e-02	7.482427e-03	-5.974073e-02
6.450000e+00	-3.483573e-02	8.906495e-03	-3.482264e-02	1.029868e-03	-6.334186e-02
6.500000e+00	-3.420144e-02	9.031245e-03	-3.407229e-02	-3.045436e-03	-6.089541e-02
6.550000e+00	-3.076738e-02	9.866873e-03	-3.065683e-02	-1.197048e-03	-6.047524e-02
6.600000e+00	-2.737824e-02	1.055786e-02	-2.773925e-02	6.463474e-03	-5.657954e-02
6.650000e+00	-2.592344e-02	1.072585e-02	-2.655445e-02	8.828051e-03	-5.290708e-02
6.700000e+00	-2.693270e-02	1.055207e-02	-2.774736e-02	5.952216e-03	-5.671983e-02
6.750000e+00	-2.961904e-02	1.038630e-02	-3.033284e-02	1.459518e-03	-6.089133e-02
6.800000e+00	-3.236743e-02	1.029267e-02	-3.300100e-02	-1.674044e-03	-6.473723e-02
6.850000e+00	-3.345537e-02	1.000557e-02	-3.405867e-02	-5.040325e-03	-6.363283e-02
6.900000e+00	-3.172737e-02	9.340672e-03	-3.245041e-02	-4.522349e-03	-6.201000e-02
6.950000e+00	-2.698278e-02	8.541960e-03	-2.765336e-02	-1.544809e-03	-5.482126e-02
7.000000e+00	-1.995893e-02	8.177362e-03	-2.013324e-02	3.077747e-03	-4.391198e-02
7.050000e+00	-1.173100e-02	8.482579e-03	-1.148444e-02	1.081844e-02	-3.594510e-02
7.100000e+00	-3.853533e-03	9.065217e-03	-3.701816e-03	2.297682e-02	-2.959518e-02
7.150000e+00	2.860420e-03	9.502389e-03	2.819230e-03	3.454025e-02	-2.259331e-02
7.200000e+00	8.401537e-03	9.913357e-03	7.936120e-03	4.202718e-02	-1.672643e-02
7.250000e+00	1.344269e-02	1.073515e-02	1.312954e-02	4.582348e-02	-1.308158e-02
7.300000e+00	1.889552e-02	1.203530e-02	1.859675e-02	5.269924e-02	-1.349918e-02
7.350000e+00	2.533663e-02	1.330402e-02	2.572001e-02	6.035626e-02	-1.592952e-02
7.400000e+00	3.255040e-02	1.395149e-02	3.325294e-02	6.878417e-02	-1.400643e-02
7.450000e+00	3.939219e-02	1.374016e-02	4.058364e-02	7.472612e-02	-8.093263e-03
7.500000e+00	4.405102e-02	1.285531e-02	4.520568e-02	7.915518e-02	-6.700441e-05
7.550000e+00	4.450746e-02	1.166725e-02	4.519331e-02	7.772772e-02	5.251915e-03
7.600000e+00	3.964825e-02	1.048091e-02	3.963396e-02	6.956428e-02	4.554478e-03
7.650000e+00	2.942049e-02	9.287376e-03	2.955101e-02	5.602904e-02	-1.436729e-03
7.700000e+00	1.515374e-02	8.141481e-03	1.543280e-02	4.135736e-02	-9.401513e-03
7.750000e+00	-6.955221e-04	7.572846e-03	-6.041709e-04	2.560517e-02	-2.277924e-02
7.800000e+00	-1.518213e-02	8.182307e-03	-1.521714e-02	1.407441e-02	-4.226891e-02
7.850000e+00	-2.568813e-02	9.601036e-03	-2.578710e-02	6.967141e-03	-5.619489e-02
7.900000e+00	-3.064871e-02	1.092669e-02	-3.054265e-02	7.304617e-03	-6.390781e-02
7.950000e+00	-2.995211e-02	1.168625e-02	-2.972395e-02	7.824904e-03	-6.513123e-02
8.000000e+00	-2.489039e-02	1.203910e-02	-2.458615e-02	8.742670e-03	-6.075596e-02
8.050000e+00	-1.763520e-02	1.247627e-02	-1.773628e-02	2.054204e-02	-5.216073e-02
8.100000e+00	-1.069681e-02	1.328496e-02	-1.103757e-02	2.902956e-02	-4.312525e-02
8.150000e+00	-6.005661e-03	1.414870e-02	-6.959259e-03	3.739416e-02	-4.095141e-02
8.200000e+00	-4.466833e-03	1.448578e-02	-5.495920e-03	3.853688e-02	-4.342708e-02
8.250000e+00	-5.805807e-03	1.390393e-02	-6.764516e-03	3.847134e-02	-4.550767e-02
8.300000e+00	-8.799569e-03	1.235523e-02	-9.685962e-03	3.091089e-02	-4.622911e-02
8.350000e+00	-1.178639e-02	1.009562e-02	-1.234773e-02	2.141492e-02	-4.491473e-02
8.400000e+00	-1.325760e-02	7.717367e-03	-1.371144e-02	1.569306e-02	-3.941554e-02
8.450000e+00	-1.232388e-02	6.474629e-03	-1.249039e-02	1.303454e-02	-3.185383e-02
8.500000e+00	-8.916694e-03	7.618344e-03	-8.965835e-03	1.499444e-02	-3.052247e-02
8.550000e+00	-3.689990e-03	1.017987e-02	-4.021223e-03	2.820272e-02	-3.061305e-02
8.600000e+00	2.290557e-03	1.261326e-02	1.817365e-03	4.223106e-02	-2.996486e-02
8.650000e+00	7.856064e-03	1.408999e-02	7.584576e-03	5.075086e-02	-2.727367e-02
8.700000e+00	1.210128e-02	1.441492e-02	1.215325e-02	5.592713e-02	-2.750382e-02
8.750000e+00	1.459625e-02	1.398895e-02	1.469291e-02	5.504841e-02	-2.928782e-02
8.800000e+00	1.540824e-02	1.357946e-02	1.599899e-02	5.255097e-02	-2.743902e-02
8.850000e+00	1.495130e-02	1.363039e-02	1.606156e-02	5.208493e-02	-2.886883e-02
8.900000e+00	1.374379e-02	1.371968e-02	1.489074e-02	5.103675e-02	-2.768186e-02
8.950000e+00	1.218321e-02	1.303264e-02	1.315596e-02	4.609674e-02	-3.092631e-02
9.000000e+00	1.042964e-02	1.118304e-02	1.090921e-02	4.473955e-02	-3.086687e-02
9.050000e+00	8.461691e-03	8.651836e-03	8.259298e-03	4.198820e-02	-2.359900e-02
9.100000e+00	6.153242e-03	7.007567e-03	6.510409e-03	3.569021e-02	-2.353545e-02
9.150000e+00	3.398778e-03	7.598940e-03	4.002489e-03	2.670982e-02	-2.509980e-02
9.200000e+00	2.456081e-04	9.099620e-03	-6.245824e-05	2.761639e-02	-2.611773e-02
9.250000e+00	-3.047431e-03	9.962781e-03	-4.043055e-03	3.001063e-02	-2.779335e-02
9.300000e+00	-6.043400e-03	1.004921e-02	-7.061802e-03	2.820110e-02	-2.917526e-02
9.350000e+00	-8.241547e-03	1.018948e-02	-8.447387e-03	2.323118e-02	-3.598997e-02
9.400000e+00	-9.231297e-03	1.114832e-02	-9.332893e-03	2.175770e-02	-3.988996e-02
9.450000e+00	-8.831034e-03	1.260986e-02	-8.485374e-03	2.453234e-02	-4.459028e-02
9.500000e+00	-7.163391e-03	1.367612e-02	-6.498553e-03	2.742919e-02	-4.511162e-02
9.550000e+00	-4.643268e-03	1.380170e-02	-4.026250e-03	2.844957e-02	-4.462889e-02
9.600000e+00	-1.834162e-03	1.303217e-02	-1.517305e-03	3.092947e-02	-4.187281e-02
9.650000e+00	5.864498e-04	1.185058e-02	4.596335e-04	3.258382e-02	-3.513811e-02
9.700000e+00	2.040656e-03	1.077506e-02	1.676700e-03	3.492062e-02	-2.727252e-02
9.750000e+00	2.196337e-03	1.000301e-02	2.169631e-03	3.658551e-02	-2.443525e-02
9.800000e+00	1.053866e-03	9.473060e-03	1.253107e-03	3.242382e-02	-2.551948e-02
9.850000e+00	-1.049847e-03	9.247747e-03	-7.499437e-04	2.767477e-02	-2.808109e-02
9.900000e+00	-3.522751e-03	9.571667e-03	-3.425223e-03	2.777869e-02	-2.972239e-02
9.950000e+00	-5.666046e-03	1.045543e-02	-6.167790e-03	2.956045e-02	-3.037981e-02
1.000000e+01	-6.853672e-03	1.150417e-02	-7.260652e-03	3.044866e-02	-4.015640e-02
1.005000e+01	-6.703463e-03	1.227316e-02	-6.682993e-03	2.939030e-02	-4.459028e-02
1.010000e+01	-5.157066e-03	1.252713e-02	-4.936101e-03	2.807397e-02	-4.343655e-02
1.015000e+01	-2.541753e-03	1.231207e-02	-1.928976e-03	2.790458e-02	-3.688430e-02
1.020000e+01	5.270236e-04	1.181024e-02	1.308093e-03	3.067389e-02	-3.397810e-02
1.025000e+01	3.316748e-03	1.117439e-02	4.119747e-03	3.346722e-02	-2.963061e-02
1.030000e+01	5.186482e-03	1.043967e-02	6.052681e-03	3.470511e-02	-2.664483e-02
1.035000e+01	5.771868e-03	9.553699e-03	5.914346e-03	3.363585e-02	-2.273577e-02
1.040000e+01	5.089744e-03	8.476751e-03	5.070848e-03	3.523360e-02	-1.797125e-02
1.045000e+01	3.528254e-03	7.311696e-03	3.328225e-03	3.331368e-02	-1.638976e-02
1.050000e+01	1.723171e-03	6.462749e-03	1.733018e-03	2.788390e-02	-1.784518e-02
1.055000e+01	3.572033e-04	6.571715e-03	5.627890e-04	2.275142e-02	-2.024386e-02
1.060000e+01	-5.545180e-05	7.750996e-03	-9.349895e-05	2.868297e-02	-2.209946e-02
1.065000e+01	6.688073e-04	9.307061e-03	-1.018940e-04	3.351894e-02	-2.316567e-02
1.070000e+01	2.326029e-03	1.050891e-02	1.374386e-03	3.598480e-02	-2.734737e-02
1.075000e+01	4.390950e-03	1.099354e-02	3.570498e-03	3.869088e-02	-2.724566e-02
1.080000e+01	6.184485e-03	1.083122e-02	5.337789e-03	4.117878e-02	-2.337536e-02
1.085000e+01	7.087633e-03	1.044532e-02	6.627380e-03	3.894886e-02	-2.143251e-02
1.090000e+01	6.732345e-03	1.027209e-02	6.763161e-03	3.488707e-02	-2.697926e-02
1.095000e+01	5.108536e-03	1.029079e-02	5.381587e-03	3.603783e-02	-2.996590e-02
1.100000e+01	2.555293e-03	1.002958e-02	2.336090e-03	3.287346e-02	-2.894536e-02
1.105000e+01	-3.376816e-04	9.088732e-03	-4.991970e-04	3.141412e-02	-3.047703e-02
1.110000e+01	-2.985963e-03	7.619944e-03	-3.249310e-03	2.775152e-02	-2.892340e-02
1.115000e+01	-4.921930e-03	6.593319e-03	-5.256728e-03	2.105374e-02	-2.618182e-02
1.120000e+01	-5.935792e-03	7.102510e-03	-6.181344e-03	1.755870e-02	-2.502042e-02
1.125000e+01	-6.105202e-03	8.597221e-03	-6.876080e-03	2.710961e-02	-3.165484e-02
1.130000e+01	-5.729557e-03	9.796032e-03	-6.558038e-03	3.249609e-02	-3.409809e-02
1.135000e+01	-5.198775e-03	1.010986e-02	-5.980256e-03	3.268976e-02	-3.164598e-02
1.140000e+01	-4.846062e-03	9.735921e-03	-5.215618e-03	2.963751e-02	-2.783149e-02
1.145000e+01	-4.835499e-03	9.454234e-03	-4.917164e-03	2.757162e-02	-2.754395e-02
1.150000e+01	-5.119036e-03	9.967764e-03	-4.983972e-03	2.406907e-02	-3.089364e-02
1.155000e+01	-5.470746e-03	1.105713e-02	-4.774220e-03	3.230200e-02	-3.416469e-02
1.160000e+01	-5.579153e-03	1.187883e-02	-4.824198e-03	3.754020e-02	-3.990991e-02
1.165000e+01	-5.160672e-03	1.177715e-02	-5.209528e-03	3.789229e-02	-4.063797e-02
1.170000e+01	-4.054156e-03	1.058226e-02	-4.316558e-03	3.403265e-02	-3.593610e-02
1.175000e+01	-2.267736e-03	8.632671e-03	-2.573374e-03	2.659862e-02	-2.946621e-02
1.180000e+01	3.085732e-05	6.802579e-03	-1.209843e-04	2.521961e-02	-2.155087e-02
1.185000e+01	2.568802e-03	6.306285e-03	2.672832e-03	2.294082e-02	-1.916856e-02
1.190000e+01	5.042365e-03	7.289292e-03	4.859797e-03	3.041139e-02	-1.452636e-02
1.195000e+01	7.183272e-03	8.583869e-03	6.924333e-03	3.463355e-02	-1.699700e-02
1.200000e+01	8.798022e-03	9.367915e-03	8.404623e-03	3.922055e-02	-1.839967e-02
1.205000e+01	9.797433e-03	9.463224e-03	9.411404e-03	4.038761e-02	-1.954085e-02
1.210000e+01	1.010978e-02	9.026809e-03	9.499646e-03	4.118674e-02	-1.851501e-02
1.215000e+01	9.725724e-03	8.444584e-03	9.324894e-03	3.990216e-02	-1.613796e-02
1.220000e+01	8.666390e-03	8.057530e-03	8.548922e-03	3.501863e-02	-1.394564e-02
1.225000e+01	6.985405e-03	7.911083e-03	6.883711e-03	3.117084e-02	-1.647814e-02
1.230000e+01	4.783021e-03	7.766130e-03	4.499068e-03	3.260841e-02	-1.838589e-02
1.235000e+01	2.221206e-03	7.368624e-03	1.846735e-03	2.991077e-02	-1.778248e-02
1.240000e+01	-4.739456e-04	6.657485e-03	-7.387837e-04	2.355786e-02	-1.810826e-02
1.245000e+01	-3.032170e-03	5.806199e-03	-3.380879e-03	1.938126e-02	-1.999917e-02
1.250000e+01	-5.181952e-03	5.152895e-03	-5.464841e-03	1.616398e-02	-2.258428e-02
1.255000e+01	-6.706677e-03	4.990850e-03	-6.807670e-03	1.192639e-02	-2.288828e-02
1.260000e+01	-7.496911e-03	5.293802e-03	-7.588580e-03	1.307599e-02	-2.293906e-02
1.265000e+01	-7.580423e-03	5.780678e-03	-7.627842e-03	1.735516e-02	-2.434295e-02
1.270000e+01	-7.117125e-03	6.206355e-03	-7.292896e-03	1.969712e-02	-2.570273e-02
1.275000e+01	-6.356722e-03	6.469731e-03	-6.723344e-03	1.948296e-02	-2.561131e-02
1.280000e+01	-5.568978e-03	6.600776e-03	-5.797329e-03	1.705581e-02	-2.288214e-02
1.285000e+01	-4.965851e-03	6.729382e-03	-4.999582e-03	1.720182e-02	-2.216467e-02
1.290000e+01	-4.638364e-03	7.005998e-03	-4.451134e-03	1.734286e-02	-2.316286e-02
1.295000e+01	-4.527529e-03	7.459577e-03	-4.177373e-03	2.232884e-02	-2.483769e-02
1.300000e+01	-4.439269e-03	7.920393e-03	-4.283685e-03	2.560491e-02	-2.803697e-02
1.305000e+01	-4.080684e-03	8.125277e-03	-4.204475e-03	2.621999e-02	-2.868456e-02
1.310000e+01	-3.215258e-03	7.848264e-03	-3.486843e-03	2.364814e-02	-2.565415e-02
1.315000e+01	-1.670701e-03	7.090339e-03	-1.969997e-03	1.932495e-02	-1.975469e-02
1.320000e+01	5.758179e-04	6.199335e-03	6.612249e-04	1.864092e-02	-1.601248e-02
1.325000e+01	3.366176e-03	5.880611e-03	3.528596e-03	2.625794e-02	-1.332214e-02
1.330000e+01	6.374095e-03	6.578956e-03	5.904359e-03	3.165908e-02	-1.389916e-02
1.335000e+01	9.161255e-03	7.810329e-03	8.460940e-03	3.342676e-02	-1.712616e-02
1.340000e+01	1.126496e-02	8.811507e-03	1.061613e-02	3.502964e-02	-2.091359e-02
1.345000e+01	1.229730e-02	9.123406e-03	1.176190e-02	3.826453e-02	-2.145041e-02
1.350000e+01	1.203246e-02	8.654844e-03	1.195925e-02	3.889615e-02	-1.905546e-02
1.355000e+01	1.046062e-02	7.658801e-03	1.048034e-02	3.461814e-02	-1.523176e-02
1.360000e+01	7.795202e-03	6.671241e-03	7.746643e-03	2.782346e-02	-1.180019e-02
1.365000e+01	4.430670e-03	6.235682e-03	4.290759e-03	2.443089e-02	-1.176072e-02
1.370000e+01	8.609765e-04	6.361114e-03	7.395113e-04	2.448846e-02	-1.848945e-02
1.375000e+01	-2.421822e-03	6.521753e-03	-2.987664e-03	2.148282e-02	-2.343398e-02
1.380000e+01	-5.024236e-03	6.279807e-03	-5.779918e-03	1.599953e-02	-2.413236e-02
1.385000e+01	-6.720402e-03	5.594607e-03	-7.212672e-03	1.240581e-02	-2.128935e-02
1.390000e+01	-7.478352e-03	4.815918e-03	-7.651103e-03	1.133431e-02	-2.047756e-02
1.395000e+01	-7.439885e-03	4.478331e-03	-7.563600e-03	9.089538e-03	-1.960067e-02
1.400000e+01	-6.862649e-03	4.728473e-03	-6.923978e-03	1.073995e-02	-2.092307e-02
1.405000e+01	-6.082421e-03	5.143839e-03	-6.033941e-03	1.160774e-02	-2.182142e-02
1.410000e+01	-5.302924e-03	5.306258e-03	-5.375456e-03	1.185850e-02	-2.092530e-02
1.415000e+01	-4.677861e-03	5.171331e-03	-4.836698e-03	1.328666e-02	-2.118595e-02
1.420000e+01	-4.246471e-03	4.994337e-03	-4.447846e-03	1.194256e-02	-1.956501e-02
1.425000e+01	-3.944900e-03	5.071745e-03	-4.099495e-03	1.471267e-02	-1.660728e-02
1.430000e+01	-3.642077e-03	5.405089e-03	-3.555947e-03	1.664705e-02	-1.767029e-02
1.435000e+01	-3.186176e-03	5.713080e-03	-3.259440e-03	1.682073e-02	-1.986202e-02
1.440000e+01	-2.448012e-03	5.738460e-03	-2.545528e-03	1.519977e-02	-1.982288e-02
1.445000e+01	-1.352155e-03	5.422468e-03	-1.437869e-03	1.660998e-02	-2.007474e-02
1.450000e+01	1.073600e-04	4.915756e-03	3.499915e-05	1.598504e-02	-1.849736e-02
1.455000e+01	1.864883e-03	4.507365e-03	1.899453e-03	1.620411e-02	-1.427220e-02
1.460000e+01	3.790519e-03	4.453706e-03	3.850765e-03	1.980960e-02	-8.075994e-03
1.465000e+01	5.703631e-03	4.772368e-03	5.687760e-03	2.113073e-02	-7.200981e-03
1.470000e+01	7.391255e-03	5.278741e-03	7.293962e-03	2.284987e-02	-1.057662e-02
1.475000e+01	8.631955e-03	5.782710e-03	8.531229e-03	2.470818e-02	-1.302339e-02
1.480000e+01	9.225637e-03	6.154290e-03	9.046597e-03	2.481061e-02	-1.420716e-02
1.485000e+01	9.027618e-03	6.299986e-03	8.817325e-03	2.510636e-02	-1.439242e-02
1.490000e+01	7.981853e-03	6.160244e-03	7.955208e-03	2.345681e-02	-1.324423e-02
1.495000e+01	6.145275e-03	5.747996e-03	6.361156e-03	2.088917e-02	-1.146065e-02
1.500000e+01	3.694552e-03	5.198252e-03	3.788701e-03	1.840301e-02	-1.152799e-02
1.505000e+01	9.076842e-04	4.777619e-03	8.281753e-04	1.721311e-02	-1.420649e-02
1.510000e+01	-1.886457e-03	4.705383e-03	-2.038690e-03	1.674575e-02	-1.886948e-02
1.515000e+01	-4.344497e-03	4.935983e-03	-4.546309e-03	1.399279e-02	-2.080625e-02
1.520000e+01	-6.182352e-03	5.179230e-03	-6.198957e-03	1.268872e-02	-2.012039e-02
1.525000e+01	-7.232134e-03	5.183295e-03	-7.274565e-03	1.201924e-02	-2.068364e-02
1.530000e+01	-7.473287e-03	4.891301e-03	-7.687896e-03	1.239677e-02	-2.138999e-02
1.535000e+01	-7.027384e-03	4.446241e-03	-7.157121e-03	1.150332e-02	-2.024598e-02
1.540000e+01	-6.116821e-03	4.094610e-03	-6.163286e-03	9.164171e-03	-1.679748e-02
1.545000e+01	-4.999318e-03	3.981547e-03	-5.089902e-03	7.264268e-03	-1.668193e-02
1.550000e+01	-3.898173e-03	4.012392e-03	-3.943065e-03	1.018866e-02	-1.655051e-02
1.555000e+01	-2.949559e-03	4.008008e-03	-3.068446e-03	1.274974e-02	-1.627753e-02
1.560000e+01	-2.182009e-03	3.922082e-03	-2.161957e-03	1.300200e-02	-1.459184e-02
1.565000e+01	-1.531954e-03	3.866066e-03	-1.613286e-03	1.200879e-02	-1.337055e-02
1.570000e+01	-8.868983e-04	3.953809e-03	-1.176844e-03	1.187869e-02	-1.182264e-02
1.575000e+01	-1.390984e-04	4.131421e-03	-2.702919e-04	1.169498e-02	-1.351488e-02
1.580000e+01	7.693953e-04	4.219271e-03	5.077397e-04	1.270855e-02	-1.381883e-02
1.585000e+01	1.824547e-03	4.089888e-03	1.656604e-03	1.396161e-02	-1.245362e-02
1.590000e+01	2.945526e-03	3.783819e-03	2.791886e-03	1.595664e-02	-1.013105e-02
1.595000e+01	4.011499e-03	3.523980e-03	3.846848e-03	1.614454e-02	-7.282509e-03
1.600000e+01	4.897193e-03	3.570491e-03	4.814189e-03	1.685057e-02	-7.204206e-03
1.605000e+01	5.548834e-03	3.940766e-03	5.509499e-03	1.840607e-02	-9.836459e-03
1.610000e+01	5.850650e-03	4.371268e-03	5.768324e-03	1.785864e-02	-1.121326e-02
1.615000e+01	5.769867e-03	4.620659e-03	5.681225e-03	1.772385e-02	-1.143994e-02
1.620000e+01	5.307918e-03	4.592485e-03	5.112403e-03	1.739819e-02	-1.045623e-02
1.625000e+01	4.485690e-03	4.329357e-03	4.346136e-03	1.783071e-02	-8.638359e-03
1.630000e+01	3.333532e-03	3.966002e-03	3.220282e-03	1.643746e-02	-7.951171e-03
1.635000e+01	1.892507e-03	3.660753e-03	2.000987e-03	1.367671e-02	-1.028507e-02
1.640000e+01	2.265215e-04	3.517170e-03	2.326795e-04	1.118180e-02	-1.263895e-02
1.645000e+01	-1.561927e-03	3.544450e-03	-1.608873e-03	9.381625e-03	-1.346505e-02
1.650000e+01	-3.323444e-03	3.690411e-03	-3.470188e-03	8.197775e-03	-1.544734e-02
1.655000e+01	-4.870460e-03	3.886617e-03	-4.990626e-03	7.494964e-03	-1.805228e-02
1.660000e+01	-6.006215e-03	4.056768e-03	-6.017856e-03	8.465441e-03	-1.837977e-02
1.665000e+01	-6.568375e-03	4.122025e-03	-6.677412e-03	9.170683e-03	-1.755433e-02
1.670000e+01	-6.474008e-03	4.030625e-03	-6.609035e-03	9.062911e-03	-1.840730e-02
1.675000e+01	-5.749658e-03	3.794408e-03	-5.845967e-03	8.312126e-03	-1.790021e-02
1.680000e+01	-4.533637e-03	3.501095e-03	-4.595138e-03	7.218329e-03	-1.519036e-02
1.685000e+01	-3.046491e-03	3.275124e-03	-3.188763e-03	7.420757e-03	-1.234405e-02
1.690000e+01	-1.536776e-03	3.186038e-03	-1.652511e-03	1.170392e-02	-1.172907e-02
1.695000e+01	-2.184889e-04	3.189843e-03	-3.149353e-04	1.384074e-02	-1.036043e-02
1.700000e+01	7.798766e-04	3.189963e-03	7.220410e-04	1.375350e-02	-8.087873e-03
1.705000e+01	1.433774e-03	3.137199e-03	1.494936e-03	1.204676e-02	-7.638982e-03
1.710000e+01	1.820218e-03	3.034243e-03	1.865897e-03	1.031224e-02	-8.379840e-03
1.715000e+01	2.073867e-03	2.921029e-03	2.097607e-03	1.024025e-02	-8.488086e-03
1.720000e+01	2.332072e-03	2.828597e-03	2.443408e-03	1.037043e-02	-7.485136e-03
1.725000e+01	2.682699e-03	2.768250e-03	2.747834e-03	1.119274e-02	-7.288456e-03
1.730000e+01	3.132707e-03	2.750851e-03	3.167665e-03	1.295381e-02	-6.517486e-03
1.735000e+01	3.606916e-03	2.794234e-03	3.658665e-03	1.353078e-02	-5.926293e-03
1.740000e+01	3.975712e-03	2.899279e-03	3.961205e-03	1.374607e-02	-6.069102e-03
1.745000e+01	4.100633e-03	3.030201e-03	4.122492e-03	1.540309e-02	-6.532493e-03
1.750000e+01	3.881303e-03	3.131430e-03	3.812554e-03	1.504627e-02	-6.369383e-03
1.755000e+01	3.287742e-03	3.160467e-03	3.186588e-03	1.313354e-02	-5.950473e-03
1.760000e+01	2.368312e-03	3.105598e-03	2.366305e-03	1.287213e-02	-6.654554e-03
1.765000e+01	1.232844e-03	2.985103e-03	1.265567e-03	1.150520e-02	-7.395610e-03
1.770000e+01	1.924015e-05	2.839203e-03	-2.102657e-05	9.350170e-03	-8.835056e-03
1.775000e+01	-1.143048e-03	2.719889e-03	-1.211318e-03	6.953315e-03	-1.057398e-02
1.780000e+01	-2.159664e-03	2.671914e-03	-2.281274e-03	6.058502e-03	-1.132653e-02
1.785000e+01	-2.980344e-03	2.705072e-03	-3.061112e-03	5.781492e-03	-1.151099e-02
1.790000e+01	-3.590259e-03	2.784462e-03	-3.690168e-03	5.457302e-03	-1.083323e-02
1.795000e+01	-3.990788e-03	2.856280e-03	-4.139414e-03	6.543939e-03	-1.182101e-02
1.800000e+01	-4.180322e-03	2.882196e-03	-4.328104e-03	7.114760e-03	-1.196176e-02
1.805000e+01	-4.152480e-03	2.852437e-03	-4.238386e-03	7.069770e-03	-1.225251e-02
1.810000e+01	-3.864855e-03	2.774570e-03	-3.901357e-03	6.357570e-03	-1.185729e-02
1.815000e+01	-3.303564e-03	2.673506e-03	-3.237085e-03	5.060151e-03	-1.184213e-02
1.820000e+01	-2.484815e-03	2.580682e-03	-2.404916e-03	5.517142e-03	-1.044398e-02
1.825000e+01	-1.467020e-03	2.535709e-03	-1.446483e-03	7.230597e-03	-8.152129e-03
1.830000e+01	-3.494624e-04	2.570063e-03	-4.235586e-04	1.017692e-02	-7.967810e-03
1.835000e+01	7.440845e-04	2.673110e-03	7.099221e-04	1.169571e-02	-7.482812e-03
1.840000e+01	1.692320e-03	2.786025e-03	1.773801e-03	1.154759e-02	-6.833514e-03
1.845000e+01	2.405024e-03	2.841846e-03	2.521911e-03	1.053027e-02	-6.758331e-03
1.850000e+01	2.843338e-03	2.810570e-03	3.107693e-03	1.143158e-02	-7.534990e-03
1.855000e+01	3.024490e-03	2.714153e-03	3.199810e-03	1.081652e-02	-8.226765e-03
1.860000e+01	3.009269e-03	2.605137e-03	3.140515e-03	9.636639e-03	-8.147398e-03
1.865000e+01	2.876670e-03	2.523232e-03	3.031911e-03	1.030256e-02	-7.614936e-03
1.870000e+01	2.694708e-03	2.467969e-03	2.796267e-03	1.066851e-02	-6.476800e-03
1.875000e+01	2.497609e-03	2.416822e-03	2.533575e-03	1.017568e-02	-5.440052e-03
1.880000e+01	2.277135e-03	2.361797e-03	2.291851e-03	9.702454e-03	-5.575274e-03
1.885000e+01	1.990681e-03	2.318720e-03	1.936702e-03	9.330851e-03	-5.438612e-03
1.890000e+01	1.582801e-03	2.304841e-03	1.592527e-03	9.844009e-03	-5.778149e-03
1.895000e+01	1.012236e-03	2.318290e-03	9.833512e-04	9.468463e-03	-5.839339e-03
1.900000e+01	2.748431e-04	2.345181e-03	2.827323e-04	8.497126e-03	-6.218583e-03
1.905000e+01	-5.816183e-04	2.378110e-03	-6.026441e-04	7.144628e-03	-7.496271e-03
1.910000e+01	-1.477344e-03	2.415848e-03	-1.612068e-03	6.746825e-03	-8.402444e-03
1.915000e+01	-2.301546e-03	2.452365e-03	-2.468448e-03	6.133060e-03	-8.915254e-03
1.920000e+01	-2.943112e-03	2.467580e-03	-3.140731e-03	5.562137e-03	-9.840555e-03
1.925000e+01	-3.316455e-03	2.441924e-03	-3.458646e-03	5.379980e-03	-1.093621e-02
1.930000e+01	-3.379928e-03	2.375084e-03	-3.433690e-03	5.501542e-03	-1.069320e-02
1.935000e+01	-3.142218e-03	2.288836e-03	-3.227638e-03	5.217627e-03	-1.056602e-02
1.940000e+01	-2.656175e-03	2.211076e-03	-2.687287e-03	5.115292e-03	-9.707753e-03
1.945000e+01	-2.003202e-03	2.156282e-03	-1.974668e-03	4.481502e-03	-8.836891e-03
1.950000e+01	-1.273629e-03	2.121686e-03	-1.223287e-03	5.072896e-03	-8.238050e-03
1.955000e+01	-5.487214e-04	2.099495e-03	-5.046563e-04	6.519695e-03	-7.268170e-03
1.960000e+01	1.114026e-04	2.087325e-03	9.817047e-05	7.730926e-03	-6.676771e-03
1.965000e+01	6.721605e-04	2.087795e-03	6.523876e-04	8.188267e-03	-5.899151e-03
1.970000e+01	1.121893e-03	2.104660e-03	1.164687e-03	7.805185e-03	-5.175940e-03
1.975000e+01	1.464730e-03	2.141405e-03	1.534784e-03	8.244428e-03	-5.247023e-03
1.980000e+01	1.712073e-03	2.197392e-03	1.789583e-03	8.278885e-03	-6.352626e-03
1.985000e+01	1.875389e-03	2.259273e-03	1.960446e-03	7.853593e-03	-7.141069e-03
1.990000e+01	1.961919e-03	2.298698e-03	2.046765e-03	7.882352e-03	-7.444984e-03
1.995000e+01	1.973598e-03	2.285846e-03	2.030980e-03	8.106711e-03	-7.485467e-03
2.000000e+01	1.908501e-03	2.211325e-03	1.972705e-03	8.236222e-03	-6.816520e-03
