# k	<chi>	std	chi_median	chi_max	chi_min
0.000000e+00	4.729740e-02	2.927993e-01	0.000000e+00	7.124701e-01	-8.455583e-01
5.000000e-02	8.088491e-02	3.998832e-01	-1.213644e-01	7.309005e-01	-8.514008e-01
1.000000e-01	6.636724e-02	3.943232e-01	-1.370689e-01	7.091079e-01	-8.571804e-01
1.500000e-01	2.202895e-02	3.772316e-01	-1.844096e-01	6.419852e-01	-8.740502e-01
2.000000e-01	-2.362033e-02	3.595051e-01	-2.302676e-01	5.718905e-01	-8.902251e-01
2.500000e-01	-1.009477e-01	3.290976e-01	-2.918122e-01	4.507823e-01	-9.149857e-01
3.000000e-01	-1.800384e-01	2.975780e-01	-3.469573e-01	3.290838e-01	-9.372064e-01
3.500000e-01	-2.890276e-01	2.532915e-01	-4.197249e-01	1.685779e-01	-9.624827e-01
4.000000e-01	-3.965662e-01	2.088440e-01	-4.906281e-01	8.808195e-03	-9.814543e-01
4.500000e-01	-5.241678e-01	1.556808e-01	-5.772972e-01	-1.897866e-01	-9.944490e-01
5.000000e-01	-6.409405e-01	1.105025e-01	-6.631130e-01	-3.821231e-01	-9.955472e-01
5.500000e-01	-7.582884e-01	8.517279e-02	-7.540243e-01	-5.758845e-01	-1.096590e+00
6.000000e-01	-8.496267e-01	1.053573e-01	-8.283455e-01	-6.208522e-01	-1.169175e+00
6.500000e-01	-9.157194e-01	1.531437e-01	-9.036132e-01	-6.196093e-01	-1.207356e+00
7.000000e-01	-9.401726e-01	2.018335e-01	-9.194920e-01	-5.950264e-01	-1.254157e+00
7.500000e-01	-9.170827e-01	2.461657e-01	-8.667455e-01	-5.401221e-01	-1.280618e+00
8.000000e-01	-8.464766e-01	2.773806e-01	-7.830785e-01	-4.517905e-01	-1.257592e+00
8.500000e-01	-7.231557e-01	2.944374e-01	-6.588828e-01	-3.250126e-01	-1.153839e+00
9.000000e-01	-5.661141e-01	2.951599e-01	-4.986652e-01	-1.773068e-01	-9.992408e-01
9.500000e-01	-3.773787e-01	2.793145e-01	-3.036346e-01	1.751703e-03	-7.935446e-01
1.000000e+00	-1.889936e-01	2.508229e-01	-1.206554e-01	1.614270e-01	-5.689742e-01
1.050000e+00	-9.884389e-03	2.116054e-01	3.585774e-02	2.998908e-01	-3.466246e-01
1.100000e+00	1.294191e-01	1.695417e-01	1.532554e-01	3.840991e-01	-1.697722e-01
1.150000e+00	2.210526e-01	1.283408e-01	2.263119e-01	4.199652e-01	-5.355108e-02
1.200000e+00	2.524454e-01	9.509868e-02	2.610192e-01	4.037052e-01	1.625016e-02
1.250000e+00	2.265029e-01	7.219294e-02	2.403442e-01	3.471047e-01	4.355106e-02
1.300000e+00	1.555104e-01	5.962082e-02	1.725392e-01	2.628882e-01	2.184321e-02
1.350000e+00	5.486912e-02	5.382700e-02	6.677727e-02	1.545274e-01	-8.592013e-02
1.400000e+00	-4.783478e-02	4.949553e-02	-3.913912e-02	6.658354e-02	-1.794366e-01
1.450000e+00	-1.347588e-01	4.325977e-02	-1.299983e-01	-1.166897e-02	-2.360785e-01
1.500000e+00	-1.838053e-01	3.255140e-02	-1.821214e-01	-6.711131e-02	-2.540189e-01
1.550000e+00	-1.889401e-01	2.243962e-02	-1.896047e-01	-4.257714e-02	-2.467102e-01
1.600000e+00	-1.497456e-01	3.472033e-02	-1.546453e-01	7.475632e-03	-2.196068e-01
1.650000e+00	-7.691410e-02	6.357496e-02	-8.002494e-02	7.485217e-02	-1.844364e-01
1.700000e+00	1.059717e-02	9.120523e-02	7.520045e-03	1.542106e-01	-1.273867e-01
1.750000e+00	9.608855e-02	1.110487e-01	9.699812e-02	2.492318e-01	-5.984509e-02
1.800000e+00	1.595519e-01	1.151116e-01	1.598957e-01	3.102561e-01	4.505220e-03
1.850000e+00	1.947446e-01	1.027079e-01	1.890727e-01	3.323346e-01	6.459468e-02
1.900000e+00	1.966526e-01	7.487085e-02	1.931816e-01	3.093003e-01	9.855081e-02
1.950000e+00	1.745641e-01	3.784061e-02	1.655315e-01	2.456900e-01	1.141962e-01
2.000000e+00	1.367961e-01	1.209977e-02	1.371667e-01	1.919978e-01	9.764047e-02
2.050000e+00	9.718380e-02	3.962355e-02	1.001287e-01	1.803110e-01	2.801618e-02
2.100000e+00	6.353399e-02	5.796467e-02	6.990022e-02	1.552657e-01	-2.234024e-02
2.150000e+00	4.124950e-02	5.897472e-02	4.909050e-02	1.224952e-01	-4.380611e-02
2.200000e+00	2.974368e-02	4.636990e-02	3.655340e-02	8.840371e-02	-3.701070e-02
2.250000e+00	1.986791e-02	2.611632e-02	2.238524e-02	5.611378e-02	-2.164309e-02
2.300000e+00	1.141679e-02	9.204494e-03	1.207098e-02	2.699765e-02	-1.443302e-02
2.350000e+00	2.897936e-03	5.066986e-03	2.821796e-03	1.731066e-02	-2.157936e-02
2.400000e+00	-5.849963e-03	5.594482e-03	-6.124506e-03	6.651371e-03	-2.770655e-02
2.450000e+00	-1.057144e-02	4.730244e-03	-1.079485e-02	2.130559e-03	-3.436647e-02
2.500000e+00	-1.374382e-02	4.097077e-03	-1.351766e-02	-4.251211e-03	-3.823307e-02
2.550000e+00	-1.515134e-02	6.237895e-03	-1.421140e-02	-2.945483e-03	-3.864029e-02
2.600000e+00	-1.468781e-02	8.661774e-03	-1.435108e-02	8.686979e-04	-3.686623e-02
2.650000e+00	-1.455955e-02	9.704230e-03	-1.599090e-02	2.686413e-03	-3.601152e-02
2.700000e+00	-1.335066e-02	9.535945e-03	-1.415428e-02	4.004195e-03	-3.381017e-02
2.750000e+00	-1.134887e-02	8.290973e-03	-1.343150e-02	4.663414e-03	-3.068021e-02
2.800000e+00	-8.912713e-03	6.499772e-03	-1.024443e-02	4.911033e-03	-2.683757e-02
2.850000e+00	-7.352616e-03	4.939505e-03	-8.477807e-03	4.832168e-03	-2.331459e-02
2.900000e+00	-5.117104e-03	3.856526e-03	-6.314308e-03	5.768446e-03	-1.863177e-02
2.950000e+00	-2.322058e-03	3.528058e-03	-3.601119e-03	7.953195e-03	-1.274603e-02
3.000000e+00	8.260460e-04	4.135429e-03	-3.678728e-04	1.123365e-02	-8.427979e-03
3.050000e+00	4.241959e-03	5.046528e-03	3.667971e-03	1.433724e-02	-6.745894e-03
3.100000e+00	7.318218e-03	6.377524e-03	8.264473e-03	1.753385e-02	-4.602700e-03
3.150000e+00	9.354242e-03	7.446887e-03	1.098246e-02	1.919179e-02	-4.559882e-03
3.200000e+00	9.777066e-03	7.627451e-03	1.141049e-02	2.168847e-02	-4.410856e-03
3.250000e+00	7.909615e-03	6.418324e-03	8.505715e-03	2.414116e-02	-4.348539e-03
3.300000e+00	4.376531e-03	4.324108e-03	4.467765e-03	2.384356e-02	-4.664134e-03
3.350000e+00	-1.536446e-04	2.369591e-03	-3.432651e-04	2.107016e-02	-5.305374e-03
3.400000e+00	-4.755677e-03	3.565943e-03	-4.768270e-03	1.657465e-02	-1.204861e-02
3.450000e+00	-8.619038e-03	6.295245e-03	-8.046931e-03	1.098504e-02	-1.880591e-02
3.500000e+00	-1.031850e-02	8.271223e-03	-8.231948e-03	6.237325e-03	-2.174432e-02
3.550000e+00	-9.411397e-03	8.995185e-03	-6.054676e-03	6.552839e-03	-2.066537e-02
3.600000e+00	-6.066910e-03	8.502634e-03	-3.124328e-03	8.794785e-03	-1.728169e-02
3.650000e+00	-8.023804e-04	7.242105e-03	1.632627e-03	1.199470e-02	-1.171458e-02
3.700000e+00	5.137620e-03	5.604817e-03	5.310963e-03	1.503743e-02	-4.350064e-03
3.750000e+00	1.032449e-02	4.305784e-03	1.005796e-02	1.973777e-02	2.232603e-03
3.800000e+00	1.347286e-02	3.766943e-03	1.311017e-02	2.314860e-02	6.344323e-03
3.850000e+00	1.382676e-02	3.729403e-03	1.350196e-02	2.348989e-02	3.649062e-03
3.900000e+00	1.095273e-02	3.503373e-03	1.100805e-02	1.899330e-02	-1.509142e-03
3.950000e+00	5.351676e-03	3.072973e-03	5.558660e-03	1.217078e-02	-8.439558e-03
4.000000e+00	-1.797252e-03	3.228249e-03	-1.767610e-03	6.537294e-03	-1.590776e-02
4.050000e+00	-9.435067e-03	4.666529e-03	-1.005683e-02	4.555968e-04	-2.315641e-02
4.100000e+00	-1.571154e-02	6.981867e-03	-1.677485e-02	-4.262192e-03	-3.011795e-02
4.150000e+00	-1.943966e-02	9.116591e-03	-2.059055e-02	-6.735038e-03	-3.573377e-02
4.200000e+00	-2.002672e-02	1.013446e-02	-2.114794e-02	-7.389426e-03	-3.723066e-02
4.250000e+00	-1.773755e-02	9.910621e-03	-1.914761e-02	-5.335995e-03	-3.371564e-02
4.300000e+00	-1.299721e-02	7.844591e-03	-1.336280e-02	-1.989883e-03	-2.621319e-02
4.350000e+00	-7.024415e-03	4.263071e-03	-6.766444e-03	1.834006e-03	-1.606312e-02
4.400000e+00	-1.037629e-03	3.173799e-03	-9.480216e-04	9.465539e-03	-8.885990e-03
4.450000e+00	3.929455e-03	7.455862e-03	5.187906e-03	2.035954e-02	-9.843023e-03
4.500000e+00	7.346537e-03	1.186232e-02	1.136333e-02	2.791824e-02	-1.183976e-02
4.550000e+00	9.167459e-03	1.507986e-02	1.544607e-02	3.304413e-02	-1.435732e-02
4.600000e+00	9.795009e-03	1.670446e-02	1.640402e-02	3.428763e-02	-1.691613e-02
4.650000e+00	9.855041e-03	1.686051e-02	1.612647e-02	3.285241e-02	-1.828474e-02
4.700000e+00	9.939297e-03	1.600597e-02	1.454772e-02	3.175614e-02	-1.799216e-02
4.750000e+00	1.028988e-02	1.465202e-02	1.320556e-02	2.979747e-02	-1.625941e-02
4.800000e+00	1.075306e-02	1.317877e-02	1.279804e-02	2.914872e-02	-1.363904e-02
4.850000e+00	1.098591e-02	1.163022e-02	1.207609e-02	2.758297e-02	-1.068231e-02
4.900000e+00	1.041469e-02	9.830630e-03	1.051114e-02	2.511941e-02	-7.955105e-03
4.950000e+00	8.723959e-03	7.571970e-03	6.792826e-03	2.217932e-02	-8.145050e-03
5.000000e+00	6.015166e-03	5.252039e-03	4.669564e-03	1.871107e-02	-7.422806e-03
5.050000e+00	2.933235e-03	5.508547e-03	3.822572e-03	1.382182e-02	-1.884011e-02
5.100000e+00	2.743159e-04	9.505005e-03	2.632788e-03	1.576338e-02	-2.920370e-02
5.150000e+00	-1.100404e-03	1.448437e-02	-7.892491e-04	2.202771e-02	-3.537609e-02
5.200000e+00	-6.765656e-04	1.889486e-02	-4.004646e-03	3.186861e-02	-3.524124e-02
5.250000e+00	1.436150e-03	2.187604e-02	-5.222417e-03	4.140924e-02	-2.865502e-02
5.300000e+00	4.406913e-03	2.297388e-02	-3.110546e-03	4.841099e-02	-2.697002e-02
5.350000e+00	6.928511e-03	2.225685e-02	2.590006e-04	5.119233e-02	-2.801641e-02
5.400000e+00	7.569592e-03	2.015822e-02	7.436872e-03	4.868536e-02	-2.770219e-02
5.450000e+00	5.269658e-03	1.716820e-02	5.556519e-03	4.107144e-02	-2.631234e-02
5.500000e+00	-2.476612e-04	1.392116e-02	-1.585953e-04	2.957125e-02	-2.499602e-02
5.550000e+00	-8.331279e-03	1.093396e-02	-9.624568e-03	1.796074e-02	-2.743968e-02
5.600000e+00	-1.748138e-02	8.808850e-03	-1.884487e-02	5.107934e-03	-3.294450e-02
5.650000e+00	-2.563849e-02	7.970120e-03	-2.452496e-02	-7.656537e-03	-4.235570e-02
5.700000e+00	-3.094829e-02	8.107257e-03	-2.809365e-02	-1.891116e-02	-4.996635e-02
5.750000e+00	-3.210357e-02	8.271996e-03	-2.973629e-02	-1.793844e-02	-5.357378e-02
5.800000e+00	-2.875027e-02	8.028207e-03	-2.802975e-02	-8.960576e-03	-4.941844e-02
5.850000e+00	-2.151668e-02	7.768101e-03	-2.173434e-02	3.185360e-03	-3.845885e-02
5.900000e+00	-1.201464e-02	8.462605e-03	-1.137313e-02	1.509441e-02	-3.465228e-02
5.950000e+00	-2.154522e-03	1.045043e-02	-5.087575e-04	2.453086e-02	-3.181758e-02
6.000000e+00	6.275334e-03	1.329207e-02	9.702559e-03	3.183414e-02	-2.822550e-02
6.050000e+00	1.208163e-02	1.656769e-02	1.540141e-02	4.645267e-02	-2.470885e-02
6.100000e+00	1.469014e-02	2.025074e-02	1.664186e-02	5.512143e-02	-2.615074e-02
6.150000e+00	1.443515e-02	2.435529e-02	1.623885e-02	6.119665e-02	-3.119841e-02
6.200000e+00	1.221439e-02	2.865734e-02	1.273897e-02	6.341003e-02	-3.806336e-02
6.250000e+00	9.154653e-03	3.254315e-02	1.061921e-02	5.961623e-02	-4.400472e-02
6.300000e+00	6.283385e-03	3.507405e-02	6.803205e-03	5.353324e-02	-4.664614e-02
6.350000e+00	4.302846e-03	3.522703e-02	2.066020e-03	4.961177e-02	-4.467303e-02
6.400000e+00	3.512711e-03	3.222641e-02	1.219035e-03	4.667608e-02	-3.815264e-02
6.450000e+00	3.868096e-03	2.587467e-02	-3.673990e-04	4.442996e-02	-3.254237e-02
6.500000e+00	5.115841e-03	1.690750e-02	6.688256e-04	3.798874e-02	-2.225161e-02
6.550000e+00	6.941986e-03	8.743822e-03	7.086975e-03	2.773773e-02	-1.753316e-02
6.600000e+00	8.989525e-03	1.308519e-02	8.776636e-03	4.125700e-02	-2.916150e-02
6.650000e+00	1.098505e-02	2.358642e-02	9.538695e-03	5.610707e-02	-3.696293e-02
6.700000e+00	1.268897e-02	3.317759e-02	7.941463e-03	6.733179e-02	-3.983886e-02
6.750000e+00	1.385160e-02	4.042598e-02	7.725391e-03	7.770121e-02	-4.818104e-02
6.800000e+00	1.419049e-02	4.498750e-02	6.785995e-03	8.249908e-02	-5.167790e-02
6.850000e+00	1.341447e-02	4.698293e-02	5.634065e-03	8.539367e-02	-5.073113e-02
6.900000e+00	1.129302e-02	4.670884e-02	3.065810e-03	8.433622e-02	-4.646765e-02
6.950000e+00	7.744741e-03	4.438330e-02	-2.809450e-04	7.698930e-02	-4.718690e-02
7.000000e+00	2.907377e-03	3.997777e-02	7.693000e-05	6.436779e-02	-5.274780e-02
7.050000e+00	-2.871971e-03	3.315017e-02	-3.136387e-03	4.879205e-02	-5.756039e-02
7.100000e+00	-8.960686e-03	2.411027e-02	-9.105929e-03	3.388956e-02	-5.615478e-02
7.150000e+00	-1.469745e-02	1.435198e-02	-1.464972e-02	1.667365e-02	-4.807378e-02
7.200000e+00	-1.944226e-02	1.178986e-02	-1.895147e-02	4.528280e-03	-5.248220e-02
7.250000e+00	-2.268283e-02	2.077365e-02	-1.919578e-02	1.489227e-02	-6.596379e-02
7.300000e+00	-2.411013e-02	3.068228e-02	-2.213195e-02	2.900294e-02	-7.835857e-02
7.350000e+00	-2.365351e-02	3.734871e-02	-2.227596e-02	3.796473e-02	-8.264534e-02
7.400000e+00	-2.147791e-02	3.955767e-02	-2.040114e-02	4.037094e-02	-7.895452e-02
7.450000e+00	-1.795198e-02	3.763008e-02	-1.786148e-02	3.690754e-02	-7.435926e-02
7.500000e+00	-1.359466e-02	3.308330e-02	-1.276110e-02	3.350139e-02	-6.843388e-02
7.550000e+00	-9.013836e-03	2.801989e-02	-6.144714e-03	3.251998e-02	-5.874406e-02
7.600000e+00	-4.786678e-03	2.444481e-02	-4.909800e-05	3.323397e-02	-4.884277e-02
7.650000e+00	-1.357249e-03	2.327728e-02	1.061210e-03	3.669837e-02	-4.174947e-02
7.700000e+00	1.068014e-03	2.420758e-02	2.382412e-03	4.259856e-02	-4.120907e-02
7.750000e+00	2.595755e-03	2.604853e-02	4.279152e-03	4.555692e-02	-4.160709e-02
7.800000e+00	3.655007e-03	2.706864e-02	4.830106e-03	4.530570e-02	-4.171617e-02
7.850000e+00	4.913559e-03	2.550185e-02	5.640374e-03	4.436453e-02	-3.690698e-02
7.900000e+00	7.098964e-03	2.037100e-02	7.963830e-03	4.057854e-02	-2.723100e-02
7.950000e+00	1.075638e-02	1.292810e-02	1.162658e-02	3.555022e-02	-1.676973e-02
8.000000e+00	1.600818e-02	1.224322e-02	1.513705e-02	5.607927e-02	-8.124856e-03
8.050000e+00	2.233803e-02	2.314000e-02	1.815644e-02	7.526459e-02	-1.478606e-02
8.100000e+00	2.875834e-02	3.568049e-02	2.542441e-02	8.974954e-02	-2.365159e-02
8.150000e+00	3.381158e-02	4.581687e-02	3.187030e-02	1.025204e-01	-3.016370e-02
8.200000e+00	3.598430e-02	5.191232e-02	3.518508e-02	1.126856e-01	-3.690156e-02
8.250000e+00	3.412701e-02	5.349482e-02	3.323983e-02	1.119950e-01	-4.066746e-02
8.300000e+00	2.781892e-02	5.095774e-02	2.798121e-02	9.989299e-02	-4.248633e-02
8.350000e+00	1.755946e-02	4.525855e-02	1.696112e-02	8.613763e-02	-4.534616e-02
8.400000e+00	4.717039e-03	3.760586e-02	1.901238e-03	7.010330e-02	-4.652080e-02
8.450000e+00	-8.761424e-03	2.922226e-02	-1.155595e-02	4.875921e-02	-5.913908e-02
8.500000e+00	-2.080216e-02	2.137610e-02	-2.056822e-02	2.482925e-02	-6.849992e-02
8.550000e+00	-2.969543e-02	1.609655e-02	-2.806525e-02	4.079318e-03	-6.919663e-02
8.600000e+00	-3.438629e-02	1.670068e-02	-3.734414e-02	2.864275e-03	-7.015805e-02
8.650000e+00	-3.484104e-02	2.254027e-02	-3.725593e-02	9.514248e-03	-7.802739e-02
8.700000e+00	-3.187662e-02	2.980268e-02	-3.491208e-02	1.794746e-02	-7.845662e-02
8.750000e+00	-2.683259e-02	3.595094e-02	-3.127467e-02	3.388079e-02	-7.268774e-02
8.800000e+00	-2.114413e-02	3.955069e-02	-2.669380e-02	5.273115e-02	-6.972520e-02
8.850000e+00	-1.595801e-02	4.001750e-02	-1.964816e-02	6.179208e-02	-6.666601e-02
8.900000e+00	-1.189975e-02	3.762311e-02	-1.309521e-02	6.076479e-02	-6.533433e-02
8.950000e+00	-9.033372e-03	3.333544e-02	-8.081988e-03	5.262245e-02	-6.260748e-02
9.000000e+00	-6.987215e-03	2.842543e-02	-4.708421e-03	4.385763e-02	-5.805335e-02
9.050000e+00	-5.129931e-03	2.397668e-02	-3.135470e-03	3.880259e-02	-5.172790e-02
9.100000e+00	-2.877908e-03	2.050412e-02	-1.187649e-03	3.367639e-02	-4.388207e-02
9.150000e+00	1.248015e-04	1.791004e-02	4.373341e-03	3.360817e-02	-3.584605e-02
9.200000e+00	3.943950e-03	1.561696e-02	1.064610e-02	3.395064e-02	-3.224150e-02
9.250000e+00	8.402542e-03	1.311476e-02	1.190816e-02	3.145731e-02	-2.483795e-02
9.300000e+00	1.318531e-02	1.126598e-02	1.418977e-02	4.382058e-02	-1.440626e-02
9.350000e+00	1.793554e-02	1.332324e-02	1.715779e-02	5.713945e-02	-2.699128e-02
9.400000e+00	2.230053e-02	1.995067e-02	2.222094e-02	6.742685e-02	-3.867470e-02
9.450000e+00	2.592140e-02	2.814166e-02	2.723213e-02	7.485862e-02	-4.439914e-02
9.500000e+00	2.839943e-02	3.535529e-02	2.974635e-02	8.258200e-02	-4.134228e-02
9.550000e+00	2.930583e-02	4.001126e-02	2.810247e-02	8.217888e-02	-2.923293e-02
9.600000e+00	2.817102e-02	4.127754e-02	2.342539e-02	8.454462e-02	-2.509406e-02
9.650000e+00	2.465847e-02	3.921761e-02	2.266262e-02	8.140151e-02	-3.210511e-02
9.700000e+00	1.869424e-02	3.450861e-02	2.122475e-02	6.997093e-02	-3.702547e-02
9.750000e+00	1.059778e-02	2.809077e-02	1.343786e-02	5.865343e-02	-3.866283e-02
9.800000e+00	1.124577e-03	2.091522e-02	5.643899e-04	4.397073e-02	-3.681532e-02
9.850000e+00	-8.620645e-03	1.404882e-02	-1.093309e-02	2.776600e-02	-3.682275e-02
9.900000e+00	-1.739508e-02	9.467203e-03	-1.797456e-02	1.086825e-02	-3.942352e-02
9.950000e+00	-2.409819e-02	9.920478e-03	-2.473217e-02	-2.588017e-03	-5.127307e-02
1.000000e+01	-2.803375e-02	1.345384e-02	-2.915504e-02	4.878627e-03	-5.801918e-02
1.005000e+01	-2.910370e-02	1.715063e-02	-3.248190e-02	1.382478e-02	-5.962178e-02
1.010000e+01	-2.766915e-02	2.039970e-02	-3.465000e-02	1.995477e-02	-5.945716e-02
1.015000e+01	-2.453420e-02	2.343220e-02	-3.107038e-02	2.233001e-02	-5.812096e-02
1.020000e+01	-2.062367e-02	2.626074e-02	-2.549578e-02	2.125641e-02	-5.475394e-02
1.025000e+01	-1.669695e-02	2.838736e-02	-1.982905e-02	2.771088e-02	-5.663273e-02
1.030000e+01	-1.314596e-02	2.912860e-02	-1.365410e-02	3.792882e-02	-5.605578e-02
1.035000e+01	-9.942093e-03	2.806600e-02	-8.635513e-03	4.071174e-02	-5.262914e-02
1.040000e+01	-6.741470e-03	2.526076e-02	-4.609061e-03	3.748624e-02	-4.810812e-02
1.045000e+01	-3.100736e-03	2.120282e-02	-4.910523e-04	3.289126e-02	-4.168566e-02
1.050000e+01	1.282384e-03	1.662821e-02	4.290288e-03	2.988562e-02	-3.346789e-02
1.055000e+01	6.394004e-03	1.240858e-02	9.914907e-03	2.705113e-02	-2.400125e-02
1.060000e+01	1.185598e-02	9.723179e-03	1.253366e-02	3.646892e-02	-1.265634e-02
1.065000e+01	1.701644e-02	9.915508e-03	1.528776e-02	4.672842e-02	-3.748836e-03
1.070000e+01	2.113934e-02	1.270286e-02	1.765208e-02	5.238684e-02	-3.578859e-03
1.075000e+01	2.362022e-02	1.658658e-02	2.194380e-02	5.395301e-02	-6.636476e-03
1.080000e+01	2.415103e-02	2.049317e-02	2.376028e-02	5.441076e-02	-1.238355e-02
1.085000e+01	2.278161e-02	2.369501e-02	2.182087e-02	5.795016e-02	-2.152586e-02
1.090000e+01	1.986705e-02	2.562301e-02	1.966206e-02	5.684407e-02	-2.875597e-02
1.095000e+01	1.593184e-02	2.589748e-02	1.477758e-02	5.556608e-02	-3.243458e-02
1.100000e+01	1.150826e-02	2.441630e-02	9.208515e-03	5.136706e-02	-3.138550e-02
1.105000e+01	7.014009e-03	2.143966e-02	3.572406e-03	4.567990e-02	-2.610734e-02
1.110000e+01	2.659886e-03	1.740724e-02	-1.196452e-03	3.758282e-02	-2.318094e-02
1.115000e+01	-1.471827e-03	1.301861e-02	-4.539817e-03	2.786423e-02	-2.226327e-02
1.120000e+01	-5.372260e-03	9.106581e-03	-8.295998e-03	1.817758e-02	-2.231727e-02
1.125000e+01	-9.018890e-03	6.741979e-03	-9.654000e-03	1.015442e-02	-2.150388e-02
1.130000e+01	-1.231795e-02	6.862501e-03	-1.260759e-02	4.233521e-03	-3.118165e-02
1.135000e+01	-1.509793e-02	8.771314e-03	-1.443503e-02	4.953519e-03	-3.867797e-02
1.140000e+01	-1.715063e-02	1.132005e-02	-1.458283e-02	5.275930e-03	-4.287074e-02
1.145000e+01	-1.829540e-02	1.400363e-02	-1.597872e-02	6.211850e-03	-4.369388e-02
1.150000e+01	-1.843489e-02	1.652610e-02	-1.742615e-02	1.099825e-02	-4.187402e-02
1.155000e+01	-1.757749e-02	1.855797e-02	-1.947281e-02	1.441895e-02	-4.310670e-02
1.160000e+01	-1.582012e-02	1.974254e-02	-1.726336e-02	1.517098e-02	-4.340000e-02
1.165000e+01	-1.330381e-02	1.979796e-02	-1.163924e-02	1.583670e-02	-4.420612e-02
1.170000e+01	-1.016713e-02	1.862467e-02	-5.290413e-03	1.522744e-02	-4.491551e-02
1.175000e+01	-6.521684e-03	1.636310e-02	-6.976416e-04	1.526795e-02	-4.281245e-02
1.180000e+01	-2.462316e-03	1.338662e-02	2.204957e-03	1.784175e-02	-3.637583e-02
1.185000e+01	1.893770e-03	1.026863e-02	5.108187e-03	1.906268e-02	-2.631499e-02
1.190000e+01	6.359656e-03	7.804876e-03	7.203436e-03	2.396236e-02	-1.555117e-02
1.195000e+01	1.064999e-02	6.938615e-03	9.907453e-03	3.178776e-02	-4.780162e-03
1.200000e+01	1.439144e-02	7.829771e-03	1.287035e-02	3.912547e-02	-3.932818e-03
1.205000e+01	1.720760e-02	9.564369e-03	1.524962e-02	4.373196e-02	-6.415572e-03
1.210000e+01	1.869757e-02	1.135208e-02	1.705435e-02	4.475039e-02	-8.730356e-03
1.215000e+01	1.865533e-02	1.285407e-02	1.685024e-02	4.247151e-02	-1.032488e-02
1.220000e+01	1.708565e-02	1.390928e-02	1.503043e-02	4.269933e-02	-1.161241e-02
1.225000e+01	1.420949e-02	1.439754e-02	1.246468e-02	4.170577e-02	-1.272343e-02
1.230000e+01	1.041560e-02	1.422041e-02	8.679310e-03	3.693761e-02	-1.513694e-02
1.235000e+01	6.175330e-03	1.335216e-02	5.468638e-03	3.190612e-02	-1.534614e-02
1.240000e+01	1.948018e-03	1.190443e-02	2.966564e-04	2.543426e-02	-1.928958e-02
1.245000e+01	-1.895281e-03	1.014413e-02	-2.990792e-03	1.843429e-02	-2.380815e-02
1.250000e+01	-5.112333e-03	8.430237e-03	-6.281969e-03	1.179993e-02	-2.538719e-02
1.255000e+01	-7.591428e-03	7.082353e-03	-8.086583e-03	7.663455e-03	-2.468271e-02
1.260000e+01	-9.324543e-03	6.264820e-03	-9.936401e-03	9.328548e-03	-2.462334e-02
1.265000e+01	-1.036886e-02	6.003731e-03	-1.081416e-02	9.990605e-03	-2.363661e-02
1.270000e+01	-1.081230e-02	6.281146e-03	-1.122729e-02	8.697551e-03	-2.367146e-02
1.275000e+01	-1.075134e-02	7.031451e-03	-1.132409e-02	5.870129e-03	-2.489106e-02
1.280000e+01	-1.028075e-02	8.122059e-03	-1.126455e-02	1.009318e-02	-2.717627e-02
1.285000e+01	-9.488838e-03	9.405529e-03	-1.145016e-02	1.219212e-02	-2.766833e-02
1.290000e+01	-8.451510e-03	1.072189e-02	-9.573539e-03	1.497044e-02	-2.831047e-02
1.295000e+01	-7.222908e-03	1.183797e-02	-7.752969e-03	1.613310e-02	-2.969151e-02
1.300000e+01	-5.826187e-03	1.244142e-02	-6.071207e-03	2.102502e-02	-2.962976e-02
1.305000e+01	-4.241019e-03	1.225497e-02	-2.951948e-03	2.505101e-02	-3.074723e-02
1.310000e+01	-2.453432e-03	1.112864e-02	-5.539882e-04	2.444252e-02	-2.949761e-02
1.315000e+01	-4.367179e-04	9.192981e-03	9.033274e-05	1.983976e-02	-2.557152e-02
1.320000e+01	1.798749e-03	6.920375e-03	2.698145e-03	1.671602e-02	-1.860697e-02
1.325000e+01	4.169416e-03	5.228180e-03	5.058526e-03	1.598132e-02	-1.191202e-02
1.330000e+01	6.504347e-03	5.155735e-03	6.437785e-03	2.482385e-02	-4.713761e-03
1.335000e+01	8.563753e-03	6.307200e-03	7.905467e-03	3.209453e-02	-3.506886e-03
1.340000e+01	1.008771e-02	7.553250e-03	9.580043e-03	3.650022e-02	-5.146791e-03
1.345000e+01	1.085934e-02	8.382867e-03	9.420957e-03	3.732644e-02	-5.906038e-03
1.350000e+01	1.076009e-02	8.697748e-03	8.946703e-03	3.443122e-02	-6.772751e-03
1.355000e+01	9.797441e-03	8.562869e-03	8.011925e-03	2.864947e-02	-8.307957e-03
1.360000e+01	8.096706e-03	8.101658e-03	7.407449e-03	2.776225e-02	-1.034169e-02
1.365000e+01	5.862826e-03	7.434417e-03	4.539197e-03	2.504873e-02	-1.206225e-02
1.370000e+01	3.329167e-03	6.634529e-03	2.064603e-03	2.141948e-02	-1.232812e-02
1.375000e+01	7.136486e-04	5.740773e-03	-3.066600e-04	1.774500e-02	-1.048583e-02
1.380000e+01	-1.803366e-03	4.853764e-03	-2.379116e-03	1.267308e-02	-1.248423e-02
1.385000e+01	-4.076735e-03	4.234621e-03	-3.940909e-03	6.684020e-03	-1.555446e-02
1.390000e+01	-5.979306e-03	4.151533e-03	-5.629494e-03	3.686175e-03	-1.839912e-02
1.395000e+01	-7.386335e-03	4.464820e-03	-7.116187e-03	6.712369e-03	-1.983706e-02
1.400000e+01	-8.176780e-03	4.745365e-03	-8.184379e-03	6.922233e-03	-2.136480e-02
1.405000e+01	-8.281099e-03	4.762355e-03	-8.236188e-03	4.346996e-03	-2.172121e-02
1.410000e+01	-7.674167e-03	4.613735e-03	-7.745909e-03	3.180957e-03	-1.986900e-02
1.415000e+01	-6.418056e-03	4.574183e-03	-6.259238e-03	5.564388e-03	-1.811788e-02
1.420000e+01	-4.688342e-03	4.763736e-03	-4.995750e-03	7.699565e-03	-1.681638e-02
1.425000e+01	-2.761588e-03	5.022198e-03	-3.219274e-03	1.035435e-02	-1.526453e-02
1.430000e+01	-9.604149e-04	5.180842e-03	-1.500939e-03	1.194764e-02	-1.403636e-02
1.435000e+01	4.318128e-04	5.279327e-03	1.734780e-04	1.247683e-02	-1.383070e-02
1.440000e+01	1.258348e-03	5.466097e-03	1.504040e-03	1.438430e-02	-1.447202e-02
1.445000e+01	1.543986e-03	5.728084e-03	1.874403e-03	1.421580e-02	-1.429233e-02
1.450000e+01	1.491200e-03	5.825399e-03	1.624437e-03	1.452001e-02	-1.297980e-02
1.455000e+01	1.411481e-03	5.519795e-03	1.158511e-03	1.460632e-02	-1.071307e-02
1.460000e+01	1.611032e-03	4.820295e-03	1.003397e-03	1.331589e-02	-7.987994e-03
1.465000e+01	2.269877e-03	4.131834e-03	2.235213e-03	1.307234e-02	-9.765735e-03
1.470000e+01	3.359444e-03	4.126214e-03	3.599290e-03	1.822520e-02	-1.064522e-02
1.475000e+01	4.632378e-03	4.887549e-03	4.241412e-03	2.253455e-02	-1.062262e-02
1.480000e+01	5.693163e-03	5.772291e-03	4.607755e-03	2.496041e-02	-9.398390e-03
1.485000e+01	6.128218e-03	6.266583e-03	5.060879e-03	2.473463e-02	-7.244921e-03
1.490000e+01	5.651041e-03	6.203239e-03	5.098623e-03	2.169697e-02	-5.695150e-03
1.495000e+01	4.210788e-03	5.679615e-03	3.804704e-03	1.827316e-02	-8.916533e-03
1.500000e+01	2.024685e-03	4.957445e-03	1.761040e-03	1.422454e-02	-1.107802e-02
1.505000e+01	-4.931564e-04	4.336562e-03	-8.742909e-04	1.101669e-02	-1.203369e-02
1.510000e+01	-2.844620e-03	3.941161e-03	-2.799788e-03	7.436307e-03	-1.321482e-02
1.515000e+01	-4.564716e-03	3.694344e-03	-4.498623e-03	7.292972e-03	-1.467763e-02
1.520000e+01	-5.371282e-03	3.471400e-03	-5.265543e-03	6.428004e-03	-1.715656e-02
1.525000e+01	-5.232787e-03	3.300534e-03	-4.992677e-03	4.919309e-03	-1.724126e-02
1.530000e+01	-4.353157e-03	3.335282e-03	-4.256447e-03	3.816571e-03	-1.537194e-02
1.535000e+01	-3.083844e-03	3.618834e-03	-3.026979e-03	6.833411e-03	-1.306656e-02
1.540000e+01	-1.798350e-03	3.982356e-03	-1.884650e-03	9.536473e-03	-1.241789e-02
1.545000e+01	-7.754456e-04	4.225949e-03	-8.908257e-04	1.234822e-02	-1.104876e-02
1.550000e+01	-1.308414e-04	4.270520e-03	-2.687265e-04	1.325107e-02	-1.024458e-02
1.555000e+01	1.837898e-04	4.169207e-03	-3.157084e-04	1.221775e-02	-9.559843e-03
1.560000e+01	3.220625e-04	4.031814e-03	-2.136849e-04	1.233336e-02	-9.227317e-03
1.565000e+01	4.538896e-04	3.914887e-03	2.508649e-04	1.386064e-02	-8.718547e-03
1.570000e+01	6.847435e-04	3.770708e-03	8.327156e-04	1.327779e-02	-8.137714e-03
1.575000e+01	1.015006e-03	3.512902e-03	1.051822e-03	1.150102e-02	-7.756003e-03
1.580000e+01	1.352400e-03	3.128178e-03	1.424920e-03	1.184070e-02	-6.383364e-03
1.585000e+01	1.567566e-03	2.753625e-03	1.716193e-03	1.166550e-02	-4.573814e-03
1.590000e+01	1.565190e-03	2.651189e-03	1.347851e-03	1.024826e-02	-5.730293e-03
1.595000e+01	1.337660e-03	2.937555e-03	1.159815e-03	1.072311e-02	-6.884392e-03
1.600000e+01	9.767089e-04	3.395967e-03	1.153990e-03	1.092585e-02	-7.627133e-03
1.605000e+01	6.353916e-04	3.747082e-03	8.553156e-04	1.163044e-02	-9.154940e-03
1.610000e+01	4.741343e-04	3.849886e-03	4.758640e-04	1.227492e-02	-1.078234e-02
1.615000e+01	5.679171e-04	3.741812e-03	6.865467e-04	1.255298e-02	-1.076511e-02
1.620000e+01	8.630789e-04	3.575358e-03	1.031829e-03	1.235795e-02	-9.353845e-03
1.625000e+01	1.181250e-03	3.476272e-03	1.271822e-03	1.140955e-02	-8.350362e-03
1.630000e+01	1.277645e-03	3.397585e-03	1.031105e-03	9.826635e-03	-8.156244e-03
1.635000e+01	9.350596e-04	3.182469e-03	8.099734e-04	9.114654e-03	-7.821125e-03
1.640000e+01	5.954153e-05	2.793380e-03	1.095773e-04	7.670731e-03	-6.843260e-03
1.645000e+01	-1.259177e-03	2.495749e-03	-1.058676e-03	5.082605e-03	-7.164367e-03
1.650000e+01	-2.748415e-03	2.692553e-03	-2.795509e-03	5.854925e-03	-1.044329e-02
1.655000e+01	-4.019281e-03	3.250006e-03	-4.189385e-03	6.318650e-03	-1.433096e-02
1.660000e+01	-4.680606e-03	3.665855e-03	-4.864630e-03	5.598958e-03	-1.653230e-02
1.665000e+01	-4.463650e-03	3.672921e-03	-4.330706e-03	4.970361e-03	-1.599585e-02
1.670000e+01	-3.315973e-03	3.438432e-03	-3.297713e-03	8.605980e-03	-1.328337e-02
1.675000e+01	-1.432045e-03	3.568913e-03	-1.712475e-03	1.257801e-02	-9.815251e-03
1.680000e+01	7.913178e-04	4.409941e-03	-4.072881e-04	1.476870e-02	-6.939087e-03
1.685000e+01	2.861972e-03	5.466832e-03	1.301438e-03	1.541907e-02	-6.829726e-03
1.690000e+01	4.328736e-03	6.110940e-03	3.242784e-03	1.788274e-02	-7.599577e-03
1.695000e+01	4.904515e-03	6.004929e-03	4.115527e-03	1.740333e-02	-8.373107e-03
1.700000e+01	4.538619e-03	5.155487e-03	3.558317e-03	1.515809e-02	-8.010170e-03
1.705000e+01	3.422099e-03	3.941757e-03	3.090662e-03	1.384955e-02	-6.610650e-03
1.710000e+01	1.910890e-03	3.157180e-03	1.848848e-03	1.121624e-02	-8.615438e-03
1.715000e+01	4.131930e-04	3.413569e-03	5.127701e-04	7.883011e-03	-1.103029e-02
1.720000e+01	-7.271502e-04	4.084186e-03	-5.406466e-04	8.786930e-03	-1.114665e-02
1.725000e+01	-1.321633e-03	4.451207e-03	-1.462567e-03	1.194788e-02	-1.236757e-02
1.730000e+01	-1.372453e-03	4.354950e-03	-1.344485e-03	1.338291e-02	-1.374293e-02
1.735000e+01	-1.045450e-03	3.979626e-03	-4.486518e-04	1.269687e-02	-1.293385e-02
1.740000e+01	-5.944786e-04	3.626788e-03	-2.069796e-04	1.009408e-02	-1.056199e-02
1.745000e+01	-2.660320e-04	3.463304e-03	-2.393822e-04	1.030545e-02	-1.125517e-02
1.750000e+01	-2.173166e-04	3.406314e-03	-6.227902e-05	9.937054e-03	-1.121242e-02
1.755000e+01	-4.739136e-04	3.307655e-03	-4.776282e-04	8.305696e-03	-1.061185e-02
1.760000e+01	-9.375827e-04	3.133907e-03	-8.238515e-04	6.205197e-03	-1.156097e-02
1.765000e+01	-1.436558e-03	2.944789e-03	-1.349421e-03	5.348183e-03	-1.133410e-02
1.770000e+01	-1.796335e-03	2.783305e-03	-1.502345e-03	5.363807e-03	-1.002686e-02
1.775000e+01	-1.903364e-03	2.627092e-03	-1.608159e-03	4.857966e-03	-9.477137e-03
1.780000e+01	-1.738763e-03	2.447714e-03	-1.414600e-03	3.595713e-03	-9.273148e-03
1.785000e+01	-1.372038e-03	2.285479e-03	-1.251677e-03	4.681751e-03	-8.173152e-03
1.790000e+01	-9.206685e-04	2.246097e-03	-8.129075e-04	6.765430e-03	-7.075006e-03
1.795000e+01	-4.943094e-04	2.399282e-03	-6.190878e-04	8.263266e-03	-6.981339e-03
1.800000e+01	-1.475604e-04	2.691993e-03	-4.191992e-04	8.899659e-03	-6.644549e-03
1.805000e+01	1.493678e-04	3.015131e-03	-1.255994e-04	9.897181e-03	-6.772872e-03
1.810000e+01	4.600624e-04	3.279916e-03	5.033583e-05	1.067401e-02	-6.844645e-03
1.815000e+01	8.698325e-04	3.478457e-03	3.184300e-04	1.055170e-02	-6.178591e-03
1.820000e+01	1.424042e-03	3.663162e-03	8.366517e-04	1.031451e-02	-6.405408e-03
1.825000e+01	2.087419e-03	3.868831e-03	1.644497e-03	1.205569e-02	-6.579099e-03
1.830000e+01	2.735126e-03	4.030552e-03	2.186548e-03	1.283817e-02	-5.935232e-03
1.835000e+01	3.182410e-03	3.999453e-03	2.557536e-03	1.296597e-02	-4.561827e-03
1.840000e+01	3.244463e-03	3.655463e-03	2.912375e-03	1.215232e-02	-3.747890e-03
1.845000e+01	2.805639e-03	3.051396e-03	2.682900e-03	1.111172e-02	-6.003545e-03
1.850000e+01	1.872238e-03	2.583697e-03	1.737280e-03	9.239185e-03	-9.436278e-03
1.855000e+01	5.877575e-04	2.865725e-03	9.071530e-04	6.376298e-03	-1.158252e-02
1.860000e+01	-7.976779e-04	3.756749e-03	3.165253e-05	5.916586e-03	-1.200745e-02
1.865000e+01	-1.995648e-03	4.618743e-03	-9.797520e-04	7.205456e-03	-1.280474e-02
1.870000e+01	-2.763624e-03	5.061055e-03	-1.880199e-03	8.020280e-03	-1.380450e-02
1.875000e+01	-2.976847e-03	4.957167e-03	-2.203265e-03	7.826579e-03	-1.405554e-02
1.880000e+01	-2.663462e-03	4.383510e-03	-1.998574e-03	6.628991e-03	-1.256237e-02
1.885000e+01	-1.990935e-03	3.573200e-03	-1.186559e-03	5.031118e-03	-1.035160e-02
1.890000e+01	-1.208483e-03	2.852364e-03	-8.779560e-04	5.018750e-03	-8.912932e-03
1.895000e+01	-5.652175e-04	2.491033e-03	-7.432821e-04	5.391126e-03	-7.940402e-03
1.900000e+01	-2.316677e-04	2.460641e-03	-3.891886e-04	7.310440e-03	-6.694563e-03
1.905000e+01	-2.535638e-04	2.512472e-03	-3.876486e-04	7.372264e-03	-5.631297e-03
1.910000e+01	-5.417304e-04	2.502403e-03	-6.773034e-04	7.250078e-03	-6.463062e-03
1.915000e+01	-9.088003e-04	2.432553e-03	-9.203772e-04	7.806102e-03	-7.065729e-03
1.920000e+01	-1.140549e-03	2.347013e-03	-1.153177e-03	7.620052e-03	-7.182377e-03
1.925000e+01	-1.070655e-03	2.271872e-03	-1.120328e-03	7.079557e-03	-6.342035e-03
1.930000e+01	-6.353711e-04	2.239869e-03	-7.613455e-04	6.547171e-03	-5.733446e-03
1.935000e+01	1.089043e-04	2.328145e-03	-2.310581e-04	7.729710e-03	-5.329661e-03
1.940000e+01	1.008441e-03	2.600794e-03	7.467962e-04	8.833317e-03	-5.792032e-03
1.945000e+01	1.864680e-03	3.005933e-03	1.727754e-03	9.909516e-03	-5.464777e-03
1.950000e+01	2.496472e-03	3.394645e-03	2.420755e-03	1.009453e-02	-5.818042e-03
1.955000e+01	2.790511e-03	3.616121e-03	2.481722e-03	1.044596e-02	-6.133221e-03
1.960000e+01	2.724497e-03	3.579364e-03	2.493553e-03	1.088600e-02	-5.935532e-03
1.965000e+01	2.358584e-03	3.278547e-03	2.190266e-03	1.063731e-02	-6.077244e-03
1.970000e+01	1.802219e-03	2.802188e-03	1.714918e-03	9.581395e-03	-7.243739e-03
1.975000e+01	1.171359e-03	2.335918e-03	1.035069e-03	7.890428e-03	-7.186711e-03
1.980000e+01	5.526929e-04	2.125101e-03	5.960769e-04	6.371075e-03	-6.333200e-03
1.985000e+01	-1.313146e-05	2.282065e-03	3.463760e-04	6.177437e-03	-7.619042e-03
1.990000e+01	-5.259300e-04	2.656414e-03	1.212068e-04	5.402006e-03	-8.362089e-03
1.995000e+01	-1.003761e-03	3.055631e-03	-2.678195e-04	5.057252e-03	-8.949703e-03
2.000000e+01	-1.455785e-03	3.375833e-03	-5.538333e-04	5.199384e-03	-9.121078e-03
