# k	<chi>	std	chi_median	chi_max	chi_min
0.000000e+00	8.579321e-02	2.995104e-01	0.000000e+00	7.821482e-01	-5.028929e-01
5.000000e-02	1.577194e-01	3.962198e-01	3.796731e-01	7.616540e-01	-5.027978e-01
1.000000e-01	1.475026e-01	3.872922e-01	3.604523e-01	7.405882e-01	-5.026538e-01
1.500000e-01	1.159829e-01	3.599980e-01	2.967777e-01	6.796680e-01	-5.011645e-01
2.000000e-01	8.309288e-02	3.322560e-01	2.336866e-01	6.288854e-01	-4.988524e-01
2.500000e-01	2.661805e-02	2.852355e-01	1.352348e-01	5.368250e-01	-5.142627e-01
3.000000e-01	-3.232903e-02	2.386946e-01	3.364641e-02	4.373253e-01	-5.286400e-01
3.500000e-01	-1.147537e-01	1.776652e-01	-1.134906e-01	2.899244e-01	-5.426406e-01
4.000000e-01	-1.988650e-01	1.298075e-01	-2.052394e-01	1.354880e-01	-6.623309e-01
4.500000e-01	-3.012131e-01	1.165807e-01	-2.806814e-01	-3.875210e-02	-8.045430e-01
5.000000e-01	-3.987246e-01	1.609561e-01	-3.731710e-01	-1.384746e-01	-9.284096e-01
5.500000e-01	-5.019442e-01	2.373999e-01	-5.330760e-01	-1.410944e-01	-1.046746e+00
6.000000e-01	-5.886215e-01	3.115635e-01	-6.800009e-01	-9.855099e-02	-1.157553e+00
6.500000e-01	-6.618996e-01	3.814989e-01	-8.134164e-01	-5.447092e-02	-1.273432e+00
7.000000e-01	-7.051871e-01	4.311147e-01	-9.042604e-01	-1.915412e-02	-1.337512e+00
7.500000e-01	-7.162437e-01	4.591973e-01	-9.478290e-01	9.372696e-03	-1.343116e+00
8.000000e-01	-6.899401e-01	4.598685e-01	-9.356761e-01	3.058394e-02	-1.276430e+00
8.500000e-01	-6.238702e-01	4.309532e-01	-8.634404e-01	4.701179e-02	-1.173349e+00
9.000000e-01	-5.277153e-01	3.777455e-01	-7.449132e-01	5.520910e-02	-1.014467e+00
9.500000e-01	-4.039634e-01	3.003617e-01	-5.768785e-01	5.640211e-02	-8.022973e-01
1.000000e+00	-2.741330e-01	2.131716e-01	-3.922680e-01	7.389774e-02	-5.892647e-01
1.050000e+00	-1.458261e-01	1.213884e-01	-2.060722e-01	9.981074e-02	-3.802027e-01
1.100000e+00	-4.220210e-02	5.627458e-02	-4.338557e-02	1.546888e-01	-1.861661e-01
1.150000e+00	2.961606e-02	7.668709e-02	2.001705e-02	2.580471e-01	-1.449948e-01
1.200000e+00	5.825070e-02	1.218261e-01	7.710814e-02	3.327595e-01	-1.962799e-01
1.250000e+00	4.499133e-02	1.500853e-01	8.579295e-02	3.245032e-01	-2.513314e-01
1.300000e+00	-2.497394e-03	1.561532e-01	5.313389e-02	2.448272e-01	-3.097069e-01
1.350000e+00	-7.203319e-02	1.436741e-01	-1.163489e-02	1.398245e-01	-3.554361e-01
1.400000e+00	-1.428860e-01	1.204541e-01	-8.498733e-02	3.841194e-02	-4.061190e-01
1.450000e+00	-1.994372e-01	9.370604e-02	-1.523595e-01	-3.076570e-02	-4.302905e-01
1.500000e+00	-2.245386e-01	7.269892e-02	-1.977784e-01	-7.746657e-02	-4.163657e-01
1.550000e+00	-2.117332e-01	6.058065e-02	-1.998560e-01	-7.470511e-02	-3.663133e-01
1.600000e+00	-1.618691e-01	5.802469e-02	-1.513506e-01	-3.415436e-02	-2.963644e-01
1.650000e+00	-8.339351e-02	6.361898e-02	-6.198389e-02	3.128906e-02	-2.226538e-01
1.700000e+00	5.926960e-03	7.429513e-02	4.513466e-02	1.179259e-01	-1.511516e-01
1.750000e+00	9.122880e-02	8.656431e-02	1.402162e-01	2.245623e-01	-7.888113e-02
1.800000e+00	1.539043e-01	9.260580e-02	1.986001e-01	2.954328e-01	-1.772929e-02
1.850000e+00	1.878308e-01	8.983120e-02	2.208289e-01	3.249108e-01	2.925934e-02
1.900000e+00	1.885977e-01	7.552051e-02	2.049018e-01	3.016301e-01	4.571656e-02
1.950000e+00	1.647421e-01	5.329144e-02	1.627105e-01	2.510826e-01	4.735101e-02
2.000000e+00	1.251095e-01	2.975346e-02	1.272344e-01	1.853124e-01	4.387267e-02
2.050000e+00	8.349860e-02	2.367603e-02	8.245926e-02	1.733786e-01	3.873832e-02
2.100000e+00	4.966366e-02	3.705189e-02	3.347696e-02	1.570777e-01	-2.742783e-03
2.150000e+00	2.935317e-02	4.584091e-02	2.088565e-03	1.372192e-01	-3.061629e-02
2.200000e+00	2.175644e-02	4.564771e-02	-1.552143e-03	1.155867e-01	-3.817665e-02
2.250000e+00	2.187059e-02	4.190388e-02	6.802351e-03	1.025480e-01	-3.462918e-02
2.300000e+00	2.168108e-02	3.560424e-02	1.508159e-02	8.748096e-02	-3.007818e-02
2.350000e+00	1.759387e-02	2.918648e-02	1.859357e-02	6.757007e-02	-2.675557e-02
2.400000e+00	9.057146e-03	2.410670e-02	1.442002e-02	4.680151e-02	-3.071125e-02
2.450000e+00	1.792452e-03	2.002650e-02	9.224795e-03	3.498853e-02	-3.448073e-02
2.500000e+00	-5.770487e-03	1.642022e-02	6.782124e-05	2.283949e-02	-3.905156e-02
2.550000e+00	-1.229090e-02	1.324315e-02	-1.033198e-02	1.310032e-02	-4.058924e-02
2.600000e+00	-1.658748e-02	1.047922e-02	-1.777011e-02	8.081330e-03	-3.836744e-02
2.650000e+00	-1.986213e-02	8.731250e-03	-2.209423e-02	4.196840e-03	-3.493233e-02
2.700000e+00	-2.107114e-02	7.663461e-03	-2.318833e-02	2.106828e-03	-3.713697e-02
2.750000e+00	-2.019662e-02	7.167872e-03	-2.105523e-02	3.787452e-03	-3.800312e-02
2.800000e+00	-1.759761e-02	6.929051e-03	-1.684178e-02	5.666796e-03	-3.521461e-02
2.850000e+00	-1.513981e-02	6.667642e-03	-1.405295e-02	6.446419e-03	-3.127434e-02
2.900000e+00	-1.187229e-02	6.139950e-03	-1.061694e-02	6.250009e-03	-2.751862e-02
2.950000e+00	-8.276304e-03	5.546086e-03	-7.289423e-03	5.571400e-03	-2.428096e-02
3.000000e+00	-4.704915e-03	5.280768e-03	-3.645481e-03	7.422771e-03	-2.072420e-02
3.050000e+00	-1.453519e-03	5.604015e-03	-1.133119e-03	1.533953e-02	-1.651624e-02
3.100000e+00	1.529158e-03	6.318928e-03	1.051439e-03	2.204403e-02	-1.242375e-02
3.150000e+00	4.286856e-03	6.988151e-03	3.360829e-03	2.689432e-02	-1.218550e-02
3.200000e+00	6.898799e-03	7.235419e-03	6.203014e-03	2.956310e-02	-1.024429e-02
3.250000e+00	9.007678e-03	6.721755e-03	8.899031e-03	2.911482e-02	-7.244700e-03
3.300000e+00	1.101836e-02	5.566020e-03	1.120069e-02	2.611723e-02	-3.237124e-03
3.350000e+00	1.291971e-02	4.122903e-03	1.329061e-02	2.528548e-02	4.017690e-04
3.400000e+00	1.457024e-02	3.314712e-03	1.475879e-02	2.314777e-02	5.419886e-03
3.450000e+00	1.558092e-02	4.005297e-03	1.536372e-02	2.638670e-02	3.815375e-03
3.500000e+00	1.598496e-02	5.439061e-03	1.628575e-02	2.970294e-02	4.865072e-04
3.550000e+00	1.566799e-02	6.572583e-03	1.594773e-02	3.034604e-02	-4.714007e-03
3.600000e+00	1.463359e-02	7.155103e-03	1.512507e-02	2.922606e-02	-7.615515e-03
3.650000e+00	1.297156e-02	7.371019e-03	1.345379e-02	2.957981e-02	-8.101676e-03
3.700000e+00	1.085829e-02	7.641473e-03	1.141829e-02	2.871430e-02	-5.852846e-03
3.750000e+00	8.458104e-03	8.252711e-03	9.730428e-03	2.669701e-02	-8.165333e-03
3.800000e+00	5.849936e-03	8.952766e-03	6.860149e-03	2.633737e-02	-1.331328e-02
3.850000e+00	3.019434e-03	9.329023e-03	3.724506e-03	2.710113e-02	-1.740185e-02
3.900000e+00	-2.980498e-04	8.967614e-03	-6.365668e-04	2.472611e-02	-1.883837e-02
3.950000e+00	-4.185974e-03	7.859052e-03	-6.010729e-03	2.066819e-02	-2.087264e-02
4.000000e+00	-8.546613e-03	6.590454e-03	-9.062940e-03	1.314123e-02	-2.269459e-02
4.050000e+00	-1.325370e-02	6.408508e-03	-1.345119e-02	2.819805e-03	-2.833928e-02
4.100000e+00	-1.771377e-02	7.678793e-03	-1.911443e-02	1.570916e-03	-3.416738e-02
4.150000e+00	-2.112017e-02	9.537009e-03	-2.362615e-02	2.631477e-03	-3.826647e-02
4.200000e+00	-2.270727e-02	1.106953e-02	-2.648728e-02	4.335011e-03	-4.103175e-02
4.250000e+00	-2.238956e-02	1.183966e-02	-2.558257e-02	6.797316e-03	-4.558436e-02
4.300000e+00	-1.977570e-02	1.181432e-02	-2.154794e-02	8.878549e-03	-4.609188e-02
4.350000e+00	-1.526946e-02	1.120319e-02	-1.555762e-02	1.034429e-02	-4.264361e-02
4.400000e+00	-9.705793e-03	1.034931e-02	-9.128219e-03	1.124165e-02	-3.658687e-02
4.450000e+00	-4.365304e-03	9.616548e-03	-3.179362e-03	1.530968e-02	-2.974656e-02
4.500000e+00	1.828145e-04	9.315935e-03	1.189017e-03	1.911379e-02	-2.556778e-02
4.550000e+00	3.414051e-03	9.537382e-03	4.033029e-03	2.290910e-02	-2.395120e-02
4.600000e+00	5.308805e-03	1.017418e-02	5.377856e-03	2.671782e-02	-2.341123e-02
4.650000e+00	6.297667e-03	1.105549e-02	6.006147e-03	2.925578e-02	-2.363931e-02
4.700000e+00	7.200087e-03	1.190217e-02	6.140004e-03	3.148141e-02	-2.302925e-02
4.750000e+00	8.740300e-03	1.236787e-02	7.895270e-03	3.375848e-02	-2.016850e-02
4.800000e+00	1.133919e-02	1.209990e-02	1.047614e-02	3.520446e-02	-1.400348e-02
4.850000e+00	1.491804e-02	1.099541e-02	1.428989e-02	3.515949e-02	-1.035434e-02
4.900000e+00	1.896290e-02	9.321324e-03	1.998323e-02	3.580940e-02	-4.534229e-03
4.950000e+00	2.259676e-02	8.597781e-03	2.320414e-02	4.595029e-02	-2.346482e-03
5.000000e+00	2.487924e-02	1.077215e-02	2.328249e-02	6.134300e-02	-3.014228e-03
5.050000e+00	2.509100e-02	1.504341e-02	2.321937e-02	7.333496e-02	-3.115482e-03
5.100000e+00	2.302302e-02	1.952925e-02	1.976418e-02	7.985696e-02	-1.083884e-02
5.150000e+00	1.890662e-02	2.299359e-02	1.387942e-02	7.962294e-02	-2.127911e-02
5.200000e+00	1.335990e-02	2.486342e-02	6.566077e-03	7.258806e-02	-2.877622e-02
5.250000e+00	7.123605e-03	2.512578e-02	-2.380926e-03	6.312714e-02	-3.321265e-02
5.300000e+00	9.507474e-04	2.437670e-02	-9.724758e-03	5.436082e-02	-3.709058e-02
5.350000e+00	-4.730856e-03	2.334339e-02	-1.377425e-02	4.335001e-02	-4.419376e-02
5.400000e+00	-9.821234e-03	2.242035e-02	-1.605270e-02	4.243065e-02	-4.836461e-02
5.450000e+00	-1.438055e-02	2.130599e-02	-1.809937e-02	4.331906e-02	-5.176356e-02
5.500000e+00	-1.861781e-02	1.957753e-02	-2.185398e-02	4.035680e-02	-5.369902e-02
5.550000e+00	-2.260535e-02	1.689895e-02	-2.518328e-02	3.289823e-02	-5.139914e-02
5.600000e+00	-2.615309e-02	1.360257e-02	-2.804515e-02	2.141632e-02	-5.388080e-02
5.650000e+00	-2.867205e-02	1.121462e-02	-2.940959e-02	6.062897e-03	-5.947756e-02
5.700000e+00	-2.968495e-02	1.229021e-02	-2.710296e-02	-5.016700e-03	-6.350715e-02
5.750000e+00	-2.866698e-02	1.648190e-02	-2.473472e-02	2.032709e-03	-6.904181e-02
5.800000e+00	-2.536102e-02	2.129752e-02	-1.946416e-02	9.776838e-03	-7.155453e-02
5.850000e+00	-1.983500e-02	2.497026e-02	-1.170319e-02	2.165903e-02	-6.764777e-02
5.900000e+00	-1.277346e-02	2.666585e-02	-3.009011e-03	3.298523e-02	-6.738459e-02
5.950000e+00	-5.042841e-03	2.617116e-02	4.631299e-03	4.190596e-02	-6.183830e-02
6.000000e+00	2.407579e-03	2.389289e-02	9.339770e-03	4.810829e-02	-5.005544e-02
6.050000e+00	8.753882e-03	2.063823e-02	1.246784e-02	5.139575e-02	-3.642697e-02
6.100000e+00	1.348222e-02	1.750346e-02	1.445322e-02	5.163072e-02	-2.544261e-02
6.150000e+00	1.650151e-02	1.513684e-02	1.642070e-02	5.013510e-02	-1.845872e-02
6.200000e+00	1.805505e-02	1.359349e-02	1.822506e-02	4.848403e-02	-1.570157e-02
6.250000e+00	1.858336e-02	1.268482e-02	1.911958e-02	4.887963e-02	-1.389394e-02
6.300000e+00	1.855642e-02	1.236031e-02	1.831714e-02	5.047478e-02	-1.405025e-02
6.350000e+00	1.832974e-02	1.260168e-02	1.709685e-02	5.208534e-02	-1.181644e-02
6.400000e+00	1.806163e-02	1.336479e-02	1.818947e-02	5.117185e-02	-1.185267e-02
6.450000e+00	1.770182e-02	1.487325e-02	2.107232e-02	5.208220e-02	-2.172613e-02
6.500000e+00	1.703838e-02	1.749271e-02	2.074559e-02	5.944504e-02	-2.926842e-02
6.550000e+00	1.578291e-02	2.100533e-02	1.606316e-02	6.569703e-02	-3.302155e-02
6.600000e+00	1.359289e-02	2.441815e-02	9.270110e-03	6.790560e-02	-3.339831e-02
6.650000e+00	1.025510e-02	2.657637e-02	2.017159e-03	7.198213e-02	-3.195360e-02
6.700000e+00	5.710624e-03	2.677646e-02	-3.750679e-03	7.192355e-02	-3.692463e-02
6.750000e+00	9.405791e-05	2.509868e-02	-4.733625e-03	6.680748e-02	-4.248000e-02
6.800000e+00	-6.248274e-03	2.242637e-02	-8.733712e-03	5.982224e-02	-4.641696e-02
6.850000e+00	-1.276686e-02	2.001598e-02	-1.544789e-02	5.245226e-02	-5.200051e-02
6.900000e+00	-1.875471e-02	1.852712e-02	-2.334214e-02	4.492658e-02	-5.698417e-02
6.950000e+00	-2.343847e-02	1.736279e-02	-2.642896e-02	3.561176e-02	-6.561836e-02
7.000000e+00	-2.611169e-02	1.543972e-02	-2.747854e-02	2.322063e-02	-6.595991e-02
7.050000e+00	-2.625693e-02	1.236977e-02	-2.636204e-02	7.462357e-03	-5.872855e-02
7.100000e+00	-2.376428e-02	9.460003e-03	-2.369006e-02	7.419991e-03	-5.191038e-02
7.150000e+00	-1.894881e-02	9.725554e-03	-1.831128e-02	8.413084e-03	-4.764077e-02
7.200000e+00	-1.252511e-02	1.328801e-02	-1.092329e-02	1.749150e-02	-6.108300e-02
7.250000e+00	-5.471992e-03	1.719049e-02	-3.022473e-03	3.140162e-02	-7.084792e-02
7.300000e+00	1.179716e-03	1.978716e-02	4.748759e-03	4.561463e-02	-7.507212e-02
7.350000e+00	6.579655e-03	2.062464e-02	1.068520e-02	5.379066e-02	-7.276667e-02
7.400000e+00	1.024163e-02	1.998937e-02	1.475611e-02	5.557255e-02	-6.446247e-02
7.450000e+00	1.212122e-02	1.864559e-02	1.632464e-02	5.209679e-02	-5.208774e-02
7.500000e+00	1.256276e-02	1.746055e-02	1.654084e-02	5.015758e-02	-3.835338e-02
7.550000e+00	1.209120e-02	1.685229e-02	1.571671e-02	4.881339e-02	-3.728740e-02
7.600000e+00	1.132614e-02	1.668574e-02	1.452078e-02	4.592617e-02	-3.890223e-02
7.650000e+00	1.066008e-02	1.646377e-02	1.305648e-02	4.304797e-02	-3.669491e-02
7.700000e+00	1.018822e-02	1.583555e-02	1.137280e-02	4.334883e-02	-3.153499e-02
7.750000e+00	9.725563e-03	1.469952e-02	1.086695e-02	4.181973e-02	-2.585269e-02
7.800000e+00	8.933724e-03	1.313301e-02	9.566155e-03	3.993406e-02	-2.289435e-02
7.850000e+00	7.504158e-03	1.141497e-02	7.592397e-03	3.760613e-02	-2.422882e-02
7.900000e+00	5.324568e-03	1.018866e-02	5.428592e-03	3.394195e-02	-2.447012e-02
7.950000e+00	2.562976e-03	1.036049e-02	2.487444e-03	3.553096e-02	-2.500597e-02
8.000000e+00	-3.634678e-04	1.218137e-02	-1.761372e-03	4.198597e-02	-2.797090e-02
8.050000e+00	-2.924394e-03	1.490001e-02	-5.527483e-03	4.695850e-02	-3.350023e-02
8.100000e+00	-4.642159e-03	1.769577e-02	-8.628514e-03	4.970430e-02	-3.727111e-02
8.150000e+00	-5.301303e-03	1.998831e-02	-9.163982e-03	5.210957e-02	-4.422478e-02
8.200000e+00	-5.017452e-03	2.137971e-02	-8.449020e-03	5.439002e-02	-4.663151e-02
8.250000e+00	-4.204516e-03	2.158219e-02	-7.594693e-03	5.233788e-02	-4.804998e-02
8.300000e+00	-3.434465e-03	2.044656e-02	-6.406020e-03	4.726429e-02	-4.722511e-02
8.350000e+00	-3.239699e-03	1.805189e-02	-5.836973e-03	4.233154e-02	-4.308019e-02
8.400000e+00	-3.927658e-03	1.481229e-02	-5.853600e-03	3.560871e-02	-3.727558e-02
8.450000e+00	-5.471089e-03	1.163012e-02	-6.252935e-03	2.797124e-02	-3.493068e-02
8.500000e+00	-7.508810e-03	1.001969e-02	-7.449450e-03	2.122838e-02	-4.219422e-02
8.550000e+00	-9.466537e-03	1.097598e-02	-9.135290e-03	1.813731e-02	-4.390524e-02
8.600000e+00	-1.068232e-02	1.336713e-02	-9.501704e-03	1.865548e-02	-4.920012e-02
8.650000e+00	-1.063378e-02	1.557521e-02	-8.356379e-03	2.854075e-02	-5.251340e-02
8.700000e+00	-9.068240e-03	1.674031e-02	-5.919977e-03	3.949804e-02	-4.905953e-02
8.750000e+00	-6.059024e-03	1.663538e-02	-3.136249e-03	4.680158e-02	-4.495238e-02
8.800000e+00	-1.972268e-03	1.553912e-02	-4.507180e-04	4.819733e-02	-3.838581e-02
8.850000e+00	2.633359e-03	1.412145e-02	2.818962e-03	4.433479e-02	-3.127778e-02
8.900000e+00	7.135365e-03	1.314951e-02	7.092694e-03	3.955322e-02	-2.580244e-02
8.950000e+00	1.096558e-02	1.300049e-02	1.090941e-02	4.713789e-02	-2.254323e-02
9.000000e+00	1.369169e-02	1.345853e-02	1.309611e-02	5.231435e-02	-1.991262e-02
9.050000e+00	1.505628e-02	1.407339e-02	1.525827e-02	5.840066e-02	-2.413004e-02
9.100000e+00	1.496180e-02	1.441709e-02	1.514715e-02	5.732237e-02	-3.097826e-02
9.150000e+00	1.349004e-02	1.411777e-02	1.423868e-02	5.099424e-02	-4.009919e-02
9.200000e+00	1.085926e-02	1.291985e-02	1.194828e-02	4.256191e-02	-4.450960e-02
9.250000e+00	7.395377e-03	1.099329e-02	8.021432e-03	3.268264e-02	-4.041016e-02
9.300000e+00	3.499269e-03	9.371358e-03	3.670141e-03	2.513070e-02	-2.802651e-02
9.350000e+00	-3.953221e-04	9.650736e-03	-6.134975e-04	2.900085e-02	-2.278107e-02
9.400000e+00	-3.875640e-03	1.170738e-02	-5.759920e-03	3.933649e-02	-2.871913e-02
9.450000e+00	-6.609711e-03	1.382373e-02	-9.562779e-03	5.044156e-02	-3.370078e-02
9.500000e+00	-8.398481e-03	1.487655e-02	-1.136042e-02	5.671046e-02	-3.755839e-02
9.550000e+00	-9.207873e-03	1.471544e-02	-1.198672e-02	5.498465e-02	-4.213566e-02
9.600000e+00	-9.148577e-03	1.385492e-02	-1.159596e-02	4.670658e-02	-4.271314e-02
9.650000e+00	-8.446504e-03	1.305193e-02	-9.954687e-03	3.484145e-02	-3.853064e-02
9.700000e+00	-7.370505e-03	1.269608e-02	-8.548646e-03	2.715777e-02	-3.760144e-02
9.750000e+00	-6.161657e-03	1.259769e-02	-6.519037e-03	2.611739e-02	-3.539110e-02
9.800000e+00	-4.980851e-03	1.240788e-02	-5.043675e-03	2.825963e-02	-3.797686e-02
9.850000e+00	-3.890029e-03	1.199767e-02	-3.213693e-03	2.737817e-02	-3.827732e-02
9.900000e+00	-2.869632e-03	1.144860e-02	-1.496474e-03	2.341232e-02	-3.742321e-02
9.950000e+00	-1.861188e-03	1.093846e-02	-7.233419e-04	2.530914e-02	-3.783876e-02
1.000000e+01	-8.153228e-04	1.070513e-02	-5.636955e-04	2.682426e-02	-3.428012e-02
1.005000e+01	2.804607e-04	1.091735e-02	-1.428322e-04	2.949607e-02	-2.685250e-02
1.010000e+01	1.382442e-03	1.144157e-02	7.724859e-04	3.145877e-02	-2.895362e-02
1.015000e+01	2.415094e-03	1.188419e-02	3.244741e-03	2.880393e-02	-3.603353e-02
1.020000e+01	3.300237e-03	1.201224e-02	5.477965e-03	3.084338e-02	-3.773218e-02
1.025000e+01	3.986849e-03	1.204323e-02	5.423347e-03	3.313838e-02	-3.535329e-02
1.030000e+01	4.465537e-03	1.242058e-02	4.214370e-03	3.355469e-02	-3.180904e-02
1.035000e+01	4.761888e-03	1.317610e-02	3.847439e-03	3.761521e-02	-2.650747e-02
1.040000e+01	4.913496e-03	1.376082e-02	4.539009e-03	3.968307e-02	-3.129727e-02
1.045000e+01	4.943260e-03	1.363779e-02	5.552944e-03	4.031721e-02	-3.100876e-02
1.050000e+01	4.843039e-03	1.283114e-02	5.166320e-03	4.015698e-02	-3.028795e-02
1.055000e+01	4.576290e-03	1.195404e-02	4.221746e-03	4.148737e-02	-2.698590e-02
1.060000e+01	4.098546e-03	1.157912e-02	3.693851e-03	4.023278e-02	-2.529766e-02
1.065000e+01	3.385366e-03	1.144493e-02	3.975126e-03	3.567637e-02	-2.760466e-02
1.070000e+01	2.453249e-03	1.075881e-02	4.122962e-03	2.797592e-02	-2.713189e-02
1.075000e+01	1.362099e-03	9.236627e-03	2.001988e-03	2.343770e-02	-2.412149e-02
1.080000e+01	1.969719e-04	7.847927e-03	3.974606e-04	2.397409e-02	-2.211810e-02
1.085000e+01	-9.624370e-04	8.470680e-03	-3.266977e-04	2.120382e-02	-2.929311e-02
1.090000e+01	-2.068969e-03	1.090180e-02	-2.481579e-03	3.063782e-02	-3.537200e-02
1.095000e+01	-3.116610e-03	1.321557e-02	-4.998150e-03	3.822948e-02	-3.781928e-02
1.100000e+01	-4.123516e-03	1.423666e-02	-6.425717e-03	3.960331e-02	-3.598811e-02
1.105000e+01	-5.106220e-03	1.373236e-02	-6.745515e-03	3.480439e-02	-3.729512e-02
1.110000e+01	-6.006719e-03	1.214314e-02	-6.304858e-03	2.770913e-02	-3.824767e-02
1.115000e+01	-6.703502e-03	1.040483e-02	-6.971330e-03	2.404749e-02	-3.537395e-02
1.120000e+01	-7.013466e-03	9.464852e-03	-7.194754e-03	1.990065e-02	-2.971402e-02
1.125000e+01	-6.739801e-03	9.471059e-03	-6.540931e-03	1.735392e-02	-3.031190e-02
1.130000e+01	-5.743316e-03	9.720175e-03	-5.796670e-03	1.718517e-02	-3.315415e-02
1.135000e+01	-4.012100e-03	9.591885e-03	-4.371010e-03	2.140168e-02	-3.161606e-02
1.140000e+01	-1.701270e-03	9.000397e-03	-1.981114e-03	2.164031e-02	-2.653664e-02
1.145000e+01	8.772394e-04	8.295119e-03	1.222250e-03	2.339013e-02	-2.578177e-02
1.150000e+01	3.317887e-03	7.952957e-03	3.769980e-03	2.405819e-02	-2.393860e-02
1.155000e+01	5.221233e-03	8.144158e-03	5.861025e-03	2.415180e-02	-1.982038e-02
1.160000e+01	6.299131e-03	8.611427e-03	6.725382e-03	2.722821e-02	-1.772910e-02
1.165000e+01	6.450808e-03	9.050234e-03	7.441777e-03	2.890832e-02	-2.036375e-02
1.170000e+01	5.784246e-03	9.395810e-03	7.023001e-03	2.697053e-02	-2.161093e-02
1.175000e+01	4.575805e-03	9.761872e-03	5.521234e-03	2.667721e-02	-2.128384e-02
1.180000e+01	3.182170e-03	1.021435e-02	3.085236e-03	3.041179e-02	-2.573695e-02
1.185000e+01	1.934612e-03	1.064222e-02	1.305253e-03	3.514417e-02	-2.714880e-02
1.190000e+01	1.050502e-03	1.084304e-02	1.049052e-04	3.584224e-02	-2.512425e-02
1.195000e+01	5.893863e-04	1.067377e-02	-3.520374e-06	3.245502e-02	-2.189925e-02
1.200000e+01	4.639477e-04	1.010617e-02	1.660568e-05	3.025394e-02	-2.199836e-02
1.205000e+01	4.920097e-04	9.202265e-03	2.881156e-04	2.968558e-02	-2.095709e-02
1.210000e+01	4.869204e-04	8.041920e-03	5.280184e-04	2.542824e-02	-1.872743e-02
1.215000e+01	3.153671e-04	6.852506e-03	2.240248e-04	2.076250e-02	-1.670835e-02
1.220000e+01	-6.117521e-05	6.084328e-03	3.811047e-05	1.740579e-02	-1.978243e-02
1.225000e+01	-5.883377e-04	6.195577e-03	-3.808011e-04	1.740190e-02	-2.395054e-02
1.230000e+01	-1.155606e-03	7.027646e-03	-1.059283e-03	1.942333e-02	-2.569318e-02
1.235000e+01	-1.649173e-03	7.938902e-03	-1.235196e-03	2.014379e-02	-2.466812e-02
1.240000e+01	-1.997910e-03	8.452847e-03	-1.511891e-03	1.863163e-02	-2.691797e-02
1.245000e+01	-2.194633e-03	8.467768e-03	-1.157501e-03	1.857331e-02	-2.795272e-02
1.250000e+01	-2.286608e-03	8.212294e-03	-1.641509e-03	1.728106e-02	-2.606631e-02
1.255000e+01	-2.342430e-03	8.061893e-03	-2.190896e-03	1.813739e-02	-2.366415e-02
1.260000e+01	-2.411698e-03	8.214947e-03	-2.321327e-03	1.833422e-02	-2.660012e-02
1.265000e+01	-2.495674e-03	8.506390e-03	-1.937891e-03	1.972372e-02	-2.829530e-02
1.270000e+01	-2.541387e-03	8.605253e-03	-1.109065e-03	2.293421e-02	-2.991784e-02
1.275000e+01	-2.461065e-03	8.298611e-03	-1.217107e-03	2.411893e-02	-2.986048e-02
1.280000e+01	-2.168196e-03	7.598889e-03	-1.542751e-03	2.238090e-02	-2.658492e-02
1.285000e+01	-1.615112e-03	6.718035e-03	-1.373469e-03	1.826200e-02	-2.262622e-02
1.290000e+01	-8.170941e-04	5.975816e-03	-9.079794e-04	1.545753e-02	-1.900331e-02
1.295000e+01	1.458907e-04	5.638626e-03	-2.711659e-05	1.474733e-02	-1.905268e-02
1.300000e+01	1.149562e-03	5.743889e-03	1.095087e-03	1.549949e-02	-1.735426e-02
1.305000e+01	2.063080e-03	6.137563e-03	2.099946e-03	1.994350e-02	-1.428292e-02
1.310000e+01	2.774652e-03	6.651158e-03	2.934396e-03	2.287105e-02	-1.378318e-02
1.315000e+01	3.222036e-03	7.193376e-03	3.568067e-03	2.322654e-02	-1.468318e-02
1.320000e+01	3.395445e-03	7.712029e-03	3.742308e-03	2.307829e-02	-1.617282e-02
1.325000e+01	3.325491e-03	8.145854e-03	3.359407e-03	2.347893e-02	-1.733045e-02
1.330000e+01	3.061892e-03	8.411580e-03	2.617693e-03	2.566541e-02	-1.736145e-02
1.335000e+01	2.652671e-03	8.424041e-03	1.759434e-03	2.534598e-02	-1.738769e-02
1.340000e+01	2.131669e-03	8.127652e-03	1.188746e-03	2.552152e-02	-1.595703e-02
1.345000e+01	1.517678e-03	7.522194e-03	9.603576e-04	2.545021e-02	-1.635781e-02
1.350000e+01	8.234451e-04	6.681194e-03	3.419708e-04	2.256590e-02	-1.613222e-02
1.355000e+01	6.919234e-05	5.774070e-03	-2.370942e-04	1.715431e-02	-1.502154e-02
1.360000e+01	-7.058715e-04	5.088199e-03	-7.823715e-04	1.412677e-02	-1.297411e-02
1.365000e+01	-1.439437e-03	4.943719e-03	-1.567779e-03	1.480138e-02	-1.312927e-02
1.370000e+01	-2.051986e-03	5.386360e-03	-2.660975e-03	1.390961e-02	-1.591778e-02
1.375000e+01	-2.461927e-03	6.089154e-03	-3.133770e-03	1.371754e-02	-1.845826e-02
1.380000e+01	-2.606092e-03	6.669830e-03	-3.150837e-03	1.390254e-02	-1.904417e-02
1.385000e+01	-2.459647e-03	6.901188e-03	-2.625601e-03	1.595014e-02	-2.084784e-02
1.390000e+01	-2.048935e-03	6.741248e-03	-1.748948e-03	1.636078e-02	-2.074573e-02
1.395000e+01	-1.452173e-03	6.306604e-03	-8.396256e-04	1.497117e-02	-2.023593e-02
1.400000e+01	-7.860928e-04	5.809666e-03	-1.761127e-04	1.368198e-02	-1.779692e-02
1.405000e+01	-1.829911e-04	5.470878e-03	5.082991e-04	1.305629e-02	-1.751647e-02
1.410000e+01	2.647298e-04	5.378821e-03	8.396688e-04	1.300985e-02	-1.620884e-02
1.415000e+01	4.847185e-04	5.500688e-03	1.208209e-03	1.527438e-02	-1.551330e-02
1.420000e+01	4.569626e-04	5.701446e-03	1.177337e-03	1.589083e-02	-1.653768e-02
1.425000e+01	2.194127e-04	5.804256e-03	5.167939e-04	1.500754e-02	-1.813510e-02
1.430000e+01	-1.396588e-04	5.652363e-03	1.541621e-04	1.429011e-02	-1.892113e-02
1.435000e+01	-5.018183e-04	5.197892e-03	-6.300927e-04	1.260578e-02	-1.844038e-02
1.440000e+01	-7.471518e-04	4.611095e-03	-7.501196e-04	1.114162e-02	-1.603711e-02
1.445000e+01	-7.846606e-04	4.317880e-03	-1.040187e-03	1.153942e-02	-1.258930e-02
1.450000e+01	-5.762554e-04	4.663683e-03	-7.916410e-04	1.421980e-02	-1.144845e-02
1.455000e+01	-1.472106e-04	5.422713e-03	-3.104423e-04	1.620331e-02	-1.336133e-02
1.460000e+01	4.206386e-04	6.109479e-03	1.572161e-04	1.723696e-02	-1.447816e-02
1.465000e+01	1.011568e-03	6.431174e-03	7.252382e-04	1.843383e-02	-1.428035e-02
1.470000e+01	1.507948e-03	6.351494e-03	9.707412e-04	1.894106e-02	-1.254161e-02
1.475000e+01	1.821627e-03	6.010408e-03	9.303068e-04	1.845612e-02	-1.115342e-02
1.480000e+01	1.914764e-03	5.600311e-03	1.092313e-03	1.806412e-02	-1.039902e-02
1.485000e+01	1.803645e-03	5.243451e-03	1.270197e-03	1.711146e-02	-1.197439e-02
1.490000e+01	1.545028e-03	4.950644e-03	1.432408e-03	1.580283e-02	-1.376765e-02
1.495000e+01	1.210848e-03	4.684973e-03	1.075779e-03	1.777969e-02	-1.314485e-02
1.500000e+01	8.612568e-04	4.437970e-03	7.605382e-04	1.783805e-02	-1.109631e-02
1.505000e+01	5.297879e-04	4.256544e-03	4.962239e-04	1.559896e-02	-1.041742e-02
1.510000e+01	2.126963e-04	4.187309e-03	3.318706e-04	1.153961e-02	-1.136175e-02
1.515000e+01	-1.159810e-04	4.264356e-03	1.557650e-04	1.027119e-02	-1.495517e-02
1.520000e+01	-4.830933e-04	4.475820e-03	-4.286211e-04	1.104181e-02	-1.599581e-02
1.525000e+01	-8.926299e-04	4.750527e-03	-7.812193e-04	1.313415e-02	-1.470867e-02
1.530000e+01	-1.311410e-03	4.982905e-03	-1.152729e-03	1.361688e-02	-1.465749e-02
1.535000e+01	-1.671239e-03	5.088201e-03	-1.458177e-03	1.230663e-02	-1.581858e-02
1.540000e+01	-1.887985e-03	5.044873e-03	-1.636492e-03	9.719848e-03	-1.722970e-02
1.545000e+01	-1.891064e-03	4.894354e-03	-1.476882e-03	9.910296e-03	-1.678644e-02
1.550000e+01	-1.652230e-03	4.701823e-03	-1.242487e-03	1.025222e-02	-1.469191e-02
1.555000e+01	-1.202274e-03	4.512689e-03	-9.717960e-04	1.096716e-02	-1.431293e-02
1.560000e+01	-6.284265e-04	4.342739e-03	-4.871600e-04	1.042340e-02	-1.303957e-02
1.565000e+01	-5.228760e-05	4.196971e-03	4.754023e-05	9.073230e-03	-1.223185e-02
1.570000e+01	4.046201e-04	4.078623e-03	6.018539e-04	1.145472e-02	-1.125096e-02
1.575000e+01	6.560133e-04	3.983159e-03	5.844553e-04	1.208720e-02	-1.068133e-02
1.580000e+01	6.748201e-04	3.911637e-03	6.802706e-04	1.244419e-02	-9.896376e-03
1.585000e+01	4.982200e-04	3.903082e-03	4.690538e-04	1.116049e-02	-9.822210e-03
1.590000e+01	2.128604e-04	4.023314e-03	2.928028e-04	1.234273e-02	-9.887658e-03
1.595000e+01	-7.375453e-05	4.281492e-03	7.670049e-05	1.351293e-02	-1.059018e-02
1.600000e+01	-2.653981e-04	4.576805e-03	-4.153495e-04	1.360754e-02	-1.125086e-02
1.605000e+01	-2.984882e-04	4.774336e-03	-5.785655e-04	1.590459e-02	-1.126567e-02
1.610000e+01	-1.639189e-04	4.767211e-03	-6.073398e-04	1.674708e-02	-1.145310e-02
1.615000e+01	1.054228e-04	4.570378e-03	-2.601451e-04	1.567605e-02	-1.229036e-02
1.620000e+01	4.497877e-04	4.285945e-03	3.356391e-04	1.268935e-02	-1.304298e-02
1.625000e+01	8.023396e-04	4.024036e-03	7.291793e-04	1.045688e-02	-1.243858e-02
1.630000e+01	1.105027e-03	3.819426e-03	9.465523e-04	1.229203e-02	-1.038584e-02
1.635000e+01	1.316396e-03	3.631014e-03	1.234102e-03	1.363910e-02	-8.350959e-03
1.640000e+01	1.411553e-03	3.428192e-03	1.316684e-03	1.313685e-02	-7.505176e-03
1.645000e+01	1.377970e-03	3.260876e-03	1.408846e-03	1.189634e-02	-7.959859e-03
1.650000e+01	1.211854e-03	3.234681e-03	1.269027e-03	1.376098e-02	-7.958387e-03
1.655000e+01	9.182605e-04	3.401163e-03	8.334259e-04	1.383108e-02	-7.559746e-03
1.660000e+01	5.149558e-04	3.691361e-03	4.703379e-04	1.165683e-02	-9.369228e-03
1.665000e+01	3.696132e-05	3.978211e-03	2.579337e-04	1.176090e-02	-1.179269e-02
1.670000e+01	-4.625378e-04	4.157783e-03	-8.684207e-05	1.070142e-02	-1.424559e-02
1.675000e+01	-9.181014e-04	4.174114e-03	-5.363845e-04	8.582718e-03	-1.506026e-02
1.680000e+01	-1.264820e-03	4.015381e-03	-8.781472e-04	8.868154e-03	-1.377815e-02
1.685000e+01	-1.454468e-03	3.711789e-03	-1.106326e-03	8.400123e-03	-1.342970e-02
1.690000e+01	-1.469222e-03	3.340906e-03	-1.328898e-03	7.152599e-03	-1.344467e-02
1.695000e+01	-1.327345e-03	3.024414e-03	-1.251519e-03	8.005591e-03	-1.144307e-02
1.700000e+01	-1.077933e-03	2.878867e-03	-1.041650e-03	8.405713e-03	-9.179835e-03
1.705000e+01	-7.878414e-04	2.922869e-03	-7.712120e-04	7.556683e-03	-9.056761e-03
1.710000e+01	-5.196354e-04	3.043567e-03	-4.785491e-04	7.663764e-03	-9.738964e-03
1.715000e+01	-3.136075e-04	3.121276e-03	-2.362520e-04	9.115973e-03	-1.009038e-02
1.720000e+01	-1.803367e-04	3.113909e-03	-2.919926e-04	1.014300e-02	-9.620059e-03
1.725000e+01	-1.032375e-04	3.062851e-03	-2.697434e-04	1.047626e-02	-8.362304e-03
1.730000e+01	-5.034492e-05	3.042495e-03	-2.327776e-04	9.716370e-03	-7.094685e-03
1.735000e+01	1.010026e-05	3.088983e-03	-4.566373e-05	9.098504e-03	-6.861382e-03
1.740000e+01	9.686302e-05	3.173750e-03	-6.562619e-05	1.163228e-02	-7.483170e-03
1.745000e+01	2.106366e-04	3.247546e-03	-2.794601e-05	1.297670e-02	-8.421220e-03
1.750000e+01	3.378625e-04	3.289817e-03	2.018836e-04	1.288278e-02	-8.684759e-03
1.755000e+01	4.605778e-04	3.309404e-03	3.915907e-04	1.165922e-02	-7.843249e-03
1.760000e+01	5.668438e-04	3.311020e-03	2.591964e-04	1.199191e-02	-8.819264e-03
1.765000e+01	6.563482e-04	3.275192e-03	4.626552e-04	1.100828e-02	-9.215199e-03
1.770000e+01	7.383419e-04	3.177582e-03	6.831548e-04	9.927268e-03	-9.299222e-03
1.775000e+01	8.229707e-04	3.024617e-03	9.488493e-04	9.849150e-03	-8.860834e-03
1.780000e+01	9.104638e-04	2.866240e-03	1.152492e-03	9.121813e-03	-7.147360e-03
1.785000e+01	9.839686e-04	2.768495e-03	1.091915e-03	8.050470e-03	-7.316520e-03
1.790000e+01	1.010429e-03	2.766212e-03	1.203265e-03	8.839552e-03	-8.100280e-03
1.795000e+01	9.503763e-04	2.847400e-03	1.030551e-03	9.218744e-03	-7.874369e-03
1.800000e+01	7.733756e-04	2.982628e-03	9.205640e-04	9.524159e-03	-9.466099e-03
1.805000e+01	4.701474e-04	3.152638e-03	5.580205e-04	8.659923e-03	-1.020473e-02
1.810000e+01	6.804607e-05	3.321294e-03	2.474573e-04	8.116705e-03	-1.005543e-02
1.815000e+01	-3.765467e-04	3.436038e-03	-5.593688e-06	7.010035e-03	-1.125729e-02
1.820000e+01	-7.907768e-04	3.441702e-03	-2.725915e-04	8.107448e-03	-1.129360e-02
1.825000e+01	-1.105497e-03	3.311251e-03	-6.848972e-04	8.728823e-03	-1.324210e-02
1.830000e+01	-1.274933e-03	3.066679e-03	-1.122491e-03	8.456819e-03	-1.313934e-02
1.835000e+01	-1.288777e-03	2.777391e-03	-1.312646e-03	7.278648e-03	-1.108086e-02
1.840000e+01	-1.172506e-03	2.533704e-03	-1.158456e-03	6.051038e-03	-8.310941e-03
1.845000e+01	-9.761944e-04	2.402664e-03	-9.900307e-04	6.301120e-03	-8.501003e-03
1.850000e+01	-7.563502e-04	2.395644e-03	-7.451020e-04	6.200040e-03	-7.647751e-03
1.855000e+01	-5.576908e-04	2.479533e-03	-5.934849e-04	6.923793e-03	-8.247235e-03
1.860000e+01	-4.013531e-04	2.607611e-03	-5.264967e-04	7.066257e-03	-8.675787e-03
1.865000e+01	-2.831441e-04	2.731424e-03	-5.454716e-04	7.737302e-03	-8.870802e-03
1.870000e+01	-1.813234e-04	2.803955e-03	-4.115197e-04	7.698222e-03	-9.223883e-03
1.875000e+01	-6.981525e-05	2.793320e-03	-2.080933e-04	8.301624e-03	-7.617526e-03
1.880000e+01	6.894023e-05	2.700593e-03	-2.674927e-05	8.707319e-03	-6.577508e-03
1.885000e+01	2.365100e-04	2.563857e-03	1.386904e-04	8.079759e-03	-7.270929e-03
1.890000e+01	4.186549e-04	2.437144e-03	2.330075e-04	8.735031e-03	-7.010993e-03
1.895000e+01	5.920785e-04	2.353248e-03	5.477836e-04	9.790604e-03	-6.221138e-03
1.900000e+01	7.340378e-04	2.306484e-03	6.644201e-04	9.713413e-03	-5.700087e-03
1.905000e+01	8.320895e-04	2.280109e-03	6.249302e-04	8.734194e-03	-5.855259e-03
1.910000e+01	8.823186e-04	2.271795e-03	7.774706e-04	7.847551e-03	-5.623515e-03
1.915000e+01	8.907681e-04	2.295476e-03	8.702491e-04	9.766368e-03	-5.212318e-03
1.920000e+01	8.660900e-04	2.342705e-03	7.401371e-04	1.062976e-02	-5.761675e-03
1.925000e+01	8.130231e-04	2.371040e-03	6.285730e-04	1.023556e-02	-5.704965e-03
1.930000e+01	7.289077e-04	2.339515e-03	7.756208e-04	8.625602e-03	-5.952958e-03
1.935000e+01	6.049479e-04	2.254960e-03	8.004961e-04	6.081282e-03	-6.446368e-03
1.940000e+01	4.316315e-04	2.185766e-03	5.709652e-04	6.150454e-03	-7.996375e-03
1.945000e+01	2.058006e-04	2.214396e-03	2.678054e-04	6.280786e-03	-8.850429e-03
1.950000e+01	-6.385736e-05	2.351186e-03	4.419593e-05	6.205665e-03	-8.549417e-03
1.955000e+01	-3.554028e-04	2.520075e-03	-2.824032e-04	5.458579e-03	-7.491818e-03
1.960000e+01	-6.370651e-04	2.634172e-03	-4.359717e-04	6.197679e-03	-9.096642e-03
1.965000e+01	-8.742620e-04	2.654222e-03	-6.528249e-04	6.023213e-03	-9.622775e-03
1.970000e+01	-1.037663e-03	2.594060e-03	-8.126327e-04	5.109360e-03	-9.011492e-03
1.975000e+01	-1.109553e-03	2.495970e-03	-1.033304e-03	4.995331e-03	-8.625901e-03
1.980000e+01	-1.086669e-03	2.399815e-03	-1.126123e-03	6.537771e-03	-9.094286e-03
1.985000e+01	-9.791812e-04	2.326624e-03	-1.073659e-03	7.211804e-03	-8.972308e-03
1.990000e+01	-8.068605e-04	2.283586e-03	-9.518505e-04	6.791073e-03	-8.157424e-03
1.995000e+01	-5.941740e-04	2.274074e-03	-7.501821e-04	6.930244e-03	-6.704713e-03
2.000000e+01	-3.658822e-04	2.295274e-03	-5.621491e-04	6.937239e-03	-6.430370e-03
