# k	<chi>	std	chi_median	chi_max	chi_min
0.000000e+00	2.405849e-03	1.259682e-01	0.000000e+00	4.179089e-01	-5.018866e-01
5.000000e-02	-1.040261e-02	1.822671e-01	6.343570e-03	4.088092e-01	-5.139988e-01
1.000000e-01	-1.673710e-02	1.820808e-01	1.538845e-03	3.994036e-01	-5.259002e-01
1.500000e-01	-3.643346e-02	1.823860e-01	-1.662204e-02	3.691333e-01	-5.599071e-01
2.000000e-01	-5.731659e-02	1.838640e-01	-3.599711e-02	3.366962e-01	-5.920867e-01
2.500000e-01	-9.339231e-02	1.885711e-01	-7.443406e-02	2.779356e-01	-6.432542e-01
3.000000e-01	-1.317146e-01	1.952444e-01	-1.094340e-01	2.231948e-01	-6.953100e-01
3.500000e-01	-1.855346e-01	2.076899e-01	-1.451447e-01	1.956001e-01	-7.590893e-01
4.000000e-01	-2.408292e-01	2.213328e-01	-1.748907e-01	1.693043e-01	-8.316714e-01
4.500000e-01	-3.083747e-01	2.408341e-01	-2.115541e-01	1.257753e-01	-9.064871e-01
5.000000e-01	-3.734946e-01	2.586255e-01	-2.605668e-01	6.788818e-02	-9.605271e-01
5.500000e-01	-4.429179e-01	2.781060e-01	-3.191700e-01	-5.565189e-03	-9.987481e-01
6.000000e-01	-5.028164e-01	2.914712e-01	-3.805643e-01	-3.453998e-02	-1.071517e+00
6.500000e-01	-5.551462e-01	2.993255e-01	-4.479072e-01	-6.841302e-02	-1.134421e+00
7.000000e-01	-5.893619e-01	2.971191e-01	-5.043071e-01	-9.348958e-02	-1.170666e+00
7.500000e-01	-6.035089e-01	2.831697e-01	-5.433087e-01	-9.359593e-02	-1.161278e+00
8.000000e-01	-5.934537e-01	2.585510e-01	-5.586800e-01	-9.176472e-02	-1.113796e+00
8.500000e-01	-5.560720e-01	2.216235e-01	-5.482153e-01	-8.257595e-02	-1.004024e+00
9.000000e-01	-4.962175e-01	1.794485e-01	-4.913279e-01	-6.989169e-02	-9.012940e-01
9.500000e-01	-4.132770e-01	1.335698e-01	-4.220992e-01	-5.707016e-02	-7.960096e-01
1.000000e+00	-3.205695e-01	9.648255e-02	-3.351331e-01	-4.560583e-02	-6.525963e-01
1.050000e+00	-2.216421e-01	7.649572e-02	-2.149955e-01	-8.963174e-03	-4.805483e-01
1.100000e+00	-1.329828e-01	7.652218e-02	-1.338853e-01	5.563781e-02	-3.584702e-01
1.150000e+00	-6.013441e-02	8.197257e-02	-6.601016e-02	1.593810e-01	-2.982182e-01
1.200000e+00	-1.348675e-02	8.067586e-02	-1.277616e-02	2.051687e-01	-2.359677e-01
1.250000e+00	5.109588e-03	7.092594e-02	1.074020e-02	1.844135e-01	-1.748418e-01
1.300000e+00	-1.638744e-03	5.874835e-02	3.941703e-03	1.258033e-01	-1.537869e-01
1.350000e+00	-2.802791e-02	5.560514e-02	-3.118720e-02	1.385366e-01	-1.633856e-01
1.400000e+00	-6.018081e-02	6.486051e-02	-7.685336e-02	1.435170e-01	-2.087388e-01
1.450000e+00	-8.809366e-02	7.609668e-02	-9.496763e-02	1.237418e-01	-2.408559e-01
1.500000e+00	-9.842928e-02	7.828704e-02	-9.867154e-02	1.006593e-01	-2.605900e-01
1.550000e+00	-8.566609e-02	6.835368e-02	-8.320909e-02	8.575433e-02	-2.338070e-01
1.600000e+00	-4.941581e-02	4.931043e-02	-4.904968e-02	9.638323e-02	-1.678218e-01
1.650000e+00	5.820679e-03	3.745738e-02	7.014183e-04	1.308854e-01	-8.995573e-02
1.700000e+00	6.665854e-02	5.381633e-02	5.832441e-02	2.145467e-01	-5.277314e-02
1.750000e+00	1.236443e-01	8.024767e-02	9.314149e-02	2.926959e-01	-4.225210e-02
1.800000e+00	1.619428e-01	9.795135e-02	1.171544e-01	3.280817e-01	-2.269115e-02
1.850000e+00	1.784987e-01	1.024664e-01	1.294523e-01	3.382930e-01	2.056573e-03
1.900000e+00	1.695792e-01	9.151983e-02	1.277137e-01	3.146767e-01	2.649529e-02
1.950000e+00	1.429802e-01	6.930344e-02	1.158970e-01	2.591939e-01	3.627422e-02
2.000000e+00	1.056653e-01	4.170075e-02	9.721870e-02	1.842922e-01	2.461487e-02
2.050000e+00	6.800614e-02	1.901204e-02	6.812301e-02	1.215609e-01	7.760035e-03
2.100000e+00	3.808475e-02	2.294672e-02	4.367388e-02	1.037390e-01	-1.430175e-02
2.150000e+00	2.037265e-02	3.249315e-02	2.726522e-02	9.536592e-02	-4.152314e-02
2.200000e+00	1.366320e-02	3.438222e-02	1.530390e-02	7.946116e-02	-4.688128e-02
2.250000e+00	1.165998e-02	3.249439e-02	9.897711e-03	6.746848e-02	-4.462089e-02
2.300000e+00	1.034235e-02	2.843931e-02	6.753486e-03	6.112162e-02	-3.671362e-02
2.350000e+00	6.898679e-03	2.398904e-02	1.220072e-03	5.790285e-02	-4.278152e-02
2.400000e+00	7.065223e-04	1.980369e-02	-5.524640e-03	4.955465e-02	-4.356313e-02
2.450000e+00	-4.126016e-03	1.647579e-02	-9.876954e-03	4.214368e-02	-4.219535e-02
2.500000e+00	-8.737406e-03	1.326513e-02	-1.203813e-02	3.214195e-02	-3.743664e-02
2.550000e+00	-1.237419e-02	1.052592e-02	-1.354003e-02	2.095625e-02	-4.047686e-02
2.600000e+00	-1.437741e-02	8.579533e-03	-1.428780e-02	1.670287e-02	-3.951121e-02
2.650000e+00	-1.645823e-02	7.899056e-03	-1.591368e-02	1.800515e-02	-3.833395e-02
2.700000e+00	-1.713741e-02	7.744554e-03	-1.704900e-02	1.704160e-02	-3.610553e-02
2.750000e+00	-1.643473e-02	7.778125e-03	-1.708184e-02	1.436536e-02	-3.160169e-02
2.800000e+00	-1.461541e-02	7.827230e-03	-1.498527e-02	1.073681e-02	-3.249490e-02
2.850000e+00	-1.304512e-02	8.046710e-03	-1.291758e-02	1.012485e-02	-3.447517e-02
2.900000e+00	-1.055460e-02	8.127237e-03	-1.006241e-02	9.417806e-03	-3.488392e-02
2.950000e+00	-7.539734e-03	7.994544e-03	-6.818800e-03	9.590489e-03	-3.219072e-02
3.000000e+00	-4.376389e-03	7.600044e-03	-3.498195e-03	1.435600e-02	-2.721280e-02
3.050000e+00	-1.049845e-03	7.186101e-03	-2.937967e-04	1.727580e-02	-2.085442e-02
3.100000e+00	1.906945e-03	6.723612e-03	2.816623e-03	1.902591e-02	-1.407722e-02
3.150000e+00	4.318550e-03	6.378161e-03	5.111480e-03	1.995868e-02	-1.376677e-02
3.200000e+00	6.156403e-03	6.247140e-03	6.647122e-03	2.325578e-02	-1.221040e-02
3.250000e+00	7.425637e-03	6.148958e-03	7.344801e-03	2.497517e-02	-9.742029e-03
3.300000e+00	8.295000e-03	6.157471e-03	8.283803e-03	2.616928e-02	-8.443078e-03
3.350000e+00	8.907510e-03	6.288251e-03	8.782288e-03	2.673621e-02	-1.014566e-02
3.400000e+00	9.298004e-03	6.503411e-03	8.931368e-03	2.665137e-02	-1.098756e-02
3.450000e+00	9.470715e-03	6.721345e-03	9.742680e-03	2.884396e-02	-1.027066e-02
3.500000e+00	9.222040e-03	6.798792e-03	9.566071e-03	3.124038e-02	-1.185236e-02
3.550000e+00	8.357832e-03	6.703410e-03	8.459175e-03	3.036145e-02	-1.219103e-02
3.600000e+00	6.770683e-03	6.634068e-03	6.836897e-03	2.605173e-02	-1.134871e-02
3.650000e+00	4.547004e-03	6.925786e-03	4.676984e-03	2.100946e-02	-9.946250e-03
3.700000e+00	1.702214e-03	7.643652e-03	1.749067e-03	2.134618e-02	-1.457634e-02
3.750000e+00	-1.481956e-03	8.430921e-03	-9.257201e-04	1.976516e-02	-1.961671e-02
3.800000e+00	-4.698815e-03	8.807811e-03	-3.981252e-03	1.804274e-02	-2.512221e-02
3.850000e+00	-7.751272e-03	8.531043e-03	-7.311698e-03	1.405601e-02	-2.875325e-02
3.900000e+00	-1.056317e-02	7.573288e-03	-9.672838e-03	1.011287e-02	-3.287359e-02
3.950000e+00	-1.303533e-02	6.659892e-03	-1.265576e-02	7.830234e-03	-3.505593e-02
4.000000e+00	-1.506866e-02	6.992790e-03	-1.504320e-02	3.543532e-03	-3.520718e-02
4.050000e+00	-1.668974e-02	8.805582e-03	-1.490146e-02	5.174794e-03	-3.942303e-02
4.100000e+00	-1.760256e-02	1.092347e-02	-1.487252e-02	6.943278e-03	-4.277489e-02
4.150000e+00	-1.739952e-02	1.227275e-02	-1.427330e-02	7.171243e-03	-4.636311e-02
4.200000e+00	-1.568546e-02	1.230236e-02	-1.266156e-02	8.558212e-03	-4.548543e-02
4.250000e+00	-1.268203e-02	1.113021e-02	-9.888491e-03	1.311961e-02	-3.970851e-02
4.300000e+00	-8.048613e-03	9.120345e-03	-7.097023e-03	1.674371e-02	-3.087632e-02
4.350000e+00	-2.102737e-03	7.503513e-03	-2.635437e-03	1.934812e-02	-2.351227e-02
4.400000e+00	4.530077e-03	7.752314e-03	3.921438e-03	2.539481e-02	-1.879805e-02
4.450000e+00	1.082539e-02	9.488903e-03	1.054222e-02	3.482972e-02	-1.425366e-02
4.500000e+00	1.637023e-02	1.130591e-02	1.527045e-02	4.217846e-02	-8.287384e-03
4.550000e+00	2.065181e-02	1.242438e-02	1.845691e-02	4.695331e-02	-6.045742e-03
4.600000e+00	2.346110e-02	1.267260e-02	2.133571e-02	5.231159e-02	-5.073088e-03
4.650000e+00	2.482865e-02	1.226266e-02	2.358119e-02	5.541898e-02	-2.763399e-03
4.700000e+00	2.514236e-02	1.148625e-02	2.466728e-02	5.804216e-02	-3.584310e-03
4.750000e+00	2.466749e-02	1.064307e-02	2.462802e-02	5.916611e-02	-4.394004e-03
4.800000e+00	2.352863e-02	9.944058e-03	2.298092e-02	5.692572e-02	-5.831090e-03
4.850000e+00	2.164253e-02	9.460890e-03	2.090541e-02	5.346841e-02	-9.833960e-03
4.900000e+00	1.881898e-02	9.135253e-03	1.845615e-02	4.732439e-02	-1.241508e-02
4.950000e+00	1.482184e-02	9.025976e-03	1.480611e-02	4.394087e-02	-1.352160e-02
5.000000e+00	9.578189e-03	9.441928e-03	9.499328e-03	3.969908e-02	-1.545713e-02
5.050000e+00	3.317468e-03	1.063967e-02	2.917719e-03	3.446237e-02	-2.606745e-02
5.100000e+00	-3.377426e-03	1.242662e-02	-3.951432e-03	3.536109e-02	-3.540479e-02
5.150000e+00	-9.761623e-03	1.418704e-02	-1.038882e-02	3.361354e-02	-4.322992e-02
5.200000e+00	-1.509439e-02	1.536573e-02	-1.637615e-02	3.367494e-02	-5.160761e-02
5.250000e+00	-1.882566e-02	1.571544e-02	-2.073269e-02	3.444471e-02	-5.954229e-02
5.300000e+00	-2.086354e-02	1.544900e-02	-2.220080e-02	3.236238e-02	-6.312834e-02
5.350000e+00	-2.153783e-02	1.488808e-02	-2.179960e-02	2.696874e-02	-6.208116e-02
5.400000e+00	-2.148141e-02	1.418100e-02	-2.132426e-02	1.847419e-02	-6.153208e-02
5.450000e+00	-2.126434e-02	1.321812e-02	-2.153320e-02	1.563383e-02	-5.886761e-02
5.500000e+00	-2.147214e-02	1.224356e-02	-2.185787e-02	1.805867e-02	-5.374957e-02
5.550000e+00	-2.220430e-02	1.199316e-02	-2.346267e-02	1.624552e-02	-5.236424e-02
5.600000e+00	-2.311344e-02	1.315434e-02	-2.300256e-02	1.314422e-02	-5.204017e-02
5.650000e+00	-2.342065e-02	1.519809e-02	-2.150196e-02	1.581551e-02	-6.092534e-02
5.700000e+00	-2.248278e-02	1.701557e-02	-2.108545e-02	1.653713e-02	-6.795416e-02
5.750000e+00	-1.973774e-02	1.788195e-02	-2.046693e-02	1.806681e-02	-6.742874e-02
5.800000e+00	-1.501462e-02	1.789428e-02	-1.507344e-02	2.625193e-02	-5.893294e-02
5.850000e+00	-8.519310e-03	1.776140e-02	-8.346578e-03	3.836912e-02	-4.680088e-02
5.900000e+00	-9.945379e-04	1.824614e-02	1.000971e-04	4.850857e-02	-4.259594e-02
5.950000e+00	6.756871e-03	1.925425e-02	8.808712e-03	5.469488e-02	-4.047033e-02
6.000000e+00	1.400922e-02	2.005547e-02	1.687942e-02	5.769780e-02	-3.439733e-02
6.050000e+00	2.031108e-02	1.996980e-02	2.358470e-02	5.962150e-02	-2.759493e-02
6.100000e+00	2.534470e-02	1.895158e-02	2.769436e-02	6.496161e-02	-2.429879e-02
6.150000e+00	2.908921e-02	1.738167e-02	3.040124e-02	6.494884e-02	-2.113158e-02
6.200000e+00	3.157746e-02	1.589626e-02	3.159560e-02	6.511797e-02	-1.664289e-02
6.250000e+00	3.275987e-02	1.510732e-02	3.296452e-02	6.810625e-02	-1.035768e-02
6.300000e+00	3.245142e-02	1.525086e-02	3.306131e-02	6.839247e-02	-5.416926e-03
6.350000e+00	3.039014e-02	1.599084e-02	3.031740e-02	6.507981e-02	-8.063527e-03
6.400000e+00	2.638173e-02	1.669601e-02	2.649084e-02	6.436232e-02	-1.537715e-02
6.450000e+00	2.046277e-02	1.692724e-02	2.095914e-02	5.961296e-02	-2.170816e-02
6.500000e+00	1.300314e-02	1.674517e-02	1.307739e-02	5.033591e-02	-3.333591e-02
6.550000e+00	4.594501e-03	1.664946e-02	4.295069e-03	4.165304e-02	-4.278282e-02
6.600000e+00	-3.761254e-03	1.718605e-02	-4.970803e-03	4.322577e-02	-5.128217e-02
6.650000e+00	-1.121226e-02	1.822639e-02	-1.298261e-02	4.175766e-02	-5.862198e-02
6.700000e+00	-1.715424e-02	1.910919e-02	-1.980389e-02	3.660626e-02	-6.115188e-02
6.750000e+00	-2.134997e-02	1.926698e-02	-2.461252e-02	2.932592e-02	-5.916054e-02
6.800000e+00	-2.391690e-02	1.859869e-02	-2.742078e-02	1.991978e-02	-5.529655e-02
6.850000e+00	-2.519371e-02	1.743930e-02	-2.749047e-02	1.664356e-02	-5.830055e-02
6.900000e+00	-2.554650e-02	1.628375e-02	-2.657780e-02	1.667540e-02	-5.899708e-02
6.950000e+00	-2.519841e-02	1.544963e-02	-2.482934e-02	1.499945e-02	-6.117648e-02
7.000000e+00	-2.415363e-02	1.492994e-02	-2.386354e-02	1.996860e-02	-6.057511e-02
7.050000e+00	-2.218953e-02	1.452066e-02	-2.289895e-02	2.503397e-02	-5.480855e-02
7.100000e+00	-1.916278e-02	1.416791e-02	-2.066997e-02	2.707017e-02	-4.930868e-02
7.150000e+00	-1.502048e-02	1.394839e-02	-1.663886e-02	2.773231e-02	-4.899529e-02
7.200000e+00	-9.955755e-03	1.406442e-02	-1.021464e-02	2.987791e-02	-4.576327e-02
7.250000e+00	-4.410066e-03	1.469973e-02	-3.540123e-03	3.422905e-02	-4.169902e-02
7.300000e+00	1.039864e-03	1.585439e-02	2.800943e-03	4.807100e-02	-3.621838e-02
7.350000e+00	5.863481e-03	1.731579e-02	6.436684e-03	5.503966e-02	-3.368939e-02
7.400000e+00	9.746795e-03	1.877891e-02	9.173036e-03	6.045430e-02	-3.385519e-02
7.450000e+00	1.267501e-02	1.995728e-02	1.244108e-02	6.394303e-02	-3.305070e-02
7.500000e+00	1.488790e-02	2.060814e-02	1.452312e-02	6.506430e-02	-3.866421e-02
7.550000e+00	1.668988e-02	2.046774e-02	1.535690e-02	6.635430e-02	-3.762796e-02
7.600000e+00	1.834504e-02	1.949384e-02	1.677514e-02	6.389278e-02	-3.751982e-02
7.650000e+00	1.983787e-02	1.777644e-02	1.885415e-02	6.292186e-02	-3.237291e-02
7.700000e+00	2.086562e-02	1.567902e-02	2.059429e-02	6.290460e-02	-2.245798e-02
7.750000e+00	2.094233e-02	1.384167e-02	2.100275e-02	6.406368e-02	-2.735018e-02
7.800000e+00	1.960419e-02	1.298029e-02	1.939404e-02	6.063418e-02	-3.137183e-02
7.850000e+00	1.663237e-02	1.340001e-02	1.677900e-02	5.184042e-02	-3.109963e-02
7.900000e+00	1.219808e-02	1.473010e-02	1.268700e-02	4.397374e-02	-3.717404e-02
7.950000e+00	6.862968e-03	1.631430e-02	7.682609e-03	4.314999e-02	-4.712973e-02
8.000000e+00	1.425916e-03	1.760286e-02	2.445869e-03	4.208726e-02	-5.309712e-02
8.050000e+00	-3.373057e-03	1.820037e-02	-1.341592e-03	3.908756e-02	-5.674674e-02
8.100000e+00	-6.946848e-03	1.800780e-02	-4.436867e-03	3.357895e-02	-5.429367e-02
8.150000e+00	-9.209276e-03	1.712138e-02	-5.780635e-03	2.946347e-02	-4.970303e-02
8.200000e+00	-1.049043e-02	1.586736e-02	-8.189688e-03	2.621844e-02	-5.008656e-02
8.250000e+00	-1.136526e-02	1.479237e-02	-1.087104e-02	2.154864e-02	-4.845278e-02
8.300000e+00	-1.239149e-02	1.454241e-02	-1.305105e-02	2.738964e-02	-4.321431e-02
8.350000e+00	-1.386122e-02	1.541120e-02	-1.394955e-02	3.220950e-02	-4.736782e-02
8.400000e+00	-1.566462e-02	1.690826e-02	-1.470685e-02	3.213180e-02	-6.064075e-02
8.450000e+00	-1.731906e-02	1.804884e-02	-1.528335e-02	2.704053e-02	-7.293510e-02
8.500000e+00	-1.815037e-02	1.799746e-02	-1.531133e-02	2.346313e-02	-7.854039e-02
8.550000e+00	-1.752398e-02	1.654125e-02	-1.520536e-02	1.986824e-02	-7.366087e-02
8.600000e+00	-1.515653e-02	1.456615e-02	-1.463518e-02	2.175906e-02	-5.780499e-02
8.650000e+00	-1.118347e-02	1.391690e-02	-1.140906e-02	2.916377e-02	-4.316771e-02
8.700000e+00	-6.130845e-03	1.557261e-02	-4.494527e-03	3.906646e-02	-4.349767e-02
8.750000e+00	-7.408925e-04	1.810547e-02	1.643797e-03	4.871140e-02	-4.608746e-02
8.800000e+00	4.263457e-03	1.968700e-02	4.605270e-03	5.943653e-02	-4.310056e-02
8.850000e+00	8.381313e-03	1.951156e-02	7.029206e-03	6.123977e-02	-3.367776e-02
8.900000e+00	1.142916e-02	1.781271e-02	9.397821e-03	5.865581e-02	-2.207937e-02
8.950000e+00	1.350286e-02	1.555313e-02	1.248091e-02	5.008945e-02	-2.022870e-02
9.000000e+00	1.483690e-02	1.386037e-02	1.548982e-02	4.526645e-02	-2.194016e-02
9.050000e+00	1.565687e-02	1.319845e-02	1.756254e-02	4.587839e-02	-2.335169e-02
9.100000e+00	1.596634e-02	1.301909e-02	1.831726e-02	4.908644e-02	-2.332284e-02
9.150000e+00	1.562799e-02	1.261407e-02	1.769785e-02	4.674226e-02	-2.371210e-02
9.200000e+00	1.441643e-02	1.174623e-02	1.642294e-02	4.707190e-02	-2.366383e-02
9.250000e+00	1.216673e-02	1.067274e-02	1.385501e-02	5.036589e-02	-2.122252e-02
9.300000e+00	8.912213e-03	9.982943e-03	9.379060e-03	4.996850e-02	-2.316908e-02
9.350000e+00	4.944563e-03	1.023218e-02	4.629204e-03	4.536082e-02	-3.015468e-02
9.400000e+00	7.643187e-04	1.135226e-02	4.953073e-04	3.700465e-02	-3.674003e-02
9.450000e+00	-3.061290e-03	1.269341e-02	-2.649947e-03	2.787398e-02	-4.141959e-02
9.500000e+00	-6.075161e-03	1.365357e-02	-5.851867e-03	2.562024e-02	-4.282056e-02
9.550000e+00	-8.083632e-03	1.402081e-02	-8.177235e-03	2.421253e-02	-4.074539e-02
9.600000e+00	-9.145421e-03	1.387705e-02	-9.219179e-03	2.357886e-02	-4.626266e-02
9.650000e+00	-9.557579e-03	1.337057e-02	-9.639686e-03	2.267129e-02	-4.785928e-02
9.700000e+00	-9.683206e-03	1.249195e-02	-9.985434e-03	2.131340e-02	-4.405458e-02
9.750000e+00	-9.783469e-03	1.122154e-02	-9.997215e-03	2.093335e-02	-3.819014e-02
9.800000e+00	-9.905856e-03	9.967717e-03	-1.018863e-02	1.987801e-02	-3.322547e-02
9.850000e+00	-9.875273e-03	9.690927e-03	-1.024961e-02	1.774002e-02	-3.631634e-02
9.900000e+00	-9.389962e-03	1.080532e-02	-9.213448e-03	1.886710e-02	-4.125380e-02
9.950000e+00	-8.179137e-03	1.234267e-02	-6.591981e-03	2.203407e-02	-5.507657e-02
1.000000e+01	-6.152826e-03	1.315446e-02	-4.414135e-03	2.343248e-02	-6.013064e-02
1.005000e+01	-3.463072e-03	1.283339e-02	-2.384716e-03	2.676770e-02	-5.546671e-02
1.010000e+01	-5.220614e-04	1.186643e-02	-4.563179e-04	3.074822e-02	-4.176496e-02
1.015000e+01	2.178827e-03	1.131920e-02	3.026336e-03	3.578187e-02	-3.043935e-02
1.020000e+01	4.224438e-03	1.183603e-02	5.188066e-03	3.663405e-02	-2.897016e-02
1.025000e+01	5.419573e-03	1.287265e-02	6.592746e-03	3.939197e-02	-2.672019e-02
1.030000e+01	5.845104e-03	1.351226e-02	6.831202e-03	4.291605e-02	-2.458780e-02
1.035000e+01	5.804250e-03	1.332453e-02	6.785846e-03	3.971188e-02	-2.750544e-02
1.040000e+01	5.682638e-03	1.242285e-02	6.630870e-03	3.731403e-02	-2.607542e-02
1.045000e+01	5.781090e-03	1.121284e-02	6.805745e-03	3.513323e-02	-2.548591e-02
1.050000e+01	6.190195e-03	1.012091e-02	6.777619e-03	3.302265e-02	-2.110187e-02
1.055000e+01	6.756938e-03	9.407353e-03	7.159469e-03	3.223883e-02	-1.868483e-02
1.060000e+01	7.154512e-03	9.100196e-03	7.080785e-03	3.186100e-02	-1.511260e-02
1.065000e+01	7.023808e-03	9.041971e-03	6.694114e-03	3.084138e-02	-1.841266e-02
1.070000e+01	6.126730e-03	9.034403e-03	6.183770e-03	3.245105e-02	-2.210172e-02
1.075000e+01	4.448812e-03	9.019077e-03	4.404415e-03	3.182106e-02	-2.449821e-02
1.080000e+01	2.211733e-03	9.149430e-03	2.072490e-03	2.857464e-02	-2.552039e-02
1.085000e+01	-2.053131e-04	9.613480e-03	-6.228843e-04	2.681012e-02	-2.613365e-02
1.090000e+01	-2.399392e-03	1.033567e-02	-3.588745e-03	2.780358e-02	-2.908804e-02
1.095000e+01	-4.076359e-03	1.096348e-02	-4.905705e-03	2.920573e-02	-3.231455e-02
1.100000e+01	-5.129708e-03	1.114922e-02	-6.078088e-03	2.686606e-02	-3.177526e-02
1.105000e+01	-5.652103e-03	1.080376e-02	-6.097720e-03	2.413772e-02	-3.303862e-02
1.110000e+01	-5.818549e-03	1.007715e-02	-6.376451e-03	2.348086e-02	-3.234136e-02
1.115000e+01	-5.823376e-03	9.325791e-03	-6.354802e-03	2.166839e-02	-2.995263e-02
1.120000e+01	-5.769240e-03	8.855270e-03	-6.543758e-03	1.869751e-02	-2.908441e-02
1.125000e+01	-5.628273e-03	8.698270e-03	-6.501802e-03	2.100529e-02	-2.768387e-02
1.130000e+01	-5.272863e-03	8.640842e-03	-6.493745e-03	2.366421e-02	-2.648388e-02
1.135000e+01	-4.557910e-03	8.457833e-03	-5.268541e-03	2.301186e-02	-2.550364e-02
1.140000e+01	-3.414051e-03	8.089257e-03	-3.742133e-03	2.213401e-02	-2.541333e-02
1.145000e+01	-1.907707e-03	7.680765e-03	-2.375335e-03	2.140862e-02	-2.502108e-02
1.150000e+01	-2.398486e-04	7.508845e-03	-6.471069e-04	2.494198e-02	-2.239821e-02
1.155000e+01	1.316601e-03	7.767722e-03	1.072017e-03	2.749034e-02	-1.886284e-02
1.160000e+01	2.513477e-03	8.366435e-03	2.185643e-03	2.718541e-02	-1.822603e-02
1.165000e+01	3.216211e-03	9.005703e-03	2.854814e-03	2.713325e-02	-1.847961e-02
1.170000e+01	3.446773e-03	9.403701e-03	3.437871e-03	2.628102e-02	-1.927992e-02
1.175000e+01	3.363129e-03	9.415850e-03	3.780050e-03	2.626903e-02	-2.145906e-02
1.180000e+01	3.185171e-03	9.043614e-03	3.883037e-03	2.439950e-02	-2.530372e-02
1.185000e+01	3.099679e-03	8.401292e-03	3.737323e-03	2.270638e-02	-2.560966e-02
1.190000e+01	3.184806e-03	7.673008e-03	3.710743e-03	2.388731e-02	-2.258365e-02
1.195000e+01	3.384919e-03	7.058397e-03	3.982322e-03	2.383349e-02	-1.702161e-02
1.200000e+01	3.544091e-03	6.697645e-03	4.143443e-03	2.340377e-02	-1.653829e-02
1.205000e+01	3.484176e-03	6.625376e-03	3.677789e-03	2.684896e-02	-1.631657e-02
1.210000e+01	3.079010e-03	6.750141e-03	2.972789e-03	2.862375e-02	-1.910605e-02
1.215000e+01	2.315681e-03	6.976797e-03	2.253784e-03	2.767324e-02	-2.236032e-02
1.220000e+01	1.296513e-03	7.224401e-03	1.581292e-03	2.389598e-02	-2.444983e-02
1.225000e+01	1.943136e-04	7.412868e-03	1.013729e-03	1.953109e-02	-2.655900e-02
1.230000e+01	-8.195212e-04	7.467691e-03	-1.755568e-04	1.796411e-02	-2.808164e-02
1.235000e+01	-1.640484e-03	7.361539e-03	-1.364321e-03	1.486213e-02	-2.754589e-02
1.240000e+01	-2.260540e-03	7.147777e-03	-2.369855e-03	1.528661e-02	-2.382898e-02
1.245000e+01	-2.749594e-03	6.935712e-03	-2.791219e-03	1.560371e-02	-2.085727e-02
1.250000e+01	-3.199046e-03	6.810395e-03	-3.471383e-03	1.477163e-02	-1.995146e-02
1.255000e+01	-3.655149e-03	6.772201e-03	-3.844000e-03	1.384573e-02	-2.285646e-02
1.260000e+01	-4.074742e-03	6.761645e-03	-4.506348e-03	1.683919e-02	-2.503177e-02
1.265000e+01	-4.326010e-03	6.721872e-03	-4.639161e-03	1.834162e-02	-2.507606e-02
1.270000e+01	-4.236703e-03	6.619961e-03	-4.176836e-03	1.912118e-02	-2.744572e-02
1.275000e+01	-3.670662e-03	6.439312e-03	-3.604492e-03	1.820881e-02	-2.713810e-02
1.280000e+01	-2.599953e-03	6.201790e-03	-2.684535e-03	2.118002e-02	-2.291326e-02
1.285000e+01	-1.140498e-03	6.013201e-03	-1.146979e-03	2.130926e-02	-2.250180e-02
1.290000e+01	4.665411e-04	6.036018e-03	5.424993e-04	1.895589e-02	-2.115722e-02
1.295000e+01	1.923100e-03	6.332812e-03	1.911132e-03	2.344566e-02	-1.763513e-02
1.300000e+01	2.967134e-03	6.757849e-03	2.832077e-03	2.541723e-02	-1.424952e-02
1.305000e+01	3.463737e-03	7.091747e-03	3.531099e-03	2.379913e-02	-1.618206e-02
1.310000e+01	3.414439e-03	7.176211e-03	3.502030e-03	2.336139e-02	-1.675887e-02
1.315000e+01	2.972189e-03	7.033201e-03	3.329617e-03	2.318752e-02	-1.610770e-02
1.320000e+01	2.367050e-03	6.803986e-03	2.588842e-03	2.264683e-02	-1.670267e-02
1.325000e+01	1.818338e-03	6.619630e-03	2.170834e-03	2.437141e-02	-1.679376e-02
1.330000e+01	1.459060e-03	6.488072e-03	2.099553e-03	2.350607e-02	-1.625815e-02
1.335000e+01	1.300697e-03	6.313357e-03	2.028787e-03	2.115208e-02	-1.723907e-02
1.340000e+01	1.248811e-03	6.016237e-03	1.764010e-03	2.003044e-02	-1.673874e-02
1.345000e+01	1.159085e-03	5.623405e-03	1.309230e-03	1.840958e-02	-1.459783e-02
1.350000e+01	9.079618e-04	5.264128e-03	9.380537e-04	1.767434e-02	-1.296533e-02
1.355000e+01	4.480545e-04	5.083212e-03	4.721405e-04	1.688844e-02	-1.266607e-02
1.360000e+01	-1.730401e-04	5.126098e-03	-2.200768e-04	1.449862e-02	-1.448000e-02
1.365000e+01	-8.352427e-04	5.311396e-03	-7.747338e-04	1.446644e-02	-1.632994e-02
1.370000e+01	-1.397091e-03	5.515288e-03	-1.448712e-03	1.485588e-02	-1.660666e-02
1.375000e+01	-1.751838e-03	5.648392e-03	-1.914805e-03	1.620932e-02	-1.544133e-02
1.380000e+01	-1.864730e-03	5.667668e-03	-2.327839e-03	1.588716e-02	-1.420727e-02
1.385000e+01	-1.777483e-03	5.563024e-03	-2.132874e-03	1.608539e-02	-1.531855e-02
1.390000e+01	-1.580975e-03	5.359553e-03	-1.739333e-03	1.585168e-02	-1.533943e-02
1.395000e+01	-1.370698e-03	5.134058e-03	-1.431802e-03	1.365311e-02	-1.423351e-02
1.400000e+01	-1.205736e-03	5.001862e-03	-1.457116e-03	1.298354e-02	-1.414182e-02
1.405000e+01	-1.088396e-03	5.051583e-03	-1.385867e-03	1.329083e-02	-1.269454e-02
1.410000e+01	-9.742255e-04	5.205172e-03	-1.351754e-03	1.517700e-02	-1.536533e-02
1.415000e+01	-7.998136e-04	5.296948e-03	-1.200182e-03	1.624042e-02	-1.915943e-02
1.420000e+01	-5.204803e-04	5.201578e-03	-7.233848e-04	1.637522e-02	-2.010073e-02
1.425000e+01	-1.365332e-04	4.940935e-03	-3.765814e-04	1.534977e-02	-1.770736e-02
1.430000e+01	3.032624e-04	4.686655e-03	2.851595e-04	1.382703e-02	-1.239554e-02
1.435000e+01	7.214485e-04	4.624147e-03	9.638280e-04	1.283931e-02	-1.137038e-02
1.440000e+01	1.044464e-03	4.754694e-03	1.206403e-03	1.221185e-02	-1.364161e-02
1.445000e+01	1.232148e-03	4.899236e-03	1.345566e-03	1.478140e-02	-1.453322e-02
1.450000e+01	1.290398e-03	4.901866e-03	1.158958e-03	1.573003e-02	-1.371489e-02
1.455000e+01	1.261690e-03	4.759483e-03	1.130045e-03	1.606508e-02	-1.446912e-02
1.460000e+01	1.198882e-03	4.596892e-03	1.305855e-03	1.554254e-02	-1.371616e-02
1.465000e+01	1.135564e-03	4.536029e-03	1.476817e-03	1.355415e-02	-1.226297e-02
1.470000e+01	1.067726e-03	4.569682e-03	1.493395e-03	1.226859e-02	-1.313863e-02
1.475000e+01	9.560618e-04	4.580886e-03	1.399165e-03	1.243662e-02	-1.323249e-02
1.480000e+01	7.483726e-04	4.466599e-03	1.054541e-03	1.332908e-02	-1.303049e-02
1.485000e+01	4.118873e-04	4.218984e-03	6.060377e-04	1.389921e-02	-1.211724e-02
1.490000e+01	-3.981572e-05	3.931319e-03	4.107671e-05	1.313801e-02	-1.116032e-02
1.495000e+01	-5.387899e-04	3.751003e-03	-5.146951e-04	1.116974e-02	-1.106290e-02
1.500000e+01	-9.791338e-04	3.781528e-03	-1.096539e-03	1.046330e-02	-1.286054e-02
1.505000e+01	-1.258850e-03	4.000705e-03	-1.398615e-03	1.110422e-02	-1.285257e-02
1.510000e+01	-1.298806e-03	4.265671e-03	-1.465225e-03	1.112463e-02	-1.438576e-02
1.515000e+01	-1.095726e-03	4.440773e-03	-1.182812e-03	1.056935e-02	-1.484163e-02
1.520000e+01	-7.210636e-04	4.459782e-03	-7.486410e-04	1.133433e-02	-1.402411e-02
1.525000e+01	-2.978190e-04	4.337449e-03	-3.596105e-04	1.228478e-02	-1.293528e-02
1.530000e+01	4.270964e-05	4.142354e-03	-1.570663e-06	1.265516e-02	-1.169934e-02
1.535000e+01	2.073417e-04	3.946672e-03	1.301391e-04	1.291665e-02	-1.071188e-02
1.540000e+01	1.723749e-04	3.783770e-03	-1.051662e-05	1.222300e-02	-9.589381e-03
1.545000e+01	-1.207132e-05	3.648823e-03	-1.209711e-04	1.091026e-02	-9.579300e-03
1.550000e+01	-2.455809e-04	3.534204e-03	-3.719386e-04	1.161977e-02	-1.036781e-02
1.555000e+01	-4.184912e-04	3.452650e-03	-4.327912e-04	1.181366e-02	-1.071860e-02
1.560000e+01	-4.535256e-04	3.425948e-03	-4.835691e-04	1.066325e-02	-9.745117e-03
1.565000e+01	-3.316905e-04	3.462289e-03	-3.278269e-04	9.631310e-03	-1.038752e-02
1.570000e+01	-9.341831e-05	3.551320e-03	3.782815e-06	1.040570e-02	-1.011921e-02
1.575000e+01	1.834325e-04	3.672846e-03	1.787278e-04	9.733355e-03	-1.164157e-02
1.580000e+01	4.177911e-04	3.798520e-03	4.200029e-04	1.134874e-02	-1.277139e-02
1.585000e+01	5.567165e-04	3.887449e-03	5.705245e-04	1.184156e-02	-1.278991e-02
1.590000e+01	5.912550e-04	3.892911e-03	8.361948e-04	1.146542e-02	-1.226315e-02
1.595000e+01	5.518326e-04	3.785077e-03	8.230630e-04	1.022676e-02	-1.197476e-02
1.600000e+01	4.873873e-04	3.577380e-03	6.199615e-04	1.007058e-02	-1.045841e-02
1.605000e+01	4.387271e-04	3.343626e-03	5.744422e-04	9.411101e-03	-9.167003e-03
1.610000e+01	4.186401e-04	3.183115e-03	4.519219e-04	8.901594e-03	-8.591270e-03
1.615000e+01	4.123479e-04	3.165788e-03	5.486359e-04	9.040699e-03	-9.371950e-03
1.620000e+01	3.843731e-04	3.262095e-03	5.036452e-04	9.009791e-03	-1.035744e-02
1.625000e+01	2.986419e-04	3.377918e-03	3.382171e-04	9.438214e-03	-1.047092e-02
1.630000e+01	1.387685e-04	3.440925e-03	1.812828e-05	9.614560e-03	-9.982200e-03
1.635000e+01	-8.096426e-05	3.441839e-03	-2.714507e-04	9.836737e-03	-1.093283e-02
1.640000e+01	-3.188024e-04	3.416897e-03	-4.868132e-04	9.760628e-03	-1.026762e-02
1.645000e+01	-5.211707e-04	3.400268e-03	-7.233515e-04	8.936531e-03	-1.015382e-02
1.650000e+01	-6.434979e-04	3.388183e-03	-8.089460e-04	9.341937e-03	-1.119366e-02
1.655000e+01	-6.668726e-04	3.347444e-03	-7.649012e-04	9.161664e-03	-1.110593e-02
1.660000e+01	-6.033960e-04	3.254051e-03	-6.772877e-04	1.089578e-02	-9.629294e-03
1.665000e+01	-4.884153e-04	3.120840e-03	-4.957547e-04	1.128481e-02	-9.238349e-03
1.670000e+01	-3.637515e-04	2.992874e-03	-3.407036e-04	9.917859e-03	-9.859971e-03
1.675000e+01	-2.598696e-04	2.915688e-03	-2.751283e-04	8.325869e-03	-1.092004e-02
1.680000e+01	-1.850285e-04	2.901468e-03	-2.066553e-04	8.919428e-03	-1.034610e-02
1.685000e+01	-1.258840e-04	2.924693e-03	-1.628484e-04	9.407101e-03	-9.209022e-03
1.690000e+01	-5.854262e-05	2.948689e-03	-8.866750e-05	1.083160e-02	-8.745077e-03
1.695000e+01	3.576027e-05	2.952813e-03	-7.610720e-05	1.094498e-02	-8.793460e-03
1.700000e+01	1.581566e-04	2.939817e-03	1.234951e-04	9.771603e-03	-8.447638e-03
1.705000e+01	2.898989e-04	2.928896e-03	3.223202e-04	9.561142e-03	-7.960318e-03
1.710000e+01	3.975213e-04	2.923506e-03	4.162755e-04	9.686702e-03	-7.512041e-03
1.715000e+01	4.490160e-04	2.918984e-03	5.041416e-04	9.330332e-03	-7.563895e-03
1.720000e+01	4.295297e-04	2.906326e-03	3.735647e-04	8.808402e-03	-8.450611e-03
1.725000e+01	3.492635e-04	2.886245e-03	1.342662e-04	8.668530e-03	-8.170546e-03
1.730000e+01	2.402617e-04	2.872440e-03	2.989077e-05	1.014718e-02	-7.082339e-03
1.735000e+01	1.433664e-04	2.877346e-03	7.657415e-05	1.080991e-02	-6.664640e-03
1.740000e+01	9.105931e-05	2.895583e-03	1.363188e-04	1.011175e-02	-8.271970e-03
1.745000e+01	9.376044e-05	2.908036e-03	2.809606e-04	8.336202e-03	-9.094616e-03
1.750000e+01	1.356006e-04	2.905220e-03	3.585864e-04	8.149335e-03	-9.418466e-03
1.755000e+01	1.814936e-04	2.902556e-03	4.011325e-04	8.320763e-03	-9.434941e-03
1.760000e+01	1.923896e-04	2.925878e-03	4.807537e-04	7.937140e-03	-9.171327e-03
1.765000e+01	1.420924e-04	2.977558e-03	2.688688e-04	7.800089e-03	-1.113123e-02
1.770000e+01	2.847489e-05	3.022275e-03	2.508031e-04	8.145126e-03	-1.222348e-02
1.775000e+01	-1.255091e-04	3.012109e-03	-3.679090e-05	8.432740e-03	-1.249142e-02
1.780000e+01	-2.811246e-04	2.924942e-03	-2.694311e-04	8.561463e-03	-1.129755e-02
1.785000e+01	-3.991835e-04	2.784338e-03	-4.811611e-04	7.902354e-03	-9.872005e-03
1.790000e+01	-4.547157e-04	2.649271e-03	-5.015072e-04	7.985996e-03	-9.036452e-03
1.795000e+01	-4.448776e-04	2.575819e-03	-4.771629e-04	8.109043e-03	-7.153484e-03
1.800000e+01	-3.871908e-04	2.574308e-03	-5.068353e-04	1.036923e-02	-7.681482e-03
1.805000e+01	-3.099822e-04	2.608027e-03	-4.659126e-04	1.209066e-02	-8.262946e-03
1.810000e+01	-2.383272e-04	2.620526e-03	-3.431512e-04	1.174713e-02	-7.823470e-03
1.815000e+01	-1.829868e-04	2.581629e-03	-2.828261e-04	9.626925e-03	-6.724388e-03
1.820000e+01	-1.376635e-04	2.495170e-03	-2.093284e-04	7.559517e-03	-7.116934e-03
1.825000e+01	-8.486233e-05	2.389287e-03	-1.102292e-04	7.552851e-03	-6.599633e-03
1.830000e+01	-7.311434e-06	2.297777e-03	-2.581210e-05	7.338318e-03	-6.155867e-03
1.835000e+01	1.007208e-04	2.241589e-03	9.132734e-05	8.546212e-03	-6.032663e-03
1.840000e+01	2.277098e-04	2.220742e-03	2.531796e-04	9.894563e-03	-7.105615e-03
1.845000e+01	3.475680e-04	2.221933e-03	3.875702e-04	9.734309e-03	-8.279257e-03
1.850000e+01	4.296245e-04	2.233496e-03	4.627864e-04	8.220211e-03	-8.606093e-03
1.855000e+01	4.513967e-04	2.253234e-03	4.711920e-04	7.365937e-03	-8.039198e-03
1.860000e+01	4.083663e-04	2.282535e-03	4.588488e-04	7.187529e-03	-6.638717e-03
1.865000e+01	3.163112e-04	2.313476e-03	2.977260e-04	7.663463e-03	-7.183514e-03
1.870000e+01	2.050765e-04	2.324418e-03	1.574118e-04	8.253112e-03	-7.456121e-03
1.875000e+01	1.064794e-04	2.293106e-03	3.258002e-05	8.294114e-03	-6.967360e-03
1.880000e+01	4.162549e-05	2.219089e-03	-2.720004e-05	7.666197e-03	-6.542380e-03
1.885000e+01	1.314072e-05	2.136973e-03	-4.188996e-05	6.497698e-03	-6.906355e-03
1.890000e+01	5.615921e-06	2.101459e-03	-6.421114e-05	6.172400e-03	-6.877307e-03
1.895000e+01	-6.060083e-06	2.142064e-03	-1.106747e-05	6.905949e-03	-7.606363e-03
1.900000e+01	-4.423992e-05	2.232235e-03	-5.360446e-05	6.812512e-03	-7.358428e-03
1.905000e+01	-1.175407e-04	2.319929e-03	-1.229140e-04	6.305418e-03	-6.646910e-03
1.910000e+01	-2.165930e-04	2.362959e-03	-2.526698e-04	6.424642e-03	-6.476868e-03
1.915000e+01	-3.153919e-04	2.356861e-03	-3.845190e-04	6.226161e-03	-6.537474e-03
1.920000e+01	-3.822974e-04	2.316286e-03	-4.533860e-04	6.798903e-03	-6.737948e-03
1.925000e+01	-3.930991e-04	2.252889e-03	-5.065109e-04	6.721691e-03	-6.458894e-03
1.930000e+01	-3.411154e-04	2.171736e-03	-3.817011e-04	6.271663e-03	-6.957858e-03
1.935000e+01	-2.400748e-04	2.087455e-03	-2.444462e-04	6.096720e-03	-7.282769e-03
1.940000e+01	-1.186858e-04	2.033077e-03	-1.257655e-04	5.926351e-03	-7.077366e-03
1.945000e+01	-9.347535e-06	2.038038e-03	-5.118284e-05	5.887722e-03	-6.091065e-03
1.950000e+01	6.415315e-05	2.094659e-03	7.270894e-05	6.357307e-03	-6.137504e-03
1.955000e+01	9.485894e-05	2.160769e-03	8.595938e-05	6.507838e-03	-6.471379e-03
1.960000e+01	9.358238e-05	2.195904e-03	7.771590e-05	5.886987e-03	-6.127237e-03
1.965000e+01	8.255423e-05	2.185544e-03	4.015507e-05	6.557796e-03	-6.384697e-03
1.970000e+01	8.480046e-05	2.137477e-03	6.915625e-05	7.344603e-03	-6.892968e-03
1.975000e+01	1.138867e-04	2.066843e-03	7.505139e-05	7.135657e-03	-6.600490e-03
1.980000e+01	1.682568e-04	1.989147e-03	1.191953e-04	5.965728e-03	-5.504464e-03
1.985000e+01	2.322354e-04	1.922630e-03	2.584281e-04	5.820777e-03	-5.972781e-03
1.990000e+01	2.828759e-04	1.884570e-03	3.602232e-04	6.096564e-03	-6.178832e-03
1.995000e+01	2.994728e-04	1.876420e-03	3.578522e-04	5.676315e-03	-6.797479e-03
2.000000e+01	2.716838e-04	1.879223e-03	2.813581e-04	6.157430e-03	-6.814103e-03
