# k	<chi>	std	chi_median	chi_max	chi_min
0.000000e+00	-1.239927e-01	1.788660e-01	0.000000e+00	4.304464e-01	-4.906457e-01
5.000000e-02	-2.381801e-01	1.915521e-01	-3.091147e-01	5.609500e-01	-5.033149e-01
1.000000e-01	-2.469089e-01	1.888389e-01	-3.156170e-01	5.478576e-01	-5.095514e-01
1.500000e-01	-2.734762e-01	1.808694e-01	-3.370409e-01	5.066395e-01	-5.277065e-01
2.000000e-01	-3.006399e-01	1.731018e-01	-3.576563e-01	4.622500e-01	-5.485396e-01
2.500000e-01	-3.461765e-01	1.604995e-01	-3.938111e-01	3.827508e-01	-5.813736e-01
3.000000e-01	-3.921610e-01	1.483500e-01	-4.355921e-01	2.962647e-01	-6.126550e-01
3.500000e-01	-4.541834e-01	1.319762e-01	-4.903570e-01	1.728343e-01	-6.495919e-01
4.000000e-01	-5.141266e-01	1.170399e-01	-5.443654e-01	9.739464e-02	-6.884627e-01
4.500000e-01	-5.826611e-01	1.005853e-01	-6.020333e-01	-1.436618e-02	-7.967944e-01
5.000000e-01	-6.433946e-01	8.948825e-02	-6.500937e-01	-1.384190e-01	-8.876930e-01
5.500000e-01	-7.005673e-01	8.490272e-02	-6.908518e-01	-2.969482e-01	-9.699343e-01
6.000000e-01	-7.422227e-01	8.935207e-02	-7.202093e-01	-4.572109e-01	-1.022807e+00
6.500000e-01	-7.666318e-01	1.005191e-01	-7.349603e-01	-5.776422e-01	-1.109162e+00
7.000000e-01	-7.689908e-01	1.113644e-01	-7.285862e-01	-5.698923e-01	-1.153041e+00
7.500000e-01	-7.440282e-01	1.190397e-01	-7.027045e-01	-5.246881e-01	-1.146522e+00
8.000000e-01	-6.956999e-01	1.191785e-01	-6.578405e-01	-4.714868e-01	-1.132857e+00
8.500000e-01	-6.185640e-01	1.112836e-01	-5.846953e-01	-4.049576e-01	-1.085885e+00
9.000000e-01	-5.251720e-01	9.655967e-02	-4.982433e-01	-3.383317e-01	-1.000610e+00
9.500000e-01	-4.126590e-01	7.794263e-02	-3.949943e-01	-2.690232e-01	-9.066795e-01
1.000000e+00	-2.990726e-01	6.297715e-02	-2.864898e-01	-2.057676e-01	-7.667550e-01
1.050000e+00	-1.850425e-01	5.870690e-02	-1.867070e-01	-5.544647e-02	-5.926380e-01
1.100000e+00	-8.784886e-02	6.638304e-02	-9.761427e-02	6.476845e-02	-4.152386e-01
1.150000e+00	-9.426323e-03	7.992213e-02	-1.848061e-03	1.410236e-01	-2.512627e-01
1.200000e+00	4.096956e-02	9.553737e-02	6.433909e-02	2.117944e-01	-1.546506e-01
1.250000e+00	6.388316e-02	1.140693e-01	9.542799e-02	2.580404e-01	-1.661505e-01
1.300000e+00	6.215519e-02	1.346354e-01	1.008094e-01	2.666681e-01	-1.919447e-01
1.350000e+00	4.104185e-02	1.547660e-01	7.474908e-02	2.589051e-01	-2.183001e-01
1.400000e+00	1.265217e-02	1.681352e-01	3.257876e-02	2.378305e-01	-2.473886e-01
1.450000e+00	-1.534572e-02	1.697681e-01	-6.079810e-03	2.141408e-01	-2.771266e-01
1.500000e+00	-3.114083e-02	1.554803e-01	-2.146708e-02	2.007685e-01	-2.665057e-01
1.550000e+00	-3.012309e-02	1.253993e-01	-2.377071e-02	1.804720e-01	-2.583024e-01
1.600000e+00	-1.051571e-02	8.371125e-02	-1.263360e-02	1.536441e-01	-2.044350e-01
1.650000e+00	2.510314e-02	4.099719e-02	2.118276e-02	1.340273e-01	-1.005258e-01
1.700000e+00	6.716704e-02	3.609734e-02	6.860931e-02	1.424498e-01	-2.638265e-02
1.750000e+00	1.090624e-01	6.574471e-02	1.111118e-01	2.346706e-01	-7.617038e-03
1.800000e+00	1.387211e-01	8.557338e-02	1.295065e-01	2.928766e-01	1.743215e-02
1.850000e+00	1.536218e-01	8.888289e-02	1.326181e-01	3.063912e-01	4.129039e-02
1.900000e+00	1.496736e-01	7.554721e-02	1.300334e-01	2.875677e-01	5.407302e-02
1.950000e+00	1.327872e-01	5.119104e-02	1.184477e-01	2.334862e-01	6.460379e-02
2.000000e+00	1.072661e-01	2.380173e-02	1.039517e-01	1.755042e-01	6.913271e-02
2.050000e+00	8.256441e-02	1.383011e-02	8.459928e-02	1.172597e-01	3.978920e-02
2.100000e+00	6.196882e-02	2.686698e-02	6.978909e-02	1.033103e-01	4.908680e-04
2.150000e+00	4.805078e-02	3.067020e-02	5.622458e-02	9.353125e-02	-2.126257e-02
2.200000e+00	3.962843e-02	2.419068e-02	4.393918e-02	7.672429e-02	-2.037314e-02
2.250000e+00	3.072599e-02	1.265565e-02	3.322759e-02	6.558232e-02	-7.456852e-03
2.300000e+00	2.052745e-02	1.072712e-02	1.987257e-02	6.077326e-02	-4.664181e-03
2.350000e+00	8.480844e-03	1.509616e-02	7.480472e-03	4.735137e-02	-2.197038e-02
2.400000e+00	-4.457007e-03	1.557548e-02	-5.292282e-03	2.806348e-02	-3.307584e-02
2.450000e+00	-1.393011e-02	1.400881e-02	-1.457224e-02	1.264467e-02	-4.059119e-02
2.500000e+00	-2.140777e-02	1.100682e-02	-2.241179e-02	2.716971e-03	-4.419129e-02
2.550000e+00	-2.594694e-02	7.815783e-03	-2.646937e-02	-6.148226e-03	-4.307503e-02
2.600000e+00	-2.701296e-02	5.531917e-03	-2.662367e-02	-1.262868e-02	-4.193914e-02
2.650000e+00	-2.773048e-02	4.423738e-03	-2.748081e-02	-1.645381e-02	-4.016287e-02
2.700000e+00	-2.601297e-02	3.660668e-03	-2.622596e-02	-1.562771e-02	-3.650717e-02
2.750000e+00	-2.224672e-02	3.040615e-03	-2.224643e-02	-1.412148e-02	-3.447608e-02
2.800000e+00	-1.704158e-02	2.893014e-03	-1.686456e-02	-9.344989e-03	-2.901732e-02
2.850000e+00	-1.264498e-02	3.296409e-03	-1.249812e-02	-4.112597e-03	-2.296671e-02
2.900000e+00	-7.363539e-03	3.570860e-03	-7.340799e-03	1.992772e-03	-1.742097e-02
2.950000e+00	-1.584730e-03	3.214313e-03	-1.412004e-03	6.980502e-03	-1.102311e-02
3.000000e+00	4.315955e-03	2.479978e-03	4.499546e-03	1.052256e-02	-3.938505e-03
3.050000e+00	1.030911e-02	3.014803e-03	1.000211e-02	1.816324e-02	1.944462e-03
3.100000e+00	1.584790e-02	5.337105e-03	1.414987e-02	2.772886e-02	6.377393e-03
3.150000e+00	2.035459e-02	7.800702e-03	1.721612e-02	3.604402e-02	8.237785e-03
3.200000e+00	2.330016e-02	9.444279e-03	1.968730e-02	4.177931e-02	9.153314e-03
3.250000e+00	2.420894e-02	9.739884e-03	2.105504e-02	4.448864e-02	8.266936e-03
3.300000e+00	2.288743e-02	8.723182e-03	2.081467e-02	4.292361e-02	6.740743e-03
3.350000e+00	1.947930e-02	7.064043e-03	1.718052e-02	3.740624e-02	4.641642e-03
3.400000e+00	1.439617e-02	6.124365e-03	1.336488e-02	2.888674e-02	1.013107e-03
3.450000e+00	8.039181e-03	6.867233e-03	8.355490e-03	2.662519e-02	-8.060412e-03
3.500000e+00	1.503062e-03	8.102460e-03	4.598870e-04	2.297525e-02	-1.533665e-02
3.550000e+00	-4.394504e-03	8.463664e-03	-5.986197e-03	1.683645e-02	-1.963078e-02
3.600000e+00	-9.014667e-03	7.617281e-03	-1.017198e-02	8.932259e-03	-2.122737e-02
3.650000e+00	-1.203622e-02	6.223154e-03	-1.170292e-02	1.562834e-03	-2.473827e-02
3.700000e+00	-1.329485e-02	5.834689e-03	-1.339950e-02	2.954784e-03	-2.618784e-02
3.750000e+00	-1.314636e-02	7.490268e-03	-1.358386e-02	5.552260e-03	-2.614842e-02
3.800000e+00	-1.221700e-02	9.733212e-03	-1.305395e-02	8.644808e-03	-2.866621e-02
3.850000e+00	-1.115700e-02	1.124336e-02	-1.248544e-02	1.011004e-02	-2.901531e-02
3.900000e+00	-1.076749e-02	1.134797e-02	-1.221248e-02	1.060688e-02	-2.751033e-02
3.950000e+00	-1.140624e-02	9.963336e-03	-1.276234e-02	6.702955e-03	-2.673833e-02
4.000000e+00	-1.299800e-02	7.500901e-03	-1.413567e-02	3.258058e-03	-2.666110e-02
4.050000e+00	-1.528345e-02	5.147260e-03	-1.499653e-02	-3.207903e-03	-2.829892e-02
4.100000e+00	-1.735379e-02	5.329381e-03	-1.776677e-02	-4.531397e-03	-3.014578e-02
4.150000e+00	-1.823405e-02	7.741088e-03	-1.696168e-02	-1.501342e-03	-3.843477e-02
4.200000e+00	-1.709704e-02	9.994607e-03	-1.383447e-02	8.389083e-04	-4.170665e-02
4.250000e+00	-1.390350e-02	1.129403e-02	-9.430849e-03	2.679328e-03	-4.026485e-02
4.300000e+00	-8.419225e-03	1.131595e-02	-3.926367e-03	8.037376e-03	-3.458750e-02
4.350000e+00	-1.234380e-03	1.025050e-02	2.148950e-03	1.571867e-02	-2.423756e-02
4.400000e+00	6.703771e-03	8.591035e-03	7.951433e-03	2.381619e-02	-1.119602e-02
4.450000e+00	1.416343e-02	7.105977e-03	1.341818e-02	3.117428e-02	-1.927949e-03
4.500000e+00	2.051715e-02	6.008034e-03	1.937290e-02	3.712325e-02	6.655340e-03
4.550000e+00	2.523466e-02	5.425269e-03	2.460241e-02	4.094794e-02	1.355774e-02
4.600000e+00	2.817961e-02	5.326277e-03	2.844034e-02	4.250573e-02	1.428523e-02
4.650000e+00	2.953089e-02	5.782669e-03	3.067623e-02	4.201709e-02	1.395415e-02
4.700000e+00	2.972350e-02	6.920811e-03	3.129108e-02	4.021356e-02	1.002342e-02
4.750000e+00	2.897491e-02	8.897344e-03	3.124772e-02	4.318995e-02	3.908007e-03
4.800000e+00	2.727321e-02	1.164326e-02	2.816860e-02	4.680694e-02	-2.731669e-03
4.850000e+00	2.446738e-02	1.470198e-02	2.404461e-02	4.956060e-02	-9.468321e-03
4.900000e+00	2.020251e-02	1.759314e-02	1.798114e-02	5.192518e-02	-1.621906e-02
4.950000e+00	1.425754e-02	1.977833e-02	1.078366e-02	5.462434e-02	-2.253126e-02
5.000000e+00	6.739777e-03	2.090008e-02	3.160477e-03	5.355777e-02	-2.822449e-02
5.050000e+00	-1.740038e-03	2.081533e-02	-3.880046e-03	4.782873e-02	-3.443164e-02
5.100000e+00	-1.032266e-02	1.984939e-02	-1.451267e-02	3.893179e-02	-4.303321e-02
5.150000e+00	-1.795061e-02	1.829014e-02	-2.253554e-02	2.701668e-02	-5.201823e-02
5.200000e+00	-2.369792e-02	1.633735e-02	-2.693366e-02	1.450761e-02	-5.710959e-02
5.250000e+00	-2.698451e-02	1.417660e-02	-2.864942e-02	1.447295e-03	-5.769819e-02
5.300000e+00	-2.793976e-02	1.237607e-02	-2.737747e-02	-1.132458e-03	-5.410626e-02
5.350000e+00	-2.716963e-02	1.197183e-02	-3.039112e-02	2.617262e-03	-4.980950e-02
5.400000e+00	-2.559929e-02	1.358394e-02	-2.746870e-02	8.719419e-03	-5.332670e-02
5.450000e+00	-2.401993e-02	1.633530e-02	-2.311031e-02	1.382984e-02	-6.317422e-02
5.500000e+00	-2.307825e-02	1.904432e-02	-1.904505e-02	1.627082e-02	-7.033654e-02
5.550000e+00	-2.277321e-02	2.097657e-02	-1.767978e-02	1.655966e-02	-7.538068e-02
5.600000e+00	-2.253900e-02	2.192254e-02	-1.604002e-02	1.548801e-02	-7.860475e-02
5.650000e+00	-2.134508e-02	2.194839e-02	-1.499241e-02	1.423729e-02	-7.682201e-02
5.700000e+00	-1.838371e-02	2.140778e-02	-1.338074e-02	1.807146e-02	-6.970313e-02
5.750000e+00	-1.307666e-02	2.056382e-02	-1.010325e-02	2.292991e-02	-5.795017e-02
5.800000e+00	-5.444320e-03	1.958406e-02	-3.981920e-03	3.347017e-02	-5.220955e-02
5.850000e+00	3.854148e-03	1.845380e-02	4.921278e-03	4.321673e-02	-4.375511e-02
5.900000e+00	1.355330e-02	1.724154e-02	1.436612e-02	5.057269e-02	-3.148285e-02
5.950000e+00	2.228491e-02	1.585475e-02	2.339417e-02	5.720520e-02	-1.772428e-02
6.000000e+00	2.886010e-02	1.413898e-02	3.035678e-02	6.223222e-02	-4.017639e-03
6.050000e+00	3.256134e-02	1.200454e-02	3.343135e-02	6.233214e-02	3.338132e-03
6.100000e+00	3.319360e-02	1.030895e-02	3.360101e-02	5.729178e-02	7.531009e-03
6.150000e+00	3.115509e-02	1.111721e-02	3.223347e-02	5.833781e-02	-1.126015e-03
6.200000e+00	2.717383e-02	1.536421e-02	2.885853e-02	5.708206e-02	-1.405101e-02
6.250000e+00	2.205058e-02	2.129235e-02	2.303795e-02	6.035857e-02	-2.602418e-02
6.300000e+00	1.644357e-02	2.694328e-02	1.730057e-02	6.664903e-02	-3.668126e-02
6.350000e+00	1.076337e-02	3.086045e-02	1.231224e-02	6.908557e-02	-4.381092e-02
6.400000e+00	5.195390e-03	3.213061e-02	5.608481e-03	6.861346e-02	-4.763854e-02
6.450000e+00	-1.850045e-04	3.052138e-02	-1.469768e-03	6.189448e-02	-4.743487e-02
6.500000e+00	-5.273213e-03	2.654411e-02	-8.462739e-03	4.921601e-02	-4.965373e-02
6.550000e+00	-9.945216e-03	2.127303e-02	-1.411698e-02	3.240198e-02	-5.145393e-02
6.600000e+00	-1.373894e-02	1.635137e-02	-1.470253e-02	2.009921e-02	-5.257581e-02
6.650000e+00	-1.626878e-02	1.321954e-02	-1.381724e-02	1.416621e-02	-5.319022e-02
6.700000e+00	-1.726422e-02	1.229857e-02	-1.526307e-02	8.772113e-03	-5.213772e-02
6.750000e+00	-1.669390e-02	1.271241e-02	-1.715141e-02	1.084304e-02	-4.899683e-02
6.800000e+00	-1.481812e-02	1.366843e-02	-1.571431e-02	1.721409e-02	-4.275909e-02
6.850000e+00	-1.214265e-02	1.528140e-02	-1.152658e-02	2.341077e-02	-4.248729e-02
6.900000e+00	-9.286288e-03	1.820035e-02	-6.202272e-03	2.845866e-02	-4.682334e-02
6.950000e+00	-6.808475e-03	2.270228e-02	-1.311694e-03	3.254422e-02	-4.994416e-02
7.000000e+00	-5.057572e-03	2.809609e-02	3.035858e-03	3.792505e-02	-6.004174e-02
7.050000e+00	-4.031927e-03	3.294257e-02	7.649153e-03	5.006826e-02	-6.966473e-02
7.100000e+00	-3.564670e-03	3.570482e-02	7.352475e-03	5.659585e-02	-7.238505e-02
7.150000e+00	-3.275898e-03	3.532488e-02	3.715212e-03	5.691324e-02	-6.597253e-02
7.200000e+00	-2.753123e-03	3.164373e-02	1.834523e-03	5.497037e-02	-5.772876e-02
7.250000e+00	-1.689039e-03	2.563568e-02	-7.917540e-04	5.050920e-02	-5.672559e-02
7.300000e+00	2.840514e-05	1.949669e-02	2.916887e-03	4.229017e-02	-5.112404e-02
7.350000e+00	2.294237e-03	1.626665e-02	4.522883e-03	3.269890e-02	-3.976849e-02
7.400000e+00	4.828050e-03	1.698265e-02	1.213500e-03	5.063412e-02	-2.895337e-02
7.450000e+00	7.254950e-03	1.900022e-02	2.414500e-03	6.170486e-02	-2.854834e-02
7.500000e+00	9.195330e-03	2.016880e-02	4.698109e-03	6.487087e-02	-2.866843e-02
7.550000e+00	1.031592e-02	2.011206e-02	7.018122e-03	6.147414e-02	-3.163650e-02
7.600000e+00	1.044358e-02	1.950741e-02	9.364350e-03	5.420335e-02	-3.244315e-02
7.650000e+00	9.538614e-03	1.904964e-02	1.066687e-02	4.716613e-02	-3.202542e-02
7.700000e+00	7.701252e-03	1.912084e-02	9.633289e-03	4.842701e-02	-3.131547e-02
7.750000e+00	5.159734e-03	1.971249e-02	7.418855e-03	4.794310e-02	-3.539970e-02
7.800000e+00	2.250597e-03	2.049469e-02	5.272949e-03	4.463916e-02	-4.344680e-02
7.850000e+00	-6.138623e-04	2.095968e-02	2.963721e-03	3.954840e-02	-4.876129e-02
7.900000e+00	-2.997885e-03	2.066222e-02	6.384075e-04	3.852998e-02	-5.213330e-02
7.950000e+00	-4.515147e-03	1.944526e-02	-1.806846e-03	3.679515e-02	-5.360902e-02
8.000000e+00	-4.911522e-03	1.750365e-02	-3.576553e-03	3.283138e-02	-5.094518e-02
8.050000e+00	-4.124517e-03	1.524175e-02	-3.719141e-03	2.709767e-02	-4.373100e-02
8.100000e+00	-2.337963e-03	1.331764e-02	-1.030857e-03	2.503478e-02	-3.474302e-02
8.150000e+00	2.803844e-05	1.243073e-02	5.748705e-04	2.758564e-02	-2.763457e-02
8.200000e+00	2.423577e-03	1.301851e-02	5.222965e-04	3.470522e-02	-3.037709e-02
8.250000e+00	4.297467e-03	1.471484e-02	1.854143e-03	4.093933e-02	-3.093633e-02
8.300000e+00	5.226862e-03	1.668577e-02	2.091743e-03	4.506505e-02	-2.955369e-02
8.350000e+00	5.009160e-03	1.843567e-02	2.838982e-04	4.725257e-02	-3.361196e-02
8.400000e+00	3.689784e-03	2.009906e-02	-2.101184e-03	4.876108e-02	-3.710490e-02
8.450000e+00	1.521334e-03	2.205167e-02	-2.749309e-03	5.565182e-02	-3.858248e-02
8.500000e+00	-1.126710e-03	2.415478e-02	-1.244733e-03	5.818516e-02	-5.332825e-02
8.550000e+00	-3.882078e-03	2.548967e-02	-1.200223e-03	5.568176e-02	-6.470389e-02
8.600000e+00	-6.389126e-03	2.496707e-02	-3.199914e-03	4.815230e-02	-6.927124e-02
8.650000e+00	-8.419308e-03	2.198208e-02	-6.014729e-03	4.063267e-02	-6.374665e-02
8.700000e+00	-9.824241e-03	1.685568e-02	-9.598581e-03	3.023120e-02	-5.165706e-02
8.750000e+00	-1.048411e-02	1.120243e-02	-1.202716e-02	1.674730e-02	-3.627740e-02
8.800000e+00	-1.026761e-02	8.836431e-03	-9.928070e-03	1.592319e-02	-3.438010e-02
8.850000e+00	-9.036499e-03	1.167071e-02	-1.022943e-02	2.143947e-02	-3.792219e-02
8.900000e+00	-6.703863e-03	1.534992e-02	-9.568349e-03	3.435064e-02	-4.037410e-02
8.950000e+00	-3.325349e-03	1.765120e-02	-6.679358e-03	4.485653e-02	-3.954028e-02
9.000000e+00	8.192190e-04	1.845139e-02	-2.081734e-03	5.107304e-02	-3.609097e-02
9.050000e+00	5.227103e-03	1.835150e-02	3.272109e-03	5.344743e-02	-3.098714e-02
9.100000e+00	9.138416e-03	1.800638e-02	7.790013e-03	5.298241e-02	-2.600531e-02
9.150000e+00	1.177802e-02	1.770853e-02	1.142660e-02	5.041249e-02	-2.432823e-02
9.200000e+00	1.253661e-02	1.734999e-02	1.227827e-02	4.863054e-02	-2.632360e-02
9.250000e+00	1.116994e-02	1.667186e-02	1.149798e-02	4.676395e-02	-2.959497e-02
9.300000e+00	7.916916e-03	1.549063e-02	8.170708e-03	3.957848e-02	-3.152885e-02
9.350000e+00	3.485380e-03	1.383774e-02	4.332431e-03	2.894843e-02	-3.442650e-02
9.400000e+00	-1.103336e-03	1.211785e-02	2.839107e-04	2.282685e-02	-3.760522e-02
9.450000e+00	-4.772658e-03	1.120571e-02	-3.394427e-03	1.738248e-02	-3.906900e-02
9.500000e+00	-6.676753e-03	1.190197e-02	-7.369657e-03	2.070193e-02	-4.129856e-02
9.550000e+00	-6.429566e-03	1.392388e-02	-9.311327e-03	2.721210e-02	-4.478678e-02
9.600000e+00	-4.179217e-03	1.623237e-02	-6.411646e-03	3.170198e-02	-4.089370e-02
9.650000e+00	-6.051007e-04	1.799568e-02	-1.566886e-03	3.484751e-02	-4.064124e-02
9.700000e+00	3.299227e-03	1.879480e-02	2.388400e-03	3.842202e-02	-4.251594e-02
9.750000e+00	6.503953e-03	1.853431e-02	7.394684e-03	5.012253e-02	-4.043339e-02
9.800000e+00	8.214838e-03	1.735042e-02	9.225193e-03	5.708318e-02	-3.461998e-02
9.850000e+00	8.060008e-03	1.555830e-02	8.379633e-03	5.643632e-02	-2.684783e-02
9.900000e+00	6.144358e-03	1.361389e-02	4.821071e-03	4.911469e-02	-2.291919e-02
9.950000e+00	2.968762e-03	1.201861e-02	9.267755e-04	3.802858e-02	-1.822472e-02
1.000000e+01	-7.471273e-04	1.109847e-02	-2.199196e-03	3.124349e-02	-2.831526e-02
1.005000e+01	-4.277062e-03	1.079385e-02	-4.627963e-03	2.308950e-02	-3.679549e-02
1.010000e+01	-7.050852e-03	1.079284e-02	-7.267311e-03	1.631538e-02	-3.847903e-02
1.015000e+01	-8.773448e-03	1.085923e-02	-8.492668e-03	1.880218e-02	-3.807823e-02
1.020000e+01	-9.423218e-03	1.096040e-02	-9.411560e-03	2.031101e-02	-3.849908e-02
1.025000e+01	-9.176889e-03	1.116699e-02	-9.823853e-03	2.137819e-02	-3.441786e-02
1.030000e+01	-8.295567e-03	1.150738e-02	-9.777931e-03	2.261693e-02	-3.650604e-02
1.035000e+01	-7.017526e-03	1.190117e-02	-8.207607e-03	2.548895e-02	-3.664747e-02
1.040000e+01	-5.492796e-03	1.218960e-02	-5.861513e-03	2.710262e-02	-3.445451e-02
1.045000e+01	-3.773646e-03	1.221431e-02	-3.768645e-03	2.934898e-02	-3.259063e-02
1.050000e+01	-1.852763e-03	1.189684e-02	-1.693915e-03	3.105067e-02	-3.351803e-02
1.055000e+01	2.748713e-04	1.128201e-02	5.160614e-04	3.047864e-02	-3.522981e-02
1.060000e+01	2.555057e-03	1.051137e-02	2.842979e-03	2.813273e-02	-3.309073e-02
1.065000e+01	4.845062e-03	9.730523e-03	5.634146e-03	2.786042e-02	-2.752197e-02
1.070000e+01	6.921642e-03	9.014731e-03	7.337914e-03	3.097387e-02	-1.961033e-02
1.075000e+01	8.522120e-03	8.413764e-03	8.960063e-03	3.143532e-02	-1.418002e-02
1.080000e+01	9.403944e-03	8.057043e-03	9.916530e-03	2.932027e-02	-1.170600e-02
1.085000e+01	9.404209e-03	8.101748e-03	9.861752e-03	3.086119e-02	-1.346079e-02
1.090000e+01	8.482856e-03	8.501046e-03	8.966738e-03	3.303457e-02	-1.740461e-02
1.095000e+01	6.739531e-03	8.968589e-03	6.761891e-03	3.385248e-02	-2.067067e-02
1.100000e+01	4.401498e-03	9.262510e-03	4.600250e-03	2.987051e-02	-2.123300e-02
1.105000e+01	1.795681e-03	9.464178e-03	2.570147e-03	2.538961e-02	-2.201876e-02
1.110000e+01	-7.377144e-04	9.872909e-03	-1.732960e-04	2.269448e-02	-2.586103e-02
1.115000e+01	-2.871556e-03	1.071648e-02	-3.001387e-03	2.530467e-02	-2.794224e-02
1.120000e+01	-4.360371e-03	1.179885e-02	-5.233026e-03	2.868328e-02	-2.978218e-02
1.125000e+01	-5.082617e-03	1.263062e-02	-6.169760e-03	2.987183e-02	-3.084949e-02
1.130000e+01	-5.059510e-03	1.277218e-02	-6.068851e-03	2.827765e-02	-3.142132e-02
1.135000e+01	-4.445470e-03	1.204140e-02	-5.106501e-03	2.621495e-02	-3.123370e-02
1.140000e+01	-3.490580e-03	1.059347e-02	-3.862982e-03	2.473277e-02	-2.785432e-02
1.145000e+01	-2.481849e-03	8.966804e-03	-3.683186e-03	2.468192e-02	-2.185236e-02
1.150000e+01	-1.676027e-03	8.036649e-03	-3.514527e-03	3.063584e-02	-1.890149e-02
1.155000e+01	-1.240161e-03	8.404710e-03	-1.620171e-03	3.169471e-02	-2.379100e-02
1.160000e+01	-1.215405e-03	9.610906e-03	-2.616470e-04	2.938331e-02	-2.669594e-02
1.165000e+01	-1.514155e-03	1.076876e-02	-8.625181e-04	2.545948e-02	-2.935302e-02
1.170000e+01	-1.951592e-03	1.133397e-02	-1.784675e-03	2.321304e-02	-3.080986e-02
1.175000e+01	-2.302762e-03	1.115595e-02	-2.146502e-03	2.326983e-02	-2.845482e-02
1.180000e+01	-2.368680e-03	1.035567e-02	-1.994936e-03	2.109834e-02	-2.867558e-02
1.185000e+01	-2.032285e-03	9.215758e-03	-2.011317e-03	1.987679e-02	-2.729150e-02
1.190000e+01	-1.288521e-03	8.092097e-03	-1.265625e-03	1.780985e-02	-2.378802e-02
1.195000e+01	-2.411412e-04	7.321544e-03	5.165461e-04	1.515020e-02	-2.435272e-02
1.200000e+01	9.307011e-04	7.069268e-03	1.539607e-03	1.634149e-02	-2.299232e-02
1.205000e+01	2.017673e-03	7.216169e-03	2.180449e-03	1.882574e-02	-1.916043e-02
1.210000e+01	2.854154e-03	7.429518e-03	2.691711e-03	2.014631e-02	-1.711952e-02
1.215000e+01	3.343562e-03	7.454544e-03	2.981361e-03	2.225222e-02	-1.939418e-02
1.220000e+01	3.471463e-03	7.246837e-03	3.384293e-03	2.292256e-02	-1.925467e-02
1.225000e+01	3.294308e-03	6.974775e-03	3.710042e-03	2.179489e-02	-1.699873e-02
1.230000e+01	2.912063e-03	6.885770e-03	2.875404e-03	2.065328e-02	-2.149577e-02
1.235000e+01	2.435615e-03	7.079345e-03	2.777115e-03	1.985885e-02	-2.374025e-02
1.240000e+01	1.958928e-03	7.411317e-03	2.396664e-03	2.028336e-02	-2.284627e-02
1.245000e+01	1.542009e-03	7.639305e-03	1.606562e-03	1.947186e-02	-1.889028e-02
1.250000e+01	1.205811e-03	7.589188e-03	5.777443e-04	1.891102e-02	-1.790701e-02
1.255000e+01	9.364911e-04	7.221047e-03	5.596380e-05	1.850319e-02	-1.717439e-02
1.260000e+01	6.949790e-04	6.662008e-03	4.288648e-05	1.858960e-02	-1.518368e-02
1.265000e+01	4.285721e-04	6.232266e-03	2.519879e-04	1.664433e-02	-1.536371e-02
1.270000e+01	8.305631e-05	6.312432e-03	-5.429291e-04	1.518927e-02	-1.664519e-02
1.275000e+01	-3.847494e-04	6.953757e-03	-1.009673e-03	1.815597e-02	-2.041739e-02
1.280000e+01	-9.941038e-04	7.780657e-03	-1.849876e-03	2.223587e-02	-2.253991e-02
1.285000e+01	-1.728540e-03	8.376063e-03	-3.039618e-03	2.507280e-02	-2.258300e-02
1.290000e+01	-2.528397e-03	8.554777e-03	-3.852474e-03	2.438721e-02	-2.077566e-02
1.295000e+01	-3.291860e-03	8.390349e-03	-4.329876e-03	2.354035e-02	-2.257883e-02
1.300000e+01	-3.887668e-03	8.094219e-03	-4.707229e-03	2.319428e-02	-2.360869e-02
1.305000e+01	-4.197471e-03	7.835879e-03	-4.842578e-03	2.314895e-02	-2.256579e-02
1.310000e+01	-4.092640e-03	7.577166e-03	-4.019848e-03	2.194987e-02	-2.640513e-02
1.315000e+01	-3.511908e-03	7.238423e-03	-3.146657e-03	1.866719e-02	-2.876034e-02
1.320000e+01	-2.476867e-03	6.848250e-03	-2.110586e-03	1.583077e-02	-2.690284e-02
1.325000e+01	-1.099991e-03	6.569193e-03	-1.064589e-03	1.929974e-02	-2.129160e-02
1.330000e+01	4.309455e-04	6.529454e-03	4.555920e-04	2.069569e-02	-1.554849e-02
1.335000e+01	1.889532e-03	6.655465e-03	1.397456e-03	2.000670e-02	-1.742607e-02
1.340000e+01	3.058790e-03	6.741620e-03	2.886825e-03	1.913282e-02	-1.860106e-02
1.345000e+01	3.777100e-03	6.636223e-03	4.189340e-03	1.863894e-02	-1.756231e-02
1.350000e+01	3.969267e-03	6.318617e-03	4.595811e-03	1.856570e-02	-1.467093e-02
1.355000e+01	3.655275e-03	5.865125e-03	4.387829e-03	1.752003e-02	-1.253058e-02
1.360000e+01	2.936813e-03	5.391707e-03	3.412119e-03	1.540759e-02	-1.384108e-02
1.365000e+01	1.968410e-03	5.022467e-03	2.298109e-03	1.405863e-02	-1.506819e-02
1.370000e+01	9.234400e-04	4.862164e-03	1.127384e-03	1.267093e-02	-1.481070e-02
1.375000e+01	-3.568536e-05	4.933260e-03	1.222308e-04	1.214515e-02	-1.671586e-02
1.380000e+01	-7.781017e-04	5.138458e-03	-6.269593e-04	1.155447e-02	-1.750410e-02
1.385000e+01	-1.216013e-03	5.330085e-03	-9.764921e-04	1.073415e-02	-1.576107e-02
1.390000e+01	-1.310614e-03	5.414645e-03	-7.270946e-04	1.098825e-02	-1.690806e-02
1.395000e+01	-1.075821e-03	5.394370e-03	-4.854456e-04	1.209234e-02	-1.775768e-02
1.400000e+01	-5.801258e-04	5.334994e-03	-4.144495e-04	1.171510e-02	-1.646688e-02
1.405000e+01	4.885949e-05	5.316843e-03	-1.337005e-04	1.345256e-02	-1.352116e-02
1.410000e+01	6.552767e-04	5.322896e-03	4.313978e-04	1.601441e-02	-1.109069e-02
1.415000e+01	1.083367e-03	5.321832e-03	4.894496e-04	1.890838e-02	-1.098110e-02
1.420000e+01	1.205029e-03	5.279040e-03	6.956805e-04	1.964494e-02	-1.191763e-02
1.425000e+01	9.529352e-04	5.182538e-03	7.024416e-04	1.760352e-02	-1.259699e-02
1.430000e+01	3.453447e-04	5.045135e-03	1.887113e-04	1.416186e-02	-1.332858e-02
1.435000e+01	-5.078044e-04	4.885443e-03	-4.711377e-04	1.206291e-02	-1.328189e-02
1.440000e+01	-1.424109e-03	4.705781e-03	-1.163433e-03	9.576563e-03	-1.333893e-02
1.445000e+01	-2.191920e-03	4.496364e-03	-2.088697e-03	9.570306e-03	-1.381257e-02
1.450000e+01	-2.627054e-03	4.272689e-03	-2.488621e-03	8.407268e-03	-1.584456e-02
1.455000e+01	-2.625769e-03	4.103351e-03	-2.437160e-03	8.358979e-03	-1.648725e-02
1.460000e+01	-2.195864e-03	4.068978e-03	-2.076380e-03	9.587666e-03	-1.547224e-02
1.465000e+01	-1.453911e-03	4.172994e-03	-1.418058e-03	1.053336e-02	-1.470010e-02
1.470000e+01	-5.880202e-04	4.335266e-03	-8.108493e-04	1.053303e-02	-1.529772e-02
1.475000e+01	2.018855e-04	4.493695e-03	1.239348e-04	1.215844e-02	-1.442888e-02
1.480000e+01	7.656775e-04	4.663891e-03	8.279959e-04	1.301490e-02	-1.247226e-02
1.485000e+01	1.044817e-03	4.872215e-03	1.344833e-03	1.260913e-02	-1.344899e-02
1.490000e+01	1.079929e-03	5.054365e-03	1.760605e-03	1.408094e-02	-1.348683e-02
1.495000e+01	9.826574e-04	5.073311e-03	1.565362e-03	1.506504e-02	-1.423917e-02
1.500000e+01	8.838717e-04	4.849921e-03	1.355581e-03	1.363365e-02	-1.434485e-02
1.505000e+01	8.758454e-04	4.488460e-03	1.255217e-03	1.239290e-02	-1.463827e-02
1.510000e+01	9.919883e-04	4.218131e-03	1.194812e-03	1.245110e-02	-1.294447e-02
1.515000e+01	1.182521e-03	4.218318e-03	1.090830e-03	1.583313e-02	-9.720000e-03
1.520000e+01	1.343338e-03	4.391764e-03	8.823446e-04	1.642587e-02	-9.741966e-03
1.525000e+01	1.363126e-03	4.522175e-03	7.794158e-04	1.717779e-02	-9.054132e-03
1.530000e+01	1.173258e-03	4.550182e-03	7.851507e-04	1.616710e-02	-8.511586e-03
1.535000e+01	7.801573e-04	4.607388e-03	6.065830e-04	1.656665e-02	-9.832784e-03
1.540000e+01	2.670644e-04	4.816880e-03	1.792493e-04	1.524462e-02	-1.189384e-02
1.545000e+01	-2.355258e-04	5.097791e-03	-7.015245e-04	1.568779e-02	-1.285689e-02
1.550000e+01	-5.989026e-04	5.239959e-03	-1.139644e-03	1.601736e-02	-1.336339e-02
1.555000e+01	-7.450792e-04	5.107565e-03	-1.021018e-03	1.431517e-02	-1.283335e-02
1.560000e+01	-6.761651e-04	4.733341e-03	-7.832862e-04	1.279964e-02	-1.278724e-02
1.565000e+01	-4.725707e-04	4.281276e-03	-6.983923e-04	1.258729e-02	-1.227515e-02
1.570000e+01	-2.608384e-04	3.924028e-03	-3.238620e-04	1.144197e-02	-1.148078e-02
1.575000e+01	-1.638434e-04	3.719142e-03	-8.475946e-05	9.800603e-03	-1.214479e-02
1.580000e+01	-2.528737e-04	3.616238e-03	1.545301e-04	8.299629e-03	-1.196768e-02
1.585000e+01	-5.200834e-04	3.570593e-03	-1.875084e-04	8.660509e-03	-1.312590e-02
1.590000e+01	-8.815653e-04	3.586129e-03	-7.548159e-04	8.975591e-03	-1.305503e-02
1.595000e+01	-1.209234e-03	3.662318e-03	-1.121499e-03	9.078171e-03	-1.161072e-02
1.600000e+01	-1.378679e-03	3.762308e-03	-1.389241e-03	8.952395e-03	-1.175247e-02
1.605000e+01	-1.310511e-03	3.853990e-03	-1.180579e-03	8.390388e-03	-1.213757e-02
1.610000e+01	-9.975640e-04	3.927341e-03	-6.501354e-04	8.522786e-03	-1.091906e-02
1.615000e+01	-5.182753e-04	3.974870e-03	-2.596208e-04	8.847163e-03	-1.149911e-02
1.620000e+01	1.741294e-06	3.956012e-03	1.880756e-04	9.486224e-03	-1.141840e-02
1.625000e+01	4.357850e-04	3.820133e-03	6.759787e-04	1.208543e-02	-1.038311e-02
1.630000e+01	6.994369e-04	3.563927e-03	8.638370e-04	1.282694e-02	-9.153434e-03
1.635000e+01	7.753237e-04	3.266136e-03	8.586730e-04	1.265451e-02	-8.345583e-03
1.640000e+01	7.114183e-04	3.056989e-03	7.207230e-04	1.273405e-02	-9.601699e-03
1.645000e+01	5.955029e-04	3.016816e-03	6.669886e-04	1.125441e-02	-1.010727e-02
1.650000e+01	5.171887e-04	3.104365e-03	4.824570e-04	8.884100e-03	-9.640999e-03
1.655000e+01	5.327002e-04	3.224604e-03	4.383486e-04	9.398655e-03	-7.924819e-03
1.660000e+01	6.454000e-04	3.328509e-03	5.141388e-04	1.069327e-02	-8.267402e-03
1.665000e+01	8.080708e-04	3.423959e-03	5.930115e-04	1.102023e-02	-9.324127e-03
1.670000e+01	9.443171e-04	3.525162e-03	5.453770e-04	1.264121e-02	-9.876694e-03
1.675000e+01	9.795352e-04	3.613345e-03	4.686519e-04	1.511890e-02	-8.574848e-03
1.680000e+01	8.691791e-04	3.646467e-03	4.125720e-04	1.575022e-02	-7.142928e-03
1.685000e+01	6.141743e-04	3.594535e-03	6.120414e-05	1.461956e-02	-7.302358e-03
1.690000e+01	2.590241e-04	3.460797e-03	-1.710594e-04	1.153243e-02	-7.610422e-03
1.695000e+01	-1.250857e-04	3.278528e-03	-4.140631e-04	9.830549e-03	-9.610296e-03
1.700000e+01	-4.646797e-04	3.095855e-03	-6.827056e-04	9.533332e-03	-1.048828e-02
1.705000e+01	-7.046839e-04	2.958880e-03	-7.778138e-04	9.650712e-03	-1.010519e-02
1.710000e+01	-8.246220e-04	2.899062e-03	-7.730358e-04	8.718367e-03	-1.090117e-02
1.715000e+01	-8.414649e-04	2.907601e-03	-8.503676e-04	7.835680e-03	-1.150044e-02
1.720000e+01	-7.951973e-04	2.937573e-03	-5.173199e-04	6.919752e-03	-1.024224e-02
1.725000e+01	-7.305892e-04	2.949599e-03	-3.222849e-04	7.718950e-03	-9.781433e-03
1.730000e+01	-6.800804e-04	2.957218e-03	-3.357388e-04	8.052640e-03	-1.027434e-02
1.735000e+01	-6.536134e-04	3.017793e-03	-4.393151e-04	8.421264e-03	-1.022056e-02
1.740000e+01	-6.380203e-04	3.159473e-03	-5.295858e-04	8.737893e-03	-1.096490e-02
1.745000e+01	-6.049285e-04	3.324262e-03	-2.469561e-04	7.839289e-03	-1.175084e-02
1.750000e+01	-5.234428e-04	3.408653e-03	-4.196553e-05	7.598838e-03	-1.092060e-02
1.755000e+01	-3.728527e-04	3.350321e-03	-7.265292e-05	8.192336e-03	-9.680134e-03
1.760000e+01	-1.513133e-04	3.177186e-03	2.179360e-05	8.404817e-03	-8.839960e-03
1.765000e+01	1.217420e-04	2.990669e-03	3.132812e-04	8.018300e-03	-8.852672e-03
1.770000e+01	4.095851e-04	2.884296e-03	3.795872e-04	8.708808e-03	-9.952421e-03
1.775000e+01	6.669872e-04	2.860751e-03	6.282818e-04	9.744307e-03	-9.523363e-03
1.780000e+01	8.512574e-04	2.856697e-03	8.258339e-04	9.375353e-03	-8.690990e-03
1.785000e+01	9.327214e-04	2.840404e-03	8.539253e-04	9.575513e-03	-7.781713e-03
1.790000e+01	9.021599e-04	2.845131e-03	7.730777e-04	9.430310e-03	-6.182648e-03
1.795000e+01	7.734208e-04	2.906303e-03	5.497699e-04	9.879332e-03	-6.994068e-03
1.800000e+01	5.803905e-04	2.992426e-03	4.344531e-04	9.722413e-03	-7.488973e-03
1.805000e+01	3.697098e-04	3.029453e-03	2.006166e-04	1.019941e-02	-7.209244e-03
1.810000e+01	1.866112e-04	2.979170e-03	1.913469e-05	9.787299e-03	-7.050077e-03
1.815000e+01	6.391739e-05	2.881714e-03	-6.155385e-05	8.829847e-03	-7.328800e-03
1.820000e+01	1.160954e-05	2.819116e-03	-5.193313e-05	8.173519e-03	-6.858077e-03
1.825000e+01	1.369118e-05	2.829677e-03	9.691688e-05	8.400033e-03	-7.315503e-03
1.830000e+01	3.318396e-05	2.867541e-03	1.604296e-04	8.239353e-03	-8.286124e-03
1.835000e+01	2.446965e-05	2.861776e-03	5.328927e-05	7.284453e-03	-8.762057e-03
1.840000e+01	-5.040388e-05	2.791278e-03	-1.145872e-04	7.191299e-03	-1.123598e-02
1.845000e+01	-2.066332e-04	2.698001e-03	-9.137695e-05	6.726402e-03	-1.209176e-02
1.850000e+01	-4.281499e-04	2.639810e-03	-2.880363e-04	6.136441e-03	-1.104128e-02
1.855000e+01	-6.692955e-04	2.630342e-03	-5.703023e-04	5.623005e-03	-8.902844e-03
1.860000e+01	-8.669991e-04	2.632225e-03	-7.515461e-04	4.903035e-03	-8.665127e-03
1.865000e+01	-9.600368e-04	2.605801e-03	-7.556284e-04	5.326304e-03	-8.735090e-03
1.870000e+01	-9.091495e-04	2.546496e-03	-8.509805e-04	5.303522e-03	-9.042504e-03
1.875000e+01	-7.110851e-04	2.475902e-03	-6.192040e-04	5.613213e-03	-9.130314e-03
1.880000e+01	-4.014340e-04	2.407605e-03	-3.126309e-04	5.464399e-03	-8.155451e-03
1.885000e+01	-4.492136e-05	2.330833e-03	1.309350e-04	5.794794e-03	-7.644568e-03
1.890000e+01	2.837509e-04	2.231772e-03	5.550364e-04	7.145125e-03	-6.699508e-03
1.895000e+01	5.220042e-04	2.125271e-03	7.474917e-04	7.674538e-03	-5.496627e-03
1.900000e+01	6.368535e-04	2.057406e-03	8.050845e-04	7.230351e-03	-5.302800e-03
1.905000e+01	6.334445e-04	2.070189e-03	7.098449e-04	6.884148e-03	-5.246795e-03
1.910000e+01	5.444952e-04	2.155558e-03	6.172409e-04	6.994782e-03	-5.080384e-03
1.915000e+01	4.204395e-04	2.269987e-03	4.942713e-04	7.448601e-03	-5.886240e-03
1.920000e+01	3.087728e-04	2.371338e-03	2.650203e-04	7.378625e-03	-5.902315e-03
1.925000e+01	2.381203e-04	2.437820e-03	1.872451e-04	6.979929e-03	-6.168477e-03
1.930000e+01	2.111707e-04	2.461439e-03	2.128358e-04	6.633248e-03	-6.662880e-03
1.935000e+01	2.083612e-04	2.440207e-03	2.019013e-04	7.263581e-03	-7.552566e-03
1.940000e+01	1.999086e-04	2.381696e-03	2.063868e-04	8.974594e-03	-7.906602e-03
1.945000e+01	1.606573e-04	2.308512e-03	1.149198e-04	9.288865e-03	-7.034072e-03
1.950000e+01	8.146352e-05	2.250041e-03	-1.380164e-04	8.540800e-03	-5.490120e-03
1.955000e+01	-2.733184e-05	2.222562e-03	-2.750018e-04	8.018903e-03	-5.956491e-03
1.960000e+01	-1.412377e-04	2.221169e-03	-2.122864e-04	6.640971e-03	-6.852359e-03
1.965000e+01	-2.328984e-04	2.234259e-03	-2.989696e-04	6.280604e-03	-6.625227e-03
1.970000e+01	-2.840965e-04	2.256871e-03	-4.442814e-04	6.093852e-03	-5.621356e-03
1.975000e+01	-2.931656e-04	2.282589e-03	-4.850104e-04	5.388608e-03	-6.627079e-03
1.980000e+01	-2.746915e-04	2.290790e-03	-3.531283e-04	6.013301e-03	-7.518982e-03
1.985000e+01	-2.518205e-04	2.257014e-03	-1.434208e-04	5.910316e-03	-7.582245e-03
1.990000e+01	-2.447122e-04	2.182024e-03	-2.171188e-05	6.240731e-03	-6.829244e-03
1.995000e+01	-2.602997e-04	2.106293e-03	6.597351e-05	5.430926e-03	-6.369300e-03
2.000000e+01	-2.879238e-04	2.080725e-03	-8.213220e-05	5.040213e-03	-6.351763e-03
