# k	<chi>	std	chi_median	chi_max	chi_min
0.000000e+00	-9.261385e-02	2.022733e-01	0.000000e+00	6.124678e-01	-8.079453e-01
5.000000e-02	-1.688009e-01	2.428452e-01	-1.775725e-01	6.149374e-01	-8.373635e-01
1.000000e-01	-1.747271e-01	2.345750e-01	-1.831740e-01	6.027756e-01	-8.418920e-01
1.500000e-01	-1.933306e-01	2.107677e-01	-2.235566e-01	5.641599e-01	-8.542775e-01
2.000000e-01	-2.130637e-01	1.886856e-01	-2.386397e-01	5.224080e-01	-8.653286e-01
2.500000e-01	-2.483809e-01	1.572880e-01	-2.760503e-01	4.467276e-01	-8.804041e-01
3.000000e-01	-2.862543e-01	1.347785e-01	-3.150989e-01	3.642258e-01	-8.975122e-01
3.500000e-01	-3.423973e-01	1.227653e-01	-3.330867e-01	2.408381e-01	-9.190501e-01
4.000000e-01	-4.011437e-01	1.321915e-01	-3.670798e-01	1.098340e-01	-9.343987e-01
4.500000e-01	-4.762961e-01	1.599406e-01	-4.379502e-01	-6.088595e-02	-9.455111e-01
5.000000e-01	-5.498512e-01	1.911308e-01	-4.864383e-01	-2.322961e-01	-9.480136e-01
5.500000e-01	-6.293293e-01	2.225413e-01	-6.033119e-01	-3.153988e-01	-9.986164e-01
6.000000e-01	-6.970669e-01	2.440828e-01	-7.413658e-01	-3.637760e-01	-1.078349e+00
6.500000e-01	-7.519876e-01	2.552758e-01	-8.272149e-01	-4.159220e-01	-1.125105e+00
7.000000e-01	-7.813461e-01	2.531314e-01	-8.326917e-01	-4.442507e-01	-1.143452e+00
7.500000e-01	-7.772517e-01	2.372032e-01	-8.317499e-01	-4.306457e-01	-1.135336e+00
8.000000e-01	-7.376869e-01	2.111531e-01	-7.792564e-01	-4.040380e-01	-1.066483e+00
8.500000e-01	-6.541478e-01	1.753961e-01	-6.833155e-01	-3.565851e-01	-9.958944e-01
9.000000e-01	-5.394610e-01	1.385654e-01	-5.466188e-01	-2.924295e-01	-8.984492e-01
9.500000e-01	-3.918003e-01	1.028786e-01	-3.727803e-01	-2.084635e-01	-7.498884e-01
1.000000e+00	-2.367428e-01	7.784062e-02	-2.191792e-01	-9.669966e-02	-5.745492e-01
1.050000e+00	-8.143681e-02	6.333438e-02	-6.767787e-02	3.796879e-02	-3.833199e-01
1.100000e+00	4.642755e-02	5.619238e-02	5.553859e-02	1.732693e-01	-2.286507e-01
1.150000e+00	1.368646e-01	4.904010e-02	1.454627e-01	2.443364e-01	-1.467963e-01
1.200000e+00	1.756447e-01	4.322067e-02	1.856993e-01	2.516395e-01	-7.254892e-02
1.250000e+00	1.608540e-01	4.716006e-02	1.662557e-01	2.427566e-01	-6.378797e-03
1.300000e+00	1.015970e-01	6.118292e-02	1.040809e-01	2.052497e-01	-5.337805e-02
1.350000e+00	9.644388e-03	7.685523e-02	1.942018e-02	1.912933e-01	-1.326739e-01
1.400000e+00	-8.812584e-02	8.378480e-02	-7.240319e-02	1.917902e-01	-2.364176e-01
1.450000e+00	-1.733641e-01	7.882024e-02	-1.606228e-01	1.723056e-01	-3.045939e-01
1.500000e+00	-2.211647e-01	6.257380e-02	-2.190514e-01	1.528222e-01	-3.245165e-01
1.550000e+00	-2.218700e-01	4.487552e-02	-2.264591e-01	1.277258e-01	-2.886893e-01
1.600000e+00	-1.720549e-01	4.807781e-02	-1.833648e-01	1.087364e-01	-2.530176e-01
1.650000e+00	-8.005216e-02	6.864674e-02	-7.491113e-02	1.028025e-01	-1.970149e-01
1.700000e+00	3.391534e-02	8.223962e-02	5.673109e-02	1.553233e-01	-1.012835e-01
1.750000e+00	1.510099e-01	8.035514e-02	1.539590e-01	2.674618e-01	1.541482e-02
1.800000e+00	2.450180e-01	5.895659e-02	2.272311e-01	3.295531e-01	1.372812e-01
1.850000e+00	3.047695e-01	2.529426e-02	3.089796e-01	3.548240e-01	2.195917e-01
1.900000e+00	3.187944e-01	3.005426e-02	3.130390e-01	3.729391e-01	2.319375e-01
1.950000e+00	2.940464e-01	6.931482e-02	2.725380e-01	3.839788e-01	1.812830e-01
2.000000e+00	2.381783e-01	9.698845e-02	2.334813e-01	3.502493e-01	1.190925e-01
2.050000e+00	1.677756e-01	1.084559e-01	1.784406e-01	2.969500e-01	3.341351e-02
2.100000e+00	9.787781e-02	9.701957e-02	1.122589e-01	2.491328e-01	-2.618411e-02
2.150000e+00	4.141717e-02	6.774103e-02	5.152011e-02	1.825757e-01	-4.985405e-02
2.200000e+00	3.969072e-03	3.134271e-02	8.690297e-03	1.071093e-01	-4.393781e-02
2.250000e+00	-1.793722e-02	9.558804e-03	-1.795841e-02	3.427429e-02	-4.020299e-02
2.300000e+00	-2.746096e-02	2.394301e-02	-2.056712e-02	7.458937e-03	-6.226001e-02
2.350000e+00	-2.927354e-02	2.865119e-02	-3.364967e-02	7.581979e-03	-7.355369e-02
2.400000e+00	-2.812209e-02	2.254126e-02	-3.173281e-02	1.368039e-03	-8.589939e-02
2.450000e+00	-2.534169e-02	1.685073e-02	-2.774368e-02	-1.296493e-03	-8.916950e-02
2.500000e+00	-2.167780e-02	1.056962e-02	-1.999014e-02	-3.133676e-03	-8.332754e-02
2.550000e+00	-1.833735e-02	7.327567e-03	-1.808287e-02	-5.989682e-03	-7.260282e-02
2.600000e+00	-1.579572e-02	7.115643e-03	-1.526525e-02	-3.269211e-03	-6.078862e-02
2.650000e+00	-1.583526e-02	6.273250e-03	-1.551809e-02	-4.198238e-03	-5.267056e-02
2.700000e+00	-1.708001e-02	4.220702e-03	-1.741385e-02	-7.679875e-03	-4.630582e-02
2.750000e+00	-1.885871e-02	4.344325e-03	-1.787316e-02	-5.140514e-03	-4.204447e-02
2.800000e+00	-2.037395e-02	8.043634e-03	-1.867456e-02	-2.570058e-03	-3.987517e-02
2.850000e+00	-2.234076e-02	1.206782e-02	-2.064597e-02	-2.650257e-03	-4.139494e-02
2.900000e+00	-2.216629e-02	1.444471e-02	-2.100403e-02	-2.138792e-03	-4.360903e-02
2.950000e+00	-1.955523e-02	1.442673e-02	-1.847012e-02	-2.520974e-04	-4.059851e-02
3.000000e+00	-1.481817e-02	1.208049e-02	-1.397790e-02	1.076335e-03	-3.501728e-02
3.050000e+00	-8.000984e-03	7.959244e-03	-8.699966e-03	3.915230e-03	-2.526089e-02
3.100000e+00	-8.590289e-04	3.111986e-03	-8.897885e-04	6.067882e-03	-1.234326e-02
3.150000e+00	5.196270e-03	3.058439e-03	5.262454e-03	1.164588e-02	-2.612279e-03
3.200000e+00	8.991506e-03	6.359182e-03	8.495921e-03	2.133403e-02	-1.264068e-03
3.250000e+00	1.006514e-02	8.546790e-03	9.667855e-03	3.029187e-02	-2.421939e-03
3.300000e+00	7.984795e-03	8.431243e-03	8.587788e-03	3.588459e-02	-3.853301e-03
3.350000e+00	3.457680e-03	6.392472e-03	4.141462e-03	3.535737e-02	-6.035762e-03
3.400000e+00	-2.277908e-03	4.196904e-03	-2.653114e-03	2.918726e-02	-7.934778e-03
3.450000e+00	-7.493156e-03	5.329605e-03	-7.832997e-03	2.101574e-02	-1.549867e-02
3.500000e+00	-1.090325e-02	8.311671e-03	-7.766576e-03	1.145550e-02	-2.206861e-02
3.550000e+00	-1.162544e-02	1.068122e-02	-5.314062e-03	2.973211e-03	-2.529400e-02
3.600000e+00	-9.474924e-03	1.170442e-02	-5.055784e-03	6.417813e-03	-2.499309e-02
3.650000e+00	-4.234770e-03	1.102559e-02	-4.705511e-03	1.072360e-02	-1.981195e-02
3.700000e+00	2.055229e-03	9.575438e-03	1.419234e-03	1.609393e-02	-1.412186e-02
3.750000e+00	7.812222e-03	7.969129e-03	7.881922e-03	2.090955e-02	-1.099740e-02
3.800000e+00	1.154595e-02	6.683541e-03	1.082780e-02	2.537196e-02	-7.504371e-03
3.850000e+00	1.252761e-02	5.758085e-03	1.089455e-02	2.560071e-02	-6.653641e-03
3.900000e+00	9.735250e-03	5.117219e-03	8.051558e-03	2.048448e-02	-9.336439e-03
3.950000e+00	3.810311e-03	4.274869e-03	3.095265e-03	1.273549e-02	-1.462966e-02
4.000000e+00	-3.825867e-03	2.986141e-03	-3.752385e-03	2.544821e-03	-2.114843e-02
4.050000e+00	-1.210446e-02	2.707994e-03	-1.212023e-02	-6.608767e-03	-2.812018e-02
4.100000e+00	-1.876941e-02	5.216458e-03	-1.948291e-02	-9.568903e-03	-3.380761e-02
4.150000e+00	-2.211011e-02	9.012710e-03	-2.674790e-02	-9.344949e-03	-3.577557e-02
4.200000e+00	-2.118581e-02	1.266249e-02	-2.723367e-02	-5.699241e-03	-3.871243e-02
4.250000e+00	-1.681729e-02	1.516028e-02	-2.258531e-02	3.748479e-04	-3.654701e-02
4.300000e+00	-8.928126e-03	1.602481e-02	-1.158527e-02	9.266316e-03	-3.124513e-02
4.350000e+00	1.073152e-03	1.510765e-02	2.358379e-03	2.145524e-02	-2.139564e-02
4.400000e+00	1.145913e-02	1.279343e-02	1.357721e-02	3.819614e-02	-9.012434e-03
4.450000e+00	2.037479e-02	9.913911e-03	2.152469e-02	5.127374e-02	2.896109e-03
4.500000e+00	2.718168e-02	7.268000e-03	2.648825e-02	5.924950e-02	1.337226e-02
4.550000e+00	3.135871e-02	5.398352e-03	3.030315e-02	6.143198e-02	2.104055e-02
4.600000e+00	3.297641e-02	4.295705e-03	3.199308e-02	5.822801e-02	2.536885e-02
4.650000e+00	3.254670e-02	3.747919e-03	3.145030e-02	5.389701e-02	2.545954e-02
4.700000e+00	3.063122e-02	3.596537e-03	2.988100e-02	4.753601e-02	2.245143e-02
4.750000e+00	2.751939e-02	3.659096e-03	2.704282e-02	3.964129e-02	1.826563e-02
4.800000e+00	2.320134e-02	4.012709e-03	2.368643e-02	3.375336e-02	1.190323e-02
4.850000e+00	1.759630e-02	5.395525e-03	1.879072e-02	2.655648e-02	2.493264e-03
4.900000e+00	1.037648e-02	8.150690e-03	1.082546e-02	2.235605e-02	-7.551477e-03
4.950000e+00	1.656049e-03	1.166116e-02	2.509475e-03	1.859228e-02	-2.115063e-02
5.000000e+00	-7.919083e-03	1.504912e-02	-6.622743e-03	1.414345e-02	-3.469579e-02
5.050000e+00	-1.707723e-02	1.749194e-02	-1.590069e-02	9.229993e-03	-4.571735e-02
5.100000e+00	-2.445305e-02	1.872312e-02	-2.345208e-02	4.396839e-03	-5.409393e-02
5.150000e+00	-2.875586e-02	1.873407e-02	-2.627696e-02	7.466239e-04	-5.980600e-02
5.200000e+00	-2.933646e-02	1.784164e-02	-2.551211e-02	-8.228167e-04	-6.149862e-02
5.250000e+00	-2.650878e-02	1.646705e-02	-2.261957e-02	7.474461e-04	-5.857562e-02
5.300000e+00	-2.169337e-02	1.516612e-02	-2.032515e-02	5.113559e-03	-5.140787e-02
5.350000e+00	-1.699463e-02	1.415355e-02	-1.827770e-02	9.747212e-03	-4.273596e-02
5.400000e+00	-1.459550e-02	1.330587e-02	-1.677537e-02	1.127673e-02	-3.592757e-02
5.450000e+00	-1.585580e-02	1.222946e-02	-1.779331e-02	8.003062e-03	-3.855537e-02
5.500000e+00	-2.102037e-02	1.057228e-02	-2.070192e-02	-8.074479e-04	-4.485986e-02
5.550000e+00	-2.870045e-02	8.148700e-03	-2.617750e-02	-1.559810e-02	-5.151771e-02
5.600000e+00	-3.619622e-02	6.001445e-03	-3.526741e-02	-1.943496e-02	-5.451696e-02
5.650000e+00	-4.004023e-02	8.235798e-03	-4.109898e-02	-1.776557e-02	-5.530011e-02
5.700000e+00	-3.756081e-02	1.506405e-02	-3.796694e-02	-4.108514e-03	-6.259525e-02
5.750000e+00	-2.731002e-02	2.389761e-02	-3.031096e-02	1.769374e-02	-6.499435e-02
5.800000e+00	-9.825145e-03	3.331535e-02	-1.483520e-02	4.626289e-02	-5.862982e-02
5.850000e+00	1.238140e-02	4.187158e-02	6.122924e-03	7.722749e-02	-4.472317e-02
5.900000e+00	3.513132e-02	4.811022e-02	2.873639e-02	1.068657e-01	-2.677175e-02
5.950000e+00	5.401434e-02	5.055095e-02	5.146272e-02	1.280611e-01	-1.199225e-02
6.000000e+00	6.540986e-02	4.802939e-02	6.303343e-02	1.364982e-01	5.455373e-04
6.050000e+00	6.716054e-02	3.979366e-02	6.169727e-02	1.323310e-01	1.264587e-02
6.100000e+00	5.977686e-02	2.689061e-02	5.317430e-02	1.149357e-01	1.860113e-02
6.150000e+00	4.566160e-02	1.304117e-02	4.270768e-02	8.367422e-02	2.132573e-02
6.200000e+00	2.844836e-02	1.565349e-02	3.405060e-02	5.106058e-02	-1.246103e-02
6.250000e+00	1.195099e-02	3.033069e-02	2.327911e-02	4.963999e-02	-4.443971e-02
6.300000e+00	-8.402174e-04	4.252580e-02	6.995120e-03	5.023091e-02	-6.797396e-02
6.350000e+00	-8.425339e-03	4.908045e-02	-4.525100e-03	5.009907e-02	-8.096130e-02
6.400000e+00	-1.096353e-02	4.928444e-02	-1.211093e-02	4.878503e-02	-8.167789e-02
6.450000e+00	-9.951460e-03	4.405661e-02	-1.065847e-02	4.534799e-02	-7.429432e-02
6.500000e+00	-7.569140e-03	3.553353e-02	-7.964173e-03	4.102010e-02	-6.349288e-02
6.550000e+00	-5.962216e-03	2.629790e-02	-6.065954e-03	3.520499e-02	-5.249630e-02
6.600000e+00	-6.598792e-03	1.883945e-02	-5.995893e-03	2.792323e-02	-4.664160e-02
6.650000e+00	-9.899897e-03	1.431463e-02	-9.600819e-03	2.090630e-02	-4.439478e-02
6.700000e+00	-1.532163e-02	1.236376e-02	-1.563111e-02	1.560726e-02	-4.535929e-02
6.750000e+00	-2.167588e-02	1.174942e-02	-2.180450e-02	1.036937e-02	-4.852301e-02
6.800000e+00	-2.756215e-02	1.109471e-02	-2.707853e-02	3.301491e-03	-5.132604e-02
6.850000e+00	-3.175452e-02	9.755770e-03	-3.097863e-02	-6.961692e-03	-5.483495e-02
6.900000e+00	-3.344057e-02	9.986627e-03	-3.458875e-02	-8.686196e-03	-5.651828e-02
6.950000e+00	-3.228663e-02	1.525947e-02	-3.602876e-02	-2.195597e-03	-5.746948e-02
7.000000e+00	-2.837145e-02	2.331828e-02	-3.364671e-02	1.201082e-02	-6.611964e-02
7.050000e+00	-2.189147e-02	3.061214e-02	-2.275373e-02	2.744616e-02	-7.223519e-02
7.100000e+00	-1.364397e-02	3.459056e-02	-9.804414e-03	4.053889e-02	-6.804306e-02
7.150000e+00	-4.342064e-03	3.418753e-02	1.699079e-03	4.913846e-02	-5.704265e-02
7.200000e+00	5.234219e-03	2.994332e-02	8.198236e-03	5.907657e-02	-4.298722e-02
7.250000e+00	1.425575e-02	2.382700e-02	1.128859e-02	6.420828e-02	-2.686034e-02
7.300000e+00	2.188990e-02	1.849181e-02	1.630723e-02	6.751436e-02	-1.000271e-02
7.350000e+00	2.739236e-02	1.568326e-02	2.410695e-02	6.943246e-02	2.124884e-04
7.400000e+00	3.023057e-02	1.481849e-02	2.733050e-02	6.942556e-02	-6.045214e-04
7.450000e+00	3.019807e-02	1.450983e-02	2.692280e-02	7.236369e-02	8.852281e-04
7.500000e+00	2.747398e-02	1.398926e-02	2.465883e-02	7.058632e-02	1.275740e-03
7.550000e+00	2.252998e-02	1.232166e-02	2.131583e-02	6.134433e-02	-3.714442e-03
7.600000e+00	1.627885e-02	9.032462e-03	1.670727e-02	4.383398e-02	-5.893241e-03
7.650000e+00	9.632725e-03	8.669390e-03	9.881890e-03	2.862419e-02	-1.522092e-02
7.700000e+00	3.456436e-03	1.694000e-02	3.168164e-03	3.038834e-02	-3.532926e-02
7.750000e+00	-1.548489e-03	2.781191e-02	1.892836e-03	3.872379e-02	-5.305918e-02
7.800000e+00	-4.910818e-03	3.680048e-02	3.527400e-04	4.389461e-02	-6.424105e-02
7.850000e+00	-6.416021e-03	4.116766e-02	5.945450e-04	4.701749e-02	-7.049959e-02
7.900000e+00	-6.112823e-03	3.973198e-02	9.986500e-04	4.838236e-02	-6.836951e-02
7.950000e+00	-4.315449e-03	3.317014e-02	1.565938e-03	4.533185e-02	-6.056779e-02
8.000000e+00	-1.598143e-03	2.396018e-02	2.687099e-04	3.930528e-02	-4.850502e-02
8.050000e+00	1.237027e-03	1.605619e-02	4.914754e-04	3.574045e-02	-3.327680e-02
8.100000e+00	3.260424e-03	1.367304e-02	3.848931e-03	3.181369e-02	-2.465369e-02
8.150000e+00	3.586467e-03	1.494656e-02	5.734805e-03	3.376923e-02	-2.611174e-02
8.200000e+00	1.621106e-03	1.549427e-02	2.895935e-03	3.065759e-02	-3.370778e-02
8.250000e+00	-2.700723e-03	1.436524e-02	-2.078756e-03	2.476664e-02	-4.002703e-02
8.300000e+00	-8.785418e-03	1.234333e-02	-1.033919e-02	1.591021e-02	-4.382581e-02
8.350000e+00	-1.543442e-02	1.121199e-02	-1.595062e-02	7.553428e-03	-4.515860e-02
8.400000e+00	-2.109863e-02	1.400709e-02	-2.044148e-02	3.717744e-03	-5.044967e-02
8.450000e+00	-2.427946e-02	2.090530e-02	-2.375502e-02	8.664105e-03	-6.497548e-02
8.500000e+00	-2.396372e-02	2.889362e-02	-2.223100e-02	2.734463e-02	-8.394607e-02
8.550000e+00	-1.991012e-02	3.493028e-02	-1.682132e-02	4.790793e-02	-9.043531e-02
8.600000e+00	-1.285309e-02	3.685816e-02	-9.875867e-03	6.336712e-02	-8.283456e-02
8.650000e+00	-4.328286e-03	3.380486e-02	-1.524903e-03	7.000060e-02	-6.207151e-02
8.700000e+00	3.788484e-03	2.664537e-02	1.259795e-03	6.617693e-02	-3.721963e-02
8.750000e+00	9.859330e-03	1.839862e-02	5.489308e-03	5.804722e-02	-2.051359e-02
8.800000e+00	1.298093e-02	1.468768e-02	1.256306e-02	4.834705e-02	-2.005738e-02
8.850000e+00	1.321664e-02	1.746214e-02	1.519631e-02	5.233456e-02	-2.446367e-02
8.900000e+00	1.148313e-02	2.065160e-02	1.211062e-02	5.279930e-02	-3.427159e-02
8.950000e+00	9.145310e-03	2.102334e-02	7.731499e-03	4.551445e-02	-3.622558e-02
9.000000e+00	7.482043e-03	1.871773e-02	6.856727e-03	3.677053e-02	-2.917858e-02
9.050000e+00	7.275661e-03	1.536296e-02	6.150753e-03	3.207178e-02	-2.055211e-02
9.100000e+00	8.467703e-03	1.303108e-02	6.910603e-03	3.117699e-02	-2.074027e-02
9.150000e+00	1.026398e-02	1.291000e-02	1.198186e-02	3.043296e-02	-2.281659e-02
9.200000e+00	1.149575e-02	1.448057e-02	1.419891e-02	3.494633e-02	-2.547384e-02
9.250000e+00	1.113537e-02	1.665099e-02	1.431904e-02	3.909332e-02	-2.809522e-02
9.300000e+00	8.750695e-03	1.847611e-02	1.199156e-02	4.100884e-02	-3.076512e-02
9.350000e+00	4.714704e-03	1.908238e-02	7.076785e-03	3.777649e-02	-3.562896e-02
9.400000e+00	8.532804e-05	1.792110e-02	1.833989e-03	3.298892e-02	-3.880260e-02
9.450000e+00	-3.797698e-03	1.525772e-02	-2.412336e-03	2.913203e-02	-4.581938e-02
9.500000e+00	-5.838803e-03	1.269024e-02	-5.701813e-03	2.356839e-02	-4.585337e-02
9.550000e+00	-5.637967e-03	1.281587e-02	-5.486647e-03	2.401824e-02	-3.879116e-02
9.600000e+00	-3.614664e-03	1.573516e-02	-2.021487e-03	2.535868e-02	-3.396120e-02
9.650000e+00	-9.362995e-04	1.884867e-02	4.230312e-03	2.870977e-02	-3.864840e-02
9.700000e+00	9.504812e-04	2.033298e-02	8.558707e-03	2.946510e-02	-3.955208e-02
9.750000e+00	8.753561e-04	1.963791e-02	8.739436e-03	2.777620e-02	-3.874137e-02
9.800000e+00	-1.596592e-03	1.719991e-02	3.014633e-03	3.289410e-02	-3.945022e-02
9.850000e+00	-5.979132e-03	1.428452e-02	-6.796367e-03	3.464328e-02	-3.675914e-02
9.900000e+00	-1.102387e-02	1.261449e-02	-1.326786e-02	3.226827e-02	-3.518685e-02
9.950000e+00	-1.516288e-02	1.293482e-02	-1.647498e-02	2.808563e-02	-3.998819e-02
1.000000e+01	-1.706626e-02	1.407438e-02	-1.742220e-02	2.380957e-02	-5.108610e-02
1.005000e+01	-1.609021e-02	1.467575e-02	-1.636799e-02	2.070842e-02	-5.274972e-02
1.010000e+01	-1.251909e-02	1.431425e-02	-1.300859e-02	1.871866e-02	-4.472785e-02
1.015000e+01	-7.403153e-03	1.327791e-02	-8.839700e-03	2.069815e-02	-2.969980e-02
1.020000e+01	-2.151906e-03	1.212273e-02	-3.211554e-03	2.566723e-02	-2.606666e-02
1.025000e+01	1.987891e-03	1.130746e-02	2.033002e-03	3.269448e-02	-2.336392e-02
1.030000e+01	4.363244e-03	1.106224e-02	4.239255e-03	3.530763e-02	-1.941245e-02
1.035000e+01	5.095856e-03	1.145242e-02	4.952244e-03	3.349949e-02	-1.688515e-02
1.040000e+01	4.955375e-03	1.235521e-02	3.235803e-03	2.953566e-02	-1.745470e-02
1.045000e+01	4.987318e-03	1.339304e-02	5.215381e-03	2.909278e-02	-2.276529e-02
1.050000e+01	6.049539e-03	1.408280e-02	9.684572e-03	2.805620e-02	-2.581757e-02
1.055000e+01	8.440062e-03	1.409429e-02	1.139198e-02	3.000700e-02	-2.691720e-02
1.060000e+01	1.175695e-02	1.339911e-02	1.543049e-02	3.222946e-02	-2.364723e-02
1.065000e+01	1.503692e-02	1.225145e-02	1.850604e-02	3.701120e-02	-1.763064e-02
1.070000e+01	1.711173e-02	1.103537e-02	1.962594e-02	3.863219e-02	-1.078142e-02
1.075000e+01	1.704191e-02	1.006119e-02	1.867808e-02	4.062061e-02	-8.302393e-03
1.080000e+01	1.446442e-02	9.440504e-03	1.527331e-02	3.739090e-02	-1.183315e-02
1.085000e+01	9.730000e-03	9.106892e-03	1.040478e-02	3.442955e-02	-1.516783e-02
1.090000e+01	3.789330e-03	8.878986e-03	3.947419e-03	2.902331e-02	-1.898511e-02
1.095000e+01	-2.120153e-03	8.504232e-03	-1.970227e-03	2.080134e-02	-2.506776e-02
1.100000e+01	-6.866397e-03	7.814580e-03	-6.239454e-03	1.208693e-02	-2.677386e-02
1.105000e+01	-9.756220e-03	7.113742e-03	-9.161569e-03	5.951634e-03	-2.494396e-02
1.110000e+01	-1.071115e-02	7.421910e-03	-1.066162e-02	5.969225e-03	-2.721076e-02
1.115000e+01	-1.019580e-02	9.373911e-03	-1.047305e-02	9.732568e-03	-2.983251e-02
1.120000e+01	-8.997206e-03	1.202826e-02	-1.014337e-02	2.413577e-02	-3.025375e-02
1.125000e+01	-7.921693e-03	1.405023e-02	-1.009878e-02	3.487672e-02	-2.969026e-02
1.130000e+01	-7.524998e-03	1.452816e-02	-1.017863e-02	3.926276e-02	-2.921901e-02
1.135000e+01	-7.961138e-03	1.321759e-02	-1.042395e-02	3.683609e-02	-2.745425e-02
1.140000e+01	-8.983675e-03	1.084567e-02	-1.179309e-02	2.842671e-02	-2.555884e-02
1.145000e+01	-1.007614e-02	9.468059e-03	-1.145246e-02	1.655171e-02	-3.092247e-02
1.150000e+01	-1.064849e-02	1.086007e-02	-9.426059e-03	1.520346e-02	-3.663002e-02
1.155000e+01	-1.022539e-02	1.343336e-02	-7.801891e-03	1.807349e-02	-4.044654e-02
1.160000e+01	-8.569144e-03	1.495560e-02	-5.817077e-03	1.854586e-02	-4.072189e-02
1.165000e+01	-5.714228e-03	1.448061e-02	-4.368698e-03	1.796181e-02	-3.587333e-02
1.170000e+01	-1.925253e-03	1.215097e-02	-2.286860e-03	2.006204e-02	-3.075022e-02
1.175000e+01	2.387691e-03	8.998726e-03	1.812250e-03	2.054653e-02	-2.351888e-02
1.180000e+01	6.758747e-03	6.850414e-03	7.209350e-03	2.450953e-02	-1.448000e-02
1.185000e+01	1.073575e-02	7.024682e-03	1.039995e-02	3.728364e-02	-6.665661e-03
1.190000e+01	1.392302e-02	8.141419e-03	1.283899e-02	4.451471e-02	-6.034376e-03
1.195000e+01	1.600623e-02	8.747858e-03	1.414730e-02	4.540743e-02	-6.543057e-03
1.200000e+01	1.677317e-02	8.692345e-03	1.519401e-02	4.054920e-02	-7.326011e-03
1.205000e+01	1.615691e-02	8.418458e-03	1.560457e-02	3.493733e-02	-8.029443e-03
1.210000e+01	1.417440e-02	8.248580e-03	1.509080e-02	3.427320e-02	-7.907616e-03
1.215000e+01	1.106259e-02	8.171280e-03	1.209047e-02	3.343636e-02	-1.038601e-02
1.220000e+01	7.212986e-03	7.991626e-03	7.649085e-03	3.033735e-02	-1.326294e-02
1.225000e+01	3.110833e-03	7.597484e-03	3.168494e-03	2.617882e-02	-1.564577e-02
1.230000e+01	-7.548998e-04	7.017332e-03	-3.439437e-04	2.038948e-02	-1.829916e-02
1.235000e+01	-3.986874e-03	6.385296e-03	-3.592647e-03	1.306805e-02	-1.858960e-02
1.240000e+01	-6.351771e-03	5.901795e-03	-6.156060e-03	6.910105e-03	-2.086857e-02
1.245000e+01	-7.808326e-03	5.692661e-03	-7.959568e-03	9.800380e-03	-2.185324e-02
1.250000e+01	-8.484892e-03	5.648519e-03	-9.175612e-03	1.051320e-02	-2.169965e-02
1.255000e+01	-8.617508e-03	5.604858e-03	-9.263620e-03	7.347186e-03	-2.107343e-02
1.260000e+01	-8.471162e-03	5.727129e-03	-9.337411e-03	1.107129e-02	-2.132777e-02
1.265000e+01	-8.269020e-03	6.429642e-03	-9.665811e-03	1.515630e-02	-1.975400e-02
1.270000e+01	-8.147084e-03	7.654086e-03	-9.288276e-03	1.812913e-02	-2.560708e-02
1.275000e+01	-8.139290e-03	8.756605e-03	-9.064021e-03	1.930148e-02	-3.438139e-02
1.280000e+01	-8.186772e-03	9.170503e-03	-9.745493e-03	1.832225e-02	-3.744057e-02
1.285000e+01	-8.159614e-03	8.902125e-03	-9.179619e-03	1.431676e-02	-3.363291e-02
1.290000e+01	-7.881494e-03	8.676000e-03	-8.613724e-03	1.448465e-02	-2.871106e-02
1.295000e+01	-7.154533e-03	9.306564e-03	-7.443410e-03	1.849010e-02	-2.902893e-02
1.300000e+01	-5.788492e-03	1.049910e-02	-5.590681e-03	2.052072e-02	-2.734589e-02
1.305000e+01	-3.638658e-03	1.118601e-02	-3.150266e-03	2.020121e-02	-2.835730e-02
1.310000e+01	-6.613090e-04	1.062497e-02	-6.029997e-05	2.172685e-02	-2.624060e-02
1.315000e+01	3.048773e-03	8.949025e-03	3.795498e-03	2.052301e-02	-1.957364e-02
1.320000e+01	7.207073e-03	7.439719e-03	7.501334e-03	2.767242e-02	-1.486765e-02
1.325000e+01	1.133680e-02	7.885267e-03	1.014548e-02	3.764728e-02	-8.982182e-03
1.330000e+01	1.482566e-02	9.731590e-03	1.179190e-02	4.237433e-02	-4.856723e-03
1.335000e+01	1.704117e-02	1.105566e-02	1.262847e-02	4.255536e-02	-6.130899e-03
1.340000e+01	1.748151e-02	1.088370e-02	1.378862e-02	3.971391e-02	-5.514140e-03
1.345000e+01	1.592086e-02	9.270128e-03	1.348345e-02	3.933773e-02	-3.855857e-03
1.350000e+01	1.250264e-02	7.205095e-03	1.128250e-02	3.490407e-02	-3.454314e-03
1.355000e+01	7.743432e-03	6.438871e-03	8.211557e-03	2.921226e-02	-7.724848e-03
1.360000e+01	2.434467e-03	7.438797e-03	3.218670e-03	2.093770e-02	-1.843425e-02
1.365000e+01	-2.540550e-03	8.526414e-03	-1.947599e-03	1.506952e-02	-2.563347e-02
1.370000e+01	-6.422345e-03	8.540275e-03	-5.642844e-03	1.358657e-02	-2.770984e-02
1.375000e+01	-8.762517e-03	7.355265e-03	-8.393825e-03	1.110900e-02	-2.433440e-02
1.380000e+01	-9.519403e-03	5.654911e-03	-9.590238e-03	7.758071e-03	-2.321796e-02
1.385000e+01	-9.031033e-03	4.862384e-03	-9.180746e-03	3.730966e-03	-2.337183e-02
1.390000e+01	-7.874732e-03	5.684186e-03	-8.386896e-03	7.992167e-03	-2.275779e-02
1.395000e+01	-6.663279e-03	6.816347e-03	-7.491665e-03	1.453019e-02	-2.041605e-02
1.400000e+01	-5.849856e-03	7.206230e-03	-6.670152e-03	1.778471e-02	-1.775189e-02
1.405000e+01	-5.608935e-03	6.692579e-03	-6.501619e-03	1.741773e-02	-1.681046e-02
1.410000e+01	-5.813714e-03	5.741144e-03	-7.139331e-03	1.440720e-02	-1.568460e-02
1.415000e+01	-6.165472e-03	5.256162e-03	-6.810597e-03	1.000605e-02	-1.993183e-02
1.420000e+01	-6.293958e-03	5.710101e-03	-6.402573e-03	6.514318e-03	-2.336616e-02
1.425000e+01	-5.893386e-03	6.496887e-03	-5.626199e-03	8.555508e-03	-2.390639e-02
1.430000e+01	-4.814626e-03	6.921432e-03	-5.028675e-03	1.093137e-02	-2.133489e-02
1.435000e+01	-3.088062e-03	6.776311e-03	-3.515351e-03	1.385816e-02	-1.907225e-02
1.440000e+01	-8.819828e-04	6.234750e-03	-1.348310e-03	1.558757e-02	-1.780252e-02
1.445000e+01	1.573786e-03	5.648190e-03	1.695932e-03	1.618079e-02	-1.481018e-02
1.450000e+01	4.059692e-03	5.338880e-03	3.929505e-03	1.853676e-02	-1.000612e-02
1.455000e+01	6.403058e-03	5.435880e-03	6.436944e-03	2.144283e-02	-6.543521e-03
1.460000e+01	8.470443e-03	5.861104e-03	7.467437e-03	2.365881e-02	-4.299651e-03
1.465000e+01	1.013088e-02	6.427905e-03	8.073493e-03	2.757456e-02	-1.518965e-03
1.470000e+01	1.122047e-02	6.918583e-03	9.657929e-03	2.855469e-02	-4.939672e-04
1.475000e+01	1.153835e-02	7.144344e-03	1.011944e-02	2.634330e-02	-4.390495e-03
1.480000e+01	1.088859e-02	7.010808e-03	1.009559e-02	2.755570e-02	-7.999373e-03
1.485000e+01	9.157909e-03	6.567700e-03	8.698047e-03	2.774685e-02	-1.049332e-02
1.490000e+01	6.398794e-03	6.031922e-03	6.908000e-03	2.457594e-02	-1.172298e-02
1.495000e+01	2.878212e-03	5.753485e-03	3.578274e-03	1.855844e-02	-1.171796e-02
1.500000e+01	-9.383079e-04	6.000250e-03	-1.094706e-04	1.081413e-02	-1.602324e-02
1.505000e+01	-4.471479e-03	6.654138e-03	-3.447284e-03	7.282295e-03	-2.149563e-02
1.510000e+01	-7.185370e-03	7.298563e-03	-5.971503e-03	5.124981e-03	-2.347886e-02
1.515000e+01	-8.721122e-03	7.489622e-03	-7.815284e-03	6.306858e-03	-2.364134e-02
1.520000e+01	-8.990019e-03	6.980052e-03	-8.589342e-03	7.396578e-03	-2.267027e-02
1.525000e+01	-8.190964e-03	5.858213e-03	-7.293801e-03	7.583891e-03	-2.421799e-02
1.530000e+01	-6.741334e-03	4.681329e-03	-6.466713e-03	6.392015e-03	-2.291276e-02
1.535000e+01	-5.143219e-03	4.383956e-03	-5.784325e-03	8.842560e-03	-1.961414e-02
1.540000e+01	-3.829753e-03	5.089550e-03	-5.238373e-03	1.309314e-02	-1.485102e-02
1.545000e+01	-3.042462e-03	5.842858e-03	-3.979249e-03	1.496716e-02	-1.182658e-02
1.550000e+01	-2.778404e-03	6.009843e-03	-3.503429e-03	1.464608e-02	-1.367691e-02
1.555000e+01	-2.820180e-03	5.566611e-03	-3.603038e-03	1.193584e-02	-1.416819e-02
1.560000e+01	-2.832929e-03	4.932552e-03	-2.971398e-03	1.125466e-02	-1.522894e-02
1.565000e+01	-2.490828e-03	4.632965e-03	-2.543376e-03	1.178377e-02	-1.520151e-02
1.570000e+01	-1.588905e-03	4.710214e-03	-1.923191e-03	1.123927e-02	-1.284960e-02
1.575000e+01	-1.052310e-04	4.720471e-03	-3.749828e-04	9.925325e-03	-1.340213e-02
1.580000e+01	1.800851e-03	4.385578e-03	1.799478e-03	9.951384e-03	-1.237841e-02
1.585000e+01	3.845687e-03	3.902733e-03	4.107589e-03	1.137741e-02	-9.003340e-03
1.590000e+01	5.707463e-03	3.795961e-03	5.549831e-03	1.490701e-02	-4.574201e-03
1.595000e+01	7.109855e-03	4.233266e-03	6.365070e-03	1.941674e-02	-9.496176e-04
1.600000e+01	7.877694e-03	4.746194e-03	6.759060e-03	2.138248e-02	6.672862e-05
1.605000e+01	7.969077e-03	4.908491e-03	6.896575e-03	2.091190e-02	-8.687684e-05
1.610000e+01	7.389770e-03	4.577731e-03	6.303474e-03	1.840270e-02	-7.991770e-04
1.615000e+01	6.258225e-03	3.976530e-03	5.849300e-03	1.748738e-02	-1.269888e-03
1.620000e+01	4.712011e-03	3.552129e-03	4.552097e-03	1.638343e-02	-5.612812e-03
1.625000e+01	2.877056e-03	3.640564e-03	2.904601e-03	1.417428e-02	-9.591594e-03
1.630000e+01	8.626244e-04	4.094311e-03	1.159357e-03	1.093034e-02	-1.208026e-02
1.635000e+01	-1.222918e-03	4.575879e-03	-1.020842e-03	8.448163e-03	-1.329360e-02
1.640000e+01	-3.250139e-03	4.911225e-03	-2.993161e-03	6.125051e-03	-1.410885e-02
1.645000e+01	-5.057149e-03	5.073543e-03	-5.243930e-03	4.404540e-03	-1.670096e-02
1.650000e+01	-6.460044e-03	5.081566e-03	-6.574972e-03	4.251436e-03	-1.839712e-02
1.655000e+01	-7.285939e-03	4.937614e-03	-6.895467e-03	3.653431e-03	-1.912343e-02
1.660000e+01	-7.418354e-03	4.622699e-03	-6.701299e-03	2.242061e-03	-1.759684e-02
1.665000e+01	-6.837985e-03	4.144569e-03	-6.276528e-03	1.470526e-03	-1.800057e-02
1.670000e+01	-5.641980e-03	3.625547e-03	-5.561934e-03	4.872187e-03	-1.645974e-02
1.675000e+01	-4.031796e-03	3.367596e-03	-4.318578e-03	7.891243e-03	-1.344753e-02
1.680000e+01	-2.270729e-03	3.640723e-03	-2.965428e-03	1.006508e-02	-9.402882e-03
1.685000e+01	-6.230203e-04	4.269264e-03	-1.674021e-03	1.098698e-02	-7.820489e-03
1.690000e+01	7.069921e-04	4.821416e-03	2.519283e-04	1.195864e-02	-9.500855e-03
1.695000e+01	1.617271e-03	4.985616e-03	1.275517e-03	1.205203e-02	-1.059914e-02
1.700000e+01	2.119973e-03	4.666381e-03	1.866150e-03	1.268065e-02	-1.037249e-02
1.705000e+01	2.296822e-03	3.974508e-03	2.023944e-03	1.343755e-02	-8.459870e-03
1.710000e+01	2.332713e-03	3.194457e-03	2.378772e-03	1.261737e-02	-5.047930e-03
1.715000e+01	2.395545e-03	2.669753e-03	2.312988e-03	1.079178e-02	-5.440087e-03
1.720000e+01	2.600947e-03	2.550847e-03	2.834930e-03	8.444508e-03	-5.753591e-03
1.725000e+01	2.978711e-03	2.678658e-03	3.106689e-03	9.838187e-03	-5.235837e-03
1.730000e+01	3.465807e-03	2.876749e-03	3.254892e-03	1.319013e-02	-5.428997e-03
1.735000e+01	3.926846e-03	3.071712e-03	3.447411e-03	1.504211e-02	-4.810781e-03
1.740000e+01	4.195211e-03	3.187834e-03	3.771984e-03	1.491546e-02	-3.790635e-03
1.745000e+01	4.122369e-03	3.151387e-03	4.062144e-03	1.279762e-02	-4.356704e-03
1.750000e+01	3.621044e-03	3.017299e-03	3.775177e-03	1.193809e-02	-4.923394e-03
1.755000e+01	2.690233e-03	3.035339e-03	2.883471e-03	1.040868e-02	-5.085919e-03
1.760000e+01	1.416039e-03	3.416466e-03	1.670103e-03	8.910150e-03	-6.696689e-03
1.765000e+01	-5.024679e-05	4.008593e-03	1.216039e-04	9.168709e-03	-8.996223e-03
1.770000e+01	-1.528723e-03	4.476629e-03	-1.843122e-03	8.149854e-03	-1.201558e-02
1.775000e+01	-2.850397e-03	4.592728e-03	-2.725621e-03	7.482941e-03	-1.328805e-02
1.780000e+01	-3.888254e-03	4.312287e-03	-3.408051e-03	6.583380e-03	-1.284251e-02
1.785000e+01	-4.572464e-03	3.750409e-03	-4.358035e-03	5.111367e-03	-1.223439e-02
1.790000e+01	-4.888232e-03	3.123001e-03	-4.712295e-03	3.446709e-03	-1.187238e-02
1.795000e+01	-4.860560e-03	2.661170e-03	-5.006448e-03	1.959147e-03	-1.073161e-02
1.800000e+01	-4.533817e-03	2.491471e-03	-4.726679e-03	2.914915e-03	-9.403631e-03
1.805000e+01	-3.946522e-03	2.579197e-03	-4.088448e-03	4.168058e-03	-9.884366e-03
1.810000e+01	-3.131354e-03	2.815727e-03	-3.316589e-03	5.044375e-03	-9.449100e-03
1.815000e+01	-2.139511e-03	3.143142e-03	-2.843448e-03	6.636451e-03	-8.435948e-03
1.820000e+01	-1.028071e-03	3.521612e-03	-1.563922e-03	8.616133e-03	-7.625542e-03
1.825000e+01	1.344427e-04	3.882696e-03	-2.829024e-04	9.856827e-03	-6.470583e-03
1.830000e+01	1.265695e-03	4.124854e-03	8.377804e-04	1.117306e-02	-7.226725e-03
1.835000e+01	2.274374e-03	4.146301e-03	2.403446e-03	1.173935e-02	-7.140266e-03
1.840000e+01	3.072979e-03	3.890601e-03	3.290451e-03	1.100436e-02	-6.045882e-03
1.845000e+01	3.595311e-03	3.385580e-03	3.644744e-03	1.045436e-02	-4.127589e-03
1.850000e+01	3.812420e-03	2.763271e-03	3.882677e-03	9.726090e-03	-3.038746e-03
1.855000e+01	3.740274e-03	2.246022e-03	3.927086e-03	9.577043e-03	-2.179899e-03
1.860000e+01	3.434893e-03	2.033800e-03	3.700185e-03	8.774424e-03	-3.415136e-03
1.865000e+01	2.975288e-03	2.091756e-03	3.271185e-03	7.485464e-03	-4.050244e-03
1.870000e+01	2.439549e-03	2.218716e-03	2.758723e-03	8.078535e-03	-4.430177e-03
1.875000e+01	1.882596e-03	2.298278e-03	2.268552e-03	8.227021e-03	-5.074403e-03
1.880000e+01	1.324033e-03	2.327384e-03	1.685300e-03	8.073998e-03	-6.142181e-03
1.885000e+01	7.509953e-04	2.355176e-03	9.615773e-04	7.524116e-03	-6.659164e-03
1.890000e+01	1.350667e-04	2.457305e-03	2.089930e-04	6.544995e-03	-6.539153e-03
1.895000e+01	-5.433321e-04	2.708417e-03	-5.029576e-04	5.139929e-03	-5.929362e-03
1.900000e+01	-1.273049e-03	3.101667e-03	-1.396775e-03	5.298978e-03	-7.881107e-03
1.905000e+01	-1.996519e-03	3.507849e-03	-2.070707e-03	5.301402e-03	-1.032653e-02
1.910000e+01	-2.647396e-03	3.757099e-03	-2.570113e-03	4.708949e-03	-1.186318e-02
1.915000e+01	-3.129112e-03	3.711827e-03	-2.961135e-03	3.838321e-03	-1.202849e-02
1.920000e+01	-3.356556e-03	3.333654e-03	-3.056467e-03	3.260978e-03	-1.108131e-02
1.925000e+01	-3.283818e-03	2.724405e-03	-3.081554e-03	3.045078e-03	-9.587834e-03
1.930000e+01	-2.920688e-03	2.170480e-03	-3.112077e-03	3.350638e-03	-8.472494e-03
1.935000e+01	-2.331574e-03	2.091043e-03	-2.572097e-03	4.225859e-03	-7.701997e-03
1.940000e+01	-1.617046e-03	2.526196e-03	-2.190653e-03	5.527128e-03	-7.949980e-03
1.945000e+01	-8.846948e-04	3.085624e-03	-1.599779e-03	6.618172e-03	-7.330577e-03
1.950000e+01	-2.198353e-04	3.503800e-03	-7.343497e-04	8.105161e-03	-6.484671e-03
1.955000e+01	3.336215e-04	3.696006e-03	-9.441184e-05	9.012548e-03	-5.925031e-03
1.960000e+01	7.759711e-04	3.673965e-03	7.378297e-04	9.124473e-03	-6.106954e-03
1.965000e+01	1.138445e-03	3.493605e-03	1.286610e-03	8.685800e-03	-5.909766e-03
1.970000e+01	1.460160e-03	3.218955e-03	1.711545e-03	7.908366e-03	-5.427286e-03
1.975000e+01	1.764943e-03	2.896478e-03	2.048713e-03	7.484592e-03	-5.874672e-03
1.980000e+01	2.047138e-03	2.549422e-03	2.242962e-03	8.125612e-03	-5.566836e-03
1.985000e+01	2.271436e-03	2.201759e-03	2.286690e-03	8.679735e-03	-4.575032e-03
1.990000e+01	2.385994e-03	1.920771e-03	2.353468e-03	8.406310e-03	-3.160109e-03
1.995000e+01	2.342909e-03	1.826493e-03	2.447139e-03	7.302628e-03	-3.279631e-03
2.000000e+01	2.117636e-03	1.984722e-03	2.485994e-03	6.579100e-03	-4.119541e-03
