# k	<chi>	std	chi_median	chi_max	chi_min
0.000000e+00	1.167020e-01	2.292508e-01	0.000000e+00	6.308428e-01	-4.529107e-01
5.000000e-02	2.275575e-01	2.612362e-01	3.195535e-01	6.464587e-01	-4.451194e-01
1.000000e-01	2.144853e-01	2.489240e-01	2.967826e-01	6.267270e-01	-4.297964e-01
1.500000e-01	1.746973e-01	2.132013e-01	2.265282e-01	5.659957e-01	-3.926242e-01
2.000000e-01	1.338437e-01	1.795080e-01	1.565202e-01	5.024666e-01	-3.557560e-01
2.500000e-01	6.486031e-02	1.325726e-01	5.491698e-02	3.933371e-01	-3.284309e-01
3.000000e-01	-6.204242e-03	1.067267e-01	1.545447e-02	2.796759e-01	-3.382410e-01
3.500000e-01	-1.043978e-01	1.233431e-01	-9.721287e-02	1.194696e-01	-4.704024e-01
4.000000e-01	-2.036186e-01	1.765594e-01	-2.348039e-01	9.599091e-02	-6.099031e-01
4.500000e-01	-3.238233e-01	2.520510e-01	-4.183363e-01	1.065959e-01	-7.785245e-01
5.000000e-01	-4.375390e-01	3.229142e-01	-5.882189e-01	1.350057e-01	-9.251487e-01
5.500000e-01	-5.582350e-01	3.937506e-01	-7.689933e-01	1.509973e-01	-1.066498e+00
6.000000e-01	-6.596906e-01	4.471087e-01	-9.181880e-01	1.547994e-01	-1.185763e+00
6.500000e-01	-7.466922e-01	4.856958e-01	-1.040850e+00	1.634372e-01	-1.273870e+00
7.000000e-01	-8.000001e-01	4.990852e-01	-1.106790e+00	1.519764e-01	-1.308829e+00
7.500000e-01	-8.175442e-01	4.868530e-01	-1.118923e+00	1.220082e-01	-1.276391e+00
8.000000e-01	-7.935439e-01	4.479319e-01	-1.070450e+00	7.570303e-02	-1.247212e+00
8.500000e-01	-7.248765e-01	3.813082e-01	-9.508372e-01	1.683780e-02	-1.154089e+00
9.000000e-01	-6.225582e-01	2.963033e-01	-7.903832e-01	-4.733966e-02	-9.978314e-01
9.500000e-01	-4.885169e-01	1.946646e-01	-5.825874e-01	-9.690869e-02	-7.750262e-01
1.000000e+00	-3.467108e-01	9.633017e-02	-3.684892e-01	-1.149113e-01	-5.359283e-01
1.050000e+00	-2.049463e-01	5.250316e-02	-2.193142e-01	-1.087436e-02	-3.102649e-01
1.100000e+00	-8.848471e-02	1.158875e-01	-4.923859e-02	1.336635e-01	-2.998524e-01
1.150000e+00	-5.079246e-03	1.756606e-01	7.870035e-02	2.348536e-01	-3.082122e-01
1.200000e+00	3.341414e-02	2.074469e-01	1.447594e-01	2.805494e-01	-3.177122e-01
1.250000e+00	2.817924e-02	2.107245e-01	1.458359e-01	2.662139e-01	-3.241179e-01
1.300000e+00	-1.199302e-02	1.879256e-01	9.209026e-02	2.075298e-01	-3.364237e-01
1.350000e+00	-7.409197e-02	1.456902e-01	-3.169810e-04	1.122383e-01	-3.384863e-01
1.400000e+00	-1.362697e-01	9.597592e-02	-9.449988e-02	1.346783e-02	-3.418390e-01
1.450000e+00	-1.818424e-01	4.884928e-02	-1.699900e-01	-8.025878e-02	-3.436284e-01
1.500000e+00	-1.944341e-01	2.360703e-02	-1.934719e-01	-1.366212e-01	-3.204799e-01
1.550000e+00	-1.674792e-01	2.861532e-02	-1.742698e-01	-8.875168e-02	-2.741587e-01
1.600000e+00	-1.046886e-01	3.029874e-02	-1.123272e-01	-3.293184e-02	-2.089073e-01
1.650000e+00	-1.542093e-02	2.342982e-02	-1.662442e-02	4.140520e-02	-1.313481e-01
1.700000e+00	7.942534e-02	2.557131e-02	7.961976e-02	1.622926e-01	-5.126009e-02
1.750000e+00	1.647048e-01	4.176278e-02	1.749857e-01	2.582379e-01	1.435470e-02
1.800000e+00	2.207111e-01	5.475072e-02	2.446090e-01	3.062336e-01	6.383037e-02
1.850000e+00	2.430232e-01	5.762211e-02	2.732085e-01	3.240939e-01	1.010249e-01
1.900000e+00	2.286136e-01	4.769284e-02	2.545677e-01	2.887536e-01	1.200139e-01
1.950000e+00	1.889192e-01	2.828348e-02	2.008026e-01	2.276309e-01	1.142059e-01
2.000000e+00	1.348623e-01	1.124041e-02	1.363534e-01	1.811921e-01	1.000041e-01
2.050000e+00	8.202562e-02	2.700193e-02	7.259681e-02	1.761748e-01	3.714909e-02
2.100000e+00	4.116454e-02	4.323350e-02	1.907067e-02	1.613434e-01	-1.338905e-02
2.150000e+00	1.791633e-02	4.875417e-02	-9.310373e-03	1.398257e-01	-3.850319e-02
2.200000e+00	1.029449e-02	4.428388e-02	-1.515618e-02	1.146844e-01	-4.001191e-02
2.250000e+00	1.066259e-02	3.683507e-02	-1.079726e-02	9.316664e-02	-3.220175e-02
2.300000e+00	1.043362e-02	2.771303e-02	-5.331749e-03	7.756001e-02	-2.338795e-02
2.350000e+00	5.693078e-03	1.967660e-02	-5.208736e-03	5.752835e-02	-1.921294e-02
2.400000e+00	-3.971156e-03	1.408427e-02	-1.088890e-02	3.545176e-02	-2.164373e-02
2.450000e+00	-1.221095e-02	8.627173e-03	-1.525723e-02	1.552661e-02	-2.635955e-02
2.500000e+00	-2.038335e-02	4.828090e-03	-2.119129e-02	-2.705763e-03	-3.202937e-02
2.550000e+00	-2.697602e-02	3.731715e-03	-2.661978e-02	-1.657173e-02	-3.789660e-02
2.600000e+00	-3.064965e-02	4.877751e-03	-2.935675e-02	-2.096280e-02	-4.419192e-02
2.650000e+00	-3.281554e-02	5.930177e-03	-3.087452e-02	-2.293743e-02	-4.826449e-02
2.700000e+00	-3.258054e-02	6.656083e-03	-2.982778e-02	-2.360437e-02	-4.929802e-02
2.750000e+00	-2.998647e-02	6.986460e-03	-2.664885e-02	-2.119922e-02	-4.734774e-02
2.800000e+00	-2.544035e-02	6.848118e-03	-2.208902e-02	-1.650755e-02	-4.318009e-02
2.850000e+00	-2.101743e-02	6.352200e-03	-1.812480e-02	-1.217464e-02	-3.961103e-02
2.900000e+00	-1.564119e-02	5.533757e-03	-1.354768e-02	-6.870124e-03	-3.379276e-02
2.950000e+00	-9.874865e-03	4.503274e-03	-8.855192e-03	-1.182493e-03	-2.981444e-02
3.000000e+00	-4.178815e-03	3.531431e-03	-4.025226e-03	4.331385e-03	-2.396853e-02
3.050000e+00	1.444145e-03	3.240680e-03	1.801457e-03	9.814858e-03	-1.689288e-02
3.100000e+00	6.435583e-03	3.440013e-03	6.428352e-03	1.448352e-02	-8.234392e-03
3.150000e+00	1.066094e-02	3.912059e-03	1.043733e-02	2.153648e-02	2.905967e-04
3.200000e+00	1.411254e-02	4.353084e-03	1.347963e-02	2.733412e-02	4.950739e-03
3.250000e+00	1.663315e-02	4.700643e-03	1.549220e-02	3.120502e-02	8.377964e-03
3.300000e+00	1.841826e-02	4.878748e-03	1.684379e-02	3.345266e-02	1.104795e-02
3.350000e+00	1.964682e-02	4.924422e-03	1.769776e-02	3.362881e-02	1.280738e-02
3.400000e+00	2.042879e-02	4.932738e-03	1.844753e-02	3.576870e-02	1.266041e-02
3.450000e+00	2.067325e-02	5.028727e-03	1.891440e-02	3.541584e-02	1.007145e-02
3.500000e+00	2.055965e-02	5.170022e-03	1.916624e-02	3.282125e-02	8.011559e-03
3.550000e+00	2.003805e-02	5.352688e-03	1.914792e-02	3.479588e-02	6.517379e-03
3.600000e+00	1.903988e-02	5.527528e-03	1.804688e-02	3.559742e-02	5.475963e-03
3.650000e+00	1.753077e-02	5.664897e-03	1.646153e-02	3.525513e-02	4.776519e-03
3.700000e+00	1.542727e-02	5.752006e-03	1.440117e-02	3.321811e-02	4.103514e-03
3.750000e+00	1.264480e-02	5.715996e-03	1.176699e-02	2.951659e-02	3.337950e-04
3.800000e+00	9.090556e-03	5.454234e-03	8.429132e-03	2.434670e-02	-3.495519e-03
3.850000e+00	4.710496e-03	4.978840e-03	4.149778e-03	1.845521e-02	-6.833604e-03
3.900000e+00	-7.024354e-04	4.315060e-03	-8.513288e-04	1.195505e-02	-9.927873e-03
3.950000e+00	-7.040715e-03	3.946853e-03	-6.764092e-03	5.146048e-03	-1.857631e-02
4.000000e+00	-1.392370e-02	4.512680e-03	-1.303201e-02	-3.301746e-03	-2.741352e-02
4.050000e+00	-2.092464e-02	5.736791e-03	-1.895051e-02	-1.142407e-02	-3.557587e-02
4.100000e+00	-2.715202e-02	7.110098e-03	-2.433487e-02	-1.489019e-02	-4.243598e-02
4.150000e+00	-3.157820e-02	8.214070e-03	-2.810041e-02	-1.828466e-02	-4.733896e-02
4.200000e+00	-3.332525e-02	8.875690e-03	-2.934922e-02	-2.099566e-02	-4.893856e-02
4.250000e+00	-3.242083e-02	9.015670e-03	-2.804616e-02	-2.064604e-02	-4.973806e-02
4.300000e+00	-2.850407e-02	8.890105e-03	-2.410673e-02	-1.760628e-02	-4.955248e-02
4.350000e+00	-2.216751e-02	8.628406e-03	-1.802579e-02	-1.008627e-02	-4.561334e-02
4.400000e+00	-1.445553e-02	8.303993e-03	-1.088897e-02	-1.625521e-03	-3.892590e-02
4.450000e+00	-6.850213e-03	7.973986e-03	-3.778256e-03	6.220176e-03	-3.105166e-02
4.500000e+00	-2.880743e-06	7.759893e-03	2.866504e-03	1.332011e-02	-2.313629e-02
4.550000e+00	5.528600e-03	7.718012e-03	8.006829e-03	1.965378e-02	-1.726742e-02
4.600000e+00	9.736092e-03	7.794672e-03	1.166360e-02	2.458347e-02	-1.332663e-02
4.650000e+00	1.299288e-02	7.858129e-03	1.450317e-02	2.771638e-02	-1.059991e-02
4.700000e+00	1.616549e-02	7.594472e-03	1.718786e-02	3.118337e-02	-7.718618e-03
4.750000e+00	1.982869e-02	6.778497e-03	2.000617e-02	3.391219e-02	-3.228360e-03
4.800000e+00	2.413811e-02	5.614767e-03	2.413159e-02	3.637316e-02	4.037852e-03
4.850000e+00	2.873316e-02	5.578462e-03	2.840741e-02	4.306236e-02	1.426450e-02
4.900000e+00	3.278595e-02	8.421985e-03	3.132631e-02	5.444561e-02	1.756034e-02
4.950000e+00	3.523829e-02	1.339383e-02	2.980599e-02	6.590020e-02	1.627097e-02
5.000000e+00	3.518763e-02	1.910846e-02	2.504388e-02	7.450153e-02	1.123268e-02
5.050000e+00	3.221412e-02	2.437157e-02	1.796157e-02	7.936664e-02	3.014045e-03
5.100000e+00	2.657630e-02	2.822920e-02	9.725185e-03	8.251244e-02	-5.784238e-03
5.150000e+00	1.907877e-02	2.989543e-02	1.430583e-03	8.208067e-02	-1.389070e-02
5.200000e+00	1.084231e-02	2.901012e-02	-5.363829e-03	7.697549e-02	-2.169837e-02
5.250000e+00	2.856574e-03	2.570036e-02	-1.062069e-02	6.691427e-02	-2.941544e-02
5.300000e+00	-4.108322e-03	2.085423e-02	-1.372341e-02	5.478095e-02	-3.379888e-02
5.350000e+00	-9.947075e-03	1.581704e-02	-1.431864e-02	4.054116e-02	-3.733652e-02
5.400000e+00	-1.507184e-02	1.230519e-02	-1.627246e-02	2.762884e-02	-4.281200e-02
5.450000e+00	-2.002420e-02	1.148630e-02	-1.911252e-02	1.388153e-02	-5.384509e-02
5.500000e+00	-2.534079e-02	1.270475e-02	-2.239989e-02	4.737856e-03	-6.394892e-02
5.550000e+00	-3.111695e-02	1.459291e-02	-2.639779e-02	-2.681041e-03	-7.137614e-02
5.600000e+00	-3.685301e-02	1.674981e-02	-2.981550e-02	-1.252558e-02	-7.762657e-02
5.650000e+00	-4.133609e-02	1.918601e-02	-3.204416e-02	-1.590525e-02	-8.208209e-02
5.700000e+00	-4.358374e-02	2.182491e-02	-3.305545e-02	-1.412337e-02	-8.672169e-02
5.750000e+00	-4.265095e-02	2.428790e-02	-3.101532e-02	-1.092382e-02	-9.016733e-02
5.800000e+00	-3.816706e-02	2.604441e-02	-2.541922e-02	-4.437742e-03	-9.401384e-02
5.850000e+00	-3.040383e-02	2.650664e-02	-1.708443e-02	3.869777e-03	-9.298135e-02
5.900000e+00	-2.058130e-02	2.538698e-02	-7.495160e-03	1.108656e-02	-8.438070e-02
5.950000e+00	-1.010213e-02	2.266021e-02	1.288102e-03	1.946673e-02	-6.927028e-02
6.000000e+00	-2.972960e-04	1.872350e-02	8.097411e-03	2.727808e-02	-4.977813e-02
6.050000e+00	7.946116e-03	1.431052e-02	1.264718e-02	3.444865e-02	-2.847267e-02
6.100000e+00	1.432628e-02	1.062047e-02	1.626413e-02	3.943854e-02	-1.825143e-02
6.150000e+00	1.920680e-02	8.664266e-03	2.095308e-02	4.171895e-02	-9.564421e-03
6.200000e+00	2.327554e-02	8.439481e-03	2.374002e-02	4.785537e-02	-4.690528e-03
6.250000e+00	2.717920e-02	8.976889e-03	2.716806e-02	5.368801e-02	-9.369114e-04
6.300000e+00	3.120295e-02	9.706417e-03	3.055745e-02	5.691313e-02	3.850871e-03
6.350000e+00	3.511362e-02	1.085905e-02	3.365891e-02	6.198482e-02	8.711034e-03
6.400000e+00	3.821730e-02	1.320998e-02	3.614153e-02	6.787986e-02	9.457357e-03
6.450000e+00	3.959915e-02	1.733516e-02	3.372960e-02	7.412217e-02	9.520682e-03
6.500000e+00	3.844677e-02	2.284763e-02	2.754802e-02	8.152967e-02	-7.370301e-04
6.550000e+00	3.430113e-02	2.847557e-02	1.962999e-02	8.699412e-02	-1.094267e-02
6.600000e+00	2.723619e-02	3.268951e-02	9.236994e-03	8.905477e-02	-2.072273e-02
6.650000e+00	1.789002e-02	3.420897e-02	1.016818e-05	8.547483e-02	-3.015920e-02
6.700000e+00	7.247772e-03	3.239317e-02	-8.873028e-03	7.715076e-02	-3.714760e-02
6.750000e+00	-3.610362e-03	2.749459e-02	-1.612138e-02	6.915117e-02	-4.047519e-02
6.800000e+00	-1.373264e-02	2.075381e-02	-2.158109e-02	5.793202e-02	-4.565666e-02
6.850000e+00	-2.242037e-02	1.451351e-02	-2.579280e-02	4.393659e-02	-4.930834e-02
6.900000e+00	-2.923602e-02	1.205926e-02	-2.925257e-02	2.883864e-02	-6.379261e-02
6.950000e+00	-3.393018e-02	1.372540e-02	-3.173422e-02	1.286039e-02	-7.790221e-02
7.000000e+00	-3.635359e-02	1.599890e-02	-3.234269e-02	-3.290563e-03	-8.306626e-02
7.050000e+00	-3.640242e-02	1.716117e-02	-3.181270e-02	-6.438182e-03	-8.105558e-02
7.100000e+00	-3.407629e-02	1.748538e-02	-2.974798e-02	-2.037558e-03	-7.417865e-02
7.150000e+00	-2.956594e-02	1.795285e-02	-2.380074e-02	4.204679e-03	-6.899409e-02
7.200000e+00	-2.331865e-02	1.924340e-02	-1.665439e-02	1.174639e-02	-6.997482e-02
7.250000e+00	-1.605255e-02	2.119069e-02	-8.116456e-03	1.784086e-02	-7.411089e-02
7.300000e+00	-8.665684e-03	2.310101e-02	1.314181e-03	2.294149e-02	-7.370154e-02
7.350000e+00	-2.048897e-03	2.429479e-02	9.925063e-03	3.010740e-02	-6.888244e-02
7.400000e+00	3.139308e-03	2.434048e-02	1.515867e-02	3.491294e-02	-5.936945e-02
7.450000e+00	6.650902e-03	2.309191e-02	1.736491e-02	3.877522e-02	-5.081737e-02
7.500000e+00	8.703261e-03	2.067433e-02	1.715274e-02	3.998822e-02	-4.395770e-02
7.550000e+00	9.857094e-03	1.737497e-02	1.590628e-02	3.851276e-02	-3.576314e-02
7.600000e+00	1.084621e-02	1.388313e-02	1.461562e-02	3.499095e-02	-2.863976e-02
7.650000e+00	1.224832e-02	1.100976e-02	1.352433e-02	3.799737e-02	-2.275471e-02
7.700000e+00	1.427939e-02	9.734527e-03	1.436961e-02	4.833759e-02	-1.485866e-02
7.750000e+00	1.671445e-02	1.049074e-02	1.540630e-02	5.401377e-02	-5.836919e-03
7.800000e+00	1.897940e-02	1.259755e-02	1.670884e-02	5.527523e-02	-7.081082e-03
7.850000e+00	2.037805e-02	1.521044e-02	1.594231e-02	5.475348e-02	-8.055770e-03
7.900000e+00	2.036454e-02	1.784425e-02	1.293744e-02	5.566264e-02	-8.140192e-03
7.950000e+00	1.875379e-02	2.021240e-02	9.785529e-03	5.976734e-02	-9.023760e-03
8.000000e+00	1.578752e-02	2.210358e-02	5.715110e-03	6.197377e-02	-1.480862e-02
8.050000e+00	1.200628e-02	2.335832e-02	1.096344e-03	6.153119e-02	-2.036802e-02
8.100000e+00	8.147112e-03	2.391642e-02	-3.111024e-03	5.911830e-02	-2.488250e-02
8.150000e+00	4.708901e-03	2.371817e-02	-5.646265e-03	5.698360e-02	-2.821942e-02
8.200000e+00	1.841509e-03	2.266856e-02	-6.454754e-03	5.737735e-02	-3.252088e-02
8.250000e+00	-6.774579e-04	2.065504e-02	-6.565941e-03	5.425288e-02	-3.538392e-02
8.300000e+00	-3.303283e-03	1.769053e-02	-7.557309e-03	4.737777e-02	-3.720925e-02
8.350000e+00	-6.480028e-03	1.415961e-02	-9.119786e-03	3.596600e-02	-3.828123e-02
8.400000e+00	-1.039198e-02	1.116504e-02	-1.112760e-02	2.952231e-02	-3.582537e-02
8.450000e+00	-1.481275e-02	1.056736e-02	-1.529480e-02	2.042006e-02	-4.162093e-02
8.500000e+00	-1.911545e-02	1.290284e-02	-1.972205e-02	1.915879e-02	-5.353566e-02
8.550000e+00	-2.245950e-02	1.660486e-02	-2.103699e-02	1.372802e-02	-6.378710e-02
8.600000e+00	-2.399894e-02	2.042999e-02	-1.883263e-02	9.533724e-03	-6.930294e-02
8.650000e+00	-2.322946e-02	2.380667e-02	-1.309110e-02	1.377046e-02	-6.786080e-02
8.700000e+00	-2.013429e-02	2.632568e-02	-7.047793e-03	1.770109e-02	-6.708899e-02
8.750000e+00	-1.519310e-02	2.754726e-02	-2.017891e-03	2.484805e-02	-6.695582e-02
8.800000e+00	-9.231411e-03	2.709030e-02	2.974697e-03	3.103149e-02	-6.159675e-02
8.850000e+00	-3.171587e-03	2.482549e-02	6.551854e-03	3.806743e-02	-5.651062e-02
8.900000e+00	2.220642e-03	2.102712e-02	7.754334e-03	3.968557e-02	-4.699331e-02
8.950000e+00	6.505510e-03	1.644201e-02	9.540702e-03	3.584256e-02	-3.580014e-02
9.000000e+00	9.604162e-03	1.233010e-02	1.083781e-02	3.342830e-02	-2.839418e-02
9.050000e+00	1.170775e-02	1.029425e-02	1.238892e-02	3.210716e-02	-2.550291e-02
9.100000e+00	1.309728e-02	1.078748e-02	1.269479e-02	4.282270e-02	-2.876201e-02
9.150000e+00	1.399442e-02	1.234081e-02	1.210900e-02	4.943171e-02	-2.746609e-02
9.200000e+00	1.445032e-02	1.389676e-02	1.123744e-02	5.407060e-02	-1.936974e-02
9.250000e+00	1.434953e-02	1.547480e-02	9.811632e-03	5.800416e-02	-1.238463e-02
9.300000e+00	1.350615e-02	1.739180e-02	7.394065e-03	5.707421e-02	-1.435949e-02
9.350000e+00	1.180040e-02	1.953973e-02	3.646654e-03	6.088228e-02	-1.893552e-02
9.400000e+00	9.290067e-03	2.130118e-02	-4.633319e-04	6.091982e-02	-2.243414e-02
9.450000e+00	6.245155e-03	2.197514e-02	-3.076950e-03	6.686268e-02	-3.073098e-02
9.500000e+00	3.089284e-03	2.119225e-02	-3.860470e-03	6.874071e-02	-4.218141e-02
9.550000e+00	2.857894e-04	1.910990e-02	-3.656578e-03	6.151804e-02	-4.743973e-02
9.600000e+00	-1.858598e-03	1.637310e-02	-5.093010e-03	4.745400e-02	-4.485610e-02
9.650000e+00	-3.235965e-03	1.389340e-02	-6.344539e-03	3.721762e-02	-3.527100e-02
9.700000e+00	-3.974406e-03	1.232322e-02	-6.574280e-03	3.378778e-02	-2.762907e-02
9.750000e+00	-4.368220e-03	1.155977e-02	-5.283554e-03	3.063502e-02	-2.905638e-02
9.800000e+00	-4.749705e-03	1.103626e-02	-4.938583e-03	2.645442e-02	-3.020233e-02
9.850000e+00	-5.354252e-03	1.051524e-02	-4.412927e-03	2.076183e-02	-3.194399e-02
9.900000e+00	-6.230815e-03	1.041521e-02	-6.255876e-03	2.333095e-02	-3.282368e-02
9.950000e+00	-7.229476e-03	1.139936e-02	-6.918726e-03	2.118925e-02	-3.374604e-02
1.000000e+01	-8.066214e-03	1.348952e-02	-6.126072e-03	1.891761e-02	-4.024509e-02
1.005000e+01	-8.434492e-03	1.593306e-02	-3.459975e-03	1.847639e-02	-4.453242e-02
1.010000e+01	-8.119075e-03	1.779127e-02	-1.361412e-03	1.955391e-02	-4.666381e-02
1.015000e+01	-7.079302e-03	1.839852e-02	-2.896257e-04	2.508434e-02	-4.541744e-02
1.020000e+01	-5.454655e-03	1.751356e-02	3.874747e-04	2.611301e-02	-4.116196e-02
1.025000e+01	-3.511145e-03	1.538661e-02	-2.215874e-04	2.573687e-02	-3.713122e-02
1.030000e+01	-1.551122e-03	1.270249e-02	-9.246421e-04	2.672764e-02	-3.425740e-02
1.035000e+01	1.766216e-04	1.033385e-02	9.844104e-05	2.480432e-02	-2.768163e-02
1.040000e+01	1.534571e-03	8.861836e-03	1.626735e-03	2.261217e-02	-1.965517e-02
1.045000e+01	2.506985e-03	8.208042e-03	2.863694e-03	2.261456e-02	-1.710896e-02
1.050000e+01	3.168485e-03	8.005736e-03	3.454761e-03	2.120631e-02	-1.954838e-02
1.055000e+01	3.631121e-03	8.042653e-03	3.556119e-03	2.262119e-02	-2.036486e-02
1.060000e+01	3.994596e-03	8.060767e-03	4.336349e-03	2.413391e-02	-1.919362e-02
1.065000e+01	4.317499e-03	7.740645e-03	4.779122e-03	2.356185e-02	-1.895697e-02
1.070000e+01	4.614168e-03	7.403597e-03	4.980245e-03	2.397923e-02	-1.794413e-02
1.075000e+01	4.869100e-03	8.562903e-03	4.626656e-03	2.601271e-02	-1.663017e-02
1.080000e+01	5.054556e-03	1.194653e-02	1.151848e-03	3.026195e-02	-2.135978e-02
1.085000e+01	5.139398e-03	1.619263e-02	-2.355012e-03	3.911161e-02	-2.887388e-02
1.090000e+01	5.085953e-03	1.966130e-02	-3.866841e-03	4.710123e-02	-3.313332e-02
1.095000e+01	4.841591e-03	2.120654e-02	-4.228553e-03	5.128757e-02	-3.264570e-02
1.100000e+01	4.337000e-03	2.033388e-02	-3.606885e-03	5.144350e-02	-2.841148e-02
1.105000e+01	3.499252e-03	1.729516e-02	-2.051776e-03	4.345731e-02	-3.088103e-02
1.110000e+01	2.288056e-03	1.302435e-02	3.497818e-04	3.562417e-02	-2.953337e-02
1.115000e+01	7.287767e-04	9.236024e-03	1.953496e-04	2.994455e-02	-2.493934e-02
1.120000e+01	-1.062690e-03	8.069165e-03	-1.957742e-03	2.378144e-02	-1.962658e-02
1.125000e+01	-2.879610e-03	9.322846e-03	-2.297497e-03	1.759732e-02	-2.508069e-02
1.130000e+01	-4.459615e-03	1.078435e-02	-2.608216e-03	1.771210e-02	-3.183032e-02
1.135000e+01	-5.549693e-03	1.155297e-02	-2.777779e-03	1.546869e-02	-3.443877e-02
1.140000e+01	-5.981118e-03	1.176010e-02	-3.341768e-03	1.551757e-02	-3.313034e-02
1.145000e+01	-5.727156e-03	1.177563e-02	-3.258806e-03	1.589778e-02	-3.044029e-02
1.150000e+01	-4.919759e-03	1.179743e-02	-2.526991e-03	1.770524e-02	-3.012451e-02
1.155000e+01	-3.815006e-03	1.181312e-02	-1.434641e-03	1.934263e-02	-2.988045e-02
1.160000e+01	-2.715788e-03	1.176385e-02	-3.586661e-04	1.994674e-02	-2.934377e-02
1.165000e+01	-1.876823e-03	1.161401e-02	6.852470e-04	1.941830e-02	-2.918762e-02
1.170000e+01	-1.424934e-03	1.128615e-02	1.187015e-03	1.832162e-02	-2.964135e-02
1.175000e+01	-1.323033e-03	1.064594e-02	8.882984e-04	1.904741e-02	-2.815041e-02
1.180000e+01	-1.391093e-03	9.637443e-03	-4.949773e-04	2.002680e-02	-2.641674e-02
1.185000e+01	-1.377001e-03	8.482513e-03	-6.729174e-04	1.949478e-02	-2.765825e-02
1.190000e+01	-1.052248e-03	7.759103e-03	-8.252158e-04	2.129968e-02	-2.642614e-02
1.195000e+01	-2.987070e-04	8.005009e-03	-3.553352e-04	2.571738e-02	-2.276715e-02
1.200000e+01	8.437678e-04	9.012738e-03	2.801384e-05	3.072801e-02	-1.680139e-02
1.205000e+01	2.194742e-03	1.010775e-02	-1.168377e-04	3.231480e-02	-1.565954e-02
1.210000e+01	3.470112e-03	1.072879e-02	-5.467599e-05	3.035589e-02	-1.440707e-02
1.215000e+01	4.383244e-03	1.069660e-02	3.489113e-04	3.127252e-02	-1.408708e-02
1.220000e+01	4.731345e-03	1.008960e-02	1.242241e-03	3.041950e-02	-1.419165e-02
1.225000e+01	4.455952e-03	9.114223e-03	2.212942e-03	2.710521e-02	-1.481262e-02
1.230000e+01	3.656533e-03	8.008781e-03	2.540800e-03	2.376564e-02	-1.460401e-02
1.235000e+01	2.555413e-03	7.013020e-03	2.060625e-03	1.860864e-02	-1.433298e-02
1.240000e+01	1.428064e-03	6.362636e-03	1.547622e-03	1.553821e-02	-1.453558e-02
1.245000e+01	5.226757e-04	6.186764e-03	3.810723e-04	1.477574e-02	-1.707173e-02
1.250000e+01	-5.912049e-06	6.348718e-03	-6.135170e-05	1.597990e-02	-1.752789e-02
1.255000e+01	-1.297803e-04	6.518955e-03	-4.250731e-04	1.890509e-02	-1.624718e-02
1.260000e+01	5.731878e-05	6.424891e-03	-1.369826e-04	1.927473e-02	-1.717086e-02
1.265000e+01	3.781960e-04	6.004726e-03	4.124529e-04	1.667875e-02	-1.567416e-02
1.270000e+01	6.290299e-04	5.447363e-03	6.038932e-04	1.736440e-02	-1.202828e-02
1.275000e+01	6.373649e-04	5.148925e-03	8.276946e-04	1.814565e-02	-1.431657e-02
1.280000e+01	3.063503e-04	5.467105e-03	1.016622e-03	1.838365e-02	-1.693258e-02
1.285000e+01	-3.638370e-04	6.372892e-03	7.367227e-04	1.982995e-02	-1.913636e-02
1.290000e+01	-1.279602e-03	7.548382e-03	-4.268138e-05	1.826389e-02	-2.036599e-02
1.295000e+01	-2.279022e-03	8.678922e-03	-9.151705e-04	1.524104e-02	-2.053619e-02
1.300000e+01	-3.171114e-03	9.520591e-03	-1.657996e-03	1.479407e-02	-2.304901e-02
1.305000e+01	-3.791210e-03	9.901192e-03	-1.927211e-03	1.584039e-02	-2.646317e-02
1.310000e+01	-4.016213e-03	9.691975e-03	-1.934409e-03	1.636589e-02	-2.675795e-02
1.315000e+01	-3.802961e-03	8.877203e-03	-2.426684e-03	1.444280e-02	-2.464069e-02
1.320000e+01	-3.194918e-03	7.600678e-03	-2.334667e-03	1.481620e-02	-2.113848e-02
1.325000e+01	-2.312218e-03	6.230751e-03	-2.231458e-03	1.463836e-02	-1.867437e-02
1.330000e+01	-1.322767e-03	5.389028e-03	-1.344565e-03	1.272170e-02	-1.602705e-02
1.335000e+01	-3.999276e-04	5.576019e-03	-3.810901e-04	1.400840e-02	-1.730081e-02
1.340000e+01	3.228242e-04	6.497289e-03	1.367196e-04	1.631655e-02	-1.680380e-02
1.345000e+01	7.872066e-04	7.497878e-03	-2.785888e-04	2.033061e-02	-1.689317e-02
1.350000e+01	1.023672e-03	8.180102e-03	-8.206960e-04	2.203484e-02	-1.741434e-02
1.355000e+01	1.137202e-03	8.412239e-03	-1.270426e-03	2.130484e-02	-1.589483e-02
1.360000e+01	1.268160e-03	8.216500e-03	-9.272104e-04	2.143215e-02	-1.476993e-02
1.365000e+01	1.539825e-03	7.688559e-03	-3.107400e-04	2.287522e-02	-1.599773e-02
1.370000e+01	2.009641e-03	6.947341e-03	3.721388e-04	2.241073e-02	-1.569595e-02
1.375000e+01	2.641003e-03	6.115315e-03	1.595640e-03	2.345170e-02	-1.399714e-02
1.380000e+01	3.306115e-03	5.326441e-03	2.868221e-03	2.372484e-02	-1.115997e-02
1.385000e+01	3.820290e-03	4.732554e-03	3.731568e-03	2.120110e-02	-7.536882e-03
1.390000e+01	3.997411e-03	4.446109e-03	3.681684e-03	1.677848e-02	-6.984242e-03
1.395000e+01	3.708971e-03	4.428030e-03	3.367548e-03	1.486037e-02	-1.010029e-02
1.400000e+01	2.927711e-03	4.504728e-03	3.066330e-03	1.371629e-02	-1.172915e-02
1.405000e+01	1.746423e-03	4.570166e-03	2.011858e-03	1.414634e-02	-1.193957e-02
1.410000e+01	3.413808e-04	4.686546e-03	7.379828e-04	1.455903e-02	-1.268236e-02
1.415000e+01	-1.056465e-03	5.047266e-03	-4.221545e-04	1.630499e-02	-1.420670e-02
1.420000e+01	-2.228549e-03	5.708021e-03	-1.503524e-03	1.581893e-02	-1.740793e-02
1.425000e+01	-3.020782e-03	6.453545e-03	-1.341127e-03	1.292714e-02	-1.980505e-02
1.430000e+01	-3.373111e-03	6.967066e-03	-1.244222e-03	9.438472e-03	-2.067911e-02
1.435000e+01	-3.320311e-03	7.033278e-03	-9.466742e-04	1.048167e-02	-2.169349e-02
1.440000e+01	-2.967748e-03	6.631598e-03	-8.220201e-04	1.068924e-02	-2.047719e-02
1.445000e+01	-2.453218e-03	5.941030e-03	-1.176148e-03	1.108951e-02	-1.792831e-02
1.450000e+01	-1.908517e-03	5.260971e-03	-1.132203e-03	1.013001e-02	-1.578477e-02
1.455000e+01	-1.431677e-03	4.828623e-03	-1.057894e-03	9.338671e-03	-1.727078e-02
1.460000e+01	-1.074799e-03	4.634436e-03	-9.541392e-04	1.042769e-02	-1.690810e-02
1.465000e+01	-8.460271e-04	4.489486e-03	-7.974390e-04	1.235266e-02	-1.474340e-02
1.470000e+01	-7.200714e-04	4.262965e-03	-8.388597e-04	1.597114e-02	-1.153434e-02
1.475000e+01	-6.510458e-04	3.983387e-03	-1.144947e-03	1.667272e-02	-8.581151e-03
1.480000e+01	-5.836900e-04	3.781290e-03	-9.558037e-04	1.475269e-02	-8.648744e-03
1.485000e+01	-4.623913e-04	3.770655e-03	-6.520105e-04	1.112334e-02	-1.093016e-02
1.490000e+01	-2.397080e-04	3.955885e-03	-5.110566e-04	1.232868e-02	-1.335398e-02
1.495000e+01	1.139370e-04	4.236630e-03	-3.553717e-04	1.408459e-02	-1.430413e-02
1.500000e+01	5.998798e-04	4.475159e-03	5.959629e-05	1.451420e-02	-1.358611e-02
1.505000e+01	1.177471e-03	4.564743e-03	7.049264e-04	1.347292e-02	-1.130545e-02
1.510000e+01	1.780178e-03	4.440268e-03	1.548845e-03	1.152375e-02	-7.785774e-03
1.515000e+01	2.319197e-03	4.145537e-03	2.300405e-03	1.084783e-02	-7.480433e-03
1.520000e+01	2.699260e-03	3.806481e-03	2.686328e-03	1.134858e-02	-7.853071e-03
1.525000e+01	2.842949e-03	3.548685e-03	2.958430e-03	1.113404e-02	-7.729030e-03
1.530000e+01	2.714629e-03	3.395595e-03	2.675160e-03	1.042059e-02	-7.507548e-03
1.535000e+01	2.334864e-03	3.277010e-03	2.230070e-03	1.034183e-02	-7.898973e-03
1.540000e+01	1.778172e-03	3.150279e-03	1.680097e-03	9.449076e-03	-7.489330e-03
1.545000e+01	1.152526e-03	3.070855e-03	1.184647e-03	8.906334e-03	-7.565101e-03
1.550000e+01	5.661937e-04	3.126531e-03	7.112937e-04	8.187428e-03	-8.153827e-03
1.555000e+01	9.319242e-05	3.314863e-03	2.718335e-04	7.566960e-03	-8.479492e-03
1.560000e+01	-2.496471e-04	3.537666e-03	-1.607360e-04	8.392259e-03	-8.931569e-03
1.565000e+01	-5.045752e-04	3.704988e-03	-5.048301e-04	9.687019e-03	-9.689734e-03
1.570000e+01	-7.519567e-04	3.797778e-03	-7.113977e-04	1.015373e-02	-1.022139e-02
1.575000e+01	-1.073504e-03	3.852690e-03	-9.884325e-04	9.609176e-03	-1.166605e-02
1.580000e+01	-1.513295e-03	3.909793e-03	-1.193745e-03	8.259880e-03	-1.336287e-02
1.585000e+01	-2.051595e-03	3.970393e-03	-1.373970e-03	6.565334e-03	-1.375528e-02
1.590000e+01	-2.602108e-03	3.996308e-03	-2.071941e-03	5.489380e-03	-1.367547e-02
1.595000e+01	-3.034621e-03	3.942922e-03	-2.529760e-03	7.756113e-03	-1.453021e-02
1.600000e+01	-3.215519e-03	3.796393e-03	-2.916622e-03	8.742114e-03	-1.519159e-02
1.605000e+01	-3.046001e-03	3.601458e-03	-2.803395e-03	8.344382e-03	-1.407805e-02
1.610000e+01	-2.502269e-03	3.449520e-03	-2.315061e-03	8.429568e-03	-1.097485e-02
1.615000e+01	-1.654298e-03	3.432867e-03	-1.460470e-03	8.939369e-03	-1.058398e-02
1.620000e+01	-6.387988e-04	3.573602e-03	-6.459146e-04	8.798676e-03	-1.008035e-02
1.625000e+01	3.803720e-04	3.811460e-03	1.240149e-04	1.151793e-02	-9.095472e-03
1.630000e+01	1.257320e-03	4.052809e-03	6.394469e-04	1.506082e-02	-8.299819e-03
1.635000e+01	1.899160e-03	4.213882e-03	9.533897e-04	1.708328e-02	-7.932045e-03
1.640000e+01	2.280120e-03	4.234610e-03	1.350388e-03	1.721739e-02	-7.151128e-03
1.645000e+01	2.432269e-03	4.084786e-03	1.843793e-03	1.543273e-02	-6.613506e-03
1.650000e+01	2.419250e-03	3.776355e-03	1.955252e-03	1.227322e-02	-6.367070e-03
1.655000e+01	2.305017e-03	3.376773e-03	2.319582e-03	1.188794e-02	-6.134524e-03
1.660000e+01	2.130183e-03	3.006448e-03	2.186558e-03	1.058249e-02	-6.882300e-03
1.665000e+01	1.904144e-03	2.792735e-03	1.680041e-03	9.230848e-03	-6.981727e-03
1.670000e+01	1.613889e-03	2.777254e-03	1.604367e-03	8.901549e-03	-9.181895e-03
1.675000e+01	1.243326e-03	2.880646e-03	1.531819e-03	9.789987e-03	-1.147225e-02
1.680000e+01	7.930894e-04	2.989087e-03	9.863602e-04	9.288310e-03	-1.153724e-02
1.685000e+01	2.912970e-04	3.035956e-03	3.096295e-04	7.734455e-03	-9.677223e-03
1.690000e+01	-2.096444e-04	3.013355e-03	-7.819884e-06	8.504934e-03	-9.830315e-03
1.695000e+01	-6.486931e-04	2.951726e-03	-5.994047e-04	7.814431e-03	-1.036449e-02
1.700000e+01	-9.772834e-04	2.893484e-03	-9.564967e-04	5.788588e-03	-9.646940e-03
1.705000e+01	-1.186849e-03	2.871550e-03	-1.059553e-03	5.987559e-03	-9.552105e-03
1.710000e+01	-1.284228e-03	2.876506e-03	-1.163578e-03	6.382107e-03	-9.796860e-03
1.715000e+01	-1.311030e-03	2.873343e-03	-1.301007e-03	6.554604e-03	-9.054770e-03
1.720000e+01	-1.318648e-03	2.833497e-03	-1.400680e-03	6.960749e-03	-7.687367e-03
1.725000e+01	-1.346404e-03	2.756875e-03	-1.413152e-03	6.616887e-03	-8.318485e-03
1.730000e+01	-1.404939e-03	2.666868e-03	-1.296279e-03	5.651330e-03	-1.011600e-02
1.735000e+01	-1.471303e-03	2.588210e-03	-1.411960e-03	5.267342e-03	-1.084254e-02
1.740000e+01	-1.497436e-03	2.532346e-03	-1.493002e-03	5.584759e-03	-1.021432e-02
1.745000e+01	-1.428431e-03	2.502962e-03	-1.574915e-03	7.133005e-03	-8.262031e-03
1.750000e+01	-1.223453e-03	2.505317e-03	-1.537465e-03	7.683980e-03	-7.102427e-03
1.755000e+01	-8.715449e-04	2.541600e-03	-1.031309e-03	7.339453e-03	-6.713171e-03
1.760000e+01	-3.969640e-04	2.603740e-03	-5.539652e-04	6.508420e-03	-7.728484e-03
1.765000e+01	1.470775e-04	2.681073e-03	2.124315e-04	7.331212e-03	-8.268409e-03
1.770000e+01	6.931320e-04	2.769669e-03	9.138688e-04	9.449124e-03	-7.744571e-03
1.775000e+01	1.176863e-03	2.859872e-03	1.155600e-03	1.016629e-02	-6.154376e-03
1.780000e+01	1.550978e-03	2.913874e-03	1.297238e-03	1.146718e-02	-5.223751e-03
1.785000e+01	1.791773e-03	2.871305e-03	1.525481e-03	1.265076e-02	-5.473378e-03
1.790000e+01	1.897577e-03	2.692583e-03	1.708017e-03	1.202185e-02	-5.341914e-03
1.795000e+01	1.881461e-03	2.413064e-03	1.980116e-03	9.642261e-03	-4.867487e-03
1.800000e+01	1.762270e-03	2.171273e-03	1.936942e-03	7.601162e-03	-4.551331e-03
1.805000e+01	1.560646e-03	2.139685e-03	1.651818e-03	6.575707e-03	-4.137837e-03
1.810000e+01	1.287010e-03	2.321495e-03	1.492605e-03	6.532346e-03	-4.421067e-03
1.815000e+01	9.533756e-04	2.537553e-03	1.288639e-03	6.437264e-03	-6.131237e-03
1.820000e+01	5.740164e-04	2.627657e-03	9.072566e-04	6.562835e-03	-7.474610e-03
1.825000e+01	1.687677e-04	2.547022e-03	4.306614e-04	5.810413e-03	-8.222534e-03
1.830000e+01	-2.366667e-04	2.358198e-03	-1.061485e-04	5.303979e-03	-7.827619e-03
1.835000e+01	-6.139470e-04	2.184697e-03	-5.336398e-04	5.483359e-03	-7.448361e-03
1.840000e+01	-9.376017e-04	2.125755e-03	-1.010729e-03	5.509227e-03	-7.808934e-03
1.845000e+01	-1.190419e-03	2.172969e-03	-1.262791e-03	5.738826e-03	-7.888595e-03
1.850000e+01	-1.366367e-03	2.234579e-03	-1.262386e-03	5.509689e-03	-8.020383e-03
1.855000e+01	-1.469746e-03	2.228603e-03	-1.309906e-03	4.315850e-03	-7.601795e-03
1.860000e+01	-1.510899e-03	2.132634e-03	-1.441294e-03	3.960676e-03	-6.888831e-03
1.865000e+01	-1.500204e-03	1.988721e-03	-1.375140e-03	4.576445e-03	-6.628396e-03
1.870000e+01	-1.442766e-03	1.881977e-03	-1.315865e-03	4.621255e-03	-6.061835e-03
1.875000e+01	-1.335906e-03	1.879293e-03	-1.381025e-03	4.283040e-03	-6.248826e-03
1.880000e+01	-1.170450e-03	1.961050e-03	-1.306658e-03	5.032168e-03	-6.226207e-03
1.885000e+01	-9.353826e-04	2.043100e-03	-1.040637e-03	6.818994e-03	-6.234592e-03
1.890000e+01	-6.242533e-04	2.059153e-03	-7.410822e-04	7.922359e-03	-5.938082e-03
1.895000e+01	-2.411476e-04	2.005012e-03	-3.782337e-04	7.976996e-03	-5.318942e-03
1.900000e+01	1.957736e-04	1.932009e-03	6.175183e-05	7.236013e-03	-4.618821e-03
1.905000e+01	6.582800e-04	1.909839e-03	6.302205e-04	6.845164e-03	-3.994881e-03
1.910000e+01	1.102398e-03	1.965209e-03	1.144877e-03	7.208362e-03	-4.366762e-03
1.915000e+01	1.480268e-03	2.076248e-03	1.549646e-03	6.897628e-03	-4.683296e-03
1.920000e+01	1.748064e-03	2.197964e-03	1.744264e-03	8.455087e-03	-4.324841e-03
1.925000e+01	1.873966e-03	2.284523e-03	1.832363e-03	9.152593e-03	-3.537344e-03
1.930000e+01	1.844018e-03	2.293704e-03	1.792464e-03	8.907358e-03	-3.448360e-03
1.935000e+01	1.664672e-03	2.197869e-03	1.505915e-03	8.566887e-03	-3.504977e-03
1.940000e+01	1.361507e-03	2.010224e-03	1.224074e-03	7.849082e-03	-3.654424e-03
1.945000e+01	9.743778e-04	1.811119e-03	8.940546e-04	6.466923e-03	-3.693625e-03
1.950000e+01	5.500113e-04	1.730951e-03	5.389455e-04	5.694045e-03	-3.510990e-03
1.955000e+01	1.336326e-04	1.833281e-03	1.361127e-04	7.099350e-03	-5.372569e-03
1.960000e+01	-2.385186e-04	2.029286e-03	-2.461880e-04	7.409339e-03	-6.983560e-03
1.965000e+01	-5.440964e-04	2.186176e-03	-5.540790e-04	6.759673e-03	-8.174031e-03
1.970000e+01	-7.759049e-04	2.235586e-03	-7.444076e-04	5.123109e-03	-8.465742e-03
1.975000e+01	-9.394011e-04	2.186224e-03	-9.894191e-04	4.695635e-03	-8.195433e-03
1.980000e+01	-1.047393e-03	2.092236e-03	-1.105047e-03	4.296842e-03	-7.171660e-03
1.985000e+01	-1.113695e-03	2.005039e-03	-1.180445e-03	4.422463e-03	-5.649496e-03
1.990000e+01	-1.147773e-03	1.936493e-03	-1.110928e-03	4.791906e-03	-6.124037e-03
1.995000e+01	-1.152002e-03	1.865858e-03	-1.183501e-03	5.346814e-03	-6.676525e-03
2.000000e+01	-1.122202e-03	1.778613e-03	-1.232396e-03	4.777240e-03	-6.926361e-03
