# k	<chi>	std	chi_median	chi_max	chi_min
0.000000e+00	-6.912410e-02	2.074757e-01	0.000000e+00	4.032518e-01	-6.477664e-01
5.000000e-02	-1.316941e-01	2.637361e-01	-3.568295e-02	4.163573e-01	-6.633539e-01
1.000000e-01	-1.369094e-01	2.578080e-01	-3.852301e-02	3.964645e-01	-6.725502e-01
1.500000e-01	-1.529133e-01	2.411142e-01	-4.880615e-02	3.365369e-01	-6.991272e-01
2.000000e-01	-1.696963e-01	2.260154e-01	-6.706524e-02	2.755010e-01	-7.247593e-01
2.500000e-01	-1.984427e-01	2.057401e-01	-1.163924e-01	1.730185e-01	-7.639463e-01
3.000000e-01	-2.287901e-01	1.921895e-01	-2.071270e-01	7.222356e-02	-7.998840e-01
3.500000e-01	-2.716868e-01	1.871196e-01	-3.340026e-01	3.588250e-02	-8.419160e-01
4.000000e-01	-3.159324e-01	1.965793e-01	-4.061259e-01	1.995891e-02	-8.765434e-01
4.500000e-01	-3.709022e-01	2.242166e-01	-4.368418e-01	1.359149e-02	-9.068573e-01
5.000000e-01	-4.244724e-01	2.588401e-01	-4.480968e-01	1.157826e-03	-9.415707e-01
5.500000e-01	-4.826348e-01	3.006902e-01	-4.503807e-01	-2.299266e-02	-1.064578e+00
6.000000e-01	-5.332082e-01	3.351380e-01	-4.533863e-01	-5.745561e-02	-1.164210e+00
6.500000e-01	-5.775170e-01	3.613640e-01	-4.447065e-01	-9.703874e-02	-1.255680e+00
7.000000e-01	-6.055001e-01	3.705397e-01	-4.350141e-01	-1.391777e-01	-1.287111e+00
7.500000e-01	-6.142213e-01	3.601328e-01	-4.275402e-01	-1.869173e-01	-1.253308e+00
8.000000e-01	-5.992990e-01	3.304961e-01	-4.089004e-01	-2.268618e-01	-1.155999e+00
8.500000e-01	-5.564336e-01	2.800774e-01	-3.895692e-01	-2.453975e-01	-1.042742e+00
9.000000e-01	-4.904183e-01	2.189843e-01	-3.714244e-01	-2.228028e-01	-9.075892e-01
9.500000e-01	-3.999002e-01	1.511462e-01	-3.499351e-01	-1.697899e-01	-7.302122e-01
1.000000e+00	-2.990599e-01	9.852301e-02	-3.063584e-01	-1.060002e-01	-5.392018e-01
1.050000e+00	-1.916399e-01	8.401119e-02	-1.900324e-01	-2.409932e-02	-3.881795e-01
1.100000e+00	-9.573866e-02	1.027307e-01	-7.238569e-02	9.558656e-02	-3.160764e-01
1.150000e+00	-1.750621e-02	1.195463e-01	1.578495e-02	1.905427e-01	-2.405984e-01
1.200000e+00	3.118009e-02	1.185236e-01	5.631029e-02	2.172393e-01	-1.924258e-01
1.250000e+00	4.840153e-02	9.917394e-02	7.425192e-02	1.963191e-01	-1.577995e-01
1.300000e+00	3.644876e-02	6.877859e-02	5.893263e-02	1.509604e-01	-1.273969e-01
1.350000e+00	1.925431e-03	4.418192e-02	3.575475e-04	1.092865e-01	-1.025124e-01
1.400000e+00	-4.042920e-02	5.157811e-02	-3.144031e-02	1.099176e-01	-1.714994e-01
1.450000e+00	-7.920608e-02	7.225222e-02	-5.616829e-02	9.745499e-02	-2.362425e-01
1.500000e+00	-9.928478e-02	8.302992e-02	-9.311350e-02	1.050296e-01	-2.491574e-01
1.550000e+00	-9.419808e-02	8.073768e-02	-1.164624e-01	1.057178e-01	-2.126090e-01
1.600000e+00	-6.153387e-02	7.064046e-02	-8.906206e-02	1.035587e-01	-1.713767e-01
1.650000e+00	-6.108343e-03	6.519228e-02	5.728319e-03	1.063198e-01	-1.369942e-01
1.700000e+00	5.987300e-02	7.115670e-02	8.220304e-02	1.827856e-01	-8.155059e-02
1.750000e+00	1.251597e-01	8.241891e-02	1.051576e-01	2.776406e-01	-5.962234e-03
1.800000e+00	1.743382e-01	8.762591e-02	1.227621e-01	3.282830e-01	7.671353e-02
1.850000e+00	2.016955e-01	8.637441e-02	1.772606e-01	3.433904e-01	6.933416e-02
1.900000e+00	2.015708e-01	8.103380e-02	2.230691e-01	3.085799e-01	5.414300e-02
1.950000e+00	1.798525e-01	7.840168e-02	2.153072e-01	3.069426e-01	3.864997e-02
2.000000e+00	1.421567e-01	7.787828e-02	1.422426e-01	2.902253e-01	2.483293e-02
2.050000e+00	9.955162e-02	7.671885e-02	6.382803e-02	2.516691e-01	1.033049e-02
2.100000e+00	6.043610e-02	6.744658e-02	2.438334e-02	1.899668e-01	-1.695208e-02
2.150000e+00	3.123197e-02	4.962055e-02	1.959325e-02	1.299718e-01	-4.615642e-02
2.200000e+00	1.336268e-02	2.911509e-02	2.275420e-02	7.538096e-02	-4.375503e-02
2.250000e+00	3.305682e-03	2.094480e-02	-8.121245e-05	4.510326e-02	-3.347141e-02
2.300000e+00	-1.756046e-03	2.567805e-02	-1.103670e-02	4.694171e-02	-4.361675e-02
2.350000e+00	-4.703932e-03	2.785897e-02	-8.909325e-03	4.483289e-02	-5.453264e-02
2.400000e+00	-7.671133e-03	2.426954e-02	-1.309514e-02	3.930157e-02	-6.292580e-02
2.450000e+00	-9.255411e-03	2.007909e-02	-1.574472e-02	3.209549e-02	-6.795470e-02
2.500000e+00	-1.062872e-02	1.489022e-02	-1.634311e-02	2.234302e-02	-6.516382e-02
2.550000e+00	-1.182401e-02	1.062351e-02	-1.249154e-02	1.169583e-02	-5.708721e-02
2.600000e+00	-1.262930e-02	8.353033e-03	-1.074210e-02	6.187271e-03	-4.643303e-02
2.650000e+00	-1.462067e-02	8.072293e-03	-1.541638e-02	6.699527e-03	-3.765219e-02
2.700000e+00	-1.615293e-02	8.118554e-03	-1.915075e-02	5.303439e-03	-2.976134e-02
2.750000e+00	-1.692550e-02	7.787098e-03	-1.906173e-02	2.336550e-03	-3.056684e-02
2.800000e+00	-1.677263e-02	7.231036e-03	-1.599498e-02	-1.425876e-03	-3.294137e-02
2.850000e+00	-1.679473e-02	7.000527e-03	-1.520969e-02	-4.973649e-03	-3.409876e-02
2.900000e+00	-1.529394e-02	7.040632e-03	-1.418752e-02	-4.205654e-03	-3.164852e-02
2.950000e+00	-1.244677e-02	7.291900e-03	-1.386791e-02	4.627756e-04	-2.712294e-02
3.000000e+00	-8.634881e-03	7.505015e-03	-1.072237e-02	5.144422e-03	-2.109095e-02
3.050000e+00	-3.914127e-03	7.734362e-03	-5.833966e-03	1.119891e-02	-1.755529e-02
3.100000e+00	7.564740e-04	7.642919e-03	-3.679123e-04	1.702937e-02	-1.382863e-02
3.150000e+00	4.678351e-03	7.306320e-03	4.490079e-03	2.059579e-02	-1.089987e-02
3.200000e+00	7.352960e-03	6.890609e-03	9.030154e-03	2.153510e-02	-9.078079e-03
3.250000e+00	8.618635e-03	6.438953e-03	1.050990e-02	2.064920e-02	-7.237055e-03
3.300000e+00	8.420986e-03	6.371565e-03	9.626620e-03	2.274898e-02	-5.413311e-03
3.350000e+00	7.159290e-03	6.770661e-03	7.806310e-03	2.231979e-02	-6.569978e-03
3.400000e+00	5.394549e-03	7.390426e-03	5.288453e-03	1.995838e-02	-8.281087e-03
3.450000e+00	3.784861e-03	7.756856e-03	3.085050e-03	1.927370e-02	-1.208176e-02
3.500000e+00	2.754473e-03	7.498904e-03	2.704050e-03	1.860108e-02	-1.373638e-02
3.550000e+00	2.479961e-03	6.500550e-03	2.853184e-03	1.795653e-02	-1.267788e-02
3.600000e+00	2.850483e-03	4.973311e-03	2.693305e-03	1.597433e-02	-9.212477e-03
3.650000e+00	3.766736e-03	3.638046e-03	3.578302e-03	1.394483e-02	-4.650129e-03
3.700000e+00	4.399641e-03	4.209398e-03	4.746663e-03	1.483882e-02	-6.913799e-03
3.750000e+00	4.190807e-03	5.871174e-03	5.044300e-03	1.541145e-02	-9.867676e-03
3.800000e+00	2.735588e-03	7.156570e-03	4.049607e-03	1.577199e-02	-1.209492e-02
3.850000e+00	2.905593e-05	7.709132e-03	9.859840e-04	1.355186e-02	-1.435136e-02
3.900000e+00	-4.020238e-03	7.353375e-03	-4.070136e-03	9.925052e-03	-1.766890e-02
3.950000e+00	-8.876644e-03	6.636597e-03	-1.056161e-02	5.514429e-03	-2.022576e-02
4.000000e+00	-1.374917e-02	6.456760e-03	-1.612937e-02	6.755256e-04	-2.498747e-02
4.050000e+00	-1.807244e-02	7.260909e-03	-1.835725e-02	-3.136591e-03	-3.289140e-02
4.100000e+00	-2.085758e-02	8.559356e-03	-1.874730e-02	-4.996235e-03	-4.212744e-02
4.150000e+00	-2.138805e-02	9.388573e-03	-1.744039e-02	-5.039809e-03	-4.748602e-02
4.200000e+00	-1.932471e-02	9.136837e-03	-1.608632e-02	-1.800414e-03	-4.606252e-02
4.250000e+00	-1.525509e-02	7.858777e-03	-1.313222e-02	1.184468e-03	-3.878793e-02
4.300000e+00	-9.224662e-03	5.991555e-03	-8.835974e-03	3.980008e-03	-2.639579e-02
4.350000e+00	-2.045850e-03	5.404860e-03	-2.165619e-03	9.491423e-03	-1.547737e-02
4.400000e+00	5.298150e-03	7.440118e-03	5.868221e-03	1.960661e-02	-1.642422e-02
4.450000e+00	1.173086e-02	1.022594e-02	1.149489e-02	3.029334e-02	-1.626254e-02
4.500000e+00	1.686490e-02	1.239082e-02	1.551102e-02	3.853807e-02	-1.451596e-02
4.550000e+00	2.039094e-02	1.332781e-02	1.777510e-02	4.234426e-02	-1.105301e-02
4.600000e+00	2.236973e-02	1.293628e-02	1.894377e-02	4.378117e-02	-6.080977e-03
4.650000e+00	2.312973e-02	1.157696e-02	1.929550e-02	4.299489e-02	2.443383e-05
4.700000e+00	2.312128e-02	9.729609e-03	1.974228e-02	4.046695e-02	6.844131e-03
4.750000e+00	2.265598e-02	8.018879e-03	2.005327e-02	4.021885e-02	7.860244e-03
4.800000e+00	2.184239e-02	7.032346e-03	2.047451e-02	3.922877e-02	8.517399e-03
4.850000e+00	2.053901e-02	7.001567e-03	1.996497e-02	3.636896e-02	4.546494e-03
4.900000e+00	1.851126e-02	7.684029e-03	1.851528e-02	3.747513e-02	-1.927334e-04
4.950000e+00	1.549802e-02	8.967794e-03	1.565747e-02	3.909281e-02	-4.510164e-03
5.000000e+00	1.139105e-02	1.089661e-02	1.172149e-02	3.848877e-02	-1.344132e-02
5.050000e+00	6.345334e-03	1.325102e-02	7.593197e-03	3.519881e-02	-2.299053e-02
5.100000e+00	8.049938e-04	1.539863e-02	3.185616e-03	3.126002e-02	-3.071824e-02
5.150000e+00	-4.689071e-03	1.650869e-02	-7.463769e-04	2.598409e-02	-3.666709e-02
5.200000e+00	-9.624739e-03	1.594765e-02	-4.742929e-03	1.852771e-02	-3.914251e-02
5.250000e+00	-1.365751e-02	1.358949e-02	-8.936551e-03	9.421360e-03	-3.772800e-02
5.300000e+00	-1.678318e-02	1.004854e-02	-1.439046e-02	2.763985e-03	-3.820821e-02
5.350000e+00	-1.927056e-02	6.914376e-03	-1.930131e-02	-1.775002e-03	-3.635663e-02
5.400000e+00	-2.153488e-02	6.403613e-03	-2.125746e-02	-2.576638e-03	-4.288956e-02
5.450000e+00	-2.381328e-02	7.771515e-03	-2.338884e-02	-3.764560e-03	-4.675191e-02
5.500000e+00	-2.629570e-02	8.861970e-03	-2.639274e-02	-5.299566e-03	-4.601237e-02
5.550000e+00	-2.874571e-02	9.465478e-03	-2.933031e-02	-3.234640e-03	-4.627846e-02
5.600000e+00	-3.060037e-02	1.031309e-02	-3.183907e-02	1.633790e-03	-4.941600e-02
5.650000e+00	-3.100233e-02	1.142698e-02	-3.303899e-02	5.322446e-03	-5.310126e-02
5.700000e+00	-2.941621e-02	1.198846e-02	-3.136786e-02	7.511621e-03	-5.776442e-02
5.750000e+00	-2.548259e-02	1.138886e-02	-2.683189e-02	8.158889e-03	-5.629178e-02
5.800000e+00	-1.927213e-02	1.029067e-02	-1.986480e-02	1.023792e-02	-4.793050e-02
5.850000e+00	-1.119210e-02	1.073667e-02	-1.039571e-02	1.489831e-02	-3.837700e-02
5.900000e+00	-2.167138e-03	1.353885e-02	8.744129e-04	2.598258e-02	-3.793798e-02
5.950000e+00	6.916663e-03	1.682940e-02	9.795607e-03	3.646147e-02	-3.470581e-02
6.000000e+00	1.531298e-02	1.888132e-02	1.743615e-02	4.683826e-02	-2.957936e-02
6.050000e+00	2.258087e-02	1.903227e-02	2.227039e-02	5.904541e-02	-2.096823e-02
6.100000e+00	2.841283e-02	1.776616e-02	2.807518e-02	6.459264e-02	-1.215171e-02
6.150000e+00	3.281595e-02	1.617613e-02	3.336441e-02	6.451795e-02	-9.984931e-03
6.200000e+00	3.584680e-02	1.524811e-02	3.824979e-02	6.552881e-02	-6.447236e-03
6.250000e+00	3.747860e-02	1.503827e-02	4.026011e-02	6.923780e-02	-8.030265e-04
6.300000e+00	3.755027e-02	1.486856e-02	3.861617e-02	7.410914e-02	2.774706e-03
6.350000e+00	3.581946e-02	1.427554e-02	3.579926e-02	7.328614e-02	3.242266e-03
6.400000e+00	3.209317e-02	1.348892e-02	3.102163e-02	6.651407e-02	6.435915e-03
6.450000e+00	2.637371e-02	1.329490e-02	2.588522e-02	6.013211e-02	-3.493287e-04
6.500000e+00	1.895049e-02	1.433681e-02	1.842708e-02	5.159362e-02	-9.291866e-03
6.550000e+00	1.026013e-02	1.631059e-02	1.084569e-02	4.363161e-02	-2.136214e-02
6.600000e+00	1.205014e-03	1.829438e-02	3.955183e-03	3.892961e-02	-3.364379e-02
6.650000e+00	-7.474806e-03	1.938871e-02	-3.046369e-03	3.292242e-02	-4.485278e-02
6.700000e+00	-1.521700e-02	1.909698e-02	-1.103632e-02	2.837091e-02	-5.434739e-02
6.750000e+00	-2.172295e-02	1.743599e-02	-1.972637e-02	1.996686e-02	-6.046456e-02
6.800000e+00	-2.693502e-02	1.494396e-02	-2.685580e-02	1.025424e-02	-6.213279e-02
6.850000e+00	-3.092179e-02	1.257395e-02	-3.209732e-02	-1.149254e-03	-5.960237e-02
6.900000e+00	-3.372863e-02	1.130701e-02	-3.458351e-02	-7.625724e-03	-6.256084e-02
6.950000e+00	-3.526652e-02	1.135722e-02	-3.509105e-02	-9.592773e-03	-6.651185e-02
7.000000e+00	-3.529467e-02	1.199951e-02	-3.493594e-02	-6.506465e-03	-6.566408e-02
7.050000e+00	-3.343757e-02	1.246864e-02	-3.375573e-02	-1.141550e-04	-6.065946e-02
7.100000e+00	-2.954797e-02	1.254940e-02	-3.028006e-02	6.039730e-03	-5.642095e-02
7.150000e+00	-2.369086e-02	1.254093e-02	-2.502940e-02	1.101403e-02	-5.249479e-02
7.200000e+00	-1.627050e-02	1.301837e-02	-1.787592e-02	1.668877e-02	-4.576163e-02
7.250000e+00	-7.989311e-03	1.423827e-02	-1.006560e-02	2.457921e-02	-3.520048e-02
7.300000e+00	3.101158e-04	1.574019e-02	-2.238810e-03	4.247422e-02	-3.148469e-02
7.350000e+00	7.862903e-03	1.672075e-02	7.029179e-03	5.401854e-02	-2.864455e-02
7.400000e+00	1.417462e-02	1.661310e-02	1.478886e-02	5.910873e-02	-2.358772e-02
7.450000e+00	1.911087e-02	1.538807e-02	2.119373e-02	5.586160e-02	-1.615815e-02
7.500000e+00	2.284676e-02	1.359901e-02	2.441895e-02	5.891979e-02	-1.216431e-02
7.550000e+00	2.564134e-02	1.213901e-02	2.659793e-02	6.051148e-02	-1.225680e-02
7.600000e+00	2.777724e-02	1.174739e-02	2.789804e-02	5.703017e-02	-1.181839e-02
7.650000e+00	2.925639e-02	1.228359e-02	2.977607e-02	5.897144e-02	-1.071323e-02
7.700000e+00	2.979672e-02	1.313060e-02	2.966004e-02	6.015241e-02	-8.829863e-03
7.750000e+00	2.893587e-02	1.385588e-02	2.796703e-02	6.210254e-02	-6.092362e-03
7.800000e+00	2.624222e-02	1.427519e-02	2.465213e-02	6.456879e-02	-6.900495e-03
7.850000e+00	2.154682e-02	1.427689e-02	1.941525e-02	6.123278e-02	-8.183433e-03
7.900000e+00	1.509674e-02	1.378300e-02	1.352541e-02	5.134248e-02	-1.846606e-02
7.950000e+00	7.559123e-03	1.286326e-02	6.085418e-03	4.007634e-02	-2.638428e-02
8.000000e+00	-1.358144e-04	1.187472e-02	-1.449741e-03	3.368012e-02	-3.169498e-02
8.050000e+00	-7.086997e-03	1.141237e-02	-7.410669e-03	3.062197e-02	-3.534053e-02
8.100000e+00	-1.257125e-02	1.194313e-02	-1.386676e-02	2.708552e-02	-3.892515e-02
8.150000e+00	-1.638496e-02	1.317333e-02	-1.836329e-02	2.547155e-02	-5.122928e-02
8.200000e+00	-1.877478e-02	1.437570e-02	-2.060995e-02	2.501658e-02	-5.737333e-02
8.250000e+00	-2.026709e-02	1.506586e-02	-2.062095e-02	2.278527e-02	-5.675582e-02
8.300000e+00	-2.139659e-02	1.533352e-02	-2.037892e-02	1.908616e-02	-5.873470e-02
8.350000e+00	-2.244455e-02	1.570836e-02	-2.184472e-02	1.436324e-02	-6.364361e-02
8.400000e+00	-2.329393e-02	1.651066e-02	-2.162894e-02	9.281334e-03	-6.458371e-02
8.450000e+00	-2.346209e-02	1.728217e-02	-2.077987e-02	8.808376e-03	-7.119121e-02
8.500000e+00	-2.229997e-02	1.713144e-02	-2.006371e-02	1.013848e-02	-7.833138e-02
8.550000e+00	-1.924008e-02	1.551475e-02	-1.848286e-02	1.506352e-02	-7.376140e-02
8.600000e+00	-1.416835e-02	1.299255e-02	-1.321892e-02	1.706928e-02	-5.723531e-02
8.650000e+00	-7.468382e-03	1.139298e-02	-6.661142e-03	1.777152e-02	-3.686319e-02
8.700000e+00	1.226775e-05	1.238472e-02	7.233393e-04	3.292132e-02	-3.428976e-02
8.750000e+00	7.186933e-03	1.480451e-02	6.950998e-03	4.804531e-02	-2.848434e-02
8.800000e+00	1.304083e-02	1.665585e-02	1.163112e-02	6.236852e-02	-2.046742e-02
8.850000e+00	1.691427e-02	1.715415e-02	1.595063e-02	6.783667e-02	-1.925179e-02
8.900000e+00	1.865741e-02	1.654641e-02	1.962219e-02	6.333750e-02	-2.441364e-02
8.950000e+00	1.860764e-02	1.549802e-02	2.005275e-02	5.472296e-02	-2.931864e-02
9.000000e+00	1.740886e-02	1.444779e-02	1.863832e-02	4.594069e-02	-3.256384e-02
9.050000e+00	1.576901e-02	1.336847e-02	1.711324e-02	4.727520e-02	-3.275743e-02
9.100000e+00	1.415802e-02	1.209743e-02	1.494795e-02	4.526796e-02	-2.932729e-02
9.150000e+00	1.273467e-02	1.081578e-02	1.313795e-02	4.011328e-02	-2.242591e-02
9.200000e+00	1.134233e-02	1.002856e-02	1.093897e-02	3.323840e-02	-2.075729e-02
9.250000e+00	9.653987e-03	1.013539e-02	8.852603e-03	3.479367e-02	-2.199870e-02
9.300000e+00	7.373842e-03	1.108954e-02	6.815137e-03	3.932255e-02	-2.071514e-02
9.350000e+00	4.407262e-03	1.252049e-02	4.216641e-03	4.150230e-02	-2.484052e-02
9.400000e+00	9.307774e-04	1.393077e-02	-1.613514e-04	4.231200e-02	-3.564137e-02
9.450000e+00	-2.660109e-03	1.482727e-02	-4.641404e-03	3.936507e-02	-4.103222e-02
9.500000e+00	-5.895273e-03	1.497001e-02	-9.136422e-03	3.453257e-02	-3.851211e-02
9.550000e+00	-8.419837e-03	1.461421e-02	-1.294718e-02	2.876737e-02	-3.082398e-02
9.600000e+00	-1.004691e-02	1.434902e-02	-1.241036e-02	2.549989e-02	-4.025395e-02
9.650000e+00	-1.086780e-02	1.446493e-02	-1.075646e-02	2.529724e-02	-4.614486e-02
9.700000e+00	-1.114836e-02	1.447703e-02	-1.173798e-02	2.332587e-02	-4.822866e-02
9.750000e+00	-1.118550e-02	1.367331e-02	-1.108834e-02	2.315222e-02	-4.779424e-02
9.800000e+00	-1.116184e-02	1.197587e-02	-1.141825e-02	2.325119e-02	-4.190845e-02
9.850000e+00	-1.106144e-02	1.034607e-02	-1.132780e-02	2.344002e-02	-3.678865e-02
9.900000e+00	-1.068156e-02	1.016529e-02	-1.132553e-02	2.060592e-02	-3.789081e-02
9.950000e+00	-9.733252e-03	1.127911e-02	-9.738618e-03	1.840156e-02	-4.231184e-02
1.000000e+01	-7.986440e-03	1.223819e-02	-6.966462e-03	1.828022e-02	-4.962447e-02
1.005000e+01	-5.384125e-03	1.231366e-02	-4.124358e-03	2.105044e-02	-4.535157e-02
1.010000e+01	-2.139149e-03	1.193826e-02	-1.194196e-03	2.529272e-02	-3.873511e-02
1.015000e+01	1.341424e-03	1.204932e-02	2.088792e-03	2.595410e-02	-3.359105e-02
1.020000e+01	4.563179e-03	1.286063e-02	5.473404e-03	2.920900e-02	-2.810654e-02
1.025000e+01	7.096581e-03	1.359996e-02	6.896856e-03	3.819730e-02	-2.516430e-02
1.030000e+01	8.702969e-03	1.352401e-02	8.072412e-03	4.481878e-02	-2.222481e-02
1.035000e+01	9.387411e-03	1.253359e-02	8.118329e-03	4.652731e-02	-1.832042e-02
1.040000e+01	9.362288e-03	1.109149e-02	8.733206e-03	4.100071e-02	-1.627592e-02
1.045000e+01	8.941036e-03	9.821754e-03	9.113553e-03	3.304836e-02	-1.471193e-02
1.050000e+01	8.407382e-03	9.064659e-03	8.663177e-03	3.482293e-02	-1.351558e-02
1.055000e+01	7.911812e-03	8.768327e-03	7.966910e-03	3.458272e-02	-1.692610e-02
1.060000e+01	7.432658e-03	8.764915e-03	7.356261e-03	3.223938e-02	-1.859079e-02
1.065000e+01	6.811230e-03	8.933762e-03	6.412214e-03	3.562804e-02	-1.771150e-02
1.070000e+01	5.840909e-03	9.190206e-03	5.301224e-03	3.855584e-02	-1.970659e-02
1.075000e+01	4.370984e-03	9.570412e-03	3.591259e-03	3.903453e-02	-2.037631e-02
1.080000e+01	2.383818e-03	1.025850e-02	1.351007e-03	3.649969e-02	-2.033901e-02
1.085000e+01	1.813755e-05	1.130286e-02	-1.694168e-03	3.207437e-02	-2.284233e-02
1.090000e+01	-2.465547e-03	1.235658e-02	-3.999259e-03	2.827875e-02	-2.825743e-02
1.095000e+01	-4.759113e-03	1.287277e-02	-5.660789e-03	2.998673e-02	-3.446928e-02
1.100000e+01	-6.589900e-03	1.250098e-02	-6.259420e-03	2.954527e-02	-3.689018e-02
1.105000e+01	-7.802943e-03	1.135055e-02	-7.139931e-03	2.703591e-02	-3.496475e-02
1.110000e+01	-8.314488e-03	9.969907e-03	-8.780045e-03	2.261076e-02	-3.233862e-02
1.115000e+01	-8.179720e-03	9.099785e-03	-8.580111e-03	1.680060e-02	-3.200846e-02
1.120000e+01	-7.526816e-03	9.003006e-03	-7.557616e-03	1.686416e-02	-2.946490e-02
1.125000e+01	-6.510630e-03	9.235004e-03	-6.718349e-03	1.809644e-02	-3.106787e-02
1.130000e+01	-5.277107e-03	9.301855e-03	-5.206987e-03	1.748076e-02	-3.089293e-02
1.135000e+01	-3.946320e-03	9.117212e-03	-3.576168e-03	1.693801e-02	-3.326849e-02
1.140000e+01	-2.611392e-03	8.898359e-03	-2.147564e-03	1.693992e-02	-3.541250e-02
1.145000e+01	-1.344021e-03	8.858629e-03	-1.072141e-03	1.654074e-02	-3.522392e-02
1.150000e+01	-1.972975e-04	8.999704e-03	1.549830e-04	2.172314e-02	-3.202326e-02
1.155000e+01	7.980107e-04	9.163416e-03	9.186261e-04	2.419379e-02	-2.630618e-02
1.160000e+01	1.640374e-03	9.195060e-03	1.640026e-03	2.509020e-02	-2.353632e-02
1.165000e+01	2.359773e-03	9.023832e-03	2.569691e-03	2.313542e-02	-2.099806e-02
1.170000e+01	3.008311e-03	8.666300e-03	3.337306e-03	2.257893e-02	-2.297224e-02
1.175000e+01	3.637980e-03	8.214562e-03	4.037491e-03	2.394541e-02	-2.235183e-02
1.180000e+01	4.272135e-03	7.810346e-03	4.190257e-03	2.238140e-02	-1.905574e-02
1.185000e+01	4.882666e-03	7.577617e-03	5.089890e-03	2.109974e-02	-1.520758e-02
1.190000e+01	5.384782e-03	7.537466e-03	5.954486e-03	2.348341e-02	-1.626883e-02
1.195000e+01	5.655136e-03	7.591076e-03	6.171172e-03	2.521073e-02	-1.623402e-02
1.200000e+01	5.569315e-03	7.594734e-03	5.481410e-03	2.704827e-02	-1.508007e-02
1.205000e+01	5.054609e-03	7.465549e-03	4.523748e-03	2.817745e-02	-1.389400e-02
1.210000e+01	4.092208e-03	7.182533e-03	3.555330e-03	2.779615e-02	-1.243239e-02
1.215000e+01	2.759605e-03	6.849305e-03	2.306150e-03	2.578323e-02	-1.460985e-02
1.220000e+01	1.203352e-03	6.658864e-03	1.714320e-04	2.210722e-02	-1.627507e-02
1.225000e+01	-3.989339e-04	6.798883e-03	-1.722140e-03	2.051008e-02	-1.610286e-02
1.230000e+01	-1.883030e-03	7.298796e-03	-2.956831e-03	2.449062e-02	-1.804731e-02
1.235000e+01	-3.132004e-03	7.978899e-03	-4.094726e-03	2.608079e-02	-2.019460e-02
1.240000e+01	-4.087822e-03	8.560414e-03	-5.229182e-03	2.473629e-02	-2.143415e-02
1.245000e+01	-4.739213e-03	8.799231e-03	-5.847066e-03	2.318494e-02	-2.250933e-02
1.250000e+01	-5.095084e-03	8.578405e-03	-6.061726e-03	2.303125e-02	-2.281999e-02
1.255000e+01	-5.158925e-03	7.977195e-03	-5.864928e-03	2.024752e-02	-2.284421e-02
1.260000e+01	-4.918493e-03	7.298186e-03	-4.782503e-03	1.581077e-02	-2.277676e-02
1.265000e+01	-4.356927e-03	6.942173e-03	-4.143142e-03	1.397444e-02	-2.376221e-02
1.270000e+01	-3.480092e-03	7.053369e-03	-2.721882e-03	1.160342e-02	-2.548993e-02
1.275000e+01	-2.345628e-03	7.342345e-03	-1.094699e-03	1.204181e-02	-2.382649e-02
1.280000e+01	-1.076403e-03	7.427737e-03	1.473931e-04	1.558435e-02	-2.158990e-02
1.285000e+01	1.534263e-04	7.191604e-03	5.656066e-04	1.832904e-02	-1.881659e-02
1.290000e+01	1.159759e-03	6.835692e-03	1.403585e-03	2.274213e-02	-1.758020e-02
1.295000e+01	1.804315e-03	6.672932e-03	1.689456e-03	2.432276e-02	-1.475764e-02
1.300000e+01	2.043373e-03	6.773626e-03	1.487238e-03	2.331613e-02	-1.309772e-02
1.305000e+01	1.958290e-03	6.902415e-03	1.553054e-03	2.798277e-02	-1.468686e-02
1.310000e+01	1.705174e-03	6.780771e-03	1.386045e-03	2.743523e-02	-1.717523e-02
1.315000e+01	1.487046e-03	6.393539e-03	1.102556e-03	2.322972e-02	-1.877741e-02
1.320000e+01	1.476355e-03	5.977571e-03	9.475768e-04	1.712240e-02	-1.962874e-02
1.325000e+01	1.751216e-03	5.803687e-03	1.489194e-03	1.691275e-02	-1.799959e-02
1.330000e+01	2.263117e-03	5.886584e-03	2.256773e-03	1.877779e-02	-1.406865e-02
1.335000e+01	2.849267e-03	5.995676e-03	2.744957e-03	1.915939e-02	-1.402142e-02
1.340000e+01	3.286397e-03	5.945573e-03	3.386643e-03	1.869439e-02	-1.208174e-02
1.345000e+01	3.367151e-03	5.767112e-03	3.362833e-03	1.893679e-02	-1.151388e-02
1.350000e+01	2.971605e-03	5.654169e-03	2.744942e-03	2.142115e-02	-1.121253e-02
1.355000e+01	2.108413e-03	5.759102e-03	1.485463e-03	2.113640e-02	-1.118247e-02
1.360000e+01	9.117427e-04	6.026930e-03	-4.134404e-05	1.823754e-02	-1.206833e-02
1.365000e+01	-4.030235e-04	6.275488e-03	-1.090866e-03	1.835819e-02	-1.258780e-02
1.370000e+01	-1.606819e-03	6.383914e-03	-2.126958e-03	1.802025e-02	-1.634300e-02
1.375000e+01	-2.522222e-03	6.364542e-03	-3.209949e-03	1.624563e-02	-1.782873e-02
1.380000e+01	-3.063975e-03	6.297437e-03	-3.870457e-03	1.329442e-02	-1.726283e-02
1.385000e+01	-3.243475e-03	6.212365e-03	-3.986448e-03	1.246819e-02	-1.733907e-02
1.390000e+01	-3.140796e-03	6.042246e-03	-3.854700e-03	1.134907e-02	-1.612847e-02
1.395000e+01	-2.859791e-03	5.703281e-03	-3.367965e-03	1.123466e-02	-1.699414e-02
1.400000e+01	-2.486306e-03	5.215244e-03	-2.209626e-03	1.025761e-02	-1.723075e-02
1.405000e+01	-2.072091e-03	4.764366e-03	-1.845407e-03	8.791032e-03	-1.568589e-02
1.410000e+01	-1.616985e-03	4.545784e-03	-1.692371e-03	7.956359e-03	-1.459048e-02
1.415000e+01	-1.105262e-03	4.592361e-03	-9.502442e-04	8.311435e-03	-1.417621e-02
1.420000e+01	-5.307576e-04	4.714337e-03	-2.095999e-04	1.098277e-02	-1.371524e-02
1.425000e+01	8.166395e-05	4.725962e-03	4.234497e-04	1.261765e-02	-1.555797e-02
1.430000e+01	6.732128e-04	4.607210e-03	9.426235e-04	1.296098e-02	-1.592916e-02
1.435000e+01	1.167971e-03	4.476712e-03	1.341590e-03	1.220593e-02	-1.429219e-02
1.440000e+01	1.501121e-03	4.449559e-03	1.380334e-03	1.288468e-02	-1.382460e-02
1.445000e+01	1.645154e-03	4.514075e-03	1.406666e-03	1.437769e-02	-1.347277e-02
1.450000e+01	1.621805e-03	4.563170e-03	1.762971e-03	1.496972e-02	-1.238751e-02
1.455000e+01	1.494073e-03	4.513991e-03	1.777938e-03	1.568917e-02	-1.256692e-02
1.460000e+01	1.341635e-03	4.369504e-03	1.546561e-03	1.432884e-02	-1.214723e-02
1.465000e+01	1.230084e-03	4.201991e-03	1.441941e-03	1.179726e-02	-1.099729e-02
1.470000e+01	1.186730e-03	4.097739e-03	1.357018e-03	1.122849e-02	-9.376886e-03
1.475000e+01	1.192481e-03	4.096742e-03	1.398298e-03	1.210658e-02	-1.039109e-02
1.480000e+01	1.192288e-03	4.169276e-03	1.295097e-03	1.281773e-02	-1.102233e-02
1.485000e+01	1.118962e-03	4.254445e-03	1.273885e-03	1.279883e-02	-1.222834e-02
1.490000e+01	9.202621e-04	4.322359e-03	9.024713e-04	1.220063e-02	-1.204837e-02
1.495000e+01	5.787219e-04	4.396185e-03	4.034095e-04	1.213412e-02	-1.083784e-02
1.500000e+01	1.175781e-04	4.507122e-03	-3.585688e-04	1.155855e-02	-1.120837e-02
1.505000e+01	-4.138168e-04	4.637456e-03	-6.616901e-04	1.178956e-02	-1.287604e-02
1.510000e+01	-9.386221e-04	4.693067e-03	-7.739768e-04	1.113550e-02	-1.354193e-02
1.515000e+01	-1.388556e-03	4.597124e-03	-8.935542e-04	9.544846e-03	-1.361768e-02
1.520000e+01	-1.714149e-03	4.369727e-03	-1.234855e-03	9.518304e-03	-1.184260e-02
1.525000e+01	-1.889533e-03	4.141652e-03	-1.912055e-03	8.783769e-03	-1.225627e-02
1.530000e+01	-1.908524e-03	4.055018e-03	-2.005087e-03	8.787467e-03	-1.162379e-02
1.535000e+01	-1.776894e-03	4.114186e-03	-1.369086e-03	9.599704e-03	-1.146028e-02
1.540000e+01	-1.506673e-03	4.183895e-03	-1.136386e-03	9.345156e-03	-1.324124e-02
1.545000e+01	-1.115953e-03	4.139449e-03	-1.051812e-03	8.064847e-03	-1.437459e-02
1.550000e+01	-6.335977e-04	3.965470e-03	-4.807436e-04	8.239035e-03	-1.428651e-02
1.555000e+01	-1.045214e-04	3.738027e-03	1.180711e-04	1.046889e-02	-1.335782e-02
1.560000e+01	4.100025e-04	3.542582e-03	5.979969e-04	1.091725e-02	-1.141329e-02
1.565000e+01	8.406030e-04	3.408963e-03	8.106624e-04	1.058554e-02	-8.597484e-03
1.570000e+01	1.125926e-03	3.328550e-03	9.550024e-04	9.940072e-03	-8.574533e-03
1.575000e+01	1.231332e-03	3.311760e-03	1.331746e-03	1.076702e-02	-8.536987e-03
1.580000e+01	1.162406e-03	3.386229e-03	1.461452e-03	1.029117e-02	-8.419030e-03
1.585000e+01	9.665053e-04	3.534534e-03	1.120175e-03	9.716054e-03	-9.684995e-03
1.590000e+01	7.198588e-04	3.672963e-03	9.765586e-04	1.017098e-02	-1.010466e-02
1.595000e+01	5.036322e-04	3.708914e-03	7.389265e-04	9.774495e-03	-1.065560e-02
1.600000e+01	3.772385e-04	3.607382e-03	1.979437e-04	9.930195e-03	-9.531613e-03
1.605000e+01	3.631615e-04	3.422982e-03	3.722678e-04	9.727780e-03	-8.781926e-03
1.610000e+01	4.252603e-04	3.250712e-03	5.021387e-04	8.847808e-03	-8.341462e-03
1.615000e+01	5.019345e-04	3.168772e-03	6.764218e-04	8.679387e-03	-9.470166e-03
1.620000e+01	5.230676e-04	3.166575e-03	7.808364e-04	9.636475e-03	-9.559504e-03
1.625000e+01	4.359463e-04	3.171021e-03	5.067142e-04	1.060136e-02	-9.377625e-03
1.630000e+01	2.241197e-04	3.131134e-03	3.086163e-04	1.093929e-02	-8.547681e-03
1.635000e+01	-8.726201e-05	3.067727e-03	-1.954778e-05	9.680041e-03	-7.337888e-03
1.640000e+01	-4.407499e-04	3.054546e-03	-3.856363e-04	8.127011e-03	-8.432864e-03
1.645000e+01	-7.661406e-04	3.144486e-03	-5.522118e-04	7.472038e-03	-9.294207e-03
1.650000e+01	-1.002367e-03	3.307778e-03	-6.632171e-04	7.911618e-03	-9.685465e-03
1.655000e+01	-1.113667e-03	3.455762e-03	-1.002026e-03	8.395503e-03	-9.688394e-03
1.660000e+01	-1.095006e-03	3.512694e-03	-1.213972e-03	8.793412e-03	-9.362194e-03
1.665000e+01	-9.664994e-04	3.460491e-03	-1.331135e-03	9.138108e-03	-1.163953e-02
1.670000e+01	-7.610069e-04	3.339335e-03	-8.639267e-04	8.530968e-03	-1.237209e-02
1.675000e+01	-5.112690e-04	3.213264e-03	-3.310946e-04	9.723872e-03	-1.137671e-02
1.680000e+01	-2.421674e-04	3.119599e-03	-4.179490e-05	9.790771e-03	-1.178973e-02
1.685000e+01	2.953722e-05	3.044215e-03	1.880580e-04	8.914240e-03	-1.214935e-02
1.690000e+01	2.896615e-04	2.952596e-03	4.153159e-04	7.702738e-03	-1.103709e-02
1.695000e+01	5.198387e-04	2.843999e-03	6.082559e-04	6.958665e-03	-8.888171e-03
1.700000e+01	6.946064e-04	2.769738e-03	5.782078e-04	7.541745e-03	-6.119927e-03
1.705000e+01	7.860448e-04	2.788880e-03	5.977017e-04	7.635673e-03	-5.782017e-03
1.710000e+01	7.694034e-04	2.890636e-03	7.408354e-04	7.931055e-03	-5.394409e-03
1.715000e+01	6.416036e-04	2.988659e-03	7.367910e-04	8.571392e-03	-6.076176e-03
1.720000e+01	4.266845e-04	2.994936e-03	4.527371e-04	9.268533e-03	-5.933322e-03
1.725000e+01	1.736519e-04	2.889782e-03	1.185646e-04	9.446252e-03	-6.598841e-03
1.730000e+01	-5.581067e-05	2.737513e-03	-2.390610e-05	8.401043e-03	-7.193841e-03
1.735000e+01	-2.059363e-04	2.643682e-03	-1.321996e-04	6.850876e-03	-7.580789e-03
1.740000e+01	-2.449394e-04	2.666332e-03	-1.715777e-04	6.745718e-03	-8.307773e-03
1.745000e+01	-1.755602e-04	2.763173e-03	-2.447919e-04	7.085378e-03	-8.091616e-03
1.750000e+01	-3.386684e-05	2.843531e-03	1.087252e-05	7.185576e-03	-7.501930e-03
1.755000e+01	1.233718e-04	2.845658e-03	1.525726e-04	7.302907e-03	-7.391878e-03
1.760000e+01	2.380556e-04	2.765857e-03	3.137352e-04	7.093833e-03	-7.483653e-03
1.765000e+01	2.697271e-04	2.652294e-03	4.098699e-04	6.918342e-03	-7.273044e-03
1.770000e+01	2.074270e-04	2.580568e-03	3.891139e-05	7.352623e-03	-6.318324e-03
1.775000e+01	7.068805e-05	2.607624e-03	-1.643815e-04	7.093867e-03	-7.249511e-03
1.780000e+01	-9.983344e-05	2.724042e-03	-2.296700e-05	6.649650e-03	-8.135920e-03
1.785000e+01	-2.578302e-04	2.858744e-03	2.133215e-05	6.464361e-03	-8.120764e-03
1.790000e+01	-3.668010e-04	2.932953e-03	-1.110877e-04	6.902479e-03	-7.628365e-03
1.795000e+01	-4.099949e-04	2.906313e-03	-4.479432e-04	7.538037e-03	-7.889533e-03
1.800000e+01	-3.919871e-04	2.790550e-03	-5.575224e-04	8.595364e-03	-7.888141e-03
1.805000e+01	-3.325409e-04	2.638841e-03	-4.491428e-04	9.400086e-03	-7.338138e-03
1.810000e+01	-2.563666e-04	2.498699e-03	-1.605245e-04	9.280534e-03	-6.216804e-03
1.815000e+01	-1.825438e-04	2.394087e-03	-1.957193e-05	8.401631e-03	-6.424889e-03
1.820000e+01	-1.182911e-04	2.319618e-03	-7.406650e-05	7.236631e-03	-6.808667e-03
1.825000e+01	-5.973355e-05	2.265117e-03	2.701460e-05	5.998325e-03	-6.844222e-03
1.830000e+01	2.038812e-06	2.235064e-03	6.611568e-05	5.650286e-03	-7.546632e-03
1.835000e+01	7.315136e-05	2.243885e-03	7.767069e-05	6.128048e-03	-7.863212e-03
1.840000e+01	1.513160e-04	2.297129e-03	-5.504632e-05	7.495974e-03	-7.504571e-03
1.845000e+01	2.249748e-04	2.379810e-03	9.051422e-05	7.956041e-03	-6.591032e-03
1.850000e+01	2.774067e-04	2.461151e-03	3.021961e-04	7.563555e-03	-7.004468e-03
1.855000e+01	2.937111e-04	2.507963e-03	3.672931e-04	6.401737e-03	-7.068044e-03
1.860000e+01	2.674198e-04	2.497433e-03	4.536025e-04	5.994532e-03	-6.517668e-03
1.865000e+01	2.038438e-04	2.426301e-03	3.794614e-04	6.609255e-03	-6.959064e-03
1.870000e+01	1.188440e-04	2.315007e-03	1.857912e-04	7.140539e-03	-7.278137e-03
1.875000e+01	3.372332e-05	2.203535e-03	2.512504e-05	6.808144e-03	-6.840760e-03
1.880000e+01	-3.155419e-05	2.135155e-03	-1.072057e-04	5.731895e-03	-6.577033e-03
1.885000e+01	-6.418114e-05	2.131324e-03	-1.095584e-04	6.287717e-03	-7.110000e-03
1.890000e+01	-6.143579e-05	2.176819e-03	3.087265e-05	6.351377e-03	-6.967834e-03
1.895000e+01	-3.018066e-05	2.232033e-03	-8.550763e-05	6.744744e-03	-6.290514e-03
1.900000e+01	1.625369e-05	2.260593e-03	-4.165533e-05	6.448810e-03	-5.698996e-03
1.905000e+01	6.361758e-05	2.255920e-03	4.997479e-05	5.818694e-03	-5.268818e-03
1.910000e+01	9.460796e-05	2.231303e-03	1.509148e-04	6.205448e-03	-5.787424e-03
1.915000e+01	9.878545e-05	2.221589e-03	2.712168e-04	6.724470e-03	-5.769438e-03
1.920000e+01	7.210796e-05	2.251461e-03	3.310392e-04	7.189659e-03	-5.975108e-03
1.925000e+01	1.694949e-05	2.311454e-03	1.428690e-04	7.277277e-03	-6.927469e-03
1.930000e+01	-5.856182e-05	2.365017e-03	2.698295e-05	6.721169e-03	-7.295865e-03
1.935000e+01	-1.415478e-04	2.379102e-03	-8.630879e-05	7.327035e-03	-6.882569e-03
1.940000e+01	-2.159155e-04	2.346577e-03	-2.439244e-04	7.973768e-03	-5.650978e-03
1.945000e+01	-2.648756e-04	2.284238e-03	-3.129485e-04	7.776333e-03	-5.634729e-03
1.950000e+01	-2.746190e-04	2.212267e-03	-2.273100e-04	6.810656e-03	-6.300478e-03
1.955000e+01	-2.385749e-04	2.136235e-03	-1.655964e-04	5.585280e-03	-6.797242e-03
1.960000e+01	-1.608576e-04	2.052655e-03	-6.662874e-05	5.646420e-03	-6.559697e-03
1.965000e+01	-5.717554e-05	1.972612e-03	1.333749e-05	5.380883e-03	-5.645087e-03
1.970000e+01	4.801652e-05	1.931292e-03	4.655446e-05	4.842917e-03	-5.230279e-03
1.975000e+01	1.280299e-04	1.958290e-03	6.255855e-05	5.184481e-03	-5.044419e-03
1.980000e+01	1.623937e-04	2.035090e-03	8.834386e-05	6.321008e-03	-4.939044e-03
1.985000e+01	1.443166e-04	2.101834e-03	5.616001e-05	7.311182e-03	-5.906555e-03
1.990000e+01	8.410757e-05	2.108585e-03	1.951647e-05	7.025666e-03	-6.138827e-03
1.995000e+01	6.697808e-06	2.054144e-03	1.125327e-04	5.597520e-03	-5.924825e-03
2.000000e+01	-5.643495e-05	1.986122e-03	9.158032e-05	4.410345e-03	-5.476805e-03
