# k	<chi>	std	chi_median	chi_max	chi_min
0.000000e+00	5.421257e-02	2.745760e-01	0.000000e+00	7.565028e-01	-3.507908e-01
5.000000e-02	1.121281e-01	3.785664e-01	5.062725e-02	7.379421e-01	-3.491910e-01
1.000000e-01	1.025177e-01	3.680931e-01	3.903270e-02	7.189065e-01	-3.478296e-01
1.500000e-01	7.320624e-02	3.359452e-01	3.950300e-03	6.594482e-01	-3.430772e-01
2.000000e-01	4.265781e-02	3.031514e-01	-3.180442e-02	5.964453e-01	-3.382326e-01
2.500000e-01	-9.110565e-03	2.471707e-01	-9.101539e-02	4.856028e-01	-3.573850e-01
3.000000e-01	-6.261778e-02	1.913391e-01	-1.491257e-01	3.689300e-01	-3.786783e-01
3.500000e-01	-1.365019e-01	1.180566e-01	-1.921484e-01	2.011229e-01	-4.049331e-01
4.000000e-01	-2.121281e-01	6.908492e-02	-2.130421e-01	2.478912e-02	-4.850198e-01
4.500000e-01	-3.035075e-01	1.103437e-01	-2.615928e-01	-1.532840e-01	-6.671766e-01
5.000000e-01	-3.907870e-01	1.948659e-01	-4.180445e-01	-1.487487e-01	-8.378537e-01
5.500000e-01	-4.835448e-01	2.927943e-01	-5.675273e-01	-1.329657e-01	-1.008757e+00
6.000000e-01	-5.616636e-01	3.781090e-01	-6.540265e-01	-1.220827e-01	-1.141257e+00
6.500000e-01	-6.282731e-01	4.540630e-01	-7.243247e-01	-1.122887e-01	-1.238729e+00
7.000000e-01	-6.674884e-01	5.047911e-01	-7.621499e-01	-8.841606e-02	-1.296670e+00
7.500000e-01	-6.771524e-01	5.293086e-01	-7.582300e-01	-6.654551e-02	-1.307971e+00
8.000000e-01	-6.516871e-01	5.221081e-01	-7.150496e-01	-4.822803e-02	-1.311318e+00
8.500000e-01	-5.884555e-01	4.806080e-01	-6.336820e-01	-3.376668e-02	-1.226743e+00
9.000000e-01	-4.961016e-01	4.117683e-01	-5.239452e-01	-2.373125e-02	-1.065337e+00
9.500000e-01	-3.769887e-01	3.155353e-01	-3.803663e-01	-1.145962e-02	-8.297610e-01
1.000000e+00	-2.516478e-01	2.089384e-01	-2.376592e-01	9.367662e-04	-5.612493e-01
1.050000e+00	-1.280713e-01	9.711327e-02	-8.698870e-02	9.167081e-03	-3.091166e-01
1.100000e+00	-2.882867e-02	3.533443e-02	-3.416972e-02	1.184030e-01	-1.066189e-01
1.150000e+00	3.807141e-02	1.043338e-01	3.251420e-02	2.627085e-01	-1.102283e-01
1.200000e+00	6.164958e-02	1.604616e-01	6.760619e-02	3.210518e-01	-1.435398e-01
1.250000e+00	4.255521e-02	1.888877e-01	4.239865e-02	3.377527e-01	-1.918267e-01
1.300000e+00	-1.101020e-02	1.883978e-01	-1.553804e-02	2.871050e-01	-2.410820e-01
1.350000e+00	-8.666144e-02	1.648671e-01	-9.555345e-02	1.736132e-01	-2.886633e-01
1.400000e+00	-1.630191e-01	1.284891e-01	-1.768854e-01	3.229719e-02	-3.312854e-01
1.450000e+00	-2.235675e-01	8.860732e-02	-2.336357e-01	-9.827937e-02	-3.564283e-01
1.500000e+00	-2.509056e-01	5.707726e-02	-2.541907e-01	-1.612678e-01	-3.494939e-01
1.550000e+00	-2.378541e-01	3.991265e-02	-2.422197e-01	-1.645402e-01	-3.140462e-01
1.600000e+00	-1.856870e-01	3.933653e-02	-1.922017e-01	-1.063038e-01	-2.626599e-01
1.650000e+00	-1.029198e-01	5.164483e-02	-1.138259e-01	-5.217370e-03	-2.002368e-01
1.700000e+00	-8.101400e-03	7.056783e-02	-1.833810e-02	1.088527e-01	-1.260803e-01
1.750000e+00	8.328402e-02	9.003401e-02	8.093417e-02	2.192007e-01	-5.012085e-02
1.800000e+00	1.520049e-01	1.004710e-01	1.606400e-01	2.911753e-01	1.307606e-02
1.850000e+00	1.914839e-01	9.846128e-02	2.042038e-01	3.170622e-01	6.214960e-02
1.900000e+00	1.968840e-01	8.116917e-02	2.121755e-01	2.949529e-01	9.323963e-02
1.950000e+00	1.767121e-01	5.270783e-02	1.894589e-01	2.528584e-01	1.017874e-01
2.000000e+00	1.393254e-01	2.014273e-02	1.399789e-01	1.861662e-01	9.980900e-02
2.050000e+00	9.897286e-02	2.078357e-02	1.022165e-01	1.530010e-01	4.589685e-02
2.100000e+00	6.441495e-02	4.470468e-02	6.551380e-02	1.378626e-01	-1.079060e-02
2.150000e+00	4.162862e-02	5.662362e-02	4.406555e-02	1.192815e-01	-3.834883e-02
2.200000e+00	3.033831e-02	5.591245e-02	3.235205e-02	1.000375e-01	-4.281978e-02
2.250000e+00	2.622369e-02	5.013737e-02	2.732326e-02	8.923675e-02	-3.542105e-02
2.300000e+00	2.179637e-02	4.125557e-02	2.299779e-02	7.481330e-02	-2.928598e-02
2.350000e+00	1.424779e-02	3.244650e-02	1.328613e-02	5.751670e-02	-2.703370e-02
2.400000e+00	3.600449e-03	2.566292e-02	2.131770e-03	3.847963e-02	-2.867018e-02
2.450000e+00	-4.857113e-03	1.988276e-02	-5.748542e-03	2.242785e-02	-3.098850e-02
2.500000e+00	-1.250443e-02	1.491670e-02	-1.233155e-02	7.898304e-03	-3.339373e-02
2.550000e+00	-1.811627e-02	1.076238e-02	-1.720438e-02	-2.568676e-03	-3.493304e-02
2.600000e+00	-2.078882e-02	7.265918e-03	-1.978679e-02	-9.094958e-03	-3.339803e-02
2.650000e+00	-2.233703e-02	4.849133e-03	-2.236597e-02	-1.281494e-02	-3.135974e-02
2.700000e+00	-2.181836e-02	3.242762e-03	-2.206788e-02	-1.318575e-02	-2.820554e-02
2.750000e+00	-1.945200e-02	2.633071e-03	-1.960463e-02	-1.182297e-02	-2.664486e-02
2.800000e+00	-1.573363e-02	2.705744e-03	-1.537989e-02	-8.723083e-03	-2.489834e-02
2.850000e+00	-1.253666e-02	2.766903e-03	-1.210145e-02	-4.965954e-03	-2.223068e-02
2.900000e+00	-8.881098e-03	2.575447e-03	-8.453082e-03	-1.139063e-03	-2.040051e-02
2.950000e+00	-5.143582e-03	2.219719e-03	-4.896831e-03	2.313349e-03	-1.814083e-02
3.000000e+00	-1.559570e-03	1.996905e-03	-1.573781e-03	5.390777e-03	-1.549356e-02
3.050000e+00	1.657458e-03	1.988023e-03	1.727241e-03	6.921853e-03	-1.417009e-02
3.100000e+00	4.542340e-03	2.216147e-03	4.532983e-03	9.838959e-03	-1.182140e-02
3.150000e+00	7.105723e-03	2.554949e-03	6.964775e-03	1.313393e-02	-8.384007e-03
3.200000e+00	9.382924e-03	2.868465e-03	9.240722e-03	1.560271e-02	-4.009665e-03
3.250000e+00	1.082645e-02	3.163627e-03	1.108779e-02	1.681147e-02	5.297394e-04
3.300000e+00	1.204344e-02	3.292941e-03	1.261179e-02	1.824752e-02	4.210194e-03
3.350000e+00	1.315553e-02	3.205871e-03	1.402603e-02	1.906311e-02	6.432735e-03
3.400000e+00	1.419460e-02	2.946759e-03	1.476793e-02	1.997124e-02	7.955724e-03
3.450000e+00	1.480647e-02	2.765170e-03	1.408680e-02	2.085326e-02	9.538605e-03
3.500000e+00	1.537097e-02	2.681647e-03	1.488993e-02	2.278108e-02	1.069016e-02
3.550000e+00	1.582213e-02	2.719894e-03	1.584101e-02	2.495647e-02	9.006213e-03
3.600000e+00	1.606354e-02	2.888633e-03	1.664340e-02	2.689096e-02	7.784799e-03
3.650000e+00	1.596107e-02	3.265612e-03	1.643649e-02	2.808537e-02	7.252906e-03
3.700000e+00	1.542555e-02	3.884835e-03	1.568878e-02	2.832861e-02	5.324517e-03
3.750000e+00	1.423606e-02	4.684018e-03	1.468141e-02	2.789549e-02	1.511406e-03
3.800000e+00	1.212959e-02	5.420444e-03	1.272542e-02	2.802361e-02	-2.523265e-03
3.850000e+00	8.945786e-03	5.963494e-03	1.028862e-02	2.617442e-02	-6.250489e-03
3.900000e+00	4.300699e-03	6.002217e-03	5.396388e-03	2.138308e-02	-9.627717e-03
3.950000e+00	-1.788904e-03	5.458885e-03	-1.404628e-03	1.351337e-02	-1.407879e-02
4.000000e+00	-8.953350e-03	4.448981e-03	-9.201727e-03	3.324126e-03	-1.905263e-02
4.050000e+00	-1.664054e-02	3.399583e-03	-1.723298e-02	-6.085049e-03	-2.386532e-02
4.100000e+00	-2.388551e-02	2.759994e-03	-2.397491e-02	-1.607474e-02	-3.323512e-02
4.150000e+00	-2.947560e-02	3.154191e-03	-2.938715e-02	-2.173001e-02	-4.036879e-02
4.200000e+00	-3.233857e-02	4.276928e-03	-3.259991e-02	-2.336367e-02	-4.407651e-02
4.250000e+00	-3.226712e-02	5.421296e-03	-3.199971e-02	-2.174654e-02	-4.406722e-02
4.300000e+00	-2.890246e-02	6.524655e-03	-2.802658e-02	-1.761731e-02	-4.191345e-02
4.350000e+00	-2.282897e-02	7.482110e-03	-2.266687e-02	-1.130257e-02	-3.833350e-02
4.400000e+00	-1.517716e-02	8.213677e-03	-1.560318e-02	-1.546668e-03	-3.245744e-02
4.450000e+00	-7.596579e-03	8.723006e-03	-7.582685e-03	7.165155e-03	-2.585671e-02
4.500000e+00	-9.354450e-04	9.109527e-03	2.685100e-05	1.362746e-02	-1.948188e-02
4.550000e+00	4.061406e-03	9.459127e-03	6.099798e-03	2.028352e-02	-1.415511e-02
4.600000e+00	7.259829e-03	9.837930e-03	9.821951e-03	2.518941e-02	-1.087674e-02
4.650000e+00	9.090294e-03	1.028549e-02	1.084118e-02	2.838790e-02	-1.079236e-02
4.700000e+00	1.047133e-02	1.064651e-02	1.205170e-02	3.017124e-02	-1.076623e-02
4.750000e+00	1.221745e-02	1.062870e-02	1.415969e-02	3.082758e-02	-9.386714e-03
4.800000e+00	1.481436e-02	9.860932e-03	1.717367e-02	3.062842e-02	-5.551542e-03
4.850000e+00	1.824191e-02	8.146533e-03	1.982051e-02	3.264086e-02	8.227833e-04
4.900000e+00	2.193950e-02	5.530699e-03	2.275995e-02	3.364356e-02	9.089349e-03
4.950000e+00	2.501547e-02	4.669401e-03	2.426938e-02	3.904469e-02	1.517741e-02
5.000000e+00	2.657798e-02	9.017620e-03	2.364264e-02	4.679291e-02	9.840891e-03
5.050000e+00	2.607203e-02	1.516556e-02	2.120162e-02	5.268493e-02	2.571960e-03
5.100000e+00	2.350825e-02	2.110326e-02	1.783265e-02	5.625821e-02	-7.274677e-03
5.150000e+00	1.940724e-02	2.564921e-02	1.424646e-02	5.910718e-02	-1.833220e-02
5.200000e+00	1.462562e-02	2.802396e-02	1.049125e-02	5.817582e-02	-2.716562e-02
5.250000e+00	9.937587e-03	2.788961e-02	7.143168e-03	5.398082e-02	-3.439568e-02
5.300000e+00	5.947406e-03	2.559054e-02	2.754069e-03	4.739392e-02	-3.737373e-02
5.350000e+00	2.653414e-03	2.185931e-02	-1.687306e-03	3.970038e-02	-3.661665e-02
5.400000e+00	-4.670449e-04	1.762316e-02	-4.850755e-03	3.120776e-02	-3.311553e-02
5.450000e+00	-4.160769e-03	1.359135e-02	-6.136354e-03	2.288839e-02	-2.985390e-02
5.500000e+00	-9.102999e-03	1.032032e-02	-1.109290e-02	1.481751e-02	-2.920285e-02
5.550000e+00	-1.555096e-02	7.936691e-03	-1.610910e-02	4.490003e-03	-3.090585e-02
5.600000e+00	-2.309064e-02	6.809452e-03	-2.266051e-02	-7.472506e-03	-4.257111e-02
5.650000e+00	-3.050546e-02	7.868213e-03	-2.893520e-02	-1.589992e-02	-5.353454e-02
5.700000e+00	-3.645798e-02	1.114290e-02	-3.467868e-02	-1.282154e-02	-6.255095e-02
5.750000e+00	-3.955718e-02	1.559137e-02	-3.817158e-02	-7.755806e-03	-6.901013e-02
5.800000e+00	-3.888714e-02	2.013817e-02	-3.785758e-02	-7.671424e-04	-7.139462e-02
5.850000e+00	-3.420308e-02	2.369365e-02	-3.326761e-02	7.305642e-03	-6.960056e-02
5.900000e+00	-2.637894e-02	2.545591e-02	-2.555380e-02	1.503102e-02	-6.656094e-02
5.950000e+00	-1.678304e-02	2.501482e-02	-1.647381e-02	2.100088e-02	-5.850238e-02
6.000000e+00	-7.024906e-03	2.257945e-02	-5.586668e-03	2.466887e-02	-4.719476e-02
6.050000e+00	1.495230e-03	1.888803e-02	4.777177e-03	2.919534e-02	-3.461782e-02
6.100000e+00	7.884653e-03	1.518847e-02	1.072713e-02	3.452403e-02	-2.275122e-02
6.150000e+00	1.204485e-02	1.249893e-02	1.529136e-02	3.798681e-02	-1.436039e-02
6.200000e+00	1.450349e-02	1.120633e-02	1.642872e-02	4.012514e-02	-9.644588e-03
6.250000e+00	1.613402e-02	1.102791e-02	1.708868e-02	4.150498e-02	-6.745988e-03
6.300000e+00	1.779913e-02	1.124644e-02	1.796065e-02	4.186265e-02	-5.854415e-03
6.350000e+00	2.003986e-02	1.082722e-02	2.003920e-02	4.267939e-02	-3.712660e-03
6.400000e+00	2.290383e-02	8.985257e-03	2.292999e-02	4.285568e-02	2.340908e-03
6.450000e+00	2.594939e-02	7.273040e-03	2.631687e-02	4.597928e-02	6.626861e-03
6.500000e+00	2.840109e-02	1.141412e-02	2.541192e-02	5.700238e-02	9.212412e-03
6.550000e+00	2.938631e-02	2.011746e-02	2.127804e-02	6.996919e-02	1.122466e-04
6.600000e+00	2.809489e-02	2.913582e-02	2.146051e-02	8.238349e-02	-1.177978e-02
6.650000e+00	2.414787e-02	3.577081e-02	1.946357e-02	8.868370e-02	-2.384374e-02
6.700000e+00	1.760654e-02	3.823189e-02	1.495721e-02	8.620416e-02	-3.417095e-02
6.750000e+00	8.956742e-03	3.583429e-02	7.063031e-03	7.403480e-02	-4.295643e-02
6.800000e+00	-9.746274e-04	2.916530e-02	-4.873610e-03	5.345330e-02	-4.752384e-02
6.850000e+00	-1.113765e-02	2.001313e-02	-1.457873e-02	3.021767e-02	-4.813543e-02
6.900000e+00	-2.039092e-02	1.145079e-02	-2.202962e-02	9.811211e-03	-4.504478e-02
6.950000e+00	-2.764047e-02	8.869316e-03	-2.689139e-02	-3.777171e-03	-5.842980e-02
7.000000e+00	-3.198708e-02	1.197438e-02	-3.049554e-02	-6.070628e-03	-6.433493e-02
7.050000e+00	-3.284991e-02	1.428856e-02	-3.122743e-02	-5.837436e-03	-6.358120e-02
7.100000e+00	-3.014983e-02	1.444367e-02	-3.092308e-02	-2.295413e-03	-6.217155e-02
7.150000e+00	-2.437928e-02	1.326913e-02	-2.455810e-02	8.142195e-04	-5.523551e-02
7.200000e+00	-1.654103e-02	1.206830e-02	-1.624506e-02	5.494453e-03	-4.509151e-02
7.250000e+00	-7.986888e-03	1.174715e-02	-6.892561e-03	1.300408e-02	-3.666481e-02
7.300000e+00	-1.499762e-04	1.244735e-02	1.460107e-03	2.459907e-02	-2.929537e-02
7.350000e+00	5.771901e-03	1.390343e-02	1.005928e-02	3.393857e-02	-2.851046e-02
7.400000e+00	9.094623e-03	1.572954e-02	1.512375e-02	3.929062e-02	-3.042783e-02
7.450000e+00	9.799137e-03	1.738900e-02	1.668887e-02	3.985468e-02	-3.149129e-02
7.500000e+00	8.499026e-03	1.830210e-02	1.378748e-02	3.707659e-02	-3.078787e-02
7.550000e+00	6.195506e-03	1.802780e-02	8.242396e-03	3.569848e-02	-2.987900e-02
7.600000e+00	4.050890e-03	1.653688e-02	6.070196e-03	3.222724e-02	-3.321450e-02
7.650000e+00	2.908674e-03	1.406590e-02	5.035257e-03	2.826932e-02	-3.231460e-02
7.700000e+00	3.095640e-03	1.111378e-02	3.661331e-03	2.656961e-02	-2.622845e-02
7.750000e+00	4.371865e-03	8.464909e-03	3.917975e-03	2.477993e-02	-1.531990e-02
7.800000e+00	6.081327e-03	7.267838e-03	4.522524e-03	3.386039e-02	-9.921045e-03
7.850000e+00	7.442488e-03	8.156739e-03	5.673054e-03	4.283632e-02	-1.156947e-02
7.900000e+00	7.867154e-03	1.020444e-02	5.956060e-03	4.809426e-02	-1.298604e-02
7.950000e+00	7.186521e-03	1.237341e-02	4.794380e-03	4.923928e-02	-1.421502e-02
8.000000e+00	5.700015e-03	1.421098e-02	2.744282e-03	4.770224e-02	-1.921424e-02
8.050000e+00	4.034419e-03	1.559381e-02	5.181504e-04	4.923811e-02	-2.418990e-02
8.100000e+00	2.881210e-03	1.661526e-02	-6.519302e-04	4.755919e-02	-2.639266e-02
8.150000e+00	2.651826e-03	1.735504e-02	-1.562841e-03	4.722006e-02	-2.607824e-02
8.200000e+00	3.301928e-03	1.778976e-02	1.102411e-04	4.840450e-02	-2.891970e-02
8.250000e+00	4.320712e-03	1.776667e-02	1.726137e-03	4.705513e-02	-2.962639e-02
8.300000e+00	4.911494e-03	1.707400e-02	2.262126e-03	5.039579e-02	-2.841548e-02
8.350000e+00	4.295827e-03	1.555079e-02	1.577599e-03	4.936836e-02	-2.575283e-02
8.400000e+00	2.025420e-03	1.318788e-02	-6.629162e-05	4.267308e-02	-2.242484e-02
8.450000e+00	-1.816734e-03	1.025946e-02	-3.139566e-03	3.089922e-02	-2.062428e-02
8.500000e+00	-6.601914e-03	7.695018e-03	-6.407211e-03	1.483089e-02	-2.381579e-02
8.550000e+00	-1.135137e-02	7.534968e-03	-1.052736e-02	5.427431e-03	-2.831766e-02
8.600000e+00	-1.497605e-02	1.030842e-02	-1.510675e-02	3.605031e-03	-3.578883e-02
8.650000e+00	-1.665813e-02	1.392296e-02	-1.552343e-02	7.536384e-03	-4.555473e-02
8.700000e+00	-1.606202e-02	1.691653e-02	-1.205302e-02	1.166057e-02	-5.066791e-02
8.750000e+00	-1.339041e-02	1.857886e-02	-7.453144e-03	1.550220e-02	-4.990969e-02
8.800000e+00	-9.265338e-03	1.866349e-02	-5.082146e-03	1.804771e-02	-4.564055e-02
8.850000e+00	-4.494205e-03	1.731772e-02	-1.895171e-03	2.158285e-02	-4.089541e-02
8.900000e+00	1.818009e-04	1.499924e-02	2.133636e-03	2.512208e-02	-3.445575e-02
8.950000e+00	4.262792e-03	1.232735e-02	5.929849e-03	2.603456e-02	-2.899933e-02
9.000000e+00	7.534960e-03	9.905522e-03	9.987345e-03	2.685736e-02	-2.366153e-02
9.050000e+00	9.992410e-03	8.179684e-03	1.148237e-02	2.602642e-02	-1.667974e-02
9.100000e+00	1.167773e-02	7.327572e-03	1.214557e-02	2.943166e-02	-8.143394e-03
9.150000e+00	1.256763e-02	7.225008e-03	1.254722e-02	3.029933e-02	-4.107612e-03
9.200000e+00	1.251496e-02	7.592857e-03	1.276428e-02	3.117658e-02	-3.893490e-03
9.250000e+00	1.130747e-02	8.221132e-03	1.127306e-02	3.077051e-02	-3.627496e-03
9.300000e+00	8.810107e-03	9.057320e-03	8.956583e-03	3.282653e-02	-7.107114e-03
9.350000e+00	5.122371e-03	1.009152e-02	3.530914e-03	3.296866e-02	-1.164199e-02
9.400000e+00	6.702941e-04	1.118365e-02	-2.134533e-03	3.064291e-02	-1.893843e-02
9.450000e+00	-3.823351e-03	1.205167e-02	-7.118478e-03	2.729649e-02	-2.556396e-02
9.500000e+00	-7.498118e-03	1.243754e-02	-1.009864e-02	2.335877e-02	-3.297659e-02
9.550000e+00	-9.592777e-03	1.229620e-02	-1.123934e-02	2.018601e-02	-3.521818e-02
9.600000e+00	-9.698198e-03	1.182616e-02	-1.145596e-02	1.917913e-02	-3.280069e-02
9.650000e+00	-7.895446e-03	1.135656e-02	-1.081823e-02	2.335190e-02	-2.936613e-02
9.700000e+00	-4.754670e-03	1.102876e-02	-7.239288e-03	2.719545e-02	-2.474357e-02
9.750000e+00	-1.175139e-03	1.059886e-02	-3.417361e-03	2.956460e-02	-2.215917e-02
9.800000e+00	1.881052e-03	9.663344e-03	4.945596e-04	2.841739e-02	-1.759397e-02
9.850000e+00	3.672741e-03	8.188377e-03	3.314173e-03	2.363064e-02	-1.439827e-02
9.900000e+00	3.886508e-03	7.198227e-03	3.483515e-03	2.391404e-02	-1.407768e-02
9.950000e+00	2.700590e-03	8.498193e-03	2.138129e-03	2.346248e-02	-1.748085e-02
1.000000e+01	6.909308e-04	1.163513e-02	1.828102e-03	2.076802e-02	-2.824482e-02
1.005000e+01	-1.379749e-03	1.461521e-02	-1.026939e-03	2.377111e-02	-3.701488e-02
1.010000e+01	-2.811901e-03	1.598702e-02	-3.415795e-04	2.589769e-02	-4.162723e-02
1.015000e+01	-3.198792e-03	1.507144e-02	8.446578e-05	2.486229e-02	-4.069373e-02
1.020000e+01	-2.520263e-03	1.206470e-02	-1.323605e-04	2.081850e-02	-3.408939e-02
1.025000e+01	-1.108223e-03	8.438923e-03	-5.761117e-04	1.464564e-02	-2.440987e-02
1.030000e+01	4.991709e-04	7.523686e-03	9.885449e-05	2.165826e-02	-1.747375e-02
1.035000e+01	1.756036e-03	9.929150e-03	-4.024800e-04	3.103766e-02	-1.845428e-02
1.040000e+01	2.289888e-03	1.196565e-02	2.994878e-04	3.491571e-02	-2.182305e-02
1.045000e+01	2.008570e-03	1.185766e-02	7.919231e-04	3.247485e-02	-2.376226e-02
1.050000e+01	1.106704e-03	9.715014e-03	1.209538e-03	2.487478e-02	-2.261586e-02
1.055000e+01	-1.944514e-05	7.260766e-03	-2.960449e-05	1.684863e-02	-2.058028e-02
1.060000e+01	-9.123979e-04	7.275033e-03	-4.860616e-04	1.536372e-02	-2.372309e-02
1.065000e+01	-1.201072e-03	9.012277e-03	-4.730278e-04	1.883929e-02	-2.251500e-02
1.070000e+01	-7.121324e-04	9.615411e-03	1.531705e-03	1.949579e-02	-2.217089e-02
1.075000e+01	4.817770e-04	8.134093e-03	2.400799e-03	1.662722e-02	-1.940220e-02
1.080000e+01	2.083064e-03	5.854763e-03	2.369189e-03	2.192738e-02	-1.402122e-02
1.085000e+01	3.647595e-03	6.939708e-03	1.755198e-03	2.564567e-02	-7.279802e-03
1.090000e+01	4.697433e-03	1.098263e-02	2.280776e-03	3.743715e-02	-1.318169e-02
1.095000e+01	4.840920e-03	1.435368e-02	1.385938e-03	4.425048e-02	-1.825808e-02
1.100000e+01	3.874681e-03	1.548999e-02	-1.476197e-04	4.431880e-02	-2.247501e-02
1.105000e+01	1.841594e-03	1.405904e-02	-1.625115e-03	3.783186e-02	-2.419032e-02
1.110000e+01	-9.432873e-04	1.061521e-02	-3.081496e-03	2.642768e-02	-2.249686e-02
1.115000e+01	-3.957466e-03	6.728610e-03	-4.750219e-03	1.478003e-02	-1.792694e-02
1.120000e+01	-6.571260e-03	5.612418e-03	-6.309202e-03	4.739476e-03	-2.192145e-02
1.125000e+01	-8.185612e-03	7.862409e-03	-5.810115e-03	7.406056e-03	-2.785672e-02
1.130000e+01	-8.376809e-03	1.001260e-02	-5.816711e-03	1.096993e-02	-2.932036e-02
1.135000e+01	-7.013023e-03	1.086675e-02	-4.905724e-03	1.305320e-02	-2.615492e-02
1.140000e+01	-4.308843e-03	1.052338e-02	-3.138608e-03	1.452702e-02	-2.474508e-02
1.145000e+01	-7.957313e-04	9.501812e-03	-1.731171e-04	1.487876e-02	-2.337449e-02
1.150000e+01	2.792569e-03	8.314389e-03	3.695518e-03	1.831906e-02	-2.001671e-02
1.155000e+01	5.695538e-03	7.217695e-03	7.181109e-03	1.930191e-02	-1.483584e-02
1.160000e+01	7.317098e-03	6.284915e-03	8.723397e-03	1.731091e-02	-8.549680e-03
1.165000e+01	7.378436e-03	5.698142e-03	8.410864e-03	1.826482e-02	-9.356746e-03
1.170000e+01	5.986196e-03	5.766129e-03	6.327307e-03	2.038643e-02	-1.316191e-02
1.175000e+01	3.593606e-03	6.474987e-03	3.793505e-03	2.166712e-02	-1.626882e-02
1.180000e+01	8.647656e-04	7.422143e-03	5.579318e-04	2.212818e-02	-1.803411e-02
1.185000e+01	-1.516888e-03	8.262823e-03	-2.544119e-03	2.138457e-02	-2.043542e-02
1.190000e+01	-3.036823e-03	8.877178e-03	-4.708133e-03	2.311178e-02	-2.019063e-02
1.195000e+01	-3.476683e-03	9.250050e-03	-5.351846e-03	2.307965e-02	-1.789350e-02
1.200000e+01	-2.943728e-03	9.317306e-03	-3.884820e-03	2.152832e-02	-1.924428e-02
1.205000e+01	-1.811382e-03	8.946360e-03	-3.031926e-03	1.885718e-02	-1.894750e-02
1.210000e+01	-5.353099e-04	8.018118e-03	-1.775881e-03	1.685953e-02	-1.672995e-02
1.215000e+01	4.716233e-04	6.659154e-03	-1.035714e-04	1.793201e-02	-1.371735e-02
1.220000e+01	9.722233e-04	5.366509e-03	6.665177e-04	1.699370e-02	-1.040672e-02
1.225000e+01	9.549391e-04	4.956378e-03	1.288696e-03	1.468001e-02	-1.362015e-02
1.230000e+01	5.988474e-04	5.661463e-03	1.011509e-03	1.300278e-02	-1.794599e-02
1.235000e+01	1.743999e-04	6.728003e-03	8.717582e-04	1.309948e-02	-2.002490e-02
1.240000e+01	-7.763876e-05	7.503356e-03	1.412004e-03	1.354295e-02	-1.955783e-02
1.245000e+01	-4.186492e-05	7.750456e-03	1.549572e-03	1.420535e-02	-1.985156e-02
1.250000e+01	2.355994e-04	7.482823e-03	9.805385e-04	1.472097e-02	-1.943894e-02
1.255000e+01	5.795285e-04	6.835497e-03	4.558623e-04	1.579766e-02	-1.649088e-02
1.260000e+01	7.687857e-04	6.000768e-03	9.593750e-04	1.728914e-02	-1.438099e-02
1.265000e+01	6.341323e-04	5.203879e-03	6.598055e-04	1.678032e-02	-1.344434e-02
1.270000e+01	1.312013e-04	4.661237e-03	3.955201e-04	1.410988e-02	-1.221563e-02
1.275000e+01	-6.386398e-04	4.474173e-03	-2.583944e-04	1.092569e-02	-1.428117e-02
1.280000e+01	-1.464875e-03	4.573921e-03	-1.169255e-03	8.478864e-03	-1.578652e-02
1.285000e+01	-2.104637e-03	4.845211e-03	-1.778044e-03	1.046792e-02	-1.571339e-02
1.290000e+01	-2.368109e-03	5.226668e-03	-2.131500e-03	1.283389e-02	-1.585796e-02
1.295000e+01	-2.179851e-03	5.643135e-03	-2.002055e-03	1.292318e-02	-1.563156e-02
1.300000e+01	-1.595063e-03	5.932139e-03	-1.099746e-03	1.081100e-02	-1.594666e-02
1.305000e+01	-7.813573e-04	5.920257e-03	-4.053959e-06	1.260701e-02	-1.632598e-02
1.310000e+01	7.732113e-05	5.554505e-03	2.449227e-04	1.399803e-02	-1.423860e-02
1.315000e+01	8.266875e-04	5.071725e-03	1.073512e-03	1.320081e-02	-1.386471e-02
1.320000e+01	1.385328e-03	4.998690e-03	1.400142e-03	1.226974e-02	-1.308676e-02
1.325000e+01	1.747929e-03	5.658555e-03	1.825870e-03	1.424526e-02	-1.266633e-02
1.330000e+01	1.956151e-03	6.714666e-03	8.484247e-04	1.631143e-02	-1.282842e-02
1.335000e+01	2.054772e-03	7.635244e-03	4.645034e-04	1.929899e-02	-1.235466e-02
1.340000e+01	2.055395e-03	8.105665e-03	5.329597e-04	2.037402e-02	-1.121329e-02
1.345000e+01	1.924978e-03	8.043844e-03	-1.595355e-04	1.923031e-02	-1.318910e-02
1.350000e+01	1.604278e-03	7.503166e-03	-5.238845e-04	1.669599e-02	-1.378681e-02
1.355000e+01	1.047596e-03	6.585913e-03	5.306465e-04	1.418554e-02	-1.237494e-02
1.360000e+01	2.654737e-04	5.445496e-03	-3.706835e-06	1.289462e-02	-1.045144e-02
1.365000e+01	-6.499443e-04	4.425893e-03	-1.239078e-03	1.193198e-02	-1.166271e-02
1.370000e+01	-1.530869e-03	4.162273e-03	-1.745598e-03	9.891039e-03	-1.213311e-02
1.375000e+01	-2.173025e-03	4.898714e-03	-1.767651e-03	7.046576e-03	-1.519128e-02
1.380000e+01	-2.396735e-03	5.983252e-03	-1.469167e-03	8.525658e-03	-1.863701e-02
1.385000e+01	-2.109324e-03	6.760550e-03	-3.621241e-04	1.059717e-02	-2.006878e-02
1.390000e+01	-1.346253e-03	6.943527e-03	9.839008e-04	1.119796e-02	-1.931703e-02
1.395000e+01	-2.746563e-04	6.554478e-03	1.925362e-03	1.067129e-02	-1.662594e-02
1.400000e+01	8.446277e-04	5.835148e-03	2.927227e-03	1.131678e-02	-1.287155e-02
1.405000e+01	1.734070e-03	5.142155e-03	2.760910e-03	1.164086e-02	-9.230146e-03
1.410000e+01	2.171809e-03	4.716603e-03	2.600440e-03	1.231976e-02	-7.867027e-03
1.415000e+01	2.036675e-03	4.635283e-03	2.193915e-03	1.211717e-02	-9.614132e-03
1.420000e+01	1.348657e-03	4.780101e-03	1.287015e-03	1.185146e-02	-1.223549e-02
1.425000e+01	2.621789e-04	4.933996e-03	9.305079e-05	1.184576e-02	-1.465668e-02
1.430000e+01	-9.751076e-04	4.873795e-03	-1.085590e-03	1.167921e-02	-1.588817e-02
1.435000e+01	-2.085096e-03	4.500971e-03	-1.905058e-03	1.110227e-02	-1.512470e-02
1.440000e+01	-2.825981e-03	4.044983e-03	-2.643189e-03	9.915373e-03	-1.443074e-02
1.445000e+01	-3.046088e-03	4.139418e-03	-3.768321e-03	9.441915e-03	-1.262297e-02
1.450000e+01	-2.712824e-03	5.084766e-03	-2.863396e-03	9.080024e-03	-1.375444e-02
1.455000e+01	-1.912080e-03	6.304295e-03	-2.132879e-03	1.028707e-02	-1.510215e-02
1.460000e+01	-8.208118e-04	7.124991e-03	-9.660616e-04	1.323816e-02	-1.454013e-02
1.465000e+01	3.386757e-04	7.192145e-03	6.198405e-05	1.624630e-02	-1.368048e-02
1.470000e+01	1.350938e-03	6.493020e-03	9.661126e-04	1.719793e-02	-1.181868e-02
1.475000e+01	2.053871e-03	5.322109e-03	1.349268e-03	1.606951e-02	-9.380073e-03
1.480000e+01	2.369310e-03	4.198882e-03	1.843372e-03	1.534628e-02	-7.165614e-03
1.485000e+01	2.311673e-03	3.618571e-03	2.107673e-03	1.450517e-02	-8.064929e-03
1.490000e+01	1.973832e-03	3.561524e-03	1.687518e-03	1.262146e-02	-9.573224e-03
1.495000e+01	1.494795e-03	3.595612e-03	1.214105e-03	1.113494e-02	-8.620595e-03
1.500000e+01	1.018235e-03	3.519952e-03	6.755574e-04	1.142399e-02	-8.711516e-03
1.505000e+01	6.632382e-04	3.471476e-03	3.131642e-04	1.068182e-02	-1.082531e-02
1.510000e+01	4.709896e-04	3.612195e-03	3.662123e-04	9.417029e-03	-1.179906e-02
1.515000e+01	4.175560e-04	3.917131e-03	7.996137e-04	9.612221e-03	-1.295601e-02
1.520000e+01	4.241687e-04	4.235712e-03	1.376431e-03	1.058566e-02	-1.439415e-02
1.525000e+01	3.898038e-04	4.475065e-03	1.544996e-03	9.718821e-03	-1.415367e-02
1.530000e+01	2.303279e-04	4.640733e-03	1.171107e-03	7.836683e-03	-1.405901e-02
1.535000e+01	-8.882257e-05	4.770473e-03	9.306028e-04	7.539583e-03	-1.524885e-02
1.540000e+01	-5.376687e-04	4.862268e-03	8.261907e-04	8.145574e-03	-1.481552e-02
1.545000e+01	-1.029905e-03	4.862994e-03	1.953553e-04	8.263871e-03	-1.316521e-02
1.550000e+01	-1.451812e-03	4.717570e-03	-2.980498e-04	7.511398e-03	-1.262836e-02
1.555000e+01	-1.701906e-03	4.427169e-03	-6.970482e-04	6.209312e-03	-1.219800e-02
1.560000e+01	-1.727128e-03	4.070107e-03	-7.960579e-04	5.944866e-03	-1.216406e-02
1.565000e+01	-1.542236e-03	3.761030e-03	-8.307786e-04	5.924022e-03	-1.085145e-02
1.570000e+01	-1.224797e-03	3.562720e-03	-6.047188e-04	6.335978e-03	-9.913322e-03
1.575000e+01	-8.870601e-04	3.448014e-03	-5.535640e-04	6.604568e-03	-9.317903e-03
1.580000e+01	-6.345934e-04	3.388200e-03	-3.242541e-04	7.785913e-03	-9.414688e-03
1.585000e+01	-5.267838e-04	3.452917e-03	-2.121379e-04	8.942767e-03	-9.064770e-03
1.590000e+01	-5.539139e-04	3.751102e-03	-6.906932e-04	9.110421e-03	-8.961295e-03
1.595000e+01	-6.396804e-04	4.259088e-03	-1.398629e-03	1.025631e-02	-9.579710e-03
1.600000e+01	-6.687475e-04	4.803774e-03	-1.984278e-03	1.166462e-02	-9.607192e-03
1.605000e+01	-5.185193e-04	5.224323e-03	-1.989173e-03	1.206326e-02	-9.240540e-03
1.610000e+01	-1.323851e-04	5.389799e-03	-1.527520e-03	1.135933e-02	-9.185627e-03
1.615000e+01	4.707854e-04	5.289751e-03	-4.297738e-04	1.132557e-02	-9.030956e-03
1.620000e+01	1.194562e-03	4.980222e-03	7.499526e-04	1.183442e-02	-8.201539e-03
1.625000e+01	1.891353e-03	4.535817e-03	1.466909e-03	1.126624e-02	-7.080440e-03
1.630000e+01	2.406553e-03	4.020603e-03	1.952112e-03	1.093462e-02	-5.793357e-03
1.635000e+01	2.625239e-03	3.497393e-03	2.229618e-03	1.192776e-02	-3.895104e-03
1.640000e+01	2.505590e-03	3.077441e-03	2.297429e-03	1.182981e-02	-4.313935e-03
1.645000e+01	2.088271e-03	2.964894e-03	2.216230e-03	1.035732e-02	-5.800358e-03
1.650000e+01	1.479681e-03	3.327976e-03	2.236237e-03	8.217977e-03	-8.296843e-03
1.655000e+01	8.160050e-04	4.056887e-03	1.512237e-03	7.201397e-03	-1.131460e-02
1.660000e+01	2.211747e-04	4.852051e-03	8.174057e-04	9.270837e-03	-1.313510e-02
1.665000e+01	-2.269533e-04	5.428408e-03	2.945349e-04	1.077355e-02	-1.410889e-02
1.670000e+01	-5.117584e-04	5.596787e-03	1.377644e-04	1.094395e-02	-1.387527e-02
1.675000e+01	-6.711403e-04	5.301200e-03	-1.870246e-04	9.711625e-03	-1.202147e-02
1.680000e+01	-7.735078e-04	4.636185e-03	-4.137034e-04	8.232201e-03	-1.088591e-02
1.685000e+01	-8.865921e-04	3.830182e-03	-3.421561e-04	7.278923e-03	-1.061880e-02
1.690000e+01	-1.050709e-03	3.177486e-03	-6.412810e-04	6.064414e-03	-1.053937e-02
1.695000e+01	-1.265369e-03	2.883708e-03	-1.230697e-03	5.319767e-03	-9.576140e-03
1.700000e+01	-1.492544e-03	2.913616e-03	-1.517083e-03	5.825459e-03	-8.211273e-03
1.705000e+01	-1.688284e-03	3.107230e-03	-2.056015e-03	7.906221e-03	-8.239102e-03
1.710000e+01	-1.788909e-03	3.363244e-03	-2.113661e-03	9.486568e-03	-7.721357e-03
1.715000e+01	-1.750291e-03	3.617970e-03	-2.179034e-03	1.016313e-02	-9.236113e-03
1.720000e+01	-1.563669e-03	3.800092e-03	-1.865574e-03	9.574340e-03	-1.013831e-02
1.725000e+01	-1.257019e-03	3.858212e-03	-1.834072e-03	8.895484e-03	-9.834937e-03
1.730000e+01	-8.833715e-04	3.797449e-03	-1.465411e-03	1.008695e-02	-8.746954e-03
1.735000e+01	-5.011177e-04	3.665280e-03	-8.975232e-04	1.011839e-02	-7.431617e-03
1.740000e+01	-1.538287e-04	3.502249e-03	-8.558498e-04	9.346212e-03	-6.128478e-03
1.745000e+01	1.431843e-04	3.316959e-03	-6.039912e-04	9.899902e-03	-5.894510e-03
1.750000e+01	4.050053e-04	3.110484e-03	6.284854e-05	8.972879e-03	-5.944774e-03
1.755000e+01	6.674547e-04	2.902855e-03	5.497824e-04	8.347817e-03	-6.373842e-03
1.760000e+01	9.691766e-04	2.718893e-03	7.808564e-04	7.665014e-03	-5.552317e-03
1.765000e+01	1.331735e-03	2.567469e-03	1.226004e-03	7.533940e-03	-4.116895e-03
1.770000e+01	1.744595e-03	2.465340e-03	1.723096e-03	7.639336e-03	-4.239298e-03
1.775000e+01	2.160281e-03	2.458307e-03	2.129096e-03	7.564995e-03	-4.200722e-03
1.780000e+01	2.501788e-03	2.552495e-03	2.172748e-03	8.798640e-03	-4.836350e-03
1.785000e+01	2.680539e-03	2.641970e-03	2.178315e-03	1.006561e-02	-4.891297e-03
1.790000e+01	2.619942e-03	2.588197e-03	2.093156e-03	1.043843e-02	-4.594740e-03
1.795000e+01	2.277872e-03	2.388504e-03	1.908137e-03	9.520932e-03	-4.191335e-03
1.800000e+01	1.661647e-03	2.309931e-03	1.762873e-03	8.269793e-03	-5.189880e-03
1.805000e+01	8.257082e-04	2.707151e-03	1.020995e-03	7.093512e-03	-8.017641e-03
1.810000e+01	-1.201074e-04	3.458959e-03	3.187886e-04	6.387380e-03	-1.005180e-02
1.815000e+01	-1.049688e-03	4.150599e-03	-2.223000e-04	6.543286e-03	-1.238809e-02
1.820000e+01	-1.840563e-03	4.486329e-03	-1.184816e-03	6.366160e-03	-1.275208e-02
1.825000e+01	-2.398521e-03	4.360448e-03	-1.654227e-03	5.539154e-03	-1.301573e-02
1.830000e+01	-2.675151e-03	3.846682e-03	-1.952135e-03	4.081856e-03	-1.265624e-02
1.835000e+01	-2.674110e-03	3.175073e-03	-2.293533e-03	2.636044e-03	-1.132394e-02
1.840000e+01	-2.444964e-03	2.683837e-03	-2.403152e-03	3.947733e-03	-9.823482e-03
1.845000e+01	-2.066805e-03	2.630910e-03	-2.179434e-03	6.272907e-03	-8.778232e-03
1.850000e+01	-1.626525e-03	2.918863e-03	-2.034997e-03	8.086665e-03	-7.812648e-03
1.855000e+01	-1.197783e-03	3.275944e-03	-1.970448e-03	8.610767e-03	-7.548903e-03
1.860000e+01	-8.261643e-04	3.541235e-03	-1.817377e-03	1.039385e-02	-6.482796e-03
1.865000e+01	-5.238639e-04	3.666675e-03	-1.634837e-03	1.064740e-02	-6.392759e-03
1.870000e+01	-2.742871e-04	3.658353e-03	-1.188475e-03	9.938845e-03	-6.047035e-03
1.875000e+01	-4.411662e-05	3.545095e-03	-8.074990e-04	8.605480e-03	-6.042560e-03
1.880000e+01	2.014870e-04	3.361274e-03	-4.006728e-04	1.061449e-02	-5.704357e-03
1.885000e+01	4.852979e-04	3.133279e-03	-7.938545e-05	1.134613e-02	-4.792872e-03
1.890000e+01	8.097760e-04	2.876837e-03	5.993447e-04	1.078121e-02	-4.745116e-03
1.895000e+01	1.155881e-03	2.612595e-03	1.059542e-03	9.276313e-03	-5.842108e-03
1.900000e+01	1.488416e-03	2.386792e-03	1.681308e-03	8.539900e-03	-6.099326e-03
1.905000e+01	1.771288e-03	2.268997e-03	1.932823e-03	6.891793e-03	-5.274795e-03
1.910000e+01	1.960541e-03	2.293263e-03	2.364741e-03	6.879236e-03	-4.163023e-03
1.915000e+01	2.028100e-03	2.415625e-03	2.396090e-03	7.369898e-03	-5.071070e-03
1.920000e+01	1.963120e-03	2.546612e-03	2.272462e-03	7.398299e-03	-5.376742e-03
1.925000e+01	1.772440e-03	2.612530e-03	1.974302e-03	7.065096e-03	-4.930264e-03
1.930000e+01	1.476761e-03	2.583273e-03	1.783885e-03	6.773793e-03	-5.223280e-03
1.935000e+01	1.104147e-03	2.476067e-03	1.455622e-03	5.742079e-03	-5.983132e-03
1.940000e+01	6.829962e-04	2.347259e-03	1.080965e-03	6.250921e-03	-6.900422e-03
1.945000e+01	2.365864e-04	2.261485e-03	5.857761e-04	6.311502e-03	-7.311594e-03
1.950000e+01	-2.192613e-04	2.237706e-03	-3.567870e-05	5.644078e-03	-6.923691e-03
1.955000e+01	-6.748220e-04	2.226246e-03	-6.088960e-04	4.254198e-03	-6.150448e-03
1.960000e+01	-1.121967e-03	2.159155e-03	-1.102388e-03	4.208601e-03	-6.660698e-03
1.965000e+01	-1.548134e-03	2.023166e-03	-1.485623e-03	3.460529e-03	-7.470482e-03
1.970000e+01	-1.931078e-03	1.895065e-03	-1.898371e-03	2.327289e-03	-7.750192e-03
1.975000e+01	-2.236767e-03	1.898050e-03	-2.228936e-03	2.628031e-03	-7.478909e-03
1.980000e+01	-2.422142e-03	2.068211e-03	-2.360149e-03	3.355217e-03	-7.859123e-03
1.985000e+01	-2.443062e-03	2.309214e-03	-2.427641e-03	3.809599e-03	-8.043828e-03
1.990000e+01	-2.266040e-03	2.510721e-03	-2.364939e-03	3.936036e-03	-8.733089e-03
1.995000e+01	-1.880718e-03	2.629444e-03	-2.291855e-03	5.037558e-03	-8.423188e-03
2.000000e+01	-1.309148e-03	2.680778e-03	-1.832318e-03	6.928694e-03	-7.107048e-03
