# k	<chi>	std	chi_median	chi_max	chi_min
0.000000e+00	1.380875e-01	3.351402e-01	0.000000e+00	1.105929e+00	-6.302163e-01
5.000000e-02	2.468435e-01	4.243221e-01	3.775895e-01	1.094397e+00	-6.361589e-01
1.000000e-01	2.338510e-01	4.183588e-01	3.581239e-01	1.082143e+00	-6.421307e-01
1.500000e-01	1.935697e-01	4.000167e-01	3.009982e-01	1.040498e+00	-6.602246e-01
2.000000e-01	1.514513e-01	3.810887e-01	2.390984e-01	9.929330e-01	-6.783870e-01
2.500000e-01	7.857425e-02	3.487531e-01	1.374652e-01	9.010897e-01	-7.081198e-01
3.000000e-01	2.573911e-03	3.158515e-01	2.865173e-02	7.964142e-01	-7.370063e-01
3.500000e-01	-1.044357e-01	2.711203e-01	-1.213487e-01	6.345717e-01	-7.735879e-01
4.000000e-01	-2.123571e-01	2.298253e-01	-2.651285e-01	4.583446e-01	-8.059887e-01
4.500000e-01	-3.435092e-01	1.893555e-01	-3.902360e-01	2.535448e-01	-8.372029e-01
5.000000e-01	-4.671773e-01	1.708414e-01	-4.615453e-01	4.496616e-02	-8.580141e-01
5.500000e-01	-5.966441e-01	1.829894e-01	-5.678646e-01	-1.887600e-01	-9.643083e-01
6.000000e-01	-7.041402e-01	2.195953e-01	-7.248970e-01	-3.799270e-01	-1.070850e+00
6.500000e-01	-7.932414e-01	2.685576e-01	-8.778444e-01	-3.643789e-01	-1.166392e+00
7.000000e-01	-8.444352e-01	3.122536e-01	-9.780297e-01	-3.394679e-01	-1.214824e+00
7.500000e-01	-8.545888e-01	3.459325e-01	-1.045427e+00	-2.970370e-01	-1.231813e+00
8.000000e-01	-8.186134e-01	3.620466e-01	-1.031172e+00	-2.302823e-01	-1.197013e+00
8.500000e-01	-7.326806e-01	3.587963e-01	-9.426143e-01	-1.488227e-01	-1.127535e+00
9.000000e-01	-6.097592e-01	3.373078e-01	-7.878995e-01	-6.183673e-02	-1.022027e+00
9.500000e-01	-4.513333e-01	2.985112e-01	-6.075723e-01	4.486739e-02	-8.556591e-01
1.000000e+00	-2.849021e-01	2.502345e-01	-3.974511e-01	1.393377e-01	-6.728743e-01
1.050000e+00	-1.181044e-01	1.960858e-01	-1.878605e-01	2.216241e-01	-4.681858e-01
1.100000e+00	1.924072e-02	1.458493e-01	-5.391900e-03	2.845423e-01	-2.694949e-01
1.150000e+00	1.192199e-01	1.029021e-01	1.220094e-01	3.155092e-01	-9.335711e-02
1.200000e+00	1.659907e-01	7.239324e-02	1.773031e-01	3.351503e-01	-1.361605e-02
1.250000e+00	1.603157e-01	5.324396e-02	1.681549e-01	3.251673e-01	1.942168e-02
1.300000e+00	1.099843e-01	4.416100e-02	1.141532e-01	2.804549e-01	-1.738196e-03
1.350000e+00	2.773301e-02	4.303297e-02	2.857165e-02	2.078305e-01	-9.027911e-02
1.400000e+00	-6.099698e-02	4.481968e-02	-6.304623e-02	1.219620e-01	-1.810098e-01
1.450000e+00	-1.392914e-01	4.339600e-02	-1.346738e-01	3.186107e-02	-2.476481e-01
1.500000e+00	-1.838402e-01	3.550269e-02	-1.795000e-01	-4.482125e-02	-2.673908e-01
1.550000e+00	-1.875302e-01	2.924318e-02	-1.916513e-01	-7.831687e-02	-2.485158e-01
1.600000e+00	-1.477747e-01	4.702987e-02	-1.344591e-01	-1.085325e-02	-2.532166e-01
1.650000e+00	-7.407250e-02	8.096462e-02	-3.335821e-02	7.490422e-02	-2.366436e-01
1.700000e+00	1.483501e-02	1.129055e-01	6.882605e-02	1.573385e-01	-1.950564e-01
1.750000e+00	1.019905e-01	1.358198e-01	1.613632e-01	2.623613e-01	-1.359604e-01
1.800000e+00	1.657188e-01	1.410275e-01	2.317887e-01	3.215284e-01	-7.029899e-02
1.850000e+00	1.988884e-01	1.285762e-01	2.617769e-01	3.417141e-01	-2.056640e-02
1.900000e+00	1.956580e-01	9.959692e-02	2.485142e-01	3.108401e-01	2.190496e-03
1.950000e+00	1.655794e-01	6.113756e-02	1.981469e-01	2.505506e-01	1.852028e-02
2.000000e+00	1.188420e-01	2.417952e-02	1.228675e-01	1.694201e-01	2.866039e-02
2.050000e+00	7.004111e-02	2.322421e-02	6.977986e-02	1.262144e-01	2.170439e-02
2.100000e+00	3.161081e-02	4.077570e-02	2.364913e-02	1.163234e-01	-3.279929e-02
2.150000e+00	1.011549e-02	4.366673e-02	-4.147230e-04	9.495290e-02	-5.527147e-02
2.200000e+00	4.102297e-03	3.412392e-02	-2.648500e-03	6.845653e-02	-5.385547e-02
2.250000e+00	2.740947e-03	1.975663e-02	1.208958e-03	4.875085e-02	-3.915143e-02
2.300000e+00	3.010430e-03	9.851988e-03	3.040357e-03	3.187267e-02	-2.332796e-02
2.350000e+00	1.577699e-03	8.604573e-03	1.290656e-03	2.438508e-02	-1.726747e-02
2.400000e+00	-2.596930e-03	7.534680e-03	-3.750005e-03	2.065434e-02	-2.546583e-02
2.450000e+00	-5.033446e-03	6.391089e-03	-6.185468e-03	1.682055e-02	-2.992792e-02
2.500000e+00	-7.364209e-03	5.928735e-03	-6.789797e-03	1.019663e-02	-3.154799e-02
2.550000e+00	-8.979129e-03	7.974325e-03	-9.733331e-03	7.663646e-03	-3.009625e-02
2.600000e+00	-9.335304e-03	1.083254e-02	-1.339730e-02	1.247117e-02	-2.704042e-02
2.650000e+00	-9.616596e-03	1.353419e-02	-1.646716e-02	1.650996e-02	-2.762363e-02
2.700000e+00	-8.993879e-03	1.520418e-02	-1.719150e-02	1.896369e-02	-2.677318e-02
2.750000e+00	-7.668977e-03	1.552842e-02	-1.605683e-02	1.953104e-02	-2.469146e-02
2.800000e+00	-6.040377e-03	1.461581e-02	-1.337326e-02	1.921026e-02	-2.389627e-02
2.850000e+00	-5.266747e-03	1.332894e-02	-1.185163e-02	1.757565e-02	-2.285149e-02
2.900000e+00	-4.376307e-03	1.124750e-02	-9.700857e-03	1.560495e-02	-2.010184e-02
2.950000e+00	-3.516038e-03	8.899403e-03	-7.260845e-03	1.316211e-02	-1.725764e-02
3.000000e+00	-2.750817e-03	6.759687e-03	-5.170080e-03	1.308501e-02	-1.465180e-02
3.050000e+00	-1.906296e-03	4.520135e-03	-2.256164e-03	1.435284e-02	-1.157976e-02
3.100000e+00	-1.172924e-03	3.503393e-03	-1.144656e-03	1.517514e-02	-1.006315e-02
3.150000e+00	-6.282607e-04	3.612963e-03	-3.324798e-04	1.539531e-02	-1.001552e-02
3.200000e+00	-3.268798e-04	3.952188e-03	-2.841084e-04	1.473245e-02	-9.848111e-03
3.250000e+00	-7.100658e-04	4.216708e-03	-8.279132e-04	1.210060e-02	-8.732306e-03
3.300000e+00	-1.280236e-03	4.339096e-03	-1.059314e-03	8.582051e-03	-9.594313e-03
3.350000e+00	-1.750644e-03	4.608888e-03	-7.465893e-04	7.859924e-03	-1.144229e-02
3.400000e+00	-1.849854e-03	5.219138e-03	-1.477571e-03	8.492347e-03	-1.373999e-02
3.450000e+00	-1.485757e-03	6.103747e-03	-1.417721e-03	1.308443e-02	-1.487223e-02
3.500000e+00	-2.475765e-04	6.555525e-03	-8.730496e-04	1.661808e-02	-1.388337e-02
3.550000e+00	1.811251e-03	6.227854e-03	7.664769e-04	1.822384e-02	-1.062904e-02
3.600000e+00	4.451918e-03	5.063231e-03	3.425799e-03	1.815158e-02	-4.917741e-03
3.650000e+00	7.481496e-03	3.387301e-03	7.026773e-03	1.630913e-02	-2.724134e-04
3.700000e+00	1.018948e-02	2.704064e-03	1.021920e-02	1.676513e-02	2.440771e-03
3.750000e+00	1.199792e-02	4.146469e-03	1.196811e-02	2.196712e-02	2.526908e-03
3.800000e+00	1.241169e-02	5.810852e-03	1.310373e-02	2.538698e-02	-3.014122e-03
3.850000e+00	1.119720e-02	6.729993e-03	1.232025e-02	2.565267e-02	-7.679851e-03
3.900000e+00	8.023680e-03	6.611199e-03	8.937619e-03	2.193056e-02	-1.091181e-02
3.950000e+00	3.184755e-03	5.908241e-03	3.271271e-03	1.583543e-02	-1.258988e-02
4.000000e+00	-2.645527e-03	5.820084e-03	-4.325547e-03	1.136516e-02	-1.303110e-02
4.050000e+00	-8.801974e-03	7.240073e-03	-1.056432e-02	8.157152e-03	-2.060006e-02
4.100000e+00	-1.412511e-02	9.291122e-03	-1.506183e-02	8.565176e-03	-3.005341e-02
4.150000e+00	-1.757230e-02	1.065362e-02	-1.832533e-02	9.064482e-03	-3.609560e-02
4.200000e+00	-1.841956e-02	1.053848e-02	-1.992457e-02	9.379603e-03	-3.630033e-02
4.250000e+00	-1.688751e-02	8.976402e-03	-1.891043e-02	8.596419e-03	-3.153399e-02
4.300000e+00	-1.292262e-02	6.101842e-03	-1.434595e-02	6.903914e-03	-2.323339e-02
4.350000e+00	-7.364624e-03	3.987355e-03	-6.982035e-03	4.292976e-03	-1.814361e-02
4.400000e+00	-1.351521e-03	6.505923e-03	2.624765e-06	1.146592e-02	-1.729148e-02
4.450000e+00	3.859215e-03	1.045838e-02	7.150098e-03	2.168362e-02	-1.784137e-02
4.500000e+00	7.706120e-03	1.386139e-02	1.316999e-02	2.830719e-02	-1.824491e-02
4.550000e+00	9.878229e-03	1.607450e-02	1.734004e-02	3.094106e-02	-1.833967e-02
4.600000e+00	1.059654e-02	1.698647e-02	1.926246e-02	3.193821e-02	-1.880724e-02
4.650000e+00	1.045402e-02	1.686131e-02	1.955334e-02	3.289386e-02	-1.932827e-02
4.700000e+00	1.019216e-02	1.611217e-02	1.856165e-02	3.223484e-02	-1.843307e-02
4.750000e+00	1.031764e-02	1.506900e-02	1.769313e-02	3.054586e-02	-1.684148e-02
4.800000e+00	1.094776e-02	1.386721e-02	1.693423e-02	3.031533e-02	-1.568367e-02
4.850000e+00	1.177962e-02	1.245541e-02	1.709798e-02	3.057439e-02	-1.547915e-02
4.900000e+00	1.222993e-02	1.063696e-02	1.634309e-02	2.842385e-02	-1.533062e-02
4.950000e+00	1.169423e-02	8.697909e-03	1.446378e-02	2.693010e-02	-1.505215e-02
5.000000e+00	9.826797e-03	8.034197e-03	1.059041e-02	2.843959e-02	-1.489319e-02
5.050000e+00	6.712528e-03	9.993838e-03	6.254874e-03	3.130008e-02	-1.672253e-02
5.100000e+00	2.931226e-03	1.334396e-02	2.274041e-03	3.351310e-02	-2.631396e-02
5.150000e+00	-7.168068e-04	1.623487e-02	-2.801175e-03	3.392824e-02	-3.209480e-02
5.200000e+00	-3.482940e-03	1.764610e-02	-6.286552e-03	3.516427e-02	-3.241800e-02
5.250000e+00	-4.995941e-03	1.743317e-02	-8.269962e-03	3.643346e-02	-3.302477e-02
5.300000e+00	-5.362123e-03	1.628231e-02	-1.126097e-02	3.556041e-02	-2.986111e-02
5.350000e+00	-5.245328e-03	1.533960e-02	-8.233379e-03	3.215788e-02	-3.210329e-02
5.400000e+00	-5.585833e-03	1.525350e-02	-5.090379e-03	2.570366e-02	-3.710868e-02
5.450000e+00	-7.142360e-03	1.561227e-02	-4.470043e-03	1.909257e-02	-4.197186e-02
5.500000e+00	-1.032453e-02	1.609146e-02	-8.185101e-03	2.170759e-02	-4.697516e-02
5.550000e+00	-1.483443e-02	1.709860e-02	-1.593464e-02	2.689209e-02	-5.097883e-02
5.600000e+00	-1.971843e-02	1.911561e-02	-2.605393e-02	3.072899e-02	-5.145411e-02
5.650000e+00	-2.353393e-02	2.142880e-02	-3.161541e-02	3.506978e-02	-5.380649e-02
5.700000e+00	-2.506501e-02	2.267797e-02	-3.155244e-02	3.779069e-02	-6.195926e-02
5.750000e+00	-2.347223e-02	2.170605e-02	-2.757879e-02	3.943763e-02	-6.190837e-02
5.800000e+00	-1.865022e-02	1.830565e-02	-2.106791e-02	3.788880e-02	-5.360789e-02
5.850000e+00	-1.119013e-02	1.351168e-02	-1.198162e-02	3.320746e-02	-3.888400e-02
5.900000e+00	-2.422952e-03	1.035914e-02	-3.327345e-03	2.673012e-02	-2.486229e-02
5.950000e+00	6.240750e-03	1.190979e-02	6.250894e-03	3.594725e-02	-2.200160e-02
6.000000e+00	1.361378e-02	1.573084e-02	1.723642e-02	4.592680e-02	-1.897667e-02
6.050000e+00	1.898680e-02	1.886850e-02	2.567667e-02	5.236308e-02	-1.940049e-02
6.100000e+00	2.218310e-02	2.058992e-02	3.127472e-02	5.469818e-02	-1.815773e-02
6.150000e+00	2.352553e-02	2.116711e-02	3.399468e-02	5.395069e-02	-1.926019e-02
6.200000e+00	2.351186e-02	2.121149e-02	3.349452e-02	5.239875e-02	-2.317073e-02
6.250000e+00	2.255093e-02	2.129992e-02	3.192748e-02	5.503911e-02	-2.499622e-02
6.300000e+00	2.081188e-02	2.171165e-02	2.885409e-02	5.440757e-02	-2.676395e-02
6.350000e+00	1.823767e-02	2.227240e-02	2.474857e-02	5.323346e-02	-3.479623e-02
6.400000e+00	1.469628e-02	2.244990e-02	2.030294e-02	4.926218e-02	-4.343294e-02
6.450000e+00	1.018078e-02	2.169977e-02	1.376704e-02	4.469357e-02	-5.043982e-02
6.500000e+00	4.950371e-03	1.983089e-02	9.410384e-03	3.668230e-02	-5.516303e-02
6.550000e+00	-4.801616e-04	1.711517e-02	1.996699e-03	3.063940e-02	-5.612928e-02
6.600000e+00	-5.424149e-03	1.454242e-02	-6.042058e-03	3.699450e-02	-5.293693e-02
6.650000e+00	-9.332807e-03	1.316997e-02	-1.081943e-02	3.988975e-02	-4.593023e-02
6.700000e+00	-1.196952e-02	1.343110e-02	-1.346221e-02	3.903064e-02	-3.916605e-02
6.750000e+00	-1.349969e-02	1.486586e-02	-1.510903e-02	3.469535e-02	-4.308819e-02
6.800000e+00	-1.440856e-02	1.688911e-02	-1.746954e-02	3.747576e-02	-4.456205e-02
6.850000e+00	-1.527109e-02	1.920051e-02	-2.005102e-02	4.456536e-02	-4.712909e-02
6.900000e+00	-1.646698e-02	2.160942e-02	-2.108600e-02	4.845786e-02	-5.103695e-02
6.950000e+00	-1.796401e-02	2.386086e-02	-2.363650e-02	5.415138e-02	-5.489560e-02
7.000000e+00	-1.927065e-02	2.560482e-02	-2.582199e-02	5.807059e-02	-5.421180e-02
7.050000e+00	-1.953212e-02	2.640155e-02	-2.687162e-02	5.694688e-02	-5.712272e-02
7.100000e+00	-1.802656e-02	2.603801e-02	-2.723375e-02	5.487483e-02	-5.612184e-02
7.150000e+00	-1.431560e-02	2.452694e-02	-2.297200e-02	5.973140e-02	-4.770539e-02
7.200000e+00	-8.536247e-03	2.224683e-02	-1.375753e-02	6.244768e-02	-4.379370e-02
7.250000e+00	-1.430980e-03	1.982871e-02	-2.206721e-03	6.182173e-02	-3.895942e-02
7.300000e+00	5.848118e-03	1.780917e-02	4.994365e-03	5.750390e-02	-3.095471e-02
7.350000e+00	1.209202e-02	1.632744e-02	1.164531e-02	5.039022e-02	-2.387382e-02
7.400000e+00	1.641114e-02	1.529171e-02	1.670331e-02	5.235361e-02	-2.930905e-02
7.450000e+00	1.849181e-02	1.480117e-02	2.018193e-02	5.174400e-02	-3.109477e-02
7.500000e+00	1.863671e-02	1.509404e-02	2.198837e-02	4.872310e-02	-2.915911e-02
7.550000e+00	1.751133e-02	1.604001e-02	2.112045e-02	4.669651e-02	-2.692467e-02
7.600000e+00	1.601630e-02	1.719743e-02	1.918960e-02	4.688246e-02	-2.981953e-02
7.650000e+00	1.475481e-02	1.828577e-02	1.786720e-02	4.541394e-02	-3.582891e-02
7.700000e+00	1.387462e-02	1.939305e-02	1.716029e-02	4.675220e-02	-4.236612e-02
7.750000e+00	1.306481e-02	2.062554e-02	1.900330e-02	4.612164e-02	-4.728908e-02
7.800000e+00	1.175376e-02	2.172436e-02	1.855005e-02	4.660341e-02	-4.918354e-02
7.850000e+00	9.416716e-03	2.214353e-02	1.543528e-02	4.523022e-02	-4.856555e-02
7.900000e+00	5.857496e-03	2.143360e-02	1.086120e-02	4.146908e-02	-4.586840e-02
7.950000e+00	1.342574e-03	1.953867e-02	5.749715e-03	3.582418e-02	-4.269889e-02
8.000000e+00	-3.469587e-03	1.695073e-02	-1.312365e-04	3.293536e-02	-4.941817e-02
8.050000e+00	-7.788754e-03	1.478359e-02	-6.270546e-03	3.021528e-02	-5.379392e-02
8.100000e+00	-1.094714e-02	1.455516e-02	-1.108581e-02	2.879812e-02	-5.498160e-02
8.150000e+00	-1.271607e-02	1.634101e-02	-1.425951e-02	2.698423e-02	-5.418361e-02
8.200000e+00	-1.334412e-02	1.849970e-02	-1.384404e-02	3.301353e-02	-5.163321e-02
8.250000e+00	-1.341874e-02	1.957152e-02	-1.302731e-02	4.170760e-02	-4.965496e-02
8.300000e+00	-1.358106e-02	1.941839e-02	-1.310421e-02	4.694781e-02	-4.855040e-02
8.350000e+00	-1.421527e-02	1.951417e-02	-1.808579e-02	4.939010e-02	-4.646899e-02
8.400000e+00	-1.524585e-02	2.172809e-02	-2.102487e-02	4.801555e-02	-5.695675e-02
8.450000e+00	-1.613208e-02	2.566086e-02	-1.704691e-02	4.312978e-02	-7.419743e-02
8.500000e+00	-1.606724e-02	2.894757e-02	-1.294612e-02	4.242177e-02	-8.423482e-02
8.550000e+00	-1.426965e-02	2.950534e-02	-8.620730e-03	4.324246e-02	-8.163546e-02
8.600000e+00	-1.041408e-02	2.671147e-02	-4.262603e-03	4.534682e-02	-6.688233e-02
8.650000e+00	-4.725517e-03	2.157162e-02	-4.309983e-03	4.418405e-02	-4.835736e-02
8.700000e+00	2.019831e-03	1.671424e-02	2.417120e-05	4.858455e-02	-2.981945e-02
8.750000e+00	8.722475e-03	1.520178e-02	7.416868e-03	5.348746e-02	-2.882953e-02
8.800000e+00	1.430122e-02	1.653562e-02	1.282721e-02	5.573122e-02	-2.674818e-02
8.850000e+00	1.801552e-02	1.759980e-02	1.578159e-02	5.775610e-02	-2.121662e-02
8.900000e+00	1.964738e-02	1.708435e-02	1.817459e-02	5.596864e-02	-1.626954e-02
8.950000e+00	1.948210e-02	1.562870e-02	1.885903e-02	5.142073e-02	-1.477421e-02
9.000000e+00	1.811065e-02	1.464141e-02	2.024985e-02	4.538485e-02	-1.621968e-02
9.050000e+00	1.615397e-02	1.492217e-02	1.986741e-02	4.206255e-02	-2.335487e-02
9.100000e+00	1.399676e-02	1.603051e-02	1.845731e-02	4.328859e-02	-3.129443e-02
9.150000e+00	1.169852e-02	1.723314e-02	1.642812e-02	4.150820e-02	-3.632212e-02
9.200000e+00	9.051662e-03	1.807785e-02	1.451806e-02	4.096931e-02	-3.733233e-02
9.250000e+00	5.781259e-03	1.828098e-02	1.136250e-02	3.857203e-02	-3.647994e-02
9.300000e+00	1.780114e-03	1.773298e-02	5.427937e-03	3.745145e-02	-4.688410e-02
9.350000e+00	-2.732979e-03	1.667415e-02	-1.601433e-03	3.474861e-02	-5.299049e-02
9.400000e+00	-7.208658e-03	1.560733e-02	-6.581940e-03	3.831849e-02	-5.511318e-02
9.450000e+00	-1.092465e-02	1.478874e-02	-9.900756e-03	3.734737e-02	-5.324990e-02
9.500000e+00	-1.324244e-02	1.392716e-02	-1.235769e-02	3.080659e-02	-4.767118e-02
9.550000e+00	-1.387475e-02	1.271382e-02	-1.346217e-02	2.033857e-02	-4.064041e-02
9.600000e+00	-1.294716e-02	1.153012e-02	-1.314872e-02	1.795808e-02	-3.773316e-02
9.650000e+00	-1.103728e-02	1.126287e-02	-1.108866e-02	2.111642e-02	-3.453848e-02
9.700000e+00	-8.940730e-03	1.196783e-02	-9.882946e-03	2.447800e-02	-3.934023e-02
9.750000e+00	-7.377020e-03	1.267255e-02	-7.816524e-03	2.322424e-02	-4.248360e-02
9.800000e+00	-6.724844e-03	1.290102e-02	-5.811679e-03	2.587365e-02	-4.334973e-02
9.850000e+00	-6.891312e-03	1.339741e-02	-5.694299e-03	2.774515e-02	-4.103992e-02
9.900000e+00	-7.365787e-03	1.510838e-02	-8.375253e-03	2.769066e-02	-3.744972e-02
9.950000e+00	-7.435117e-03	1.753558e-02	-9.790584e-03	3.206479e-02	-5.231876e-02
1.000000e+01	-6.473606e-03	1.919447e-02	-8.727117e-03	3.688411e-02	-5.868233e-02
1.005000e+01	-4.177494e-03	1.900446e-02	-5.598410e-03	4.188250e-02	-5.392021e-02
1.010000e+01	-7.227752e-04	1.685490e-02	-1.267482e-03	4.336543e-02	-4.350998e-02
1.015000e+01	3.324829e-03	1.362465e-02	2.199657e-03	4.119912e-02	-3.066831e-02
1.020000e+01	7.208261e-03	1.086152e-02	6.538997e-03	3.753061e-02	-1.752479e-02
1.025000e+01	1.024699e-02	9.767599e-03	1.008219e-02	3.503712e-02	-1.288157e-02
1.030000e+01	1.205716e-02	9.812602e-03	1.229560e-02	3.708377e-02	-1.048981e-02
1.035000e+01	1.264062e-02	9.752285e-03	1.314758e-02	3.720594e-02	-1.039971e-02
1.040000e+01	1.231700e-02	9.238560e-03	1.312718e-02	3.272644e-02	-1.143867e-02
1.045000e+01	1.153781e-02	8.728502e-03	1.232757e-02	3.069717e-02	-1.327626e-02
1.050000e+01	1.066779e-02	8.839622e-03	1.201531e-02	2.837379e-02	-1.605912e-02
1.055000e+01	9.827746e-03	9.797790e-03	1.161895e-02	2.719985e-02	-2.136217e-02
1.060000e+01	8.862384e-03	1.135505e-02	1.160130e-02	2.999074e-02	-2.539960e-02
1.065000e+01	7.441431e-03	1.301962e-02	1.034544e-02	3.333551e-02	-2.810649e-02
1.070000e+01	5.245781e-03	1.422657e-02	8.432561e-03	3.464461e-02	-3.323187e-02
1.075000e+01	2.155967e-03	1.450983e-02	5.466117e-03	3.325466e-02	-3.951111e-02
1.080000e+01	-1.638458e-03	1.369690e-02	1.162293e-03	2.945729e-02	-4.210182e-02
1.085000e+01	-5.655364e-03	1.203073e-02	-3.875723e-03	2.315057e-02	-4.223708e-02
1.090000e+01	-9.256262e-03	1.016116e-02	-8.857450e-03	1.471510e-02	-4.253251e-02
1.095000e+01	-1.184771e-02	8.931094e-03	-1.243945e-02	1.336298e-02	-3.891115e-02
1.100000e+01	-1.306865e-02	8.791255e-03	-1.394305e-02	1.474251e-02	-3.416093e-02
1.105000e+01	-1.291538e-02	9.388209e-03	-1.371411e-02	1.967895e-02	-3.604467e-02
1.110000e+01	-1.164706e-02	1.008160e-02	-1.253071e-02	2.238285e-02	-3.367075e-02
1.115000e+01	-9.745712e-03	1.051136e-02	-1.132197e-02	2.273729e-02	-3.303482e-02
1.120000e+01	-7.704513e-03	1.057670e-02	-9.251161e-03	2.110102e-02	-3.545679e-02
1.125000e+01	-5.862515e-03	1.032327e-02	-7.043254e-03	2.016198e-02	-3.494603e-02
1.130000e+01	-4.318944e-03	9.887725e-03	-5.720550e-03	2.217040e-02	-3.149783e-02
1.135000e+01	-2.953082e-03	9.441581e-03	-3.504994e-03	2.164352e-02	-2.812962e-02
1.140000e+01	-1.531786e-03	9.094267e-03	-2.353949e-03	2.148317e-02	-2.469262e-02
1.145000e+01	1.471880e-04	8.820620e-03	1.188067e-05	2.203442e-02	-2.091679e-02
1.150000e+01	2.138368e-03	8.500610e-03	1.694010e-03	2.252288e-02	-1.641645e-02
1.155000e+01	4.305032e-03	8.033742e-03	3.939898e-03	2.311034e-02	-1.304192e-02
1.160000e+01	6.362081e-03	7.422127e-03	5.941035e-03	2.291587e-02	-1.107988e-02
1.165000e+01	7.981825e-03	6.781630e-03	7.789736e-03	2.340477e-02	-8.250981e-03
1.170000e+01	8.914760e-03	6.290494e-03	9.098330e-03	2.292086e-02	-1.134643e-02
1.175000e+01	9.074549e-03	6.093707e-03	9.359991e-03	2.300604e-02	-1.320604e-02
1.180000e+01	8.554797e-03	6.230180e-03	9.054753e-03	2.313480e-02	-1.323728e-02
1.185000e+01	7.575763e-03	6.661118e-03	8.210329e-03	2.227990e-02	-1.286840e-02
1.190000e+01	6.388419e-03	7.326353e-03	7.018901e-03	2.218920e-02	-1.743254e-02
1.195000e+01	5.178989e-03	8.119546e-03	5.676439e-03	2.329021e-02	-1.973626e-02
1.200000e+01	4.013706e-03	8.846580e-03	4.990444e-03	2.641909e-02	-1.983379e-02
1.205000e+01	2.835756e-03	9.285708e-03	3.654201e-03	2.866854e-02	-2.329663e-02
1.210000e+01	1.546189e-03	9.230406e-03	2.262360e-03	2.831352e-02	-2.534505e-02
1.215000e+01	6.148578e-05	8.639086e-03	8.865427e-04	2.479287e-02	-2.713472e-02
1.220000e+01	-1.613327e-03	7.676757e-03	-9.565729e-04	1.818673e-02	-2.913291e-02
1.225000e+01	-3.358892e-03	6.729883e-03	-2.853034e-03	1.162139e-02	-2.837960e-02
1.230000e+01	-4.969414e-03	6.292393e-03	-4.984101e-03	1.085672e-02	-2.500029e-02
1.235000e+01	-6.221032e-03	6.560321e-03	-6.465725e-03	1.194020e-02	-2.145061e-02
1.240000e+01	-6.950367e-03	7.173713e-03	-7.062972e-03	1.124569e-02	-2.188761e-02
1.245000e+01	-7.109546e-03	7.621952e-03	-7.353426e-03	1.204466e-02	-2.616303e-02
1.250000e+01	-6.775246e-03	7.654112e-03	-6.895315e-03	1.310965e-02	-2.798241e-02
1.255000e+01	-6.109661e-03	7.404645e-03	-5.889035e-03	1.249442e-02	-2.714067e-02
1.260000e+01	-5.291679e-03	7.313513e-03	-5.215901e-03	1.319088e-02	-2.521367e-02
1.265000e+01	-4.448345e-03	7.696510e-03	-4.076168e-03	1.425811e-02	-2.848164e-02
1.270000e+01	-3.615134e-03	8.298797e-03	-2.374660e-03	1.663742e-02	-2.827234e-02
1.275000e+01	-2.740094e-03	8.557751e-03	-1.868281e-03	1.928462e-02	-3.221220e-02
1.280000e+01	-1.727670e-03	8.138948e-03	-1.150313e-03	2.000417e-02	-3.061465e-02
1.285000e+01	-5.015195e-04	7.188680e-03	-6.585312e-05	1.911249e-02	-2.354525e-02
1.290000e+01	9.413761e-04	6.316288e-03	1.040398e-03	1.835849e-02	-1.795839e-02
1.295000e+01	2.508065e-03	6.129639e-03	2.326977e-03	2.190078e-02	-1.251912e-02
1.300000e+01	4.027077e-03	6.456542e-03	3.571175e-03	2.426529e-02	-1.192607e-02
1.305000e+01	5.316722e-03	6.648419e-03	4.579126e-03	2.586127e-02	-1.377740e-02
1.310000e+01	6.187100e-03	6.376026e-03	5.830930e-03	2.576418e-02	-1.667748e-02
1.315000e+01	6.544715e-03	5.832601e-03	6.532200e-03	2.431169e-02	-1.752948e-02
1.320000e+01	6.394329e-03	5.462082e-03	6.707279e-03	2.014558e-02	-1.587186e-02
1.325000e+01	5.822433e-03	5.492293e-03	5.961391e-03	1.819562e-02	-1.237395e-02
1.330000e+01	4.956835e-03	5.743123e-03	4.856558e-03	1.817253e-02	-9.036921e-03
1.335000e+01	3.921124e-03	5.983391e-03	3.918253e-03	1.663711e-02	-1.179548e-02
1.340000e+01	2.802375e-03	6.156503e-03	2.897930e-03	1.672796e-02	-1.380651e-02
1.345000e+01	1.642495e-03	6.260912e-03	1.811004e-03	1.539301e-02	-1.657103e-02
1.350000e+01	4.524378e-04	6.238074e-03	5.962393e-04	1.363649e-02	-1.818358e-02
1.355000e+01	-7.608664e-04	6.048165e-03	-9.405528e-04	1.359044e-02	-1.847079e-02
1.360000e+01	-1.968957e-03	5.779685e-03	-2.057787e-03	1.239511e-02	-1.750270e-02
1.365000e+01	-3.109280e-03	5.589675e-03	-3.220260e-03	1.130009e-02	-1.761406e-02
1.370000e+01	-4.090424e-03	5.510821e-03	-4.127128e-03	9.705084e-03	-1.697461e-02
1.375000e+01	-4.812089e-03	5.421013e-03	-4.736209e-03	9.069936e-03	-1.838431e-02
1.380000e+01	-5.191220e-03	5.253935e-03	-5.367201e-03	9.419808e-03	-1.721654e-02
1.385000e+01	-5.184322e-03	5.128342e-03	-5.764032e-03	8.286630e-03	-1.640357e-02
1.390000e+01	-4.798627e-03	5.184748e-03	-5.054043e-03	7.237341e-03	-1.591044e-02
1.395000e+01	-4.089697e-03	5.343186e-03	-3.710807e-03	6.785786e-03	-1.629394e-02
1.400000e+01	-3.148076e-03	5.394205e-03	-2.553899e-03	9.255662e-03	-1.803533e-02
1.405000e+01	-2.088339e-03	5.308805e-03	-1.234530e-03	9.480734e-03	-1.831450e-02
1.410000e+01	-9.984943e-04	5.270150e-03	-4.010190e-04	1.186461e-02	-1.628245e-02
1.415000e+01	3.518466e-05	5.468283e-03	4.096702e-05	1.581377e-02	-1.774129e-02
1.420000e+01	9.430998e-04	5.769838e-03	1.141879e-03	1.794192e-02	-1.959037e-02
1.425000e+01	1.672950e-03	5.837897e-03	2.077154e-03	1.763933e-02	-1.837011e-02
1.430000e+01	2.191867e-03	5.476944e-03	2.457937e-03	1.752619e-02	-1.697658e-02
1.435000e+01	2.491159e-03	4.801585e-03	2.591485e-03	1.802472e-02	-1.495366e-02
1.440000e+01	2.590969e-03	4.202163e-03	2.499510e-03	1.670711e-02	-1.123367e-02
1.445000e+01	2.539915e-03	4.050186e-03	2.645716e-03	1.379583e-02	-9.628371e-03
1.450000e+01	2.405878e-03	4.268538e-03	2.453777e-03	1.244337e-02	-1.140808e-02
1.455000e+01	2.258076e-03	4.496849e-03	2.297089e-03	1.406346e-02	-1.144609e-02
1.460000e+01	2.145464e-03	4.536429e-03	2.086920e-03	1.611251e-02	-9.816891e-03
1.465000e+01	2.079587e-03	4.411231e-03	2.072944e-03	1.616610e-02	-9.442214e-03
1.470000e+01	2.029495e-03	4.237489e-03	2.013709e-03	1.598227e-02	-8.519345e-03
1.475000e+01	1.932081e-03	4.106716e-03	1.869569e-03	1.618124e-02	-7.969666e-03
1.480000e+01	1.715116e-03	4.045641e-03	1.705437e-03	1.422647e-02	-9.868947e-03
1.485000e+01	1.324954e-03	4.033408e-03	1.257532e-03	1.336521e-02	-1.108952e-02
1.490000e+01	7.488541e-04	4.024419e-03	8.181689e-04	1.229338e-02	-1.155259e-02
1.495000e+01	2.378255e-05	3.970761e-03	4.863886e-04	1.022422e-02	-1.254195e-02
1.500000e+01	-7.712796e-04	3.854057e-03	-3.636304e-04	7.824963e-03	-1.336781e-02
1.505000e+01	-1.540642e-03	3.715566e-03	-1.457139e-03	7.613226e-03	-1.264335e-02
1.510000e+01	-2.185943e-03	3.615476e-03	-2.309576e-03	7.493519e-03	-1.096823e-02
1.515000e+01	-2.641532e-03	3.606944e-03	-2.582290e-03	7.275800e-03	-1.123849e-02
1.520000e+01	-2.882944e-03	3.703207e-03	-2.617966e-03	6.635749e-03	-1.223251e-02
1.525000e+01	-2.922864e-03	3.876771e-03	-2.588782e-03	7.323002e-03	-1.309445e-02
1.530000e+01	-2.794586e-03	4.061751e-03	-2.606720e-03	9.289327e-03	-1.385054e-02
1.535000e+01	-2.531488e-03	4.165541e-03	-2.609103e-03	9.640890e-03	-1.517710e-02
1.540000e+01	-2.152443e-03	4.110620e-03	-2.062039e-03	8.386350e-03	-1.486476e-02
1.545000e+01	-1.659946e-03	3.891286e-03	-1.588670e-03	7.402253e-03	-1.230651e-02
1.550000e+01	-1.051511e-03	3.605196e-03	-9.919804e-04	7.611006e-03	-1.130985e-02
1.555000e+01	-3.383260e-04	3.414256e-03	-4.346789e-04	7.566158e-03	-1.047586e-02
1.560000e+01	4.386753e-04	3.414329e-03	4.460361e-04	1.224417e-02	-8.874149e-03
1.565000e+01	1.204527e-03	3.538486e-03	1.436509e-03	1.440228e-02	-7.194740e-03
1.570000e+01	1.861959e-03	3.643865e-03	2.218980e-03	1.375506e-02	-6.475307e-03
1.575000e+01	2.316240e-03	3.646083e-03	2.734622e-03	1.138741e-02	-7.564566e-03
1.580000e+01	2.504075e-03	3.557304e-03	2.849259e-03	1.127273e-02	-6.961064e-03
1.585000e+01	2.415101e-03	3.452982e-03	2.648121e-03	1.101042e-02	-6.677264e-03
1.590000e+01	2.096934e-03	3.410327e-03	2.359659e-03	1.191189e-02	-7.618224e-03
1.595000e+01	1.641065e-03	3.448945e-03	1.978118e-03	1.223954e-02	-8.083712e-03
1.600000e+01	1.154444e-03	3.516292e-03	1.288360e-03	1.139214e-02	-8.170777e-03
1.605000e+01	7.278468e-04	3.540734e-03	6.091366e-04	1.025955e-02	-1.048517e-02
1.610000e+01	4.054932e-04	3.464497e-03	1.566518e-04	1.027006e-02	-1.144302e-02
1.615000e+01	1.886209e-04	3.304901e-03	-4.916387e-05	8.914309e-03	-1.032980e-02
1.620000e+01	3.894583e-05	3.147850e-03	2.554312e-04	8.261344e-03	-1.080636e-02
1.625000e+01	-9.945957e-05	3.091649e-03	-2.669928e-04	8.825857e-03	-1.172701e-02
1.630000e+01	-2.743175e-04	3.152639e-03	-6.598505e-04	9.672442e-03	-1.159282e-02
1.635000e+01	-5.052835e-04	3.244835e-03	-7.744715e-04	1.053648e-02	-1.022102e-02
1.640000e+01	-7.770023e-04	3.268673e-03	-7.439925e-04	9.320402e-03	-8.465633e-03
1.645000e+01	-1.046501e-03	3.195849e-03	-1.038105e-03	9.250565e-03	-8.964586e-03
1.650000e+01	-1.260680e-03	3.086701e-03	-1.152540e-03	8.750684e-03	-9.632086e-03
1.655000e+01	-1.376111e-03	3.042835e-03	-1.144073e-03	7.060099e-03	-9.271442e-03
1.660000e+01	-1.373239e-03	3.117282e-03	-1.130308e-03	6.706619e-03	-1.099832e-02
1.665000e+01	-1.260102e-03	3.265252e-03	-1.188942e-03	6.751121e-03	-1.207394e-02
1.670000e+01	-1.065463e-03	3.395134e-03	-8.006681e-04	7.394151e-03	-1.177283e-02
1.675000e+01	-8.255632e-04	3.442943e-03	-5.525662e-04	7.350157e-03	-1.075134e-02
1.680000e+01	-5.708395e-04	3.396180e-03	-2.868487e-04	6.966600e-03	-1.140922e-02
1.685000e+01	-3.181485e-04	3.274265e-03	-1.446060e-04	6.193605e-03	-1.214863e-02
1.690000e+01	-7.096129e-05	3.100814e-03	8.273498e-05	6.847978e-03	-1.117831e-02
1.695000e+01	1.738772e-04	2.900298e-03	3.841884e-04	7.452598e-03	-9.675974e-03
1.700000e+01	4.170507e-04	2.722763e-03	4.521720e-04	7.578460e-03	-9.334785e-03
1.705000e+01	6.533717e-04	2.652014e-03	4.775341e-04	9.311629e-03	-7.016015e-03
1.710000e+01	8.594090e-04	2.739131e-03	9.056884e-04	9.762785e-03	-7.186327e-03
1.715000e+01	1.011798e-03	2.927390e-03	1.224069e-03	1.066126e-02	-7.870255e-03
1.720000e+01	1.092099e-03	3.092997e-03	1.067793e-03	1.204855e-02	-9.266010e-03
1.725000e+01	1.093236e-03	3.151135e-03	1.079001e-03	1.182507e-02	-9.473961e-03
1.730000e+01	1.021312e-03	3.106574e-03	1.017502e-03	1.177129e-02	-8.264666e-03
1.735000e+01	8.922445e-04	3.031047e-03	9.005291e-04	1.080744e-02	-8.016429e-03
1.740000e+01	7.251294e-04	2.989333e-03	8.758910e-04	8.727689e-03	-8.371672e-03
1.745000e+01	5.356620e-04	2.975944e-03	6.721077e-04	7.488512e-03	-7.445042e-03
1.750000e+01	3.326839e-04	2.934178e-03	2.803894e-04	8.141292e-03	-7.542986e-03
1.755000e+01	1.191961e-04	2.827057e-03	-7.449272e-05	8.091013e-03	-7.640805e-03
1.760000e+01	-1.031204e-04	2.676316e-03	-2.936340e-04	8.490541e-03	-7.198942e-03
1.765000e+01	-3.285611e-04	2.544986e-03	-5.297986e-04	7.929074e-03	-6.250868e-03
1.770000e+01	-5.442696e-04	2.486960e-03	-7.445204e-04	6.697656e-03	-7.239755e-03
1.775000e+01	-7.311831e-04	2.507009e-03	-8.729163e-04	6.217909e-03	-7.194727e-03
1.780000e+01	-8.688379e-04	2.566643e-03	-9.481682e-04	6.617283e-03	-6.947801e-03
1.785000e+01	-9.418544e-04	2.619637e-03	-9.209951e-04	6.550260e-03	-8.092036e-03
1.790000e+01	-9.450367e-04	2.642055e-03	-8.281812e-04	6.479500e-03	-8.126747e-03
1.795000e+01	-8.846354e-04	2.646691e-03	-9.382309e-04	5.734525e-03	-7.555540e-03
1.800000e+01	-7.751385e-04	2.674334e-03	-7.143616e-04	5.537740e-03	-7.947234e-03
1.805000e+01	-6.341544e-04	2.756510e-03	-5.039677e-04	6.108996e-03	-8.926491e-03
1.810000e+01	-4.739349e-04	2.862184e-03	-2.118113e-04	6.382095e-03	-1.079763e-02
1.815000e+01	-2.990324e-04	2.920325e-03	-7.805731e-05	8.309981e-03	-1.085701e-02
1.820000e+01	-1.071748e-04	2.871318e-03	1.703594e-04	9.426206e-03	-8.971052e-03
1.825000e+01	1.049490e-04	2.711093e-03	4.035344e-04	9.368999e-03	-7.629656e-03
1.830000e+01	3.342678e-04	2.497973e-03	5.017356e-04	8.095031e-03	-6.317187e-03
1.835000e+01	5.660332e-04	2.321075e-03	6.860302e-04	5.961609e-03	-6.242185e-03
1.840000e+01	7.736350e-04	2.244696e-03	8.292965e-04	6.910546e-03	-6.421501e-03
1.845000e+01	9.243055e-04	2.273740e-03	1.080265e-03	7.358265e-03	-7.077981e-03
1.850000e+01	9.888502e-04	2.374513e-03	1.090633e-03	7.405089e-03	-6.575238e-03
1.855000e+01	9.516345e-04	2.507116e-03	1.157335e-03	7.777440e-03	-6.146551e-03
1.860000e+01	8.167692e-04	2.629761e-03	9.531170e-04	7.568095e-03	-6.837882e-03
1.865000e+01	6.078941e-04	2.699393e-03	6.910412e-04	7.277082e-03	-6.861542e-03
1.870000e+01	3.615419e-04	2.688791e-03	4.368400e-04	7.644585e-03	-7.802668e-03
1.875000e+01	1.166306e-04	2.605745e-03	2.456767e-04	7.406575e-03	-8.189649e-03
1.880000e+01	-9.590438e-05	2.492440e-03	-1.967931e-06	6.593066e-03	-7.694362e-03
1.885000e+01	-2.595828e-04	2.396764e-03	-3.045495e-04	6.176708e-03	-6.126044e-03
1.890000e+01	-3.729992e-04	2.332866e-03	-4.400616e-04	6.291070e-03	-6.251193e-03
1.895000e+01	-4.451426e-04	2.271139e-03	-5.442145e-04	6.854429e-03	-6.326500e-03
1.900000e+01	-4.880772e-04	2.171399e-03	-5.498308e-04	6.859616e-03	-5.742573e-03
1.905000e+01	-5.112669e-04	2.028230e-03	-6.065744e-04	7.142917e-03	-4.900468e-03
1.910000e+01	-5.156736e-04	1.878950e-03	-5.760862e-04	7.040379e-03	-4.860256e-03
1.915000e+01	-4.983200e-04	1.800393e-03	-6.314075e-04	5.974652e-03	-5.210653e-03
1.920000e+01	-4.558225e-04	1.845380e-03	-5.339272e-04	5.514317e-03	-5.039775e-03
1.925000e+01	-3.892058e-04	1.988242e-03	-4.360253e-04	4.859029e-03	-5.187646e-03
1.930000e+01	-3.061967e-04	2.153694e-03	-3.732633e-04	4.919663e-03	-6.010043e-03
1.935000e+01	-2.195644e-04	2.278052e-03	-1.649225e-04	5.166436e-03	-6.526884e-03
1.940000e+01	-1.421493e-04	2.331440e-03	-1.315725e-05	5.259255e-03	-6.813856e-03
1.945000e+01	-8.099162e-05	2.311802e-03	-5.199450e-06	6.260957e-03	-6.251408e-03
1.950000e+01	-3.357380e-05	2.235749e-03	-6.114724e-05	6.757076e-03	-5.598828e-03
1.955000e+01	1.167194e-05	2.134098e-03	-6.193729e-05	6.706258e-03	-5.185780e-03
1.960000e+01	7.038171e-05	2.044806e-03	4.913326e-05	6.160050e-03	-4.953982e-03
1.965000e+01	1.547146e-04	1.994076e-03	2.178288e-04	5.955533e-03	-5.420857e-03
1.970000e+01	2.664683e-04	1.978008e-03	3.618016e-04	5.389368e-03	-5.576028e-03
1.975000e+01	3.939598e-04	1.972985e-03	4.033301e-04	5.336495e-03	-5.186360e-03
1.980000e+01	5.142570e-04	1.969279e-03	7.398253e-04	4.752941e-03	-5.189474e-03
1.985000e+01	6.000888e-04	1.986240e-03	8.425436e-04	5.266292e-03	-5.177431e-03
1.990000e+01	6.287691e-04	2.045177e-03	7.787415e-04	5.444981e-03	-5.368094e-03
1.995000e+01	5.896227e-04	2.129608e-03	6.582920e-04	5.717239e-03	-5.498638e-03
2.000000e+01	4.870567e-04	2.188240e-03	4.779332e-04	5.868424e-03	-5.637473e-03
