# k	<chi>	std	chi_median	chi_max	chi_min
0.000000e+00	-5.100139e-02	1.452878e-01	0.000000e+00	2.139837e-01	-6.797737e-01
5.000000e-02	-1.088189e-01	1.966063e-01	-5.746156e-02	3.023338e-01	-6.926198e-01
1.000000e-01	-1.157940e-01	1.951183e-01	-6.342998e-02	2.820532e-01	-7.022747e-01
1.500000e-01	-1.360056e-01	1.924215e-01	-8.024918e-02	2.211918e-01	-7.293301e-01
2.000000e-01	-1.560900e-01	1.923004e-01	-1.033922e-01	1.598448e-01	-7.544961e-01
2.500000e-01	-1.873162e-01	1.977530e-01	-1.362108e-01	1.461248e-01	-7.905560e-01
3.000000e-01	-2.177635e-01	2.091469e-01	-2.001176e-01	1.314798e-01	-8.211632e-01
3.500000e-01	-2.562063e-01	2.318457e-01	-2.753103e-01	1.137664e-01	-8.526781e-01
4.000000e-01	-2.923027e-01	2.589121e-01	-2.838283e-01	9.523694e-02	-8.762042e-01
4.500000e-01	-3.325123e-01	2.939348e-01	-2.841868e-01	7.433551e-02	-9.048234e-01
5.000000e-01	-3.674976e-01	3.264204e-01	-2.756249e-01	5.507494e-02	-9.332260e-01
5.500000e-01	-4.010710e-01	3.575416e-01	-2.813670e-01	4.300868e-02	-1.019769e+00
6.000000e-01	-4.249810e-01	3.788050e-01	-2.886520e-01	3.230426e-02	-1.107679e+00
6.500000e-01	-4.399104e-01	3.887839e-01	-2.840595e-01	9.532765e-03	-1.157981e+00
7.000000e-01	-4.404240e-01	3.840412e-01	-2.772574e-01	-1.242447e-02	-1.180765e+00
7.500000e-01	-4.248571e-01	3.615751e-01	-2.619499e-01	-1.693905e-02	-1.144361e+00
8.000000e-01	-3.931261e-01	3.246648e-01	-2.369135e-01	-1.655972e-02	-1.048591e+00
8.500000e-01	-3.435309e-01	2.711283e-01	-2.301087e-01	-9.349481e-03	-9.279462e-01
9.000000e-01	-2.827735e-01	2.108563e-01	-2.094425e-01	4.551482e-04	-7.659610e-01
9.500000e-01	-2.115481e-01	1.455533e-01	-1.799344e-01	4.460737e-03	-5.608085e-01
1.000000e+00	-1.416318e-01	9.238827e-02	-1.306082e-01	2.562298e-02	-4.048050e-01
1.050000e+00	-7.637445e-02	6.839903e-02	-6.330698e-02	8.465762e-02	-2.425996e-01
1.100000e+00	-2.716629e-02	7.931357e-02	-1.910054e-02	1.356110e-01	-2.189821e-01
1.150000e+00	2.878335e-03	9.384574e-02	7.022162e-03	2.086651e-01	-2.049158e-01
1.200000e+00	9.698843e-03	9.510617e-02	1.892055e-02	2.196921e-01	-1.996424e-01
1.250000e+00	-5.426742e-03	8.263426e-02	2.496955e-03	1.745197e-01	-1.980212e-01
1.300000e+00	-3.602981e-02	6.481289e-02	-2.977963e-02	9.867697e-02	-2.003475e-01
1.350000e+00	-7.536823e-02	5.675307e-02	-8.034036e-02	8.643517e-02	-2.267492e-01
1.400000e+00	-1.108082e-01	6.587358e-02	-1.145638e-01	6.838981e-02	-2.601307e-01
1.450000e+00	-1.346050e-01	7.730993e-02	-1.230376e-01	6.648366e-02	-3.126124e-01
1.500000e+00	-1.378969e-01	7.818881e-02	-1.244689e-01	6.793410e-02	-3.044060e-01
1.550000e+00	-1.186623e-01	6.713920e-02	-1.230177e-01	6.556601e-02	-2.545809e-01
1.600000e+00	-7.930690e-02	5.682919e-02	-8.412256e-02	6.821355e-02	-2.013234e-01
1.650000e+00	-2.566737e-02	7.056319e-02	-3.326758e-03	9.533199e-02	-1.959048e-01
1.700000e+00	3.067771e-02	1.020713e-01	4.849080e-02	2.222559e-01	-1.766211e-01
1.750000e+00	8.172188e-02	1.325140e-01	7.673436e-02	3.234022e-01	-1.500447e-01
1.800000e+00	1.166816e-01	1.482748e-01	9.966337e-02	3.796007e-01	-1.135241e-01
1.850000e+00	1.336568e-01	1.465897e-01	1.118676e-01	3.930966e-01	-8.533131e-02
1.900000e+00	1.306167e-01	1.266262e-01	1.025599e-01	3.474162e-01	-5.375362e-02
1.950000e+00	1.137947e-01	9.458621e-02	9.162713e-02	2.757169e-01	-2.318257e-02
2.000000e+00	8.842193e-02	5.767890e-02	7.806499e-02	1.931741e-01	-2.649310e-03
2.050000e+00	6.279662e-02	2.633312e-02	6.367312e-02	1.366337e-01	-3.225392e-03
2.100000e+00	4.177268e-02	2.318021e-02	3.960742e-02	1.127506e-01	-1.294225e-02
2.150000e+00	2.871263e-02	3.468297e-02	2.960968e-02	9.267188e-02	-4.773399e-02
2.200000e+00	2.316261e-02	3.942849e-02	2.367024e-02	1.013751e-01	-5.553869e-02
2.250000e+00	2.209246e-02	3.957090e-02	2.284146e-02	1.041267e-01	-5.630092e-02
2.300000e+00	2.079532e-02	3.637031e-02	2.402362e-02	1.019722e-01	-5.349280e-02
2.350000e+00	1.683348e-02	3.207779e-02	2.350074e-02	9.109794e-02	-4.739356e-02
2.400000e+00	9.838293e-03	2.789374e-02	1.783709e-02	7.191532e-02	-4.299430e-02
2.450000e+00	3.105207e-03	2.355412e-02	1.024036e-02	4.957758e-02	-4.089708e-02
2.500000e+00	-3.484611e-03	1.870856e-02	2.374007e-03	2.783126e-02	-4.446684e-02
2.550000e+00	-8.879191e-03	1.362242e-02	-4.839481e-03	1.551169e-02	-4.169752e-02
2.600000e+00	-1.227772e-02	8.762079e-03	-1.094285e-02	6.179490e-03	-3.369169e-02
2.650000e+00	-1.482503e-02	5.943887e-03	-1.448578e-02	-9.931106e-04	-3.065973e-02
2.700000e+00	-1.591817e-02	6.067976e-03	-1.536287e-02	-2.601419e-03	-3.855399e-02
2.750000e+00	-1.559514e-02	8.161315e-03	-1.403315e-02	2.086775e-03	-4.375697e-02
2.800000e+00	-1.411793e-02	1.011876e-02	-1.259662e-02	5.518014e-03	-4.478833e-02
2.850000e+00	-1.284825e-02	1.134845e-02	-1.116693e-02	5.660077e-03	-4.375267e-02
2.900000e+00	-1.095369e-02	1.163277e-02	-9.821336e-03	7.473803e-03	-3.975118e-02
2.950000e+00	-8.763520e-03	1.104494e-02	-9.148508e-03	9.178853e-03	-3.408759e-02
3.000000e+00	-6.533336e-03	9.844021e-03	-6.765474e-03	9.637550e-03	-2.684338e-02
3.050000e+00	-4.482688e-03	8.623028e-03	-3.891641e-03	1.088630e-02	-2.423842e-02
3.100000e+00	-2.573069e-03	7.646903e-03	-1.308867e-03	1.121726e-02	-2.311000e-02
3.150000e+00	-7.807497e-04	7.409087e-03	1.250417e-03	1.139493e-02	-2.376939e-02
3.200000e+00	9.966214e-04	7.995941e-03	2.768200e-03	1.705149e-02	-2.343790e-02
3.250000e+00	2.766116e-03	8.973812e-03	2.963477e-03	2.499799e-02	-2.122536e-02
3.300000e+00	4.813263e-03	9.922591e-03	3.429112e-03	3.156807e-02	-1.705369e-02
3.350000e+00	7.186868e-03	1.045876e-02	4.589270e-03	3.649814e-02	-1.147018e-02
3.400000e+00	9.793597e-03	1.039806e-02	6.859523e-03	3.938092e-02	-5.170277e-03
3.450000e+00	1.261710e-02	9.731045e-03	1.066950e-02	4.192097e-02	-4.590182e-03
3.500000e+00	1.522977e-02	8.697428e-03	1.459777e-02	4.202454e-02	-4.288089e-03
3.550000e+00	1.718047e-02	7.808533e-03	1.767688e-02	3.945024e-02	-4.167162e-03
3.600000e+00	1.804370e-02	7.550399e-03	1.844109e-02	3.439407e-02	-3.482520e-03
3.650000e+00	1.772451e-02	7.939399e-03	1.703397e-02	3.814072e-02	-1.709698e-03
3.700000e+00	1.574544e-02	8.475841e-03	1.444276e-02	4.108315e-02	2.900923e-05
3.750000e+00	1.207359e-02	8.618984e-03	1.063918e-02	3.899018e-02	-6.198810e-03
3.800000e+00	6.894396e-03	8.236934e-03	5.987916e-03	3.219718e-02	-1.223112e-02
3.850000e+00	6.486083e-04	7.669213e-03	1.720825e-04	2.181119e-02	-1.839677e-02
3.900000e+00	-6.319935e-03	7.502031e-03	-7.195736e-03	1.395719e-02	-2.475019e-02
3.950000e+00	-1.331577e-02	8.206301e-03	-1.438454e-02	1.158673e-02	-2.924934e-02
4.000000e+00	-1.956121e-02	9.445082e-03	-2.037203e-02	9.492678e-03	-3.857020e-02
4.050000e+00	-2.447340e-02	1.056258e-02	-2.505426e-02	7.069125e-03	-4.637838e-02
4.100000e+00	-2.734015e-02	1.098755e-02	-2.824332e-02	4.754704e-03	-5.003135e-02
4.150000e+00	-2.771934e-02	1.052128e-02	-2.843854e-02	1.929095e-03	-5.024497e-02
4.200000e+00	-2.551208e-02	9.474779e-03	-2.555918e-02	6.089313e-04	-4.632967e-02
4.250000e+00	-2.125719e-02	8.767913e-03	-2.069762e-02	-4.484450e-04	-4.742147e-02
4.300000e+00	-1.531292e-02	9.365850e-03	-1.469748e-02	5.231308e-03	-4.506387e-02
4.350000e+00	-8.512344e-03	1.129302e-02	-9.576527e-03	1.854426e-02	-3.956805e-02
4.400000e+00	-1.747060e-03	1.356718e-02	-4.060645e-03	2.942155e-02	-3.127565e-02
4.450000e+00	4.121901e-03	1.522890e-02	1.533299e-03	3.698461e-02	-2.252725e-02
4.500000e+00	8.809700e-03	1.599331e-02	6.299529e-03	4.125956e-02	-1.918335e-02
4.550000e+00	1.221664e-02	1.580551e-02	1.073399e-02	4.133414e-02	-1.849776e-02
4.600000e+00	1.455236e-02	1.488448e-02	1.424832e-02	4.060511e-02	-1.910759e-02
4.650000e+00	1.618515e-02	1.362828e-02	1.773603e-02	4.097919e-02	-1.838720e-02
4.700000e+00	1.749792e-02	1.237524e-02	2.016811e-02	3.984607e-02	-1.625906e-02
4.750000e+00	1.865577e-02	1.133885e-02	2.094643e-02	3.718848e-02	-1.290248e-02
4.800000e+00	1.956866e-02	1.057303e-02	2.171762e-02	4.123362e-02	-9.190766e-03
4.850000e+00	1.994373e-02	1.008915e-02	2.142785e-02	4.534732e-02	-8.562827e-03
4.900000e+00	1.940745e-02	9.965018e-03	1.976063e-02	4.766588e-02	-7.638950e-03
4.950000e+00	1.768049e-02	1.054053e-02	1.641380e-02	4.768108e-02	-7.436493e-03
5.000000e+00	1.472966e-02	1.211134e-02	1.340742e-02	4.663614e-02	-1.477004e-02
5.050000e+00	1.081994e-02	1.440971e-02	1.067239e-02	5.259189e-02	-2.205443e-02
5.100000e+00	6.454828e-03	1.679264e-02	6.603956e-03	5.746074e-02	-3.097484e-02
5.150000e+00	2.173800e-03	1.849670e-02	1.787856e-03	5.771713e-02	-3.766099e-02
5.200000e+00	-1.630610e-03	1.900264e-02	-2.725343e-03	5.841421e-02	-3.889195e-02
5.250000e+00	-4.857368e-03	1.822452e-02	-7.009478e-03	5.860077e-02	-3.837268e-02
5.300000e+00	-7.706629e-03	1.662882e-02	-1.043917e-02	5.311298e-02	-4.238413e-02
5.350000e+00	-1.059396e-02	1.500994e-02	-1.340670e-02	4.201591e-02	-4.636448e-02
5.400000e+00	-1.391316e-02	1.401955e-02	-1.541601e-02	2.680312e-02	-5.175088e-02
5.450000e+00	-1.771897e-02	1.363489e-02	-1.828207e-02	1.817385e-02	-5.579628e-02
5.500000e+00	-2.174993e-02	1.361009e-02	-2.249908e-02	1.719237e-02	-6.252403e-02
5.550000e+00	-2.529703e-02	1.401942e-02	-2.699827e-02	2.054411e-02	-6.947300e-02
5.600000e+00	-2.740844e-02	1.528849e-02	-2.849642e-02	2.355967e-02	-7.032477e-02
5.650000e+00	-2.710346e-02	1.733489e-02	-2.770492e-02	2.529537e-02	-6.389454e-02
5.700000e+00	-2.398269e-02	1.944819e-02	-2.463349e-02	2.509482e-02	-6.821739e-02
5.750000e+00	-1.816738e-02	2.072740e-02	-1.873705e-02	2.413794e-02	-6.787659e-02
5.800000e+00	-1.042052e-02	2.068623e-02	-1.097091e-02	3.085476e-02	-6.040860e-02
5.850000e+00	-1.934303e-03	1.941180e-02	-1.952166e-03	4.082749e-02	-4.994310e-02
5.900000e+00	5.859333e-03	1.781294e-02	4.614965e-03	5.150074e-02	-4.088915e-02
5.950000e+00	1.186247e-02	1.716040e-02	1.146081e-02	5.607030e-02	-3.050672e-02
6.000000e+00	1.552401e-02	1.837600e-02	1.692833e-02	5.908560e-02	-2.529073e-02
6.050000e+00	1.687815e-02	2.119719e-02	1.574011e-02	6.358390e-02	-2.622080e-02
6.100000e+00	1.658155e-02	2.470128e-02	1.311419e-02	6.736833e-02	-2.954998e-02
6.150000e+00	1.551255e-02	2.795413e-02	1.122352e-02	6.935363e-02	-3.316327e-02
6.200000e+00	1.444576e-02	3.025035e-02	1.025625e-02	7.343519e-02	-3.657960e-02
6.250000e+00	1.379139e-02	3.110131e-02	1.157303e-02	7.336647e-02	-4.335091e-02
6.300000e+00	1.350462e-02	3.027127e-02	1.423558e-02	6.864428e-02	-4.331218e-02
6.350000e+00	1.318574e-02	2.783769e-02	1.574280e-02	7.036835e-02	-3.910608e-02
6.400000e+00	1.231592e-02	2.423521e-02	1.392830e-02	6.949613e-02	-3.729525e-02
6.450000e+00	1.052349e-02	2.030326e-02	1.050772e-02	6.160420e-02	-3.562931e-02
6.500000e+00	7.768570e-03	1.734374e-02	7.296916e-03	5.058873e-02	-3.345904e-02
6.550000e+00	4.356870e-03	1.673707e-02	4.602607e-03	4.967501e-02	-4.372635e-02
6.600000e+00	8.723863e-04	1.873692e-02	2.412035e-03	4.521127e-02	-5.649658e-02
6.650000e+00	-2.126203e-03	2.199048e-02	-9.801034e-05	4.204405e-02	-6.272350e-02
6.700000e+00	-4.301347e-03	2.511108e-02	-2.447234e-03	4.409994e-02	-6.181146e-02
6.750000e+00	-5.656987e-03	2.727545e-02	-5.058206e-03	5.388429e-02	-6.202800e-02
6.800000e+00	-6.506481e-03	2.814338e-02	-7.183636e-03	5.954474e-02	-6.177084e-02
6.850000e+00	-7.304996e-03	2.774614e-02	-8.604783e-03	5.984300e-02	-5.902721e-02
6.900000e+00	-8.421508e-03	2.636813e-02	-1.054346e-02	5.510968e-02	-5.424284e-02
6.950000e+00	-9.950681e-03	2.437469e-02	-1.258701e-02	5.597339e-02	-5.285378e-02
7.000000e+00	-1.164697e-02	2.204244e-02	-1.386255e-02	5.210191e-02	-5.282463e-02
7.050000e+00	-1.299067e-02	1.950227e-02	-1.523940e-02	4.351447e-02	-5.243368e-02
7.100000e+00	-1.345149e-02	1.706554e-02	-1.508509e-02	3.165236e-02	-4.885966e-02
7.150000e+00	-1.265852e-02	1.533341e-02	-1.202760e-02	2.572266e-02	-5.400539e-02
7.200000e+00	-1.058511e-02	1.499884e-02	-9.711698e-03	2.820825e-02	-5.651863e-02
7.250000e+00	-7.574523e-03	1.600885e-02	-7.548057e-03	3.045664e-02	-5.844961e-02
7.300000e+00	-4.216008e-03	1.745599e-02	-4.977334e-03	4.015148e-02	-5.330454e-02
7.350000e+00	-1.123923e-03	1.848109e-02	-3.155350e-03	4.888729e-02	-4.127112e-02
7.400000e+00	1.287519e-03	1.880130e-02	-1.935467e-03	4.947146e-02	-4.192351e-02
7.450000e+00	2.940171e-03	1.864053e-02	2.135957e-03	4.782809e-02	-4.797590e-02
7.500000e+00	4.083519e-03	1.837682e-02	6.214909e-03	4.610535e-02	-5.141343e-02
7.550000e+00	5.141239e-03	1.815334e-02	7.854109e-03	4.083204e-02	-4.929654e-02
7.600000e+00	6.508850e-03	1.788896e-02	9.455107e-03	4.553346e-02	-4.231798e-02
7.650000e+00	8.331418e-03	1.744495e-02	1.130744e-02	4.686971e-02	-4.239103e-02
7.700000e+00	1.042146e-02	1.684451e-02	1.372784e-02	4.845078e-02	-4.189528e-02
7.750000e+00	1.231133e-02	1.621385e-02	1.520987e-02	4.853729e-02	-3.643294e-02
7.800000e+00	1.342662e-02	1.562476e-02	1.388165e-02	4.661962e-02	-3.055235e-02
7.850000e+00	1.330767e-02	1.506973e-02	1.290907e-02	5.204712e-02	-2.098458e-02
7.900000e+00	1.178771e-02	1.458691e-02	1.121866e-02	5.345646e-02	-2.303641e-02
7.950000e+00	9.056496e-03	1.433642e-02	9.214903e-03	4.933710e-02	-3.374572e-02
8.000000e+00	5.588168e-03	1.449768e-02	5.534803e-03	4.678151e-02	-4.110995e-02
8.050000e+00	1.940662e-03	1.506681e-02	1.763087e-03	5.409177e-02	-4.200264e-02
8.100000e+00	-1.332019e-03	1.590501e-02	-2.573542e-03	5.997333e-02	-4.410001e-02
8.150000e+00	-3.953092e-03	1.679606e-02	-5.719729e-03	5.847235e-02	-4.604413e-02
8.200000e+00	-5.906027e-03	1.768861e-02	-7.357660e-03	5.149070e-02	-4.284639e-02
8.250000e+00	-7.349242e-03	1.880637e-02	-8.311027e-03	4.735845e-02	-5.282229e-02
8.300000e+00	-8.467655e-03	2.047657e-02	-8.293463e-03	3.927888e-02	-6.002996e-02
8.350000e+00	-9.336701e-03	2.266616e-02	-8.664477e-03	4.250583e-02	-6.265287e-02
8.400000e+00	-9.864897e-03	2.470427e-02	-8.734398e-03	4.612435e-02	-6.685859e-02
8.450000e+00	-9.841462e-03	2.555703e-02	-8.273624e-03	4.743258e-02	-7.431502e-02
8.500000e+00	-9.064133e-03	2.437692e-02	-8.363715e-03	4.856020e-02	-7.535266e-02
8.550000e+00	-7.469988e-03	2.094732e-02	-6.834888e-03	4.488206e-02	-6.521014e-02
8.600000e+00	-5.267416e-03	1.632735e-02	-5.016324e-03	3.985822e-02	-4.486724e-02
8.650000e+00	-2.860393e-03	1.325171e-02	-2.873635e-03	3.547751e-02	-4.201075e-02
8.700000e+00	-7.331717e-04	1.455489e-02	-3.038600e-04	4.702558e-02	-4.085188e-02
8.750000e+00	7.366931e-04	1.835155e-02	-5.592810e-04	5.198468e-02	-4.387675e-02
8.800000e+00	1.437548e-03	2.150258e-02	-1.541207e-03	6.110373e-02	-4.978589e-02
8.850000e+00	1.578999e-03	2.275705e-02	-2.138088e-03	6.208585e-02	-4.886227e-02
8.900000e+00	1.609154e-03	2.212421e-02	-1.433746e-03	5.409375e-02	-4.303118e-02
8.950000e+00	2.019393e-03	2.021168e-02	-4.194258e-05	4.662498e-02	-4.685728e-02
9.000000e+00	3.114419e-03	1.774896e-02	1.173379e-03	3.968483e-02	-4.903278e-02
9.050000e+00	4.854448e-03	1.531442e-02	4.052590e-03	4.194831e-02	-4.543712e-02
9.100000e+00	6.806743e-03	1.334280e-02	7.317945e-03	4.585311e-02	-3.644319e-02
9.150000e+00	8.298314e-03	1.229225e-02	8.942708e-03	4.591036e-02	-3.472881e-02
9.200000e+00	8.670698e-03	1.245147e-02	8.738700e-03	4.422620e-02	-3.368629e-02
9.250000e+00	7.554720e-03	1.353320e-02	7.141096e-03	5.222647e-02	-2.763377e-02
9.300000e+00	5.051597e-03	1.485224e-02	4.480451e-03	5.389280e-02	-2.855031e-02
9.350000e+00	1.741190e-03	1.580057e-02	1.472332e-03	4.989173e-02	-3.568599e-02
9.400000e+00	-1.495285e-03	1.601805e-02	-1.725652e-03	4.013379e-02	-3.939764e-02
9.450000e+00	-3.776867e-03	1.540805e-02	-4.792560e-03	3.772369e-02	-3.945853e-02
9.500000e+00	-4.536170e-03	1.419126e-02	-5.693245e-03	3.708204e-02	-3.788138e-02
9.550000e+00	-3.724410e-03	1.294929e-02	-4.725241e-03	3.785107e-02	-3.258100e-02
9.600000e+00	-1.821462e-03	1.235591e-02	-2.582100e-03	3.773797e-02	-3.033746e-02
9.650000e+00	3.259432e-04	1.260472e-02	-1.160089e-04	3.500676e-02	-3.223339e-02
9.700000e+00	1.823622e-03	1.326989e-02	2.048787e-03	3.240883e-02	-3.623584e-02
9.750000e+00	2.054715e-03	1.399955e-02	2.505350e-03	3.706290e-02	-3.624673e-02
9.800000e+00	8.953492e-04	1.490320e-02	7.357273e-04	3.816524e-02	-3.652182e-02
9.850000e+00	-1.257693e-03	1.613589e-02	-1.697368e-03	3.942724e-02	-4.249708e-02
9.900000e+00	-3.652853e-03	1.733102e-02	-4.319057e-03	4.082710e-02	-4.517303e-02
9.950000e+00	-5.474736e-03	1.770544e-02	-5.856088e-03	3.871799e-02	-4.705839e-02
1.000000e+01	-6.145763e-03	1.665375e-02	-6.844206e-03	3.382517e-02	-4.838756e-02
1.005000e+01	-5.520864e-03	1.426625e-02	-6.294289e-03	2.994719e-02	-4.269352e-02
1.010000e+01	-3.919388e-03	1.169588e-02	-4.713083e-03	2.859076e-02	-3.322820e-02
1.015000e+01	-1.967883e-03	1.102684e-02	-1.495777e-03	3.314099e-02	-2.836359e-02
1.020000e+01	-3.398761e-04	1.288935e-02	-6.309147e-05	3.849706e-02	-3.179939e-02
1.025000e+01	5.086186e-04	1.540734e-02	5.167488e-04	3.796681e-02	-4.165466e-02
1.030000e+01	5.027688e-04	1.698070e-02	9.866261e-04	4.471839e-02	-5.146653e-02
1.035000e+01	-4.737250e-05	1.705230e-02	1.000054e-03	4.581152e-02	-5.432121e-02
1.040000e+01	-5.970511e-04	1.574508e-02	-2.387534e-05	4.114182e-02	-4.958794e-02
1.045000e+01	-6.049417e-04	1.357854e-02	-5.665485e-04	3.396538e-02	-3.924892e-02
1.050000e+01	2.379434e-04	1.132001e-02	-5.768545e-04	3.078210e-02	-3.409102e-02
1.055000e+01	1.877584e-03	9.866906e-03	1.569631e-03	3.111791e-02	-2.478213e-02
1.060000e+01	3.911249e-03	9.777424e-03	3.744504e-03	2.827053e-02	-2.174999e-02
1.065000e+01	5.735459e-03	1.065953e-02	5.356525e-03	3.262734e-02	-2.414870e-02
1.070000e+01	6.765983e-03	1.166438e-02	7.163540e-03	3.951165e-02	-2.758966e-02
1.075000e+01	6.644579e-03	1.227315e-02	7.003552e-03	4.305948e-02	-2.951075e-02
1.080000e+01	5.357542e-03	1.244023e-02	5.147874e-03	4.383187e-02	-2.874945e-02
1.085000e+01	3.228934e-03	1.243136e-02	2.788301e-03	4.008922e-02	-3.027270e-02
1.090000e+01	8.001087e-04	1.253226e-02	6.211723e-04	3.757503e-02	-3.273964e-02
1.095000e+01	-1.352777e-03	1.276121e-02	-5.045361e-04	3.182933e-02	-3.426987e-02
1.100000e+01	-2.794553e-03	1.285020e-02	-6.681787e-04	2.465171e-02	-3.968621e-02
1.105000e+01	-3.343625e-03	1.252014e-02	-1.222447e-03	2.468726e-02	-4.012901e-02
1.110000e+01	-3.079988e-03	1.168480e-02	-1.762645e-03	2.392049e-02	-3.514378e-02
1.115000e+01	-2.292361e-03	1.061178e-02	-1.931334e-03	2.624496e-02	-3.223173e-02
1.120000e+01	-1.354756e-03	9.786088e-03	-1.443844e-03	2.787564e-02	-3.071941e-02
1.125000e+01	-6.055003e-04	9.510239e-03	-1.103398e-03	2.797785e-02	-2.702517e-02
1.130000e+01	-2.634513e-04	9.563263e-03	-1.064193e-03	2.969955e-02	-2.691203e-02
1.135000e+01	-3.985730e-04	9.493174e-03	-1.039630e-03	3.023350e-02	-2.936664e-02
1.140000e+01	-9.502226e-04	9.168894e-03	-1.528050e-03	2.768186e-02	-3.218686e-02
1.145000e+01	-1.771192e-03	8.969135e-03	-1.309988e-03	2.279915e-02	-3.311262e-02
1.150000e+01	-2.673639e-03	9.402198e-03	-1.998709e-03	2.145839e-02	-3.204477e-02
1.155000e+01	-3.462461e-03	1.040370e-02	-3.269247e-03	2.302197e-02	-2.927127e-02
1.160000e+01	-3.955344e-03	1.134928e-02	-4.340300e-03	2.250546e-02	-2.747778e-02
1.165000e+01	-3.998468e-03	1.167940e-02	-4.838931e-03	2.668816e-02	-2.949798e-02
1.170000e+01	-3.487716e-03	1.123808e-02	-3.759246e-03	2.782004e-02	-3.143001e-02
1.175000e+01	-2.397437e-03	1.027299e-02	-2.142514e-03	2.590961e-02	-3.164325e-02
1.180000e+01	-8.077728e-04	9.251836e-03	-3.579371e-05	2.311620e-02	-2.973673e-02
1.185000e+01	1.085707e-03	8.556968e-03	1.612239e-03	2.498015e-02	-2.520791e-02
1.190000e+01	2.994554e-03	8.245542e-03	3.256564e-03	2.506887e-02	-1.891261e-02
1.195000e+01	4.595355e-03	8.143199e-03	5.094417e-03	2.573676e-02	-1.756878e-02
1.200000e+01	5.610189e-03	8.095075e-03	5.649366e-03	2.615727e-02	-1.556291e-02
1.205000e+01	5.900713e-03	8.047122e-03	5.415079e-03	2.402310e-02	-1.327073e-02
1.210000e+01	5.458789e-03	7.896425e-03	4.992352e-03	2.479567e-02	-1.452614e-02
1.215000e+01	4.450428e-03	7.616401e-03	3.736865e-03	2.367326e-02	-1.647698e-02
1.220000e+01	3.145074e-03	7.351507e-03	2.482700e-03	2.140433e-02	-1.820367e-02
1.225000e+01	1.825218e-03	7.397632e-03	1.476229e-03	2.414250e-02	-1.990608e-02
1.230000e+01	6.965886e-04	7.898772e-03	2.389323e-04	2.638362e-02	-1.961925e-02
1.235000e+01	-1.664383e-04	8.615105e-03	-1.469222e-03	2.542902e-02	-2.042524e-02
1.240000e+01	-8.193587e-04	9.142658e-03	-1.937197e-03	2.479627e-02	-2.029004e-02
1.245000e+01	-1.392176e-03	9.229108e-03	-1.944448e-03	2.511900e-02	-2.055171e-02
1.250000e+01	-2.005075e-03	8.885747e-03	-2.205892e-03	2.348845e-02	-2.370567e-02
1.255000e+01	-2.692608e-03	8.336350e-03	-2.693731e-03	2.255903e-02	-2.653738e-02
1.260000e+01	-3.370540e-03	7.864832e-03	-2.832395e-03	1.921128e-02	-2.660792e-02
1.265000e+01	-3.861347e-03	7.631323e-03	-3.713322e-03	1.601853e-02	-2.521352e-02
1.270000e+01	-3.968804e-03	7.602896e-03	-3.971223e-03	1.484468e-02	-2.367093e-02
1.275000e+01	-3.570143e-03	7.658843e-03	-3.276052e-03	1.525413e-02	-2.298695e-02
1.280000e+01	-2.685349e-03	7.711258e-03	-2.907718e-03	1.634707e-02	-2.256175e-02
1.285000e+01	-1.491562e-03	7.725872e-03	-2.076761e-03	1.842409e-02	-2.086767e-02
1.290000e+01	-2.729604e-04	7.696954e-03	-8.762949e-04	2.438900e-02	-1.877717e-02
1.295000e+01	6.763041e-04	7.640357e-03	-1.515219e-04	2.818654e-02	-1.607576e-02
1.300000e+01	1.158121e-03	7.590424e-03	8.313914e-04	2.755114e-02	-1.812786e-02
1.305000e+01	1.148037e-03	7.580699e-03	1.582481e-03	2.301667e-02	-2.039174e-02
1.310000e+01	7.851108e-04	7.540710e-03	1.525282e-03	2.112337e-02	-2.210195e-02
1.315000e+01	3.297637e-04	7.364246e-03	1.139536e-03	1.950091e-02	-2.144207e-02
1.320000e+01	5.765665e-05	6.989838e-03	7.365124e-04	1.864729e-02	-2.034089e-02
1.325000e+01	1.519416e-04	6.502594e-03	6.706605e-04	1.860580e-02	-1.805715e-02
1.330000e+01	6.334640e-04	6.140729e-03	8.891941e-04	1.816710e-02	-1.556960e-02
1.335000e+01	1.356091e-03	6.123441e-03	1.544733e-03	1.836996e-02	-1.444639e-02
1.340000e+01	2.067911e-03	6.412019e-03	2.093852e-03	1.950738e-02	-1.344823e-02
1.345000e+01	2.512603e-03	6.751023e-03	2.519326e-03	1.866949e-02	-1.620974e-02
1.350000e+01	2.529640e-03	6.925255e-03	2.313590e-03	1.985865e-02	-1.797004e-02
1.355000e+01	2.113438e-03	6.891371e-03	1.821316e-03	2.010977e-02	-1.755871e-02
1.360000e+01	1.409118e-03	6.740123e-03	1.101217e-03	1.894059e-02	-1.877405e-02
1.365000e+01	6.487889e-04	6.584708e-03	1.462025e-04	1.996375e-02	-1.905469e-02
1.370000e+01	5.616532e-05	6.471505e-03	-2.666154e-04	1.858401e-02	-1.687868e-02
1.375000e+01	-2.407392e-04	6.377903e-03	-2.963653e-04	1.816665e-02	-1.852783e-02
1.380000e+01	-2.537772e-04	6.265124e-03	-2.097097e-04	1.776371e-02	-1.891008e-02
1.385000e+01	-1.194613e-04	6.110811e-03	6.432730e-05	1.589639e-02	-1.856469e-02
1.390000e+01	-3.302031e-05	5.913850e-03	1.132729e-04	1.769114e-02	-1.965187e-02
1.395000e+01	-1.608095e-04	5.707774e-03	6.084721e-05	1.671408e-02	-1.859638e-02
1.400000e+01	-5.679493e-04	5.573121e-03	-5.746395e-04	1.750239e-02	-1.694485e-02
1.405000e+01	-1.199746e-03	5.607142e-03	-1.379066e-03	1.688225e-02	-1.719459e-02
1.410000e+01	-1.880746e-03	5.782817e-03	-1.966591e-03	1.414143e-02	-1.701329e-02
1.415000e+01	-2.404774e-03	5.964915e-03	-2.445963e-03	1.258625e-02	-1.628209e-02
1.420000e+01	-2.609567e-03	6.010311e-03	-2.698539e-03	1.350558e-02	-1.840898e-02
1.425000e+01	-2.437114e-03	5.892936e-03	-2.095607e-03	1.484970e-02	-1.862293e-02
1.430000e+01	-1.949941e-03	5.725558e-03	-1.816041e-03	1.500604e-02	-1.764476e-02
1.435000e+01	-1.298760e-03	5.651459e-03	-9.614544e-04	1.367824e-02	-1.686682e-02
1.440000e+01	-6.572187e-04	5.686557e-03	-3.223326e-04	1.368641e-02	-1.589705e-02
1.445000e+01	-1.524460e-04	5.699281e-03	-8.513534e-05	1.655641e-02	-1.541271e-02
1.450000e+01	1.794276e-04	5.555197e-03	2.435026e-04	1.728855e-02	-1.497383e-02
1.455000e+01	3.954045e-04	5.244946e-03	4.371302e-04	1.640805e-02	-1.442388e-02
1.460000e+01	6.066833e-04	4.894781e-03	5.361714e-04	1.489305e-02	-1.482160e-02
1.465000e+01	9.173145e-04	4.669633e-03	1.012672e-03	1.410475e-02	-1.343298e-02
1.470000e+01	1.367924e-03	4.634073e-03	1.302078e-03	1.415692e-02	-1.233938e-02
1.475000e+01	1.908823e-03	4.712406e-03	1.602649e-03	1.540589e-02	-1.322771e-02
1.480000e+01	2.413491e-03	4.788743e-03	2.271711e-03	1.727774e-02	-1.263307e-02
1.485000e+01	2.725983e-03	4.801514e-03	2.510362e-03	1.943821e-02	-1.087126e-02
1.490000e+01	2.721810e-03	4.757139e-03	2.303469e-03	1.935043e-02	-8.987428e-03
1.495000e+01	2.356958e-03	4.702068e-03	1.784980e-03	1.720939e-02	-9.454354e-03
1.500000e+01	1.685658e-03	4.687552e-03	1.324982e-03	1.672076e-02	-1.073153e-02
1.505000e+01	8.400105e-04	4.746624e-03	6.378784e-04	1.436417e-02	-1.268138e-02
1.510000e+01	-2.130372e-05	4.832893e-03	-1.294578e-04	1.408474e-02	-1.407142e-02
1.515000e+01	-7.514380e-04	4.867892e-03	-8.354818e-04	1.373103e-02	-1.497565e-02
1.520000e+01	-1.266581e-03	4.780089e-03	-1.400123e-03	1.333884e-02	-1.378413e-02
1.525000e+01	-1.560280e-03	4.559008e-03	-1.618980e-03	1.350182e-02	-1.304682e-02
1.530000e+01	-1.686506e-03	4.284959e-03	-1.842047e-03	1.220975e-02	-1.358983e-02
1.535000e+01	-1.721983e-03	4.107519e-03	-1.797215e-03	1.201183e-02	-1.303274e-02
1.540000e+01	-1.726068e-03	4.144561e-03	-1.554528e-03	1.111118e-02	-1.349365e-02
1.545000e+01	-1.715763e-03	4.365872e-03	-1.551509e-03	1.114208e-02	-1.401850e-02
1.550000e+01	-1.665236e-03	4.617484e-03	-1.304373e-03	1.060061e-02	-1.532007e-02
1.555000e+01	-1.527495e-03	4.751589e-03	-1.076657e-03	1.211475e-02	-2.103317e-02
1.560000e+01	-1.266031e-03	4.711610e-03	-8.813716e-04	1.328967e-02	-2.343065e-02
1.565000e+01	-8.805281e-04	4.544348e-03	-6.608472e-04	1.322452e-02	-2.174864e-02
1.570000e+01	-4.144140e-04	4.359737e-03	-2.978490e-04	1.266245e-02	-1.630401e-02
1.575000e+01	5.887541e-05	4.252284e-03	3.849270e-04	1.101918e-02	-1.398308e-02
1.580000e+01	4.639928e-04	4.234055e-03	7.191100e-04	1.295108e-02	-1.356809e-02
1.585000e+01	7.527190e-04	4.248482e-03	1.147036e-03	1.296977e-02	-1.278402e-02
1.590000e+01	9.204556e-04	4.241750e-03	1.145267e-03	1.180696e-02	-1.296096e-02
1.595000e+01	1.002809e-03	4.203022e-03	1.193700e-03	1.327548e-02	-1.308400e-02
1.600000e+01	1.054241e-03	4.146616e-03	1.144612e-03	1.213654e-02	-1.179522e-02
1.605000e+01	1.124168e-03	4.082651e-03	1.208803e-03	1.202773e-02	-1.076565e-02
1.610000e+01	1.219274e-03	3.993592e-03	1.331607e-03	1.333034e-02	-1.017953e-02
1.615000e+01	1.309967e-03	3.868504e-03	1.314452e-03	1.341264e-02	-8.753239e-03
1.620000e+01	1.338276e-03	3.720838e-03	1.264280e-03	1.238511e-02	-8.087905e-03
1.625000e+01	1.244311e-03	3.590422e-03	1.146083e-03	1.081945e-02	-7.833637e-03
1.630000e+01	9.954441e-04	3.522317e-03	9.411728e-04	1.249057e-02	-8.363434e-03
1.635000e+01	6.053296e-04	3.539402e-03	3.871742e-04	1.250415e-02	-9.515485e-03
1.640000e+01	1.342588e-04	3.627147e-03	3.936497e-05	1.215145e-02	-9.532624e-03
1.645000e+01	-3.295968e-04	3.736941e-03	-4.504816e-04	1.246530e-02	-9.642503e-03
1.650000e+01	-7.003614e-04	3.803573e-03	-8.879950e-04	1.116623e-02	-1.035745e-02
1.655000e+01	-9.236199e-04	3.771688e-03	-1.094461e-03	1.218322e-02	-1.092152e-02
1.660000e+01	-9.927954e-04	3.625545e-03	-9.811204e-04	1.167476e-02	-1.059077e-02
1.665000e+01	-9.465652e-04	3.411100e-03	-8.392034e-04	9.332896e-03	-1.023576e-02
1.670000e+01	-8.491829e-04	3.230482e-03	-6.451127e-04	8.387619e-03	-1.063546e-02
1.675000e+01	-7.625434e-04	3.183263e-03	-6.109767e-04	7.957934e-03	-1.045961e-02
1.680000e+01	-7.218187e-04	3.277700e-03	-7.020224e-04	8.129303e-03	-9.369132e-03
1.685000e+01	-7.243876e-04	3.420699e-03	-6.129011e-04	8.787538e-03	-1.020705e-02
1.690000e+01	-7.356920e-04	3.505550e-03	-5.881154e-04	8.488794e-03	-1.209192e-02
1.695000e+01	-7.083395e-04	3.486995e-03	-4.520017e-04	8.470793e-03	-1.231694e-02
1.700000e+01	-6.054035e-04	3.395204e-03	-3.318356e-04	9.824252e-03	-1.253794e-02
1.705000e+01	-4.163656e-04	3.304617e-03	-3.404362e-04	1.037968e-02	-1.144029e-02
1.710000e+01	-1.631101e-04	3.264464e-03	-2.331507e-04	9.438525e-03	-9.497306e-03
1.715000e+01	1.083718e-04	3.267768e-03	1.572764e-04	9.529294e-03	-1.023243e-02
1.720000e+01	3.491215e-04	3.269273e-03	4.672602e-04	9.823211e-03	-9.564250e-03
1.725000e+01	5.266443e-04	3.242092e-03	6.292161e-04	9.602297e-03	-8.766110e-03
1.730000e+01	6.355512e-04	3.201336e-03	6.868765e-04	9.863344e-03	-8.218789e-03
1.735000e+01	6.951057e-04	3.176591e-03	7.354952e-04	1.082548e-02	-9.020305e-03
1.740000e+01	7.354701e-04	3.170295e-03	7.071399e-04	1.205753e-02	-9.262960e-03
1.745000e+01	7.795118e-04	3.153866e-03	7.113378e-04	1.163531e-02	-8.511313e-03
1.750000e+01	8.288624e-04	3.104546e-03	7.584393e-04	9.769839e-03	-8.065718e-03
1.755000e+01	8.608072e-04	3.035586e-03	8.623265e-04	9.952430e-03	-7.828122e-03
1.760000e+01	8.375748e-04	2.986607e-03	9.247050e-04	1.074767e-02	-7.083930e-03
1.765000e+01	7.239849e-04	2.985158e-03	8.725811e-04	1.021194e-02	-8.776320e-03
1.770000e+01	5.056752e-04	3.020766e-03	6.538385e-04	9.871539e-03	-9.723812e-03
1.775000e+01	1.998489e-04	3.056091e-03	4.163479e-04	9.451964e-03	-9.456370e-03
1.780000e+01	-1.463040e-04	3.053005e-03	8.907686e-05	8.270717e-03	-9.612387e-03
1.785000e+01	-4.691338e-04	2.988389e-03	-3.828476e-04	8.399080e-03	-9.946196e-03
1.790000e+01	-7.086837e-04	2.864383e-03	-7.925004e-04	9.216385e-03	-9.475475e-03
1.795000e+01	-8.275583e-04	2.720833e-03	-8.761757e-04	9.667223e-03	-8.143114e-03
1.800000e+01	-8.213701e-04	2.631680e-03	-8.408875e-04	9.027470e-03	-8.300125e-03
1.805000e+01	-7.174831e-04	2.659412e-03	-7.456795e-04	9.542435e-03	-7.757412e-03
1.810000e+01	-5.621000e-04	2.774906e-03	-6.338926e-04	8.919303e-03	-7.813109e-03
1.815000e+01	-4.050178e-04	2.884433e-03	-5.150631e-04	9.572728e-03	-7.978294e-03
1.820000e+01	-2.824802e-04	2.908861e-03	-2.560811e-04	9.995832e-03	-9.333057e-03
1.825000e+01	-2.084275e-04	2.836877e-03	-1.683528e-04	8.647863e-03	-9.580365e-03
1.830000e+01	-1.752783e-04	2.717757e-03	-1.295934e-04	7.575898e-03	-8.899968e-03
1.835000e+01	-1.623650e-04	2.610442e-03	2.745677e-05	6.478404e-03	-7.519048e-03
1.840000e+01	-1.473046e-04	2.532506e-03	-7.955012e-06	6.451569e-03	-7.976185e-03
1.845000e+01	-1.150927e-04	2.463441e-03	-3.788139e-05	5.968784e-03	-8.906974e-03
1.850000e+01	-6.155077e-05	2.393361e-03	2.652229e-05	6.256223e-03	-8.479618e-03
1.855000e+01	9.131969e-06	2.349846e-03	9.153336e-05	7.083348e-03	-7.688969e-03
1.860000e+01	9.017127e-05	2.370750e-03	5.883681e-06	8.472646e-03	-7.472116e-03
1.865000e+01	1.774099e-04	2.458243e-03	6.433920e-05	8.444570e-03	-7.615469e-03
1.870000e+01	2.708948e-04	2.572297e-03	6.132250e-05	7.504657e-03	-7.318772e-03
1.875000e+01	3.720210e-04	2.662495e-03	2.984861e-04	7.897378e-03	-6.947092e-03
1.880000e+01	4.780735e-04	2.694118e-03	4.652029e-04	8.305344e-03	-7.414534e-03
1.885000e+01	5.775988e-04	2.657137e-03	4.902463e-04	7.804783e-03	-6.653887e-03
1.890000e+01	6.498467e-04	2.569436e-03	5.753675e-04	8.776716e-03	-6.981756e-03
1.895000e+01	6.696026e-04	2.472290e-03	6.432183e-04	9.504843e-03	-7.463626e-03
1.900000e+01	6.160380e-04	2.405747e-03	6.329718e-04	8.965464e-03	-7.460266e-03
1.905000e+01	4.832672e-04	2.379052e-03	4.180063e-04	7.736594e-03	-6.103089e-03
1.910000e+01	2.809675e-04	2.358202e-03	9.089031e-05	6.777786e-03	-6.708362e-03
1.915000e+01	3.912857e-05	2.320806e-03	-3.744624e-05	6.192787e-03	-6.214526e-03
1.920000e+01	-2.011859e-04	2.286020e-03	-2.430254e-04	5.972861e-03	-6.691521e-03
1.925000e+01	-3.997657e-04	2.292623e-03	-4.629888e-04	6.560773e-03	-6.367718e-03
1.930000e+01	-5.290145e-04	2.341889e-03	-5.392130e-04	6.895444e-03	-6.958476e-03
1.935000e+01	-5.810531e-04	2.383405e-03	-4.900674e-04	6.335510e-03	-6.775549e-03
1.940000e+01	-5.675868e-04	2.367016e-03	-4.561107e-04	6.180820e-03	-7.566162e-03
1.945000e+01	-5.129320e-04	2.293102e-03	-3.441420e-04	6.476399e-03	-8.346613e-03
1.950000e+01	-4.433511e-04	2.211270e-03	-3.667435e-04	5.760361e-03	-8.289317e-03
1.955000e+01	-3.771882e-04	2.171135e-03	-3.845666e-04	5.599395e-03	-7.277130e-03
1.960000e+01	-3.196998e-04	2.174498e-03	-2.305600e-04	6.851807e-03	-7.350769e-03
1.965000e+01	-2.642561e-04	2.186167e-03	-2.495699e-04	7.296069e-03	-7.440811e-03
1.970000e+01	-1.987598e-04	2.179849e-03	-2.263515e-04	6.856966e-03	-7.705954e-03
1.975000e+01	-1.139547e-04	2.155566e-03	-4.019195e-05	6.051795e-03	-8.360404e-03
1.980000e+01	-9.687622e-06	2.122591e-03	1.063002e-04	6.059930e-03	-7.940094e-03
1.985000e+01	1.036479e-04	2.083541e-03	1.990851e-04	6.992185e-03	-6.724643e-03
1.990000e+01	2.089167e-04	2.039716e-03	3.487094e-04	6.784733e-03	-6.092230e-03
1.995000e+01	2.892994e-04	2.001319e-03	4.538492e-04	5.944060e-03	-5.467791e-03
2.000000e+01	3.351858e-04	1.981886e-03	4.770621e-04	5.336929e-03	-6.015562e-03
