# k	<chi>	std	chi_median	chi_max	chi_min
0.000000e+00	-9.783438e-02	1.721565e-01	0.000000e+00	5.173176e-01	-9.535466e-01
5.000000e-02	-1.986021e-01	2.042850e-01	-2.850035e-01	5.054576e-01	-9.609063e-01
1.000000e-01	-2.106061e-01	2.026250e-01	-2.974469e-01	4.933103e-01	-9.681541e-01
1.500000e-01	-2.467190e-01	1.975486e-01	-3.338350e-01	4.552238e-01	-9.889020e-01
2.000000e-01	-2.832501e-01	1.924313e-01	-3.670286e-01	4.147366e-01	-1.008536e+00
2.500000e-01	-3.437941e-01	1.835210e-01	-4.228304e-01	3.426812e-01	-1.037705e+00
3.000000e-01	-4.042717e-01	1.743921e-01	-4.795331e-01	2.651771e-01	-1.070321e+00
3.500000e-01	-4.856602e-01	1.607369e-01	-5.569822e-01	1.501790e-01	-1.111903e+00
4.000000e-01	-5.636254e-01	1.466273e-01	-6.265844e-01	2.862766e-02	-1.144652e+00
4.500000e-01	-6.532095e-01	1.275109e-01	-7.040660e-01	-1.305487e-01	-1.169950e+00
5.000000e-01	-7.315241e-01	1.085273e-01	-7.674660e-01	-2.909695e-01	-1.178645e+00
5.500000e-01	-8.050586e-01	8.706427e-02	-8.223209e-01	-4.768192e-01	-1.167432e+00
6.000000e-01	-8.556873e-01	7.125593e-02	-8.601614e-01	-6.372234e-01	-1.138780e+00
6.500000e-01	-8.812357e-01	6.680184e-02	-8.746467e-01	-6.282444e-01	-1.180978e+00
7.000000e-01	-8.731079e-01	7.892056e-02	-8.639652e-01	-5.966645e-01	-1.204419e+00
7.500000e-01	-8.240073e-01	1.025431e-01	-8.108608e-01	-5.345601e-01	-1.172883e+00
8.000000e-01	-7.393554e-01	1.281027e-01	-7.149962e-01	-4.492839e-01	-1.136390e+00
8.500000e-01	-6.129667e-01	1.523973e-01	-5.777428e-01	-3.352498e-01	-1.066969e+00
9.000000e-01	-4.649315e-01	1.712625e-01	-4.208231e-01	-1.848142e-01	-9.862972e-01
9.500000e-01	-2.952877e-01	1.833213e-01	-2.619492e-01	-1.340725e-02	-8.491400e-01
1.000000e+00	-1.328707e-01	1.881745e-01	-9.596516e-02	1.366543e-01	-6.800811e-01
1.050000e+00	1.674486e-02	1.856552e-01	5.743695e-02	2.718954e-01	-4.904126e-01
1.100000e+00	1.281921e-01	1.782267e-01	1.616166e-01	3.733493e-01	-3.139897e-01
1.150000e+00	1.968312e-01	1.674237e-01	2.229479e-01	4.288165e-01	-1.637144e-01
1.200000e+00	2.136478e-01	1.559825e-01	2.330375e-01	4.302626e-01	-6.213838e-02
1.250000e+00	1.825691e-01	1.457334e-01	1.964115e-01	3.783846e-01	-3.536986e-02
1.300000e+00	1.154711e-01	1.363226e-01	1.312793e-01	3.096327e-01	-1.013761e-01
1.350000e+00	2.586053e-02	1.273710e-01	4.260951e-02	2.223459e-01	-1.767849e-01
1.400000e+00	-6.214042e-02	1.154490e-01	-3.702877e-02	1.269194e-01	-2.472272e-01
1.450000e+00	-1.339045e-01	9.844483e-02	-1.055352e-01	3.309409e-02	-2.973908e-01
1.500000e+00	-1.706653e-01	7.454512e-02	-1.417535e-01	-3.611649e-02	-3.128106e-01
1.550000e+00	-1.681323e-01	4.443132e-02	-1.619289e-01	-6.131004e-02	-2.769470e-01
1.600000e+00	-1.266816e-01	2.464859e-02	-1.283784e-01	-4.994884e-02	-2.054332e-01
1.650000e+00	-5.603480e-02	4.934842e-02	-6.631934e-02	5.294910e-02	-1.427880e-01
1.700000e+00	2.639410e-02	8.215659e-02	1.395352e-02	1.721205e-01	-9.086573e-02
1.750000e+00	1.060913e-01	1.073231e-01	9.491828e-02	2.797820e-01	-3.786007e-02
1.800000e+00	1.646570e-01	1.167043e-01	1.531317e-01	3.390586e-01	1.610231e-02
1.850000e+00	1.969979e-01	1.095871e-01	1.909499e-01	3.477894e-01	6.380181e-02
1.900000e+00	1.980588e-01	8.667449e-02	1.971394e-01	3.196405e-01	9.437019e-02
1.950000e+00	1.767585e-01	5.352897e-02	1.795284e-01	2.626986e-01	1.060574e-01
2.000000e+00	1.400231e-01	2.062787e-02	1.318138e-01	1.934786e-01	1.076376e-01
2.050000e+00	1.012229e-01	2.420559e-02	1.113795e-01	1.627036e-01	3.669033e-02
2.100000e+00	6.663254e-02	4.300361e-02	8.631479e-02	1.449050e-01	-1.975781e-02
2.150000e+00	4.169151e-02	4.773989e-02	6.138718e-02	1.192614e-01	-4.191901e-02
2.200000e+00	2.669106e-02	3.952679e-02	4.181252e-02	9.004367e-02	-3.642080e-02
2.250000e+00	1.337190e-02	2.269131e-02	2.160584e-02	5.455666e-02	-2.536584e-02
2.300000e+00	2.387932e-03	7.553148e-03	2.577946e-03	2.095106e-02	-1.953839e-02
2.350000e+00	-7.328653e-03	5.665286e-03	-7.129374e-03	7.883615e-03	-2.460303e-02
2.400000e+00	-1.591549e-02	7.335064e-03	-1.646390e-02	8.667838e-04	-4.087066e-02
2.450000e+00	-2.012379e-02	7.049787e-03	-2.090197e-02	-4.969643e-03	-5.038278e-02
2.500000e+00	-2.208767e-02	5.291325e-03	-2.265138e-02	-9.174433e-03	-5.446470e-02
2.550000e+00	-2.176500e-02	3.992550e-03	-2.184265e-02	-1.199392e-02	-5.394721e-02
2.600000e+00	-1.924732e-02	4.245189e-03	-1.860186e-02	-1.138008e-02	-4.979042e-02
2.650000e+00	-1.746568e-02	4.629833e-03	-1.673075e-02	-9.028350e-03	-4.783905e-02
2.700000e+00	-1.465583e-02	4.550762e-03	-1.422562e-02	-4.959007e-03	-4.465000e-02
2.750000e+00	-1.110635e-02	4.034334e-03	-1.099445e-02	-9.299023e-04	-3.937898e-02
2.800000e+00	-7.158220e-03	3.478117e-03	-7.043321e-03	2.762644e-03	-3.249355e-02
2.850000e+00	-4.407407e-03	3.287218e-03	-4.118213e-03	5.639878e-03	-2.522567e-02
2.900000e+00	-1.084389e-03	3.219680e-03	-1.115818e-03	8.967340e-03	-1.655608e-02
2.950000e+00	2.732182e-03	3.514856e-03	1.895607e-03	1.293684e-02	-6.867183e-03
3.000000e+00	6.859074e-03	4.822647e-03	4.698728e-03	1.808578e-02	-2.323929e-03
3.050000e+00	1.118101e-02	6.717357e-03	8.896435e-03	2.314107e-02	1.618620e-03
3.100000e+00	1.515199e-02	8.796691e-03	1.414809e-02	2.845163e-02	1.848245e-03
3.150000e+00	1.808583e-02	1.024735e-02	1.889853e-02	3.228925e-02	1.136885e-03
3.200000e+00	1.937676e-02	1.040108e-02	2.156971e-02	3.482139e-02	9.880602e-04
3.250000e+00	1.824830e-02	8.775534e-03	1.992258e-02	3.551150e-02	1.567451e-03
3.300000e+00	1.509204e-02	5.905400e-03	1.458132e-02	3.323758e-02	2.833010e-03
3.350000e+00	1.038477e-02	2.988988e-03	1.030179e-02	2.843994e-02	3.373749e-03
3.400000e+00	4.878831e-03	4.083715e-03	5.080338e-03	2.213320e-02	-5.181160e-03
3.450000e+00	-8.669501e-04	7.430657e-03	1.460479e-03	1.478770e-02	-1.356570e-02
3.500000e+00	-5.348931e-03	9.800096e-03	2.686193e-04	9.393975e-03	-1.884025e-02
3.550000e+00	-7.922075e-03	1.058673e-02	-1.822889e-03	7.659250e-03	-2.195340e-02
3.600000e+00	-8.408971e-03	9.882705e-03	-3.628198e-03	7.026467e-03	-2.261862e-02
3.650000e+00	-7.026444e-03	8.269942e-03	-4.240374e-03	8.060457e-03	-2.063859e-02
3.700000e+00	-4.392963e-03	6.233574e-03	-4.166807e-03	9.916789e-03	-1.631081e-02
3.750000e+00	-1.547783e-03	4.491094e-03	-1.832319e-03	1.141436e-02	-1.106665e-02
3.800000e+00	4.474016e-04	3.390873e-03	6.206571e-05	1.122408e-02	-7.576009e-03
3.850000e+00	8.426381e-04	2.758239e-03	7.956887e-04	1.081891e-02	-7.688005e-03
3.900000e+00	-9.168516e-04	2.262690e-03	-8.272547e-04	6.682846e-03	-1.339366e-02
3.950000e+00	-4.641364e-03	2.123460e-03	-4.628016e-03	2.534102e-03	-1.973188e-02
4.000000e+00	-9.561537e-03	2.695440e-03	-9.174403e-03	-4.253018e-03	-2.576966e-02
4.050000e+00	-1.490622e-02	3.995860e-03	-1.382028e-02	-8.333263e-03	-3.054982e-02
4.100000e+00	-1.914265e-02	5.992656e-03	-1.692402e-02	-9.974149e-03	-3.564354e-02
4.150000e+00	-2.119011e-02	8.219138e-03	-1.748435e-02	-9.447517e-03	-4.015545e-02
4.200000e+00	-2.043137e-02	9.931397e-03	-1.857509e-02	-6.703752e-03	-3.970205e-02
4.250000e+00	-1.707730e-02	1.086474e-02	-1.784446e-02	-1.954130e-03	-3.589743e-02
4.300000e+00	-1.142459e-02	1.032446e-02	-1.176732e-02	3.384080e-03	-2.914987e-02
4.350000e+00	-4.544001e-03	8.186096e-03	-4.954073e-03	9.205200e-03	-1.942336e-02
4.400000e+00	2.402192e-03	5.105704e-03	2.414343e-03	1.334406e-02	-8.149122e-03
4.450000e+00	8.319770e-03	3.555854e-03	8.195788e-03	1.887285e-02	-8.970231e-04
4.500000e+00	1.272530e-02	5.736209e-03	1.300729e-02	2.630731e-02	-1.227759e-03
4.550000e+00	1.553791e-02	8.853531e-03	1.753910e-02	3.140664e-02	-2.918304e-03
4.600000e+00	1.713293e-02	1.142666e-02	2.219674e-02	3.423379e-02	-4.365071e-03
4.650000e+00	1.811273e-02	1.319362e-02	2.288352e-02	3.694136e-02	-4.841307e-03
4.700000e+00	1.911128e-02	1.448744e-02	2.228396e-02	4.049454e-02	-4.377870e-03
4.750000e+00	2.032828e-02	1.561108e-02	2.286849e-02	4.350899e-02	-3.486376e-03
4.800000e+00	2.150624e-02	1.674390e-02	2.299649e-02	4.521060e-02	-2.310728e-03
4.850000e+00	2.209066e-02	1.769370e-02	2.288100e-02	4.501628e-02	-2.645127e-03
4.900000e+00	2.128080e-02	1.811109e-02	2.229416e-02	4.565230e-02	-6.305485e-03
4.950000e+00	1.848110e-02	1.743082e-02	1.837090e-02	4.271713e-02	-1.059905e-02
5.000000e+00	1.355900e-02	1.517471e-02	1.245502e-02	3.572266e-02	-1.407526e-02
5.050000e+00	7.043562e-03	1.122073e-02	6.479444e-03	2.700633e-02	-1.577745e-02
5.100000e+00	-1.450241e-04	6.822032e-03	-2.079098e-04	1.612070e-02	-1.642203e-02
5.150000e+00	-6.824881e-03	6.947115e-03	-6.199458e-03	9.917536e-03	-2.362221e-02
5.200000e+00	-1.194941e-02	1.235855e-02	-1.346067e-02	1.306496e-02	-3.686519e-02
5.250000e+00	-1.489635e-02	1.805645e-02	-1.685576e-02	1.795433e-02	-4.614974e-02
5.300000e+00	-1.581942e-02	2.225570e-02	-1.867069e-02	2.246544e-02	-5.094152e-02
5.350000e+00	-1.541481e-02	2.435482e-02	-1.701122e-02	2.518158e-02	-5.317759e-02
5.400000e+00	-1.471217e-02	2.434779e-02	-1.595904e-02	2.512868e-02	-5.089074e-02
5.450000e+00	-1.459637e-02	2.255520e-02	-1.663495e-02	2.413661e-02	-5.034571e-02
5.500000e+00	-1.564579e-02	1.975276e-02	-1.902371e-02	2.080335e-02	-4.767966e-02
5.550000e+00	-1.774059e-02	1.671028e-02	-2.026531e-02	1.451385e-02	-4.430843e-02
5.600000e+00	-2.013420e-02	1.408742e-02	-1.936406e-02	6.788502e-03	-4.412576e-02
5.650000e+00	-2.162291e-02	1.216783e-02	-1.845869e-02	1.273627e-03	-5.097148e-02
5.700000e+00	-2.123793e-02	1.099609e-02	-1.745303e-02	-7.165716e-04	-5.422247e-02
5.750000e+00	-1.835420e-02	1.025487e-02	-1.556824e-02	-8.714593e-05	-5.131241e-02
5.800000e+00	-1.303615e-02	9.674726e-03	-1.115229e-02	8.178075e-03	-4.205473e-02
5.850000e+00	-6.036955e-03	9.120696e-03	-5.561220e-03	1.945422e-02	-2.931472e-02
5.900000e+00	1.333240e-03	8.663903e-03	6.906463e-04	2.992781e-02	-2.089616e-02
5.950000e+00	7.732551e-03	8.283349e-03	7.224628e-03	3.705496e-02	-1.539945e-02
6.000000e+00	1.213778e-02	8.032179e-03	1.201515e-02	3.940239e-02	-1.223417e-02
6.050000e+00	1.424462e-02	8.489880e-03	1.479704e-02	3.597256e-02	-1.546210e-02
6.100000e+00	1.416041e-02	1.096672e-02	1.545958e-02	4.035258e-02	-2.098065e-02
6.150000e+00	1.265151e-02	1.596734e-02	1.277011e-02	4.717275e-02	-2.649671e-02
6.200000e+00	1.069814e-02	2.274508e-02	9.451905e-03	5.240864e-02	-3.011528e-02
6.250000e+00	9.146289e-03	3.002286e-02	6.785950e-03	5.615237e-02	-3.730335e-02
6.300000e+00	8.447799e-03	3.632233e-02	6.042930e-03	5.831984e-02	-4.199603e-02
6.350000e+00	8.574191e-03	4.020591e-02	7.604480e-03	6.207450e-02	-4.490594e-02
6.400000e+00	9.119390e-03	4.059792e-02	1.126372e-02	6.262120e-02	-4.352426e-02
6.450000e+00	9.534519e-03	3.707098e-02	1.331136e-02	5.866467e-02	-4.030948e-02
6.500000e+00	9.391272e-03	2.998153e-02	1.285557e-02	5.319278e-02	-3.364127e-02
6.550000e+00	8.466566e-03	2.029851e-02	1.104278e-02	4.339478e-02	-2.321996e-02
6.600000e+00	7.043418e-03	1.049342e-02	6.533912e-03	3.166015e-02	-1.531519e-02
6.650000e+00	5.555471e-03	8.734635e-03	5.839329e-03	3.203268e-02	-1.436526e-02
6.700000e+00	4.431735e-03	1.692361e-02	2.140869e-03	4.260379e-02	-2.505150e-02
6.750000e+00	3.880900e-03	2.568181e-02	-2.303954e-03	5.442256e-02	-3.401349e-02
6.800000e+00	3.766483e-03	3.336574e-02	-4.214254e-03	6.640294e-02	-4.289314e-02
6.850000e+00	3.626925e-03	3.984944e-02	-6.619392e-03	7.356857e-02	-5.003826e-02
6.900000e+00	2.837050e-03	4.512040e-02	-8.681620e-03	7.459148e-02	-5.415556e-02
6.950000e+00	8.521069e-04	4.887555e-02	-8.594955e-03	6.855606e-02	-6.356752e-02
7.000000e+00	-2.556322e-03	5.036612e-02	-5.927340e-03	6.605894e-02	-6.839915e-02
7.050000e+00	-7.175487e-03	4.840235e-02	-9.915395e-03	5.813852e-02	-6.911681e-02
7.100000e+00	-1.226186e-02	4.227546e-02	-1.902085e-02	4.685146e-02	-6.996087e-02
7.150000e+00	-1.685983e-02	3.197188e-02	-2.718905e-02	3.936777e-02	-6.602420e-02
7.200000e+00	-1.999647e-02	1.912129e-02	-2.504572e-02	2.711145e-02	-5.398890e-02
7.250000e+00	-2.094822e-02	1.127417e-02	-2.040385e-02	1.207566e-02	-5.447605e-02
7.300000e+00	-1.943714e-02	1.972578e-02	-1.662540e-02	1.950750e-02	-6.333792e-02
7.350000e+00	-1.570247e-02	3.057281e-02	-1.312674e-02	3.573164e-02	-7.021827e-02
7.400000e+00	-1.043519e-02	3.746540e-02	-1.099006e-02	5.089282e-02	-6.840037e-02
7.450000e+00	-4.604723e-03	3.935042e-02	-8.567354e-03	5.893616e-02	-5.891981e-02
7.500000e+00	7.663633e-04	3.703173e-02	-3.731720e-03	5.991957e-02	-4.931011e-02
7.550000e+00	4.746727e-03	3.235074e-02	1.217615e-03	5.516996e-02	-4.028488e-02
7.600000e+00	6.878511e-03	2.768385e-02	5.284264e-03	5.080792e-02	-3.218262e-02
7.650000e+00	7.058360e-03	2.480186e-02	8.143034e-03	4.708381e-02	-3.334807e-02
7.700000e+00	5.564133e-03	2.433317e-02	9.409273e-03	4.184535e-02	-3.894288e-02
7.750000e+00	2.982560e-03	2.561916e-02	6.823460e-03	4.251887e-02	-4.446073e-02
7.800000e+00	1.028906e-04	2.707677e-02	2.460990e-03	4.154640e-02	-4.696293e-02
7.850000e+00	-2.207112e-03	2.680971e-02	-8.737055e-04	3.882910e-02	-4.710662e-02
7.900000e+00	-3.134677e-03	2.334918e-02	1.047384e-03	3.454051e-02	-4.438907e-02
7.950000e+00	-2.059814e-03	1.650951e-02	-2.573771e-03	3.084386e-02	-3.535642e-02
8.000000e+00	1.312894e-03	9.799033e-03	1.624752e-03	3.532695e-02	-2.285604e-02
8.050000e+00	6.855809e-03	1.472709e-02	5.714697e-03	5.253392e-02	-2.566324e-02
8.100000e+00	1.394642e-02	2.590057e-02	7.731726e-03	6.838043e-02	-2.912297e-02
8.150000e+00	2.148641e-02	3.566323e-02	1.289829e-02	8.114388e-02	-2.888594e-02
8.200000e+00	2.807517e-02	4.168796e-02	1.830688e-02	9.358861e-02	-2.795364e-02
8.250000e+00	3.225906e-02	4.333837e-02	2.251972e-02	9.895570e-02	-2.618705e-02
8.300000e+00	3.282933e-02	4.112321e-02	2.588333e-02	9.445897e-02	-2.369602e-02
8.350000e+00	2.910142e-02	3.630446e-02	2.665898e-02	8.527256e-02	-2.143466e-02
8.400000e+00	2.110583e-02	3.040918e-02	1.863935e-02	7.095665e-02	-3.064328e-02
8.450000e+00	9.637271e-03	2.473478e-02	3.707399e-03	5.573132e-02	-4.541653e-02
8.500000e+00	-3.857928e-03	1.996609e-02	-8.672585e-03	3.773763e-02	-5.659597e-02
8.550000e+00	-1.758567e-02	1.606344e-02	-2.008639e-02	2.061898e-02	-6.176627e-02
8.600000e+00	-2.950225e-02	1.288330e-02	-3.081489e-02	5.226602e-03	-5.977300e-02
8.650000e+00	-3.800389e-02	1.089044e-02	-3.867317e-02	-6.121029e-03	-7.007663e-02
8.700000e+00	-4.210529e-02	1.148250e-02	-4.092713e-02	-1.403148e-02	-7.303949e-02
8.750000e+00	-4.156819e-02	1.476947e-02	-4.028269e-02	-3.185472e-03	-7.050213e-02
8.800000e+00	-3.687553e-02	1.907511e-02	-3.911804e-02	1.410648e-02	-6.514536e-02
8.850000e+00	-2.907731e-02	2.296766e-02	-3.456984e-02	2.667332e-02	-6.135899e-02
8.900000e+00	-1.955277e-02	2.570841e-02	-2.325079e-02	3.403540e-02	-5.841671e-02
8.950000e+00	-9.739774e-03	2.712931e-02	-1.195776e-02	3.788658e-02	-5.588468e-02
9.000000e+00	-8.807437e-04	2.750663e-02	-1.551285e-03	4.449963e-02	-4.932141e-02
9.050000e+00	6.216980e-03	2.738819e-02	6.806435e-03	4.856844e-02	-3.924353e-02
9.100000e+00	1.116074e-02	2.725108e-02	1.180150e-02	5.313537e-02	-2.833068e-02
9.150000e+00	1.403481e-02	2.720678e-02	1.472377e-02	5.607757e-02	-2.891607e-02
9.200000e+00	1.526481e-02	2.672726e-02	1.725541e-02	5.419506e-02	-3.386903e-02
9.250000e+00	1.546505e-02	2.481922e-02	1.912327e-02	5.516893e-02	-3.542954e-02
9.300000e+00	1.527007e-02	2.056252e-02	1.898189e-02	5.104093e-02	-3.053298e-02
9.350000e+00	1.518125e-02	1.389779e-02	1.670008e-02	4.117676e-02	-1.792082e-02
9.400000e+00	1.545708e-02	8.565898e-03	1.624537e-02	3.847974e-02	-8.121664e-03
9.450000e+00	1.606882e-02	1.499343e-02	1.624868e-02	5.711731e-02	-2.091782e-02
9.500000e+00	1.673209e-02	2.651252e-02	1.417383e-02	7.114682e-02	-3.496188e-02
9.550000e+00	1.700547e-02	3.720977e-02	1.303136e-02	7.734946e-02	-4.902362e-02
9.600000e+00	1.642913e-02	4.464422e-02	1.134339e-02	8.223612e-02	-5.660368e-02
9.650000e+00	1.468312e-02	4.746964e-02	1.076919e-02	8.457881e-02	-5.635546e-02
9.700000e+00	1.167707e-02	4.527060e-02	1.606190e-02	7.705577e-02	-4.990031e-02
9.750000e+00	7.586195e-03	3.856416e-02	1.050302e-02	6.669856e-02	-4.585963e-02
9.800000e+00	2.810196e-03	2.869966e-02	1.905432e-03	5.712570e-02	-4.546016e-02
9.850000e+00	-2.133138e-03	1.785309e-02	-3.865770e-03	4.153743e-02	-4.028058e-02
9.900000e+00	-6.746223e-03	1.037043e-02	-7.510448e-03	2.266918e-02	-3.680159e-02
9.950000e+00	-1.067710e-02	1.275689e-02	-9.538048e-03	1.490996e-02	-4.454039e-02
1.000000e+01	-1.379012e-02	1.867711e-02	-1.376307e-02	2.083192e-02	-5.338828e-02
1.005000e+01	-1.618770e-02	2.279680e-02	-2.031529e-02	2.368885e-02	-5.742270e-02
1.010000e+01	-1.803187e-02	2.422011e-02	-2.696615e-02	2.657283e-02	-5.951379e-02
1.015000e+01	-1.950481e-02	2.332957e-02	-2.514778e-02	2.309445e-02	-5.578950e-02
1.020000e+01	-2.065899e-02	2.098426e-02	-2.275246e-02	1.705033e-02	-5.001763e-02
1.025000e+01	-2.134464e-02	1.816519e-02	-2.353283e-02	1.432993e-02	-4.960056e-02
1.030000e+01	-2.121900e-02	1.567625e-02	-2.098136e-02	1.247542e-02	-4.752797e-02
1.035000e+01	-1.984038e-02	1.391042e-02	-1.874647e-02	1.040150e-02	-4.550463e-02
1.040000e+01	-1.682012e-02	1.280692e-02	-1.583156e-02	1.380262e-02	-4.186525e-02
1.045000e+01	-1.198357e-02	1.205136e-02	-1.068490e-02	1.685564e-02	-3.725543e-02
1.050000e+01	-5.485977e-03	1.131807e-02	-3.835352e-03	1.998929e-02	-3.205629e-02
1.055000e+01	2.158045e-03	1.039394e-02	4.184086e-03	2.364236e-02	-2.488786e-02
1.060000e+01	1.014528e-02	9.240927e-03	1.109316e-02	2.786127e-02	-1.644302e-02
1.065000e+01	1.753685e-02	8.046983e-03	1.889605e-02	3.271754e-02	-6.906837e-03
1.070000e+01	2.344935e-02	7.209144e-03	2.453058e-02	4.343265e-02	2.957929e-03
1.075000e+01	2.722951e-02	7.135694e-03	2.706566e-02	5.151947e-02	7.937499e-03
1.080000e+01	2.856517e-02	7.955539e-03	2.794423e-02	5.678672e-02	7.492169e-03
1.085000e+01	2.750783e-02	9.565736e-03	2.795036e-02	5.477807e-02	5.565503e-03
1.090000e+01	2.441084e-02	1.182700e-02	2.505739e-02	4.661335e-02	-3.214599e-03
1.095000e+01	1.981214e-02	1.449318e-02	1.992419e-02	4.363167e-02	-1.055321e-02
1.100000e+01	1.430311e-02	1.712580e-02	1.435487e-02	4.509264e-02	-1.689983e-02
1.105000e+01	8.426091e-03	1.922377e-02	6.853162e-03	4.481897e-02	-2.537618e-02
1.110000e+01	2.585336e-03	2.023115e-02	-9.351206e-04	4.036088e-02	-3.449424e-02
1.115000e+01	-2.904633e-03	1.987390e-02	-7.561119e-03	3.392828e-02	-4.272848e-02
1.120000e+01	-7.814340e-03	1.814995e-02	-9.795902e-03	2.742530e-02	-4.691470e-02
1.125000e+01	-1.196314e-02	1.531569e-02	-1.446997e-02	1.990029e-02	-4.577458e-02
1.130000e+01	-1.519617e-02	1.189878e-02	-1.695083e-02	1.243862e-02	-3.922703e-02
1.135000e+01	-1.738604e-02	8.971384e-03	-1.811733e-02	6.986491e-03	-3.999582e-02
1.140000e+01	-1.845628e-02	8.562723e-03	-1.746169e-02	1.902920e-03	-4.617918e-02
1.145000e+01	-1.841178e-02	1.133696e-02	-1.709433e-02	3.350641e-03	-4.822020e-02
1.150000e+01	-1.735742e-02	1.531998e-02	-1.710520e-02	1.548738e-02	-4.490927e-02
1.155000e+01	-1.549037e-02	1.892630e-02	-1.524991e-02	2.620282e-02	-4.139826e-02
1.160000e+01	-1.306339e-02	2.126422e-02	-9.099426e-03	3.229793e-02	-4.487634e-02
1.165000e+01	-1.032878e-02	2.184546e-02	-3.891968e-03	3.336819e-02	-4.730323e-02
1.170000e+01	-7.482326e-03	2.055248e-02	-1.886012e-03	3.053650e-02	-4.827675e-02
1.175000e+01	-4.627861e-03	1.763513e-02	1.460240e-03	2.446011e-02	-4.413261e-02
1.180000e+01	-1.776681e-03	1.365489e-02	2.818241e-03	1.985299e-02	-3.486226e-02
1.185000e+01	1.116583e-03	9.413861e-03	3.574269e-03	1.761546e-02	-2.277915e-02
1.190000e+01	4.093577e-03	6.055171e-03	4.909837e-03	2.006632e-02	-1.703899e-02
1.195000e+01	7.129065e-03	5.239362e-03	7.058554e-03	2.353647e-02	-1.120262e-02
1.200000e+01	1.008888e-02	6.729527e-03	8.949981e-03	2.917328e-02	-3.545494e-03
1.205000e+01	1.274513e-02	8.569920e-03	1.022206e-02	3.534220e-02	-1.302426e-03
1.210000e+01	1.473820e-02	9.940526e-03	1.104682e-02	3.882240e-02	-1.700063e-03
1.215000e+01	1.576697e-02	1.067831e-02	1.214654e-02	3.947363e-02	-3.303206e-03
1.220000e+01	1.563176e-02	1.079399e-02	1.260576e-02	3.724016e-02	-4.405842e-03
1.225000e+01	1.429555e-02	1.036795e-02	1.238032e-02	3.498278e-02	-5.712039e-03
1.230000e+01	1.190544e-02	9.526660e-03	1.211862e-02	3.410323e-02	-7.605440e-03
1.235000e+01	8.767219e-03	8.425420e-03	9.715033e-03	2.971905e-02	-9.257436e-03
1.240000e+01	5.280126e-03	7.234171e-03	5.616043e-03	2.284133e-02	-1.205358e-02
1.245000e+01	1.849370e-03	6.134533e-03	1.871071e-03	1.691496e-02	-1.345378e-02
1.250000e+01	-1.199700e-03	5.306832e-03	-1.505839e-03	1.349445e-02	-1.671391e-02
1.255000e+01	-3.682945e-03	4.858930e-03	-4.015037e-03	1.016248e-02	-2.122941e-02
1.260000e+01	-5.578126e-03	4.731317e-03	-5.872192e-03	1.010336e-02	-2.243717e-02
1.265000e+01	-6.999828e-03	4.737072e-03	-7.239507e-03	9.268212e-03	-2.080215e-02
1.270000e+01	-8.136138e-03	4.714042e-03	-8.290427e-03	6.498358e-03	-1.914398e-02
1.275000e+01	-9.165633e-03	4.618621e-03	-9.074373e-03	3.275493e-03	-2.134787e-02
1.280000e+01	-1.017955e-02	4.564017e-03	-9.936890e-03	2.364201e-04	-2.527286e-02
1.285000e+01	-1.113347e-02	4.828344e-03	-1.100125e-02	3.971974e-03	-2.650009e-02
1.290000e+01	-1.184489e-02	5.672582e-03	-1.193336e-02	6.330827e-03	-2.722814e-02
1.295000e+01	-1.203946e-02	7.024782e-03	-1.260208e-02	6.606465e-03	-3.234570e-02
1.300000e+01	-1.143344e-02	8.496107e-03	-1.102818e-02	5.200423e-03	-3.397502e-02
1.305000e+01	-9.835240e-03	9.618152e-03	-8.761805e-03	7.603652e-03	-3.158829e-02
1.310000e+01	-7.188921e-03	9.992602e-03	-6.010546e-03	1.176402e-02	-3.174294e-02
1.315000e+01	-3.648984e-03	9.395924e-03	-2.456410e-03	1.629076e-02	-2.857807e-02
1.320000e+01	4.478265e-04	7.866200e-03	1.298013e-03	1.848867e-02	-2.094877e-02
1.325000e+01	4.641730e-03	5.801193e-03	5.049121e-03	1.932948e-02	-1.244446e-02
1.330000e+01	8.439981e-03	4.209573e-03	8.775075e-03	1.980984e-02	-2.565678e-03
1.335000e+01	1.141268e-02	4.488558e-03	1.156063e-02	2.641251e-02	-1.092077e-03
1.340000e+01	1.326824e-02	5.953709e-03	1.286228e-02	3.124393e-02	-3.418624e-03
1.345000e+01	1.388999e-02	7.149216e-03	1.296285e-02	3.269835e-02	-4.346290e-03
1.350000e+01	1.332873e-02	7.516038e-03	1.255878e-02	3.548061e-02	-6.704440e-03
1.355000e+01	1.176048e-02	7.031451e-03	1.116476e-02	3.345150e-02	-8.180717e-03
1.360000e+01	9.428644e-03	6.031948e-03	9.074434e-03	2.762053e-02	-6.795493e-03
1.365000e+01	6.592197e-03	5.144883e-03	6.715661e-03	1.935490e-02	-7.326991e-03
1.370000e+01	3.495416e-03	4.963009e-03	4.146700e-03	1.632464e-02	-1.159321e-02
1.375000e+01	3.631833e-04	5.359401e-03	7.930104e-04	1.366438e-02	-1.586430e-02
1.380000e+01	-2.586610e-03	5.696110e-03	-2.272168e-03	9.981395e-03	-1.896575e-02
1.385000e+01	-5.130233e-03	5.575313e-03	-5.090160e-03	6.775008e-03	-1.997439e-02
1.390000e+01	-7.042020e-03	5.002809e-03	-6.691077e-03	6.004098e-03	-1.979398e-02
1.395000e+01	-8.124379e-03	4.296053e-03	-8.004567e-03	3.984164e-03	-2.064916e-02
1.400000e+01	-8.259906e-03	3.890617e-03	-8.479279e-03	2.752775e-03	-1.945223e-02
1.405000e+01	-7.458343e-03	3.955152e-03	-7.593788e-03	4.196663e-03	-1.748108e-02
1.410000e+01	-5.939155e-03	4.249119e-03	-5.838212e-03	8.588586e-03	-1.656772e-02
1.415000e+01	-4.068442e-03	4.547106e-03	-4.443931e-03	1.003544e-02	-1.451680e-02
1.420000e+01	-2.291422e-03	4.809655e-03	-2.472840e-03	1.098386e-02	-1.447204e-02
1.425000e+01	-1.021728e-03	5.076970e-03	-6.994862e-04	1.098704e-02	-1.523137e-02
1.430000e+01	-5.234323e-04	5.326265e-03	-9.337034e-05	1.206932e-02	-1.608461e-02
1.435000e+01	-8.236777e-04	5.451203e-03	-3.692212e-04	1.219291e-02	-1.593410e-02
1.440000e+01	-1.688801e-03	5.345385e-03	-1.289182e-03	1.178552e-02	-1.462663e-02
1.445000e+01	-2.679396e-03	4.982746e-03	-2.453282e-03	1.411504e-02	-1.342165e-02
1.450000e+01	-3.274717e-03	4.443897e-03	-3.213840e-03	1.473154e-02	-1.491351e-02
1.455000e+01	-3.032521e-03	3.892707e-03	-2.976945e-03	1.379049e-02	-1.416361e-02
1.460000e+01	-1.735682e-03	3.511436e-03	-1.736019e-03	1.198187e-02	-1.135654e-02
1.465000e+01	5.223360e-04	3.409399e-03	4.788925e-04	1.364155e-02	-7.438266e-03
1.470000e+01	3.343853e-03	3.577148e-03	3.368490e-03	1.484197e-02	-5.751406e-03
1.475000e+01	6.127263e-03	3.931308e-03	6.081653e-03	2.046277e-02	-5.924914e-03
1.480000e+01	8.232680e-03	4.356341e-03	8.260277e-03	2.367829e-02	-5.465572e-03
1.485000e+01	9.162291e-03	4.716390e-03	9.123646e-03	2.364968e-02	-4.771459e-03
1.490000e+01	8.699193e-03	4.901502e-03	8.616889e-03	2.060499e-02	-6.141918e-03
1.495000e+01	6.961784e-03	4.902155e-03	7.153434e-03	1.862620e-02	-9.569957e-03
1.500000e+01	4.358494e-03	4.838574e-03	4.522425e-03	1.479372e-02	-1.241704e-02
1.505000e+01	1.471470e-03	4.866470e-03	1.442617e-03	1.364201e-02	-1.376795e-02
1.510000e+01	-1.167815e-03	5.003972e-03	-1.210615e-03	1.131503e-02	-1.329912e-02
1.515000e+01	-3.143730e-03	5.033754e-03	-3.533665e-03	8.753132e-03	-1.364494e-02
1.520000e+01	-4.270577e-03	4.733523e-03	-4.445051e-03	7.055216e-03	-1.612061e-02
1.525000e+01	-4.600945e-03	4.137920e-03	-4.325733e-03	4.267840e-03	-1.706723e-02
1.530000e+01	-4.360678e-03	3.686163e-03	-4.537442e-03	4.517852e-03	-1.584263e-02
1.535000e+01	-3.840195e-03	3.928766e-03	-3.654981e-03	6.615807e-03	-1.494106e-02
1.540000e+01	-3.284200e-03	4.674908e-03	-3.259141e-03	8.002227e-03	-1.561088e-02
1.545000e+01	-2.818486e-03	5.271460e-03	-2.846092e-03	8.044079e-03	-1.487368e-02
1.550000e+01	-2.435664e-03	5.336932e-03	-2.521663e-03	9.556143e-03	-1.318665e-02
1.555000e+01	-2.037937e-03	4.878920e-03	-2.078129e-03	1.130335e-02	-1.243231e-02
1.560000e+01	-1.513524e-03	4.232265e-03	-1.607310e-03	1.169730e-02	-1.124200e-02
1.565000e+01	-8.119664e-04	3.861914e-03	-7.642427e-04	1.091789e-02	-1.284952e-02
1.570000e+01	1.395791e-05	3.897834e-03	3.809972e-05	9.729328e-03	-1.281274e-02
1.575000e+01	8.170006e-04	3.986834e-03	1.046192e-03	1.133486e-02	-1.101356e-02
1.580000e+01	1.410914e-03	3.793969e-03	1.460620e-03	1.308103e-02	-8.295891e-03
1.585000e+01	1.649360e-03	3.294400e-03	1.624078e-03	1.293240e-02	-7.072614e-03
1.590000e+01	1.495122e-03	2.774615e-03	1.432556e-03	1.174430e-02	-6.895773e-03
1.595000e+01	1.049697e-03	2.688314e-03	7.901286e-04	9.523167e-03	-5.585502e-03
1.600000e+01	5.283233e-04	3.133951e-03	2.174918e-04	1.079688e-02	-7.435161e-03
1.605000e+01	1.981916e-04	3.740815e-03	1.928835e-04	1.145639e-02	-1.112210e-02
1.610000e+01	2.531815e-04	4.189647e-03	4.132610e-04	1.097982e-02	-1.255144e-02
1.615000e+01	7.465476e-04	4.333906e-03	8.555159e-04	1.031392e-02	-1.226569e-02
1.620000e+01	1.552809e-03	4.162444e-03	1.640531e-03	1.136279e-02	-1.185815e-02
1.625000e+01	2.395091e-03	3.780695e-03	2.569621e-03	1.118140e-02	-9.878460e-03
1.630000e+01	2.929488e-03	3.371251e-03	3.088843e-03	1.107122e-02	-9.427849e-03
1.635000e+01	2.860380e-03	3.096937e-03	2.887881e-03	1.108279e-02	-9.268322e-03
1.640000e+01	2.048649e-03	3.010774e-03	1.859110e-03	1.051663e-02	-8.906758e-03
1.645000e+01	5.754600e-04	3.098789e-03	4.181922e-04	1.001649e-02	-9.014839e-03
1.650000e+01	-1.262258e-03	3.342060e-03	-1.472731e-03	9.250245e-03	-9.420807e-03
1.655000e+01	-3.026532e-03	3.635667e-03	-3.348789e-03	7.419031e-03	-1.131243e-02
1.660000e+01	-4.262053e-03	3.755763e-03	-4.304420e-03	6.170537e-03	-1.234816e-02
1.665000e+01	-4.630985e-03	3.519594e-03	-4.315570e-03	5.801424e-03	-1.217034e-02
1.670000e+01	-4.016477e-03	3.063670e-03	-3.874649e-03	5.223782e-03	-1.250944e-02
1.675000e+01	-2.561770e-03	3.120806e-03	-2.615494e-03	8.975482e-03	-1.196469e-02
1.680000e+01	-6.318906e-04	4.219070e-03	-1.400389e-03	1.344440e-02	-9.946098e-03
1.685000e+01	1.290538e-03	5.703081e-03	-5.958933e-04	1.597565e-02	-8.786287e-03
1.690000e+01	2.743096e-03	6.810000e-03	3.003053e-04	1.818850e-02	-9.212624e-03
1.695000e+01	3.412330e-03	7.108428e-03	1.251114e-03	1.921490e-02	-8.910325e-03
1.700000e+01	3.214328e-03	6.488476e-03	1.564775e-03	1.822508e-02	-9.177441e-03
1.705000e+01	2.296249e-03	5.141352e-03	1.146521e-03	1.574856e-02	-8.269497e-03
1.710000e+01	9.998609e-04	3.563824e-03	6.464702e-04	1.168129e-02	-7.254286e-03
1.715000e+01	-2.719013e-04	2.522571e-03	-4.433728e-04	8.391310e-03	-7.924051e-03
1.720000e+01	-1.172861e-03	2.539415e-03	-1.169433e-03	5.926136e-03	-8.052108e-03
1.725000e+01	-1.511189e-03	2.929637e-03	-1.460306e-03	6.256910e-03	-1.001216e-02
1.730000e+01	-1.290837e-03	3.108511e-03	-1.179346e-03	5.965611e-03	-1.007744e-02
1.735000e+01	-6.874355e-04	3.092846e-03	-4.565224e-04	6.564916e-03	-9.275620e-03
1.740000e+01	2.857989e-05	3.089259e-03	2.538453e-04	9.274862e-03	-1.133767e-02
1.745000e+01	5.919801e-04	3.205811e-03	9.020474e-04	1.027940e-02	-1.225820e-02
1.750000e+01	8.302888e-04	3.414944e-03	1.245225e-03	9.553245e-03	-1.201321e-02
1.755000e+01	7.098976e-04	3.680195e-03	1.391424e-03	9.247298e-03	-1.073302e-02
1.760000e+01	3.282631e-04	3.971620e-03	7.823034e-04	8.524258e-03	-1.124688e-02
1.765000e+01	-1.402032e-04	4.193950e-03	-3.606607e-05	8.956805e-03	-1.170539e-02
1.770000e+01	-5.206056e-04	4.202651e-03	-5.168720e-04	9.445495e-03	-1.047714e-02
1.775000e+01	-7.056893e-04	3.904567e-03	-6.218715e-04	9.740756e-03	-9.183459e-03
1.780000e+01	-6.899249e-04	3.341616e-03	-8.297636e-04	8.624443e-03	-8.347746e-03
1.785000e+01	-5.583672e-04	2.715958e-03	-6.716238e-04	7.210399e-03	-7.586669e-03
1.790000e+01	-4.373776e-04	2.330625e-03	-4.330347e-04	7.149813e-03	-7.179887e-03
1.795000e+01	-4.292537e-04	2.336633e-03	-3.338921e-04	8.542280e-03	-8.844870e-03
1.800000e+01	-5.587858e-04	2.548365e-03	-6.376731e-04	9.322996e-03	-9.182707e-03
1.805000e+01	-7.419357e-04	2.757438e-03	-8.196404e-04	9.381318e-03	-8.042703e-03
1.810000e+01	-8.444068e-04	2.927044e-03	-9.725168e-04	8.668708e-03	-9.048966e-03
1.815000e+01	-7.209005e-04	3.147950e-03	-1.029697e-03	7.412445e-03	-8.933816e-03
1.820000e+01	-2.824488e-04	3.530427e-03	-8.587489e-04	8.871084e-03	-7.868330e-03
1.825000e+01	4.525307e-04	4.084640e-03	-5.164874e-04	1.040832e-02	-7.206500e-03
1.830000e+01	1.344598e-03	4.672768e-03	7.334720e-05	1.141738e-02	-7.216101e-03
1.835000e+01	2.165317e-03	5.068388e-03	1.145249e-03	1.222922e-02	-8.422346e-03
1.840000e+01	2.666072e-03	5.056179e-03	1.920108e-03	1.314807e-02	-8.409526e-03
1.845000e+01	2.660606e-03	4.529241e-03	2.255099e-03	1.292801e-02	-7.249044e-03
1.850000e+01	2.092220e-03	3.589974e-03	1.773994e-03	1.133831e-02	-6.100284e-03
1.855000e+01	1.061214e-03	2.719328e-03	1.061829e-03	7.980393e-03	-6.167100e-03
1.860000e+01	-1.982916e-04	2.795226e-03	-6.532153e-05	5.931466e-03	-8.693798e-03
1.865000e+01	-1.385421e-03	3.740758e-03	-5.639796e-04	6.846904e-03	-1.344109e-02
1.870000e+01	-2.221505e-03	4.675785e-03	-1.417094e-03	8.184259e-03	-1.594131e-02
1.875000e+01	-2.531549e-03	5.149367e-03	-1.618467e-03	8.297064e-03	-1.576460e-02
1.880000e+01	-2.291708e-03	5.065644e-03	-9.110815e-04	7.221547e-03	-1.310784e-02
1.885000e+01	-1.628325e-03	4.539039e-03	-8.521207e-04	7.216020e-03	-1.174306e-02
1.890000e+01	-7.707215e-04	3.800137e-03	-3.348034e-04	8.147847e-03	-1.058327e-02
1.895000e+01	2.477786e-05	3.093962e-03	2.576298e-04	1.006879e-02	-8.424678e-03
1.900000e+01	5.534825e-04	2.575839e-03	5.206040e-04	1.080666e-02	-6.584126e-03
1.905000e+01	7.217697e-04	2.264937e-03	5.164575e-04	1.019742e-02	-5.032650e-03
1.910000e+01	5.450826e-04	2.103074e-03	4.695899e-04	8.283474e-03	-4.621009e-03
1.915000e+01	1.526560e-04	2.031876e-03	6.073834e-05	6.647393e-03	-5.844357e-03
1.920000e+01	-2.744885e-04	1.992281e-03	-2.511184e-04	7.743459e-03	-5.984466e-03
1.925000e+01	-5.675035e-04	1.939537e-03	-5.394225e-04	8.418279e-03	-6.224387e-03
1.930000e+01	-6.219742e-04	1.919864e-03	-6.096089e-04	7.951024e-03	-5.455086e-03
1.935000e+01	-4.225969e-04	2.077968e-03	-6.165224e-04	6.749164e-03	-6.849705e-03
1.940000e+01	-3.552588e-05	2.475747e-03	-5.456580e-04	6.116502e-03	-7.355141e-03
1.945000e+01	4.247425e-04	2.981750e-03	-1.499362e-04	7.676344e-03	-6.677863e-03
1.950000e+01	8.391348e-04	3.414347e-03	3.191211e-04	8.754656e-03	-6.099236e-03
1.955000e+01	1.121779e-03	3.660247e-03	7.973829e-04	9.015465e-03	-6.910753e-03
1.960000e+01	1.239482e-03	3.693423e-03	9.107832e-04	8.217601e-03	-7.970856e-03
1.965000e+01	1.208846e-03	3.549083e-03	1.164613e-03	8.715343e-03	-9.019223e-03
1.970000e+01	1.075748e-03	3.282507e-03	9.634550e-04	9.201352e-03	-8.238237e-03
1.975000e+01	8.879382e-04	2.938191e-03	7.860380e-04	8.452568e-03	-5.898838e-03
1.980000e+01	6.728911e-04	2.548475e-03	6.127198e-04	7.166979e-03	-5.833039e-03
1.985000e+01	4.296702e-04	2.160569e-03	3.039117e-04	6.637270e-03	-5.500179e-03
1.990000e+01	1.371340e-04	1.879497e-03	8.850040e-05	5.826878e-03	-4.498247e-03
1.995000e+01	-2.260264e-04	1.882901e-03	-3.197382e-04	4.903453e-03	-5.680966e-03
2.000000e+01	-6.586515e-04	2.272643e-03	-4.917528e-04	5.041653e-03	-6.987464e-03
