# k	<chi>	std	chi_median	chi_max	chi_min
0.000000e+00	3.845341e-02	8.513658e-02	0.000000e+00	4.498200e-01	-1.723021e-01
5.000000e-02	6.585545e-02	1.030738e-01	5.293333e-02	4.299215e-01	-1.645304e-01
1.000000e-01	5.784314e-02	9.655482e-02	4.691798e-02	4.099064e-01	-1.566003e-01
1.500000e-01	3.312019e-02	8.453432e-02	2.954361e-02	3.495047e-01	-2.119583e-01
2.000000e-01	7.086156e-03	8.571934e-02	1.525620e-02	2.911353e-01	-2.697300e-01
2.500000e-01	-3.775003e-02	1.112294e-01	-1.829115e-02	2.303260e-01	-3.628637e-01
3.000000e-01	-8.526042e-02	1.497260e-01	-4.970434e-02	2.193771e-01	-4.568081e-01
3.500000e-01	-1.525321e-01	2.078114e-01	-7.883644e-02	1.982931e-01	-5.820942e-01
4.000000e-01	-2.219561e-01	2.635444e-01	-1.408222e-01	1.758441e-01	-6.977571e-01
4.500000e-01	-3.082356e-01	3.283510e-01	-2.357809e-01	1.645278e-01	-8.351246e-01
5.000000e-01	-3.922976e-01	3.825830e-01	-3.338463e-01	1.611435e-01	-9.651736e-01
5.500000e-01	-4.839136e-01	4.338816e-01	-4.489636e-01	1.356581e-01	-1.097896e+00
6.000000e-01	-5.642240e-01	4.668541e-01	-5.402010e-01	8.626967e-02	-1.196192e+00
6.500000e-01	-6.363841e-01	4.832681e-01	-6.185751e-01	1.257931e-02	-1.265550e+00
7.000000e-01	-6.853617e-01	4.756944e-01	-6.805180e-01	-3.419500e-02	-1.306188e+00
7.500000e-01	-7.086096e-01	4.420940e-01	-7.187950e-01	-9.348263e-02	-1.296050e+00
8.000000e-01	-6.998995e-01	3.859111e-01	-6.986180e-01	-1.575742e-01	-1.218877e+00
8.500000e-01	-6.551843e-01	3.055589e-01	-6.404887e-01	-2.143643e-01	-1.107446e+00
9.000000e-01	-5.808585e-01	2.150691e-01	-5.608239e-01	-2.278274e-01	-9.440900e-01
9.500000e-01	-4.766928e-01	1.185004e-01	-4.701783e-01	-2.314026e-01	-7.278513e-01
1.000000e+00	-3.606657e-01	5.547538e-02	-3.632931e-01	-2.271154e-01	-5.384444e-01
1.050000e+00	-2.383898e-01	9.104859e-02	-2.464855e-01	-2.711436e-02	-4.270141e-01
1.100000e+00	-1.311463e-01	1.411870e-01	-1.639920e-01	1.213472e-01	-3.741488e-01
1.150000e+00	-4.630914e-02	1.691919e-01	-7.142373e-02	2.179696e-01	-3.204918e-01
1.200000e+00	4.224225e-03	1.671487e-01	-1.147912e-02	2.515981e-01	-2.590730e-01
1.250000e+00	1.929770e-02	1.388055e-01	2.261032e-02	2.293313e-01	-2.176528e-01
1.300000e+00	4.482131e-03	9.274474e-02	1.211923e-02	1.835349e-01	-2.023547e-01
1.350000e+00	-3.132793e-02	4.648248e-02	-2.305301e-02	9.974850e-02	-1.836148e-01
1.400000e+00	-6.990214e-02	5.191164e-02	-7.899902e-02	7.764681e-02	-1.856642e-01
1.450000e+00	-9.840647e-02	8.771589e-02	-1.088423e-01	1.049447e-01	-2.485991e-01
1.500000e+00	-1.021281e-01	1.084385e-01	-8.228293e-02	1.206612e-01	-2.662318e-01
1.550000e+00	-7.612573e-02	1.067128e-01	-5.046301e-02	1.297867e-01	-2.344957e-01
1.600000e+00	-2.327713e-02	8.291024e-02	-1.244959e-02	1.338285e-01	-1.610853e-01
1.650000e+00	4.829926e-02	4.431248e-02	5.105072e-02	1.361733e-01	-4.708573e-02
1.700000e+00	1.203198e-01	2.400566e-02	1.186081e-01	1.885144e-01	4.199709e-02
1.750000e+00	1.804518e-01	5.958234e-02	1.833944e-01	2.952069e-01	6.441872e-02
1.800000e+00	2.122450e-01	9.049890e-02	2.059005e-01	3.532829e-01	7.578390e-02
1.850000e+00	2.136568e-01	1.060481e-01	1.966677e-01	3.553069e-01	6.915158e-02
1.900000e+00	1.844169e-01	1.022148e-01	1.676167e-01	3.210939e-01	3.683808e-02
1.950000e+00	1.360613e-01	8.375685e-02	1.284551e-01	2.630256e-01	7.485223e-03
2.000000e+00	8.108774e-02	5.588310e-02	7.919321e-02	1.772519e-01	-1.096023e-02
2.050000e+00	3.162705e-02	2.618811e-02	2.873097e-02	8.590257e-02	-2.303241e-02
2.100000e+00	4.225424e-04	1.162596e-02	1.082317e-03	4.411616e-02	-3.603149e-02
2.150000e+00	-9.362453e-03	2.146725e-02	-8.213697e-03	3.088737e-02	-6.055867e-02
2.200000e+00	-2.863557e-03	2.601264e-02	-2.481461e-03	4.191984e-02	-5.555683e-02
2.250000e+00	8.288675e-03	2.670548e-02	7.558492e-03	5.562035e-02	-4.229043e-02
2.300000e+00	1.718698e-02	2.504851e-02	1.535561e-02	6.081824e-02	-2.636211e-02
2.350000e+00	1.888416e-02	2.318950e-02	1.672658e-02	5.743780e-02	-2.396100e-02
2.400000e+00	1.257267e-02	2.202211e-02	9.324307e-03	4.917503e-02	-2.757418e-02
2.450000e+00	7.138691e-03	2.055431e-02	4.995230e-03	4.177316e-02	-3.346949e-02
2.500000e+00	-6.962669e-05	1.841989e-02	-4.343350e-05	3.380323e-02	-3.691824e-02
2.550000e+00	-7.381375e-03	1.545354e-02	-6.573183e-03	2.366404e-02	-3.692048e-02
2.600000e+00	-1.318294e-02	1.163720e-02	-1.272357e-02	1.297889e-02	-3.335289e-02
2.650000e+00	-1.869958e-02	7.950256e-03	-1.969100e-02	2.457689e-03	-3.267486e-02
2.700000e+00	-2.203066e-02	4.616369e-03	-2.267365e-02	-6.728423e-03	-3.171742e-02
2.750000e+00	-2.292952e-02	3.612471e-03	-2.273795e-02	-1.287870e-02	-3.313644e-02
2.800000e+00	-2.165028e-02	5.491824e-03	-2.067637e-02	-1.080013e-02	-3.494116e-02
2.850000e+00	-1.993030e-02	7.469206e-03	-1.893022e-02	-5.724041e-03	-3.599231e-02
2.900000e+00	-1.637371e-02	8.691787e-03	-1.512046e-02	-3.469851e-04	-3.341691e-02
2.950000e+00	-1.169670e-02	9.001674e-03	-1.007562e-02	4.037954e-03	-2.773767e-02
3.000000e+00	-6.604508e-03	8.502466e-03	-4.557109e-03	7.668788e-03	-2.020151e-02
3.050000e+00	-1.115589e-03	7.644075e-03	4.998268e-04	1.254618e-02	-1.249714e-02
3.100000e+00	3.704657e-03	6.371395e-03	4.056559e-03	1.696185e-02	-6.673510e-03
3.150000e+00	7.443994e-03	4.914774e-03	6.801166e-03	1.933244e-02	-2.403564e-03
3.200000e+00	9.973679e-03	3.514228e-03	9.835400e-03	1.945659e-02	9.880530e-05
3.250000e+00	1.124794e-02	2.457837e-03	1.148776e-02	1.749388e-02	2.890382e-03
3.300000e+00	1.151081e-02	2.790221e-03	1.152118e-02	1.922711e-02	5.173860e-03
3.350000e+00	1.117364e-02	3.945174e-03	1.098385e-02	2.036520e-02	2.058716e-03
3.400000e+00	1.058431e-02	5.054859e-03	1.026886e-02	2.124465e-02	-1.727185e-03
3.450000e+00	9.953291e-03	5.786715e-03	9.279028e-03	2.151536e-02	-4.740395e-03
3.500000e+00	9.393499e-03	5.840287e-03	8.873121e-03	2.141540e-02	-6.029905e-03
3.550000e+00	8.795073e-03	5.312364e-03	8.470540e-03	2.112654e-02	-5.499879e-03
3.600000e+00	7.967528e-03	4.566863e-03	7.898765e-03	1.927151e-02	-3.849898e-03
3.650000e+00	6.811648e-03	4.252544e-03	6.477675e-03	1.850311e-02	-2.289799e-03
3.700000e+00	5.021833e-03	4.939997e-03	4.570856e-03	1.999783e-02	-4.876375e-03
3.750000e+00	2.529922e-03	5.989677e-03	2.230669e-03	1.951226e-02	-8.111056e-03
3.800000e+00	-6.389527e-04	6.563541e-03	-1.373368e-03	1.641983e-02	-1.159775e-02
3.850000e+00	-4.382398e-03	6.233734e-03	-4.990992e-03	1.071269e-02	-1.436156e-02
3.900000e+00	-8.708008e-03	4.700683e-03	-9.109521e-03	2.347545e-03	-1.653672e-02
3.950000e+00	-1.332502e-02	2.355989e-03	-1.337482e-02	-7.529700e-03	-1.834206e-02
4.000000e+00	-1.777532e-02	2.496677e-03	-1.777178e-02	-1.050710e-02	-2.423386e-02
4.050000e+00	-2.170885e-02	5.754562e-03	-2.112059e-02	-8.988973e-03	-3.278354e-02
4.100000e+00	-2.440787e-02	8.743582e-03	-2.348135e-02	-6.229040e-03	-4.023235e-02
4.150000e+00	-2.510563e-02	1.051479e-02	-2.423174e-02	-3.200007e-03	-4.378927e-02
4.200000e+00	-2.322825e-02	1.060453e-02	-2.254186e-02	-2.726373e-04	-4.275781e-02
4.250000e+00	-1.916206e-02	9.175957e-03	-1.891651e-02	2.298396e-03	-3.813754e-02
4.300000e+00	-1.267424e-02	6.682912e-03	-1.262552e-02	4.915738e-03	-2.955257e-02
4.350000e+00	-4.464186e-03	5.101694e-03	-4.345538e-03	7.455619e-03	-1.800925e-02
4.400000e+00	4.387695e-03	6.770301e-03	4.581313e-03	1.935271e-02	-1.181516e-02
4.450000e+00	1.248709e-02	9.646387e-03	1.219697e-02	3.140902e-02	-6.941292e-03
4.500000e+00	1.923484e-02	1.187590e-02	1.928043e-02	4.086475e-02	-8.265710e-03
4.550000e+00	2.404139e-02	1.285527e-02	2.495567e-02	4.547991e-02	-9.090577e-03
4.600000e+00	2.680585e-02	1.256663e-02	2.868604e-02	4.589652e-02	-8.779002e-03
4.650000e+00	2.787780e-02	1.139888e-02	3.001704e-02	4.447609e-02	-7.020819e-03
4.700000e+00	2.780800e-02	9.787219e-03	2.935880e-02	4.173399e-02	-3.849612e-03
4.750000e+00	2.703330e-02	8.170710e-03	2.777140e-02	4.230684e-02	4.500755e-04
4.800000e+00	2.573917e-02	6.918617e-03	2.574106e-02	4.108883e-02	5.544571e-03
4.850000e+00	2.379111e-02	6.322880e-03	2.364478e-02	3.749073e-02	4.269829e-03
4.900000e+00	2.087150e-02	6.429198e-03	2.077078e-02	3.564073e-02	2.779361e-03
4.950000e+00	1.665853e-02	7.459494e-03	1.677059e-02	3.440504e-02	8.904774e-04
5.000000e+00	1.108055e-02	9.582826e-03	1.058015e-02	3.357726e-02	-1.054341e-02
5.050000e+00	4.463078e-03	1.245665e-02	3.714647e-03	3.397245e-02	-2.249696e-02
5.100000e+00	-2.416407e-03	1.530920e-02	-2.790867e-03	3.726112e-02	-3.375607e-02
5.150000e+00	-8.651829e-03	1.720009e-02	-9.667623e-03	3.826710e-02	-4.204144e-02
5.200000e+00	-1.345939e-02	1.739851e-02	-1.437465e-02	3.626629e-02	-4.491688e-02
5.250000e+00	-1.645520e-02	1.567242e-02	-1.769591e-02	3.111173e-02	-4.360464e-02
5.300000e+00	-1.786322e-02	1.252571e-02	-1.924575e-02	2.318113e-02	-3.933590e-02
5.350000e+00	-1.844507e-02	9.245703e-03	-1.966692e-02	1.942484e-02	-3.541972e-02
5.400000e+00	-1.921892e-02	7.543008e-03	-2.008170e-02	1.356004e-02	-3.461256e-02
5.450000e+00	-2.091801e-02	7.590493e-03	-2.129486e-02	5.572471e-03	-4.281237e-02
5.500000e+00	-2.396352e-02	7.857273e-03	-2.358171e-02	-3.819687e-03	-4.757867e-02
5.550000e+00	-2.796132e-02	7.983881e-03	-2.693532e-02	-9.925578e-03	-4.937313e-02
5.600000e+00	-3.184272e-02	9.035180e-03	-3.134998e-02	-9.586584e-03	-5.436015e-02
5.650000e+00	-3.405908e-02	1.110849e-02	-3.422734e-02	-5.224120e-03	-6.180236e-02
5.700000e+00	-3.344692e-02	1.287580e-02	-3.367329e-02	-3.984722e-04	-6.352820e-02
5.750000e+00	-2.930375e-02	1.314631e-02	-2.996099e-02	5.307029e-03	-5.974034e-02
5.800000e+00	-2.176927e-02	1.186232e-02	-2.231850e-02	1.205441e-02	-4.912822e-02
5.850000e+00	-1.170735e-02	1.065087e-02	-1.214228e-02	1.935988e-02	-4.372773e-02
5.900000e+00	-7.298066e-04	1.222916e-02	-2.483714e-04	2.625089e-02	-3.998175e-02
5.950000e+00	9.628025e-03	1.628103e-02	1.051818e-02	4.320753e-02	-3.330931e-02
6.000000e+00	1.823850e-02	2.044280e-02	1.923652e-02	5.643312e-02	-2.453526e-02
6.050000e+00	2.468278e-02	2.316392e-02	2.720360e-02	6.339228e-02	-2.363422e-02
6.100000e+00	2.905811e-02	2.402577e-02	3.148792e-02	6.804657e-02	-1.960501e-02
6.150000e+00	3.198720e-02	2.319321e-02	3.825916e-02	6.879283e-02	-1.797316e-02
6.200000e+00	3.410771e-02	2.109989e-02	4.052814e-02	6.745146e-02	-1.416076e-02
6.250000e+00	3.571754e-02	1.821332e-02	3.995761e-02	6.642455e-02	-6.258713e-03
6.300000e+00	3.661035e-02	1.504745e-02	3.857257e-02	6.448239e-02	1.408963e-03
6.350000e+00	3.616512e-02	1.246263e-02	3.629431e-02	6.176611e-02	-1.292846e-03
6.400000e+00	3.364476e-02	1.184904e-02	3.525897e-02	5.839967e-02	-2.766526e-03
6.450000e+00	2.857079e-02	1.386725e-02	2.965844e-02	5.773778e-02	-3.522670e-03
6.500000e+00	2.101071e-02	1.738514e-02	1.992860e-02	6.343035e-02	-1.694555e-02
6.550000e+00	1.152272e-02	2.095264e-02	1.022761e-02	6.531681e-02	-3.145105e-02
6.600000e+00	1.396830e-03	2.362538e-02	1.044064e-03	6.186679e-02	-4.405418e-02
6.650000e+00	-8.118934e-03	2.483582e-02	-5.661542e-03	5.197912e-02	-5.362544e-02
6.700000e+00	-1.607585e-02	2.435670e-02	-1.297068e-02	3.685323e-02	-5.920913e-02
6.750000e+00	-2.208224e-02	2.234069e-02	-1.948022e-02	2.813676e-02	-6.158651e-02
6.800000e+00	-2.632817e-02	1.934638e-02	-2.529666e-02	2.484751e-02	-5.906335e-02
6.850000e+00	-2.937317e-02	1.627557e-02	-3.188590e-02	1.728291e-02	-5.538947e-02
6.900000e+00	-3.179334e-02	1.410098e-02	-3.572450e-02	9.479000e-03	-5.354089e-02
6.950000e+00	-3.384324e-02	1.326194e-02	-3.578799e-02	5.112321e-03	-6.615518e-02
7.000000e+00	-3.528068e-02	1.332763e-02	-3.629047e-02	4.121627e-03	-7.451105e-02
7.050000e+00	-3.536567e-02	1.368664e-02	-3.627833e-02	6.234332e-03	-7.434977e-02
7.100000e+00	-3.332620e-02	1.434403e-02	-3.402123e-02	1.037439e-02	-6.669465e-02
7.150000e+00	-2.858634e-02	1.569420e-02	-2.885484e-02	1.262183e-02	-6.255703e-02
7.200000e+00	-2.112891e-02	1.783174e-02	-2.131014e-02	1.650504e-02	-6.470273e-02
7.250000e+00	-1.161407e-02	2.016424e-02	-1.294706e-02	3.606268e-02	-6.242644e-02
7.300000e+00	-1.240198e-03	2.176823e-02	-1.976016e-03	5.225740e-02	-5.433711e-02
7.350000e+00	8.602035e-03	2.190503e-02	8.236680e-03	6.137569e-02	-4.257310e-02
7.400000e+00	1.674654e-02	2.033589e-02	1.758142e-02	6.176889e-02	-2.918780e-02
7.450000e+00	2.257577e-02	1.745669e-02	2.489225e-02	5.389415e-02	-2.498679e-02
7.500000e+00	2.612779e-02	1.429946e-02	2.859622e-02	5.815575e-02	-1.916535e-02
7.550000e+00	2.787766e-02	1.224881e-02	2.956629e-02	6.078190e-02	-1.087077e-02
7.600000e+00	2.864629e-02	1.213143e-02	2.911069e-02	5.973765e-02	-1.033622e-02
7.650000e+00	2.900740e-02	1.320821e-02	2.906080e-02	5.993242e-02	-1.399049e-02
7.700000e+00	2.910329e-02	1.436030e-02	2.927930e-02	6.239421e-02	-2.041981e-02
7.750000e+00	2.861020e-02	1.505310e-02	2.890422e-02	6.182418e-02	-2.445121e-02
7.800000e+00	2.692660e-02	1.516806e-02	2.745697e-02	5.977131e-02	-2.449443e-02
7.850000e+00	2.349517e-02	1.473517e-02	2.349353e-02	5.633737e-02	-1.970498e-02
7.900000e+00	1.811451e-02	1.389408e-02	1.817113e-02	5.186019e-02	-1.557848e-02
7.950000e+00	1.110297e-02	1.297344e-02	1.069448e-02	4.305766e-02	-2.456837e-02
8.000000e+00	3.243450e-03	1.246878e-02	3.355959e-03	3.215766e-02	-3.408075e-02
8.050000e+00	-4.526776e-03	1.269965e-02	-4.653157e-03	3.082252e-02	-4.058341e-02
8.100000e+00	-1.123251e-02	1.350123e-02	-1.188565e-02	3.731606e-02	-4.263064e-02
8.150000e+00	-1.639843e-02	1.420747e-02	-1.741777e-02	3.877356e-02	-5.290906e-02
8.200000e+00	-2.005457e-02	1.416130e-02	-2.124317e-02	3.507922e-02	-5.680538e-02
8.250000e+00	-2.261516e-02	1.316162e-02	-2.351019e-02	2.777340e-02	-5.490874e-02
8.300000e+00	-2.459692e-02	1.190273e-02	-2.640463e-02	2.275308e-02	-4.826837e-02
8.350000e+00	-2.630459e-02	1.204488e-02	-2.796577e-02	1.876455e-02	-5.750757e-02
8.400000e+00	-2.762545e-02	1.436571e-02	-2.747547e-02	2.349976e-02	-6.977819e-02
8.450000e+00	-2.802831e-02	1.735890e-02	-2.664902e-02	2.937968e-02	-7.799083e-02
8.500000e+00	-2.677381e-02	1.916025e-02	-2.558052e-02	3.272244e-02	-7.718269e-02
8.550000e+00	-2.321055e-02	1.876823e-02	-2.364554e-02	3.352887e-02	-6.830454e-02
8.600000e+00	-1.721660e-02	1.651030e-02	-1.844551e-02	3.068064e-02	-6.041546e-02
8.650000e+00	-9.257571e-03	1.418296e-02	-1.019009e-02	2.462191e-02	-4.893220e-02
8.700000e+00	-3.502327e-04	1.437797e-02	6.517608e-04	3.663601e-02	-3.743456e-02
8.750000e+00	8.213971e-03	1.717036e-02	5.836840e-03	5.484838e-02	-2.465040e-02
8.800000e+00	1.525146e-02	2.018064e-02	1.270958e-02	7.221254e-02	-2.554529e-02
8.850000e+00	2.002653e-02	2.179219e-02	1.948824e-02	7.742441e-02	-3.433468e-02
8.900000e+00	2.241878e-02	2.165046e-02	2.485919e-02	7.116633e-02	-3.990568e-02
8.950000e+00	2.285953e-02	2.017042e-02	2.705499e-02	5.987942e-02	-4.043689e-02
9.000000e+00	2.207374e-02	1.803437e-02	2.639416e-02	6.096039e-02	-3.561075e-02
9.050000e+00	2.076880e-02	1.580838e-02	2.469090e-02	6.045869e-02	-2.985953e-02
9.100000e+00	1.925593e-02	1.376836e-02	2.134874e-02	5.854984e-02	-2.960317e-02
9.150000e+00	1.748022e-02	1.203425e-02	1.798788e-02	5.106698e-02	-2.837658e-02
9.200000e+00	1.508592e-02	1.077868e-02	1.587374e-02	4.207117e-02	-2.579791e-02
9.250000e+00	1.167746e-02	1.031143e-02	1.223377e-02	3.842280e-02	-2.116938e-02
9.300000e+00	7.108202e-03	1.087132e-02	7.365520e-03	3.275750e-02	-2.682666e-02
9.350000e+00	1.663191e-03	1.221180e-02	1.088641e-03	3.016641e-02	-3.297644e-02
9.400000e+00	-3.951761e-03	1.360564e-02	-4.759737e-03	2.998615e-02	-3.806701e-02
9.450000e+00	-8.818383e-03	1.431045e-02	-9.651998e-03	2.817760e-02	-3.958571e-02
9.500000e+00	-1.212951e-02	1.401069e-02	-1.372171e-02	3.133641e-02	-4.443502e-02
9.550000e+00	-1.351158e-02	1.307144e-02	-1.544999e-02	3.087408e-02	-4.538935e-02
9.600000e+00	-1.311926e-02	1.235912e-02	-1.462763e-02	2.623303e-02	-4.341916e-02
9.650000e+00	-1.164514e-02	1.239587e-02	-1.299009e-02	2.251560e-02	-3.863721e-02
9.700000e+00	-1.003209e-02	1.263813e-02	-1.158637e-02	2.749046e-02	-3.530016e-02
9.750000e+00	-9.110546e-03	1.231647e-02	-1.056090e-02	3.357336e-02	-3.501762e-02
9.800000e+00	-9.278407e-03	1.158690e-02	-9.583331e-03	3.653091e-02	-3.579523e-02
9.850000e+00	-1.034991e-02	1.159664e-02	-1.015956e-02	3.541843e-02	-4.205898e-02
9.900000e+00	-1.163300e-02	1.290352e-02	-1.316715e-02	3.030467e-02	-4.374890e-02
9.950000e+00	-1.220420e-02	1.435075e-02	-1.340855e-02	2.210468e-02	-5.091271e-02
1.000000e+01	-1.127261e-02	1.453934e-02	-1.135132e-02	2.570783e-02	-5.408789e-02
1.005000e+01	-8.472853e-03	1.314128e-02	-7.967974e-03	2.636882e-02	-5.281741e-02
1.010000e+01	-4.060048e-03	1.141602e-02	-4.270938e-03	2.537689e-02	-4.138837e-02
1.015000e+01	1.212575e-03	1.167746e-02	1.489008e-03	3.093814e-02	-3.339367e-02
1.020000e+01	6.346095e-03	1.411739e-02	7.483816e-03	3.829098e-02	-3.320025e-02
1.025000e+01	1.043356e-02	1.651127e-02	1.209625e-02	4.317677e-02	-3.223821e-02
1.030000e+01	1.294096e-02	1.727634e-02	1.337070e-02	5.080489e-02	-2.989539e-02
1.035000e+01	1.382924e-02	1.608437e-02	1.348289e-02	4.962758e-02	-2.760896e-02
1.040000e+01	1.348322e-02	1.354960e-02	1.259662e-02	4.398712e-02	-2.358975e-02
1.045000e+01	1.249111e-02	1.087217e-02	1.193695e-02	3.840454e-02	-2.405725e-02
1.050000e+01	1.137449e-02	9.297584e-03	1.177503e-02	3.339905e-02	-2.460458e-02
1.055000e+01	1.038135e-02	9.128401e-03	1.067018e-02	3.207591e-02	-2.585261e-02
1.060000e+01	9.421743e-03	9.523684e-03	9.497012e-03	3.088144e-02	-2.630043e-02
1.065000e+01	8.161984e-03	9.697468e-03	7.829670e-03	3.122440e-02	-2.572270e-02
1.070000e+01	6.227371e-03	9.425394e-03	5.909441e-03	2.912726e-02	-2.239431e-02
1.075000e+01	3.421057e-03	8.940804e-03	2.728620e-03	2.469413e-02	-2.160818e-02
1.080000e+01	-1.352229e-04	8.825624e-03	-7.521232e-04	2.195361e-02	-2.094243e-02
1.085000e+01	-3.996508e-03	9.560659e-03	-4.453973e-03	1.886734e-02	-2.573988e-02
1.090000e+01	-7.525794e-03	1.087282e-02	-7.955097e-03	1.959693e-02	-3.130080e-02
1.095000e+01	-1.010560e-02	1.197344e-02	-1.125300e-02	2.501787e-02	-3.613279e-02
1.100000e+01	-1.134442e-02	1.224173e-02	-1.299686e-02	2.925204e-02	-3.863867e-02
1.105000e+01	-1.121544e-02	1.156273e-02	-1.274818e-02	3.142531e-02	-3.609252e-02
1.110000e+01	-9.991736e-03	1.029739e-02	-1.095483e-02	3.127057e-02	-3.341596e-02
1.115000e+01	-8.190627e-03	9.165511e-03	-8.863848e-03	2.919711e-02	-3.175827e-02
1.120000e+01	-6.355332e-03	8.698210e-03	-7.039122e-03	2.569783e-02	-2.705906e-02
1.125000e+01	-4.873262e-03	8.727254e-03	-5.274072e-03	2.410110e-02	-3.005864e-02
1.130000e+01	-3.871191e-03	8.714119e-03	-4.290868e-03	2.128081e-02	-3.034921e-02
1.135000e+01	-3.218704e-03	8.380862e-03	-3.502793e-03	1.934052e-02	-2.622032e-02
1.140000e+01	-2.627053e-03	7.837227e-03	-2.754083e-03	1.681686e-02	-2.331203e-02
1.145000e+01	-1.795228e-03	7.395016e-03	-1.325121e-03	1.741185e-02	-2.362773e-02
1.150000e+01	-5.419989e-04	7.332110e-03	2.914704e-04	1.765745e-02	-2.102130e-02
1.155000e+01	1.125049e-03	7.730053e-03	1.960488e-03	1.892657e-02	-2.798336e-02
1.160000e+01	3.021972e-03	8.460855e-03	3.647664e-03	2.008304e-02	-3.270528e-02
1.165000e+01	4.866551e-03	9.274973e-03	5.700366e-03	2.048822e-02	-3.438099e-02
1.170000e+01	6.382066e-03	9.901667e-03	7.803506e-03	2.709680e-02	-3.288655e-02
1.175000e+01	7.382056e-03	1.013925e-02	9.089556e-03	3.157846e-02	-2.921839e-02
1.180000e+01	7.805639e-03	9.918581e-03	8.923232e-03	3.243136e-02	-2.507700e-02
1.185000e+01	7.698292e-03	9.313841e-03	8.554360e-03	2.982744e-02	-2.452149e-02
1.190000e+01	7.157248e-03	8.496536e-03	7.451904e-03	2.804109e-02	-2.109918e-02
1.195000e+01	6.273499e-03	7.661503e-03	6.447402e-03	2.728930e-02	-1.587968e-02
1.200000e+01	5.099242e-03	6.973586e-03	5.571830e-03	2.521531e-02	-1.852399e-02
1.205000e+01	3.656140e-03	6.575667e-03	3.660246e-03	2.304640e-02	-2.109247e-02
1.210000e+01	1.955557e-03	6.551500e-03	1.737643e-03	2.352688e-02	-2.188377e-02
1.215000e+01	6.403542e-05	6.906482e-03	-6.386022e-04	2.554960e-02	-2.008289e-02
1.220000e+01	-1.877476e-03	7.505892e-03	-3.050446e-03	2.575999e-02	-1.854467e-02
1.225000e+01	-3.663210e-03	8.133989e-03	-4.958275e-03	2.446238e-02	-2.180352e-02
1.230000e+01	-5.068434e-03	8.597748e-03	-6.669370e-03	2.286657e-02	-2.218461e-02
1.235000e+01	-5.914050e-03	8.786836e-03	-7.414478e-03	2.283153e-02	-2.105656e-02
1.240000e+01	-6.123318e-03	8.684301e-03	-7.295081e-03	2.304049e-02	-2.249137e-02
1.245000e+01	-5.746986e-03	8.351937e-03	-6.779807e-03	2.549157e-02	-2.266462e-02
1.250000e+01	-4.946350e-03	7.906545e-03	-5.995823e-03	2.589074e-02	-2.092961e-02
1.255000e+01	-3.941056e-03	7.484972e-03	-4.793454e-03	2.332415e-02	-2.262413e-02
1.260000e+01	-2.942156e-03	7.184013e-03	-3.696115e-03	1.877220e-02	-2.274210e-02
1.265000e+01	-2.095408e-03	6.995185e-03	-2.208415e-03	1.614787e-02	-2.445883e-02
1.270000e+01	-1.453687e-03	6.812113e-03	-1.024278e-03	1.425317e-02	-2.352741e-02
1.275000e+01	-9.842351e-04	6.545469e-03	-7.658419e-04	1.515047e-02	-1.994173e-02
1.280000e+01	-6.024068e-04	6.264328e-03	-4.532723e-04	1.713455e-02	-1.802835e-02
1.285000e+01	-2.147414e-04	6.223122e-03	-2.472549e-04	1.801646e-02	-1.513102e-02
1.290000e+01	2.461974e-04	6.633060e-03	1.651616e-04	2.015562e-02	-1.535394e-02
1.295000e+01	8.056969e-04	7.361344e-03	4.891881e-04	2.131116e-02	-1.810921e-02
1.300000e+01	1.449596e-03	8.020111e-03	1.092062e-03	2.619630e-02	-2.036543e-02
1.305000e+01	2.151717e-03	8.298413e-03	1.821462e-03	2.977936e-02	-2.107093e-02
1.310000e+01	2.838887e-03	8.036817e-03	2.278022e-03	2.861890e-02	-1.990183e-02
1.315000e+01	3.448128e-03	7.343316e-03	3.356869e-03	2.357393e-02	-1.772440e-02
1.320000e+01	3.914062e-03	6.517335e-03	4.345267e-03	2.261101e-02	-1.520849e-02
1.325000e+01	4.166863e-03	5.909328e-03	4.705466e-03	1.989034e-02	-1.417750e-02
1.330000e+01	4.135655e-03	5.683058e-03	4.278934e-03	1.882367e-02	-1.499896e-02
1.335000e+01	3.763098e-03	5.696991e-03	3.922169e-03	1.939093e-02	-1.455968e-02
1.340000e+01	3.029584e-03	5.708873e-03	3.389312e-03	1.928772e-02	-1.613991e-02
1.345000e+01	1.977488e-03	5.618375e-03	2.107250e-03	1.810138e-02	-1.633816e-02
1.350000e+01	7.218853e-04	5.517142e-03	4.961305e-04	1.718691e-02	-1.644723e-02
1.355000e+01	-5.629884e-04	5.579615e-03	-7.901432e-04	1.441151e-02	-1.534898e-02
1.360000e+01	-1.682825e-03	5.865143e-03	-1.592022e-03	1.538827e-02	-1.473848e-02
1.365000e+01	-2.477215e-03	6.225938e-03	-2.390387e-03	1.755288e-02	-1.813454e-02
1.370000e+01	-2.868918e-03	6.439023e-03	-2.831108e-03	1.696741e-02	-1.818550e-02
1.375000e+01	-2.887901e-03	6.384693e-03	-2.548409e-03	1.439510e-02	-1.728389e-02
1.380000e+01	-2.658009e-03	6.121210e-03	-1.997565e-03	1.273426e-02	-1.626147e-02
1.385000e+01	-2.348857e-03	5.832639e-03	-2.113394e-03	1.284539e-02	-1.491944e-02
1.390000e+01	-2.110466e-03	5.666068e-03	-2.033597e-03	1.410105e-02	-1.477690e-02
1.395000e+01	-2.016347e-03	5.592262e-03	-1.698235e-03	1.355693e-02	-1.509461e-02
1.400000e+01	-2.038237e-03	5.471525e-03	-1.984820e-03	1.204521e-02	-1.517517e-02
1.405000e+01	-2.069666e-03	5.252266e-03	-2.220243e-03	1.085058e-02	-1.570792e-02
1.410000e+01	-1.960798e-03	4.989482e-03	-2.357893e-03	1.181375e-02	-1.618871e-02
1.415000e+01	-1.592117e-03	4.827288e-03	-1.931428e-03	1.226057e-02	-1.490638e-02
1.420000e+01	-9.285297e-04	4.841932e-03	-1.053072e-03	1.146673e-02	-1.402977e-02
1.425000e+01	-4.220394e-05	5.006659e-03	2.045703e-05	1.316576e-02	-1.319763e-02
1.430000e+01	9.077563e-04	5.278041e-03	1.030548e-03	1.413735e-02	-1.493620e-02
1.435000e+01	1.730890e-03	5.628710e-03	1.737120e-03	1.592531e-02	-1.611613e-02
1.440000e+01	2.273699e-03	5.987583e-03	2.546038e-03	1.727306e-02	-1.573843e-02
1.445000e+01	2.472918e-03	6.219891e-03	2.589420e-03	1.815520e-02	-1.359184e-02
1.450000e+01	2.372346e-03	6.199118e-03	2.636904e-03	1.776583e-02	-1.328260e-02
1.455000e+01	2.097159e-03	5.892736e-03	2.198618e-03	1.643583e-02	-1.376824e-02
1.460000e+01	1.797355e-03	5.390135e-03	1.829675e-03	1.616645e-02	-1.398808e-02
1.465000e+01	1.584544e-03	4.858632e-03	1.613050e-03	1.458844e-02	-1.386066e-02
1.470000e+01	1.488482e-03	4.451978e-03	1.501773e-03	1.283836e-02	-1.355690e-02
1.475000e+01	1.450789e-03	4.235112e-03	1.188508e-03	1.306803e-02	-1.144513e-02
1.480000e+01	1.357265e-03	4.192051e-03	8.366891e-04	1.282590e-02	-8.024379e-03
1.485000e+01	1.094044e-03	4.281005e-03	5.746635e-04	1.322968e-02	-8.725571e-03
1.490000e+01	6.033077e-04	4.451112e-03	6.138569e-05	1.175359e-02	-1.012314e-02
1.495000e+01	-8.478374e-05	4.636359e-03	-3.785983e-04	1.296074e-02	-1.096948e-02
1.500000e+01	-8.567143e-04	4.774518e-03	-9.357294e-04	1.373678e-02	-1.191265e-02
1.505000e+01	-1.566942e-03	4.846670e-03	-1.368179e-03	1.288420e-02	-1.256204e-02
1.510000e+01	-2.058108e-03	4.820625e-03	-1.852993e-03	1.068173e-02	-1.411222e-02
1.515000e+01	-2.236154e-03	4.673938e-03	-2.083647e-03	9.529665e-03	-1.600033e-02
1.520000e+01	-2.098626e-03	4.387369e-03	-2.151216e-03	7.904268e-03	-1.559431e-02
1.525000e+01	-1.731649e-03	3.983634e-03	-1.576580e-03	7.666643e-03	-1.292455e-02
1.530000e+01	-1.274618e-03	3.565972e-03	-1.445539e-03	7.759666e-03	-1.033517e-02
1.535000e+01	-8.678909e-04	3.300363e-03	-1.103000e-03	7.484246e-03	-1.054130e-02
1.540000e+01	-6.045988e-04	3.294065e-03	-6.699752e-04	8.718456e-03	-1.039423e-02
1.545000e+01	-5.044997e-04	3.478318e-03	-6.286729e-04	9.633766e-03	-1.040467e-02
1.550000e+01	-5.176345e-04	3.687890e-03	-6.397672e-04	1.136467e-02	-9.866669e-03
1.555000e+01	-5.529975e-04	3.803551e-03	-7.876668e-04	1.251805e-02	-9.691125e-03
1.560000e+01	-5.180550e-04	3.792285e-03	-6.494605e-04	1.217052e-02	-1.024070e-02
1.565000e+01	-3.524233e-04	3.688608e-03	-3.779579e-04	1.059843e-02	-9.860641e-03
1.570000e+01	-4.378975e-05	3.569957e-03	1.354454e-05	8.473524e-03	-1.086772e-02
1.575000e+01	3.765760e-04	3.526208e-03	4.910614e-04	9.214940e-03	-1.205237e-02
1.580000e+01	8.522241e-04	3.607243e-03	1.048538e-03	9.546596e-03	-1.179576e-02
1.585000e+01	1.322468e-03	3.777927e-03	1.521943e-03	1.002649e-02	-9.930311e-03
1.590000e+01	1.735727e-03	3.938217e-03	1.710151e-03	1.093954e-02	-7.972200e-03
1.595000e+01	2.051258e-03	3.990344e-03	2.092791e-03	1.205216e-02	-7.288743e-03
1.600000e+01	2.232719e-03	3.892016e-03	2.243933e-03	1.181019e-02	-7.478238e-03
1.605000e+01	2.244406e-03	3.681028e-03	2.438368e-03	1.155009e-02	-7.040547e-03
1.610000e+01	2.041019e-03	3.440907e-03	2.234877e-03	1.134811e-02	-7.623442e-03
1.615000e+01	1.600953e-03	3.279429e-03	1.416551e-03	1.035633e-02	-8.561297e-03
1.620000e+01	9.355132e-04	3.240447e-03	7.660329e-04	9.560547e-03	-8.674076e-03
1.625000e+01	1.030166e-04	3.282792e-03	-1.794946e-05	9.505488e-03	-8.244864e-03
1.630000e+01	-7.895319e-04	3.346843e-03	-9.568053e-04	8.631316e-03	-1.033928e-02
1.635000e+01	-1.602525e-03	3.418965e-03	-1.666985e-03	8.700641e-03	-1.102556e-02
1.640000e+01	-2.195683e-03	3.522269e-03	-2.401777e-03	8.865060e-03	-1.074646e-02
1.645000e+01	-2.466466e-03	3.655388e-03	-2.669605e-03	8.361954e-03	-1.170281e-02
1.650000e+01	-2.381401e-03	3.755395e-03	-2.870202e-03	7.712031e-03	-1.163671e-02
1.655000e+01	-1.987972e-03	3.731348e-03	-2.325151e-03	7.467303e-03	-1.061996e-02
1.660000e+01	-1.401254e-03	3.533758e-03	-1.494301e-03	7.728775e-03	-1.001652e-02
1.665000e+01	-7.688782e-04	3.208729e-03	-7.767042e-04	6.826037e-03	-8.754857e-03
1.670000e+01	-2.262837e-04	2.908509e-03	-2.931800e-04	6.987217e-03	-8.168839e-03
1.675000e+01	1.418440e-04	2.810892e-03	9.080805e-05	8.200000e-03	-8.212585e-03
1.680000e+01	3.204173e-04	2.943595e-03	5.168667e-04	8.432349e-03	-7.747330e-03
1.685000e+01	3.572324e-04	3.152759e-03	5.353999e-04	7.662519e-03	-9.599427e-03
1.690000e+01	3.348009e-04	3.278693e-03	7.208824e-04	7.688370e-03	-1.024883e-02
1.695000e+01	3.329431e-04	3.266694e-03	6.011673e-04	8.096585e-03	-9.628571e-03
1.700000e+01	3.973292e-04	3.164121e-03	6.218274e-04	9.046231e-03	-7.939095e-03
1.705000e+01	5.263462e-04	3.072098e-03	5.547805e-04	9.208342e-03	-7.686793e-03
1.710000e+01	6.769533e-04	3.059898e-03	4.684770e-04	8.177943e-03	-7.544162e-03
1.715000e+01	7.934977e-04	3.124692e-03	4.602997e-04	9.570728e-03	-6.681063e-03
1.720000e+01	8.348605e-04	3.193019e-03	6.593570e-04	9.731322e-03	-7.239196e-03
1.725000e+01	7.930186e-04	3.179388e-03	6.593147e-04	9.457345e-03	-8.384520e-03
1.730000e+01	6.944553e-04	3.039122e-03	6.341602e-04	9.115630e-03	-8.409117e-03
1.735000e+01	5.847509e-04	2.796787e-03	6.968494e-04	8.778690e-03	-7.340535e-03
1.740000e+01	5.042443e-04	2.550680e-03	6.028811e-04	8.073307e-03	-5.689460e-03
1.745000e+01	4.664661e-04	2.429906e-03	3.976145e-04	7.199291e-03	-6.334030e-03
1.750000e+01	4.495674e-04	2.486941e-03	3.722441e-04	7.949601e-03	-7.352769e-03
1.755000e+01	4.049862e-04	2.642567e-03	3.735836e-04	8.157430e-03	-7.664354e-03
1.760000e+01	2.798152e-04	2.778599e-03	2.478173e-04	8.782829e-03	-7.395814e-03
1.765000e+01	4.316999e-05	2.832623e-03	-6.283917e-05	8.491503e-03	-6.746352e-03
1.770000e+01	-2.950366e-04	2.810518e-03	-4.456374e-04	7.961745e-03	-7.696585e-03
1.775000e+01	-6.813874e-04	2.755876e-03	-7.482828e-04	6.528396e-03	-8.340709e-03
1.780000e+01	-1.034049e-03	2.712848e-03	-9.295964e-04	6.674208e-03	-8.426587e-03
1.785000e+01	-1.269947e-03	2.701815e-03	-1.166198e-03	7.208667e-03	-8.533187e-03
1.790000e+01	-1.333310e-03	2.713395e-03	-1.168571e-03	7.186564e-03	-9.408561e-03
1.795000e+01	-1.214411e-03	2.715144e-03	-1.153049e-03	6.928656e-03	-9.382361e-03
1.800000e+01	-9.513922e-04	2.667896e-03	-9.966466e-04	7.286620e-03	-9.178804e-03
1.805000e+01	-6.151882e-04	2.554500e-03	-7.311124e-04	7.181628e-03	-8.249591e-03
1.810000e+01	-2.832645e-04	2.395916e-03	-3.437770e-04	7.106880e-03	-6.827615e-03
1.815000e+01	-1.414568e-05	2.263481e-03	3.669088e-07	6.164310e-03	-6.310111e-03
1.820000e+01	1.693465e-04	2.226758e-03	2.031840e-04	5.692329e-03	-6.278780e-03
1.825000e+01	2.806487e-04	2.282951e-03	2.376320e-04	6.271781e-03	-6.718785e-03
1.830000e+01	3.557604e-04	2.363705e-03	4.311571e-04	6.744216e-03	-6.845152e-03
1.835000e+01	4.323246e-04	2.414845e-03	5.057101e-04	6.933812e-03	-7.029452e-03
1.840000e+01	5.308983e-04	2.440243e-03	6.027586e-04	6.623869e-03	-7.589747e-03
1.845000e+01	6.461079e-04	2.473733e-03	6.679437e-04	6.610971e-03	-8.479425e-03
1.850000e+01	7.505403e-04	2.520736e-03	6.353710e-04	7.090906e-03	-8.425568e-03
1.855000e+01	8.085240e-04	2.541255e-03	6.054353e-04	7.116537e-03	-7.802201e-03
1.860000e+01	7.928965e-04	2.494528e-03	6.514419e-04	6.990595e-03	-6.909880e-03
1.865000e+01	6.970775e-04	2.388873e-03	5.159227e-04	7.507802e-03	-6.372626e-03
1.870000e+01	5.374082e-04	2.284936e-03	4.445505e-04	7.301625e-03	-6.359176e-03
1.875000e+01	3.454043e-04	2.242011e-03	3.216960e-04	7.325929e-03	-6.224421e-03
1.880000e+01	1.541304e-04	2.254955e-03	-2.535344e-05	7.335287e-03	-5.571778e-03
1.885000e+01	-1.468579e-05	2.264844e-03	-2.594653e-04	7.186966e-03	-5.106910e-03
1.890000e+01	-1.568762e-04	2.228123e-03	-3.696439e-04	6.860543e-03	-5.540995e-03
1.895000e+01	-2.828310e-04	2.156995e-03	-4.321710e-04	5.979357e-03	-6.435382e-03
1.900000e+01	-4.071203e-04	2.102440e-03	-3.552244e-04	5.565848e-03	-6.603564e-03
1.905000e+01	-5.372973e-04	2.106186e-03	-3.003526e-04	5.132731e-03	-6.329595e-03
1.910000e+01	-6.633586e-04	2.158067e-03	-4.938783e-04	4.619022e-03	-5.964395e-03
1.915000e+01	-7.574588e-04	2.221752e-03	-5.919987e-04	4.764879e-03	-5.958219e-03
1.920000e+01	-7.840733e-04	2.265121e-03	-7.012164e-04	5.175194e-03	-5.929614e-03
1.925000e+01	-7.153255e-04	2.269636e-03	-6.476168e-04	5.561455e-03	-6.778631e-03
1.930000e+01	-5.453410e-04	2.224052e-03	-5.450568e-04	5.674168e-03	-6.906533e-03
1.935000e+01	-2.972058e-04	2.126121e-03	-2.622825e-04	5.557818e-03	-6.680744e-03
1.940000e+01	-1.905260e-05	1.996125e-03	1.868949e-05	5.518232e-03	-6.347886e-03
1.945000e+01	2.297618e-04	1.884016e-03	1.541097e-04	5.733691e-03	-5.147988e-03
1.950000e+01	3.973675e-04	1.845480e-03	4.322622e-04	6.146604e-03	-4.808530e-03
1.955000e+01	4.559742e-04	1.891713e-03	4.037295e-04	5.943899e-03	-4.689922e-03
1.960000e+01	4.101806e-04	1.975322e-03	4.430157e-04	6.125420e-03	-4.569369e-03
1.965000e+01	2.940930e-04	2.036946e-03	3.351867e-04	5.999766e-03	-4.931141e-03
1.970000e+01	1.586295e-04	2.050172e-03	1.958480e-04	5.778099e-03	-6.563495e-03
1.975000e+01	5.396010e-05	2.028513e-03	4.571877e-06	5.237070e-03	-7.411006e-03
1.980000e+01	1.352931e-05	2.003499e-03	-4.831229e-05	4.893977e-03	-7.400520e-03
1.985000e+01	4.508358e-05	1.993943e-03	1.171042e-04	5.050398e-03	-6.607611e-03
1.990000e+01	1.311411e-04	1.992233e-03	1.857460e-04	5.221803e-03	-5.312891e-03
1.995000e+01	2.377133e-04	1.979145e-03	3.892471e-04	5.396359e-03	-5.107692e-03
2.000000e+01	3.272590e-04	1.947840e-03	4.405516e-04	4.872932e-03	-4.986597e-03
