# k	<chi>	std	chi_median	chi_max	chi_min
0.000000e+00	-5.422220e-02	3.406006e-01	0.000000e+00	5.778855e-01	-7.804395e-01
5.000000e-02	-1.653707e-01	4.761475e-01	-4.105566e-01	5.572091e-01	-9.972603e-01
1.000000e-01	-1.764810e-01	4.670633e-01	-4.159799e-01	5.362086e-01	-1.001624e+00
1.500000e-01	-2.099053e-01	4.392546e-01	-4.312354e-01	4.715020e-01	-1.013686e+00
2.000000e-01	-2.436419e-01	4.105950e-01	-4.487769e-01	4.043929e-01	-1.024436e+00
2.500000e-01	-2.992248e-01	3.619861e-01	-4.795693e-01	2.896025e-01	-1.038900e+00
3.000000e-01	-3.543915e-01	3.125137e-01	-5.147355e-01	1.708183e-01	-1.049473e+00
3.500000e-01	-4.275545e-01	2.454320e-01	-5.443964e-01	4.514314e-03	-1.056797e+00
4.000000e-01	-4.968240e-01	1.837577e-01	-5.508438e-01	0.000000e+00	-1.056208e+00
4.500000e-01	-5.746671e-01	1.299550e-01	-5.728635e-01	0.000000e+00	-1.043081e+00
5.000000e-01	-6.413829e-01	1.314680e-01	-6.006925e-01	0.000000e+00	-1.063731e+00
5.500000e-01	-7.018310e-01	1.910879e-01	-7.277750e-01	0.000000e+00	-1.089813e+00
6.000000e-01	-7.412649e-01	2.647853e-01	-8.481443e-01	0.000000e+00	-1.145268e+00
6.500000e-01	-7.574563e-01	3.405076e-01	-8.890980e-01	0.000000e+00	-1.194328e+00
7.000000e-01	-7.442086e-01	3.993162e-01	-8.008974e-01	0.000000e+00	-1.244045e+00
7.500000e-01	-6.953503e-01	4.401553e-01	-6.790363e-01	0.000000e+00	-1.244386e+00
8.000000e-01	-6.165721e-01	4.549612e-01	-5.430972e-01	5.438178e-02	-1.199986e+00
8.500000e-01	-5.027709e-01	4.424879e-01	-3.872432e-01	1.445420e-01	-1.098649e+00
9.000000e-01	-3.719851e-01	4.052948e-01	-2.378475e-01	2.157841e-01	-9.376971e-01
9.500000e-01	-2.242576e-01	3.441265e-01	-9.623442e-02	2.695648e-01	-7.175899e-01
1.000000e+00	-8.482675e-02	2.707854e-01	4.222290e-03	2.969950e-01	-4.899622e-01
1.050000e+00	4.149472e-02	1.892397e-01	1.005709e-01	3.043038e-01	-2.541194e-01
1.100000e+00	1.329162e-01	1.155389e-01	1.591387e-01	3.120185e-01	-7.644930e-02
1.150000e+00	1.853082e-01	5.873029e-02	1.949593e-01	3.439039e-01	0.000000e+00
1.200000e+00	1.918330e-01	4.281564e-02	1.890343e-01	3.319136e-01	0.000000e+00
1.250000e+00	1.557622e-01	5.355794e-02	1.602435e-01	3.323668e-01	0.000000e+00
1.300000e+00	8.943050e-02	5.799790e-02	1.008960e-01	2.947763e-01	-5.152467e-02
1.350000e+00	4.708534e-03	5.361337e-02	1.422407e-02	2.247455e-01	-1.224589e-01
1.400000e+00	-7.520095e-02	4.726492e-02	-8.016306e-02	1.398625e-01	-1.718766e-01
1.450000e+00	-1.373095e-01	4.332997e-02	-1.512859e-01	5.223511e-02	-2.190766e-01
1.500000e+00	-1.645021e-01	3.840881e-02	-1.722666e-01	0.000000e+00	-2.293480e-01
1.550000e+00	-1.534905e-01	3.005473e-02	-1.558110e-01	0.000000e+00	-2.140608e-01
1.600000e+00	-1.061326e-01	3.019377e-02	-1.104035e-01	4.314297e-02	-1.670502e-01
1.650000e+00	-3.233240e-02	5.182046e-02	-3.771551e-02	1.418982e-01	-1.287175e-01
1.700000e+00	4.982893e-02	7.834469e-02	2.685266e-02	2.229800e-01	-7.743827e-02
1.750000e+00	1.263729e-01	9.866486e-02	8.049407e-02	2.734635e-01	-2.581508e-02
1.800000e+00	1.793017e-01	1.035465e-01	1.234463e-01	3.218673e-01	0.000000e+00
1.850000e+00	2.044583e-01	9.205430e-02	1.525256e-01	3.301207e-01	0.000000e+00
1.900000e+00	1.978128e-01	6.537492e-02	1.690170e-01	2.882240e-01	0.000000e+00
1.950000e+00	1.689162e-01	3.148597e-02	1.586925e-01	2.260140e-01	0.000000e+00
2.000000e+00	1.260797e-01	1.772534e-02	1.287320e-01	1.746106e-01	0.000000e+00
2.050000e+00	8.206688e-02	4.218803e-02	8.923311e-02	1.586209e-01	0.000000e+00
2.100000e+00	4.548342e-02	5.625490e-02	6.267793e-02	1.316348e-01	-2.861824e-02
2.150000e+00	2.197689e-02	5.420885e-02	3.803220e-02	9.979460e-02	-4.547779e-02
2.200000e+00	1.113819e-02	4.010048e-02	1.783919e-02	7.118811e-02	-3.993792e-02
2.250000e+00	3.648094e-03	2.102206e-02	4.498851e-03	4.222400e-02	-2.662849e-02
2.300000e+00	-1.162874e-03	7.439752e-03	-3.075808e-03	2.034783e-02	-1.837074e-02
2.350000e+00	-5.578631e-03	7.142670e-03	-4.477422e-03	7.056383e-03	-2.700365e-02
2.400000e+00	-1.034998e-02	6.738680e-03	-1.008839e-02	3.869898e-03	-3.203576e-02
2.450000e+00	-1.182586e-02	5.520352e-03	-1.250564e-02	1.618281e-03	-3.378989e-02
2.500000e+00	-1.247328e-02	5.499786e-03	-1.160172e-02	0.000000e+00	-3.189175e-02
2.550000e+00	-1.240714e-02	6.780604e-03	-1.027284e-02	0.000000e+00	-3.302944e-02
2.600000e+00	-1.141828e-02	7.457276e-03	-9.637632e-03	1.520988e-03	-3.212730e-02
2.650000e+00	-1.054074e-02	7.498384e-03	-9.536493e-03	3.040572e-03	-3.320826e-02
2.700000e+00	-8.901430e-03	6.804679e-03	-8.739575e-03	3.831637e-03	-3.302465e-02
2.750000e+00	-6.697256e-03	5.684730e-03	-6.868604e-03	5.001949e-03	-3.166647e-02
2.800000e+00	-4.241255e-03	4.623375e-03	-4.685205e-03	6.780654e-03	-2.912092e-02
2.850000e+00	-2.838696e-03	4.022060e-03	-3.326451e-03	7.380363e-03	-2.640994e-02
2.900000e+00	-1.153877e-03	3.912089e-03	-1.562400e-03	8.454098e-03	-2.196064e-02
2.950000e+00	6.171488e-04	4.310020e-03	6.334012e-05	1.108942e-02	-1.581268e-02
3.000000e+00	2.248669e-03	5.214671e-03	1.802826e-03	1.413647e-02	-9.621650e-03
3.050000e+00	3.677293e-03	5.976111e-03	3.285756e-03	1.600793e-02	-9.356066e-03
3.100000e+00	4.593379e-03	6.677855e-03	4.492231e-03	1.742277e-02	-8.888600e-03
3.150000e+00	4.616077e-03	6.908766e-03	5.163770e-03	1.780627e-02	-8.339969e-03
3.200000e+00	3.517475e-03	6.371150e-03	4.607872e-03	2.234833e-02	-7.484706e-03
3.250000e+00	1.034809e-03	5.019542e-03	7.936287e-04	2.489362e-02	-7.443008e-03
3.300000e+00	-2.130286e-03	3.639194e-03	-2.938189e-03	2.477460e-02	-8.506332e-03
3.350000e+00	-5.366311e-03	3.452316e-03	-5.456350e-03	2.221561e-02	-1.151095e-02
3.400000e+00	-7.985999e-03	4.707243e-03	-7.754086e-03	1.798297e-02	-1.656113e-02
3.450000e+00	-9.437028e-03	6.261062e-03	-8.463046e-03	1.275183e-02	-1.959881e-02
3.500000e+00	-8.886237e-03	7.146112e-03	-7.215821e-03	8.377669e-03	-2.094375e-02
3.550000e+00	-6.288864e-03	7.142164e-03	-4.265158e-03	6.035178e-03	-1.918390e-02
3.600000e+00	-2.061941e-03	6.407029e-03	1.428306e-05	7.887182e-03	-1.400165e-02
3.650000e+00	3.279717e-03	5.326865e-03	5.042020e-03	1.305637e-02	-6.548266e-03
3.700000e+00	8.495694e-03	4.226922e-03	8.547994e-03	1.831326e-02	0.000000e+00
3.750000e+00	1.244547e-02	3.467180e-03	1.197944e-02	2.252481e-02	0.000000e+00
3.800000e+00	1.420168e-02	3.110644e-03	1.389845e-02	2.500600e-02	0.000000e+00
3.850000e+00	1.329103e-02	3.045204e-03	1.311709e-02	2.253907e-02	0.000000e+00
3.900000e+00	9.562893e-03	2.854910e-03	9.586974e-03	1.613929e-02	-5.321312e-03
3.950000e+00	3.631088e-03	2.464292e-03	4.012752e-03	8.807310e-03	-1.164577e-02
4.000000e+00	-3.380661e-03	2.396676e-03	-3.459501e-03	3.196353e-03	-1.885959e-02
4.050000e+00	-1.049805e-02	3.557164e-03	-1.053626e-02	0.000000e+00	-2.516335e-02
4.100000e+00	-1.608779e-02	5.670805e-03	-1.688526e-02	0.000000e+00	-3.382806e-02
4.150000e+00	-1.911246e-02	7.799778e-03	-2.205326e-02	0.000000e+00	-3.738767e-02
4.200000e+00	-1.910055e-02	9.051338e-03	-2.159079e-02	0.000000e+00	-3.475628e-02
4.250000e+00	-1.643587e-02	9.155014e-03	-1.725228e-02	0.000000e+00	-3.120709e-02
4.300000e+00	-1.158621e-02	7.590060e-03	-9.249548e-03	0.000000e+00	-2.504845e-02
4.350000e+00	-5.725594e-03	4.590614e-03	-4.274073e-03	1.777148e-03	-1.563249e-02
4.400000e+00	-9.248419e-05	2.587400e-03	-3.230362e-04	9.749695e-03	-5.272830e-03
4.450000e+00	4.313456e-03	5.774903e-03	5.148573e-03	1.606484e-02	-7.113218e-03
4.500000e+00	7.024656e-03	9.699535e-03	1.215112e-02	2.186682e-02	-1.036024e-02
4.550000e+00	8.056503e-03	1.277961e-02	1.307677e-02	2.546510e-02	-1.378935e-02
4.600000e+00	7.901921e-03	1.463223e-02	1.207746e-02	2.807608e-02	-1.641025e-02
4.650000e+00	7.301451e-03	1.529903e-02	1.043642e-02	2.852809e-02	-1.764443e-02
4.700000e+00	6.918429e-03	1.516638e-02	8.589206e-03	2.785395e-02	-1.748089e-02
4.750000e+00	7.085678e-03	1.459916e-02	6.685863e-03	2.728099e-02	-1.747357e-02
4.800000e+00	7.706331e-03	1.382199e-02	4.558350e-03	2.674292e-02	-1.645854e-02
4.850000e+00	8.427017e-03	1.274583e-02	4.760667e-03	2.524213e-02	-1.451211e-02
4.900000e+00	8.655987e-03	1.115176e-02	4.900383e-03	2.413243e-02	-1.203618e-02
4.950000e+00	8.017626e-03	8.744676e-03	5.593034e-03	2.190798e-02	-1.181951e-02
5.000000e+00	6.537943e-03	5.599042e-03	5.366008e-03	1.767200e-02	-1.007382e-02
5.050000e+00	4.750757e-03	4.049145e-03	5.427586e-03	1.236689e-02	-1.109940e-02
5.100000e+00	3.366418e-03	7.807485e-03	4.078631e-03	1.722874e-02	-1.682127e-02
5.150000e+00	3.135697e-03	1.306945e-02	1.474736e-05	2.521385e-02	-2.446115e-02
5.200000e+00	4.429108e-03	1.779771e-02	-1.317702e-03	3.357612e-02	-3.048869e-02
5.250000e+00	6.937266e-03	2.110660e-02	2.959185e-03	4.084984e-02	-3.215869e-02
5.300000e+00	9.711896e-03	2.260066e-02	7.502900e-03	4.610818e-02	-2.969591e-02
5.350000e+00	1.134328e-02	2.234955e-02	1.035145e-02	4.895151e-02	-2.526118e-02
5.400000e+00	1.041300e-02	2.077712e-02	1.049891e-02	4.735692e-02	-2.116124e-02
5.450000e+00	6.029788e-03	1.838062e-02	6.659841e-03	4.322291e-02	-2.198238e-02
5.500000e+00	-1.728748e-03	1.580687e-02	-5.268684e-04	3.529852e-02	-2.796888e-02
5.550000e+00	-1.176338e-02	1.348316e-02	-1.109297e-02	2.390099e-02	-3.470019e-02
5.600000e+00	-2.213060e-02	1.160636e-02	-2.038194e-02	1.089845e-02	-4.286340e-02
5.650000e+00	-3.047096e-02	1.001148e-02	-2.740897e-02	0.000000e+00	-4.890610e-02
5.700000e+00	-3.488055e-02	8.494109e-03	-3.210198e-02	0.000000e+00	-5.193927e-02
5.750000e+00	-3.431780e-02	6.835885e-03	-3.238452e-02	0.000000e+00	-5.212436e-02
5.800000e+00	-2.894832e-02	5.358715e-03	-2.835443e-02	0.000000e+00	-4.593624e-02
5.850000e+00	-2.001846e-02	5.330700e-03	-1.931633e-02	0.000000e+00	-3.386509e-02
5.900000e+00	-9.679843e-03	7.439550e-03	-8.608336e-03	7.814340e-03	-2.948654e-02
5.950000e+00	-9.733253e-05	1.064226e-02	1.263459e-03	1.950853e-02	-2.612380e-02
6.000000e+00	7.064941e-03	1.428202e-02	1.212925e-02	3.138738e-02	-2.417094e-02
6.050000e+00	1.107114e-02	1.818713e-02	1.531506e-02	4.069636e-02	-2.819751e-02
6.100000e+00	1.205069e-02	2.234728e-02	1.393313e-02	5.004974e-02	-3.329812e-02
6.150000e+00	1.096197e-02	2.662322e-02	7.126067e-03	5.639511e-02	-3.797356e-02
6.200000e+00	9.044548e-03	3.061843e-02	-1.062816e-03	5.851787e-02	-4.247101e-02
6.250000e+00	7.355529e-03	3.366381e-02	-6.190075e-03	5.753083e-02	-4.543826e-02
6.300000e+00	6.461395e-03	3.492676e-02	-8.466775e-03	5.787317e-02	-4.539165e-02
6.350000e+00	6.378649e-03	3.363475e-02	-8.224400e-03	5.544539e-02	-4.184840e-02
6.400000e+00	6.749999e-03	2.935982e-02	-6.403175e-03	4.914727e-02	-3.798413e-02
6.450000e+00	7.149480e-03	2.229266e-02	-1.476979e-03	4.190621e-02	-3.162857e-02
6.500000e+00	7.365671e-03	1.363642e-02	3.900598e-03	3.496980e-02	-2.064468e-02
6.550000e+00	7.522518e-03	8.231521e-03	7.746479e-03	2.624601e-02	-1.558608e-02
6.600000e+00	7.997455e-03	1.415758e-02	1.057561e-02	3.612015e-02	-2.322323e-02
6.650000e+00	9.201453e-03	2.307641e-02	8.942404e-03	4.788089e-02	-2.975824e-02
6.700000e+00	1.126977e-02	3.094310e-02	9.428950e-03	5.814161e-02	-3.589797e-02
6.750000e+00	1.385958e-02	3.711722e-02	1.411353e-02	6.944682e-02	-3.741339e-02
6.800000e+00	1.614574e-02	4.166667e-02	1.858316e-02	8.051576e-02	-3.740551e-02
6.850000e+00	1.703687e-02	4.476471e-02	1.881175e-02	8.707460e-02	-4.045493e-02
6.900000e+00	1.554123e-02	4.634133e-02	1.744893e-02	8.767177e-02	-4.425867e-02
6.950000e+00	1.114697e-02	4.593797e-02	1.469901e-02	8.452069e-02	-4.930046e-02
7.000000e+00	4.070517e-03	4.282029e-02	1.047295e-02	7.483364e-02	-5.333617e-02
7.050000e+00	-4.776082e-03	3.618660e-02	4.823196e-03	5.721701e-02	-5.704437e-02
7.100000e+00	-1.382821e-02	2.608876e-02	-1.094665e-02	3.348084e-02	-5.758747e-02
7.150000e+00	-2.148326e-02	1.374670e-02	-2.095224e-02	1.347732e-02	-5.187293e-02
7.200000e+00	-2.646754e-02	8.348605e-03	-2.607201e-02	0.000000e+00	-5.588646e-02
7.250000e+00	-2.815807e-02	1.970610e-02	-2.203973e-02	1.220947e-02	-6.942036e-02
7.300000e+00	-2.669184e-02	3.113245e-02	-2.445333e-02	2.883409e-02	-7.481562e-02
7.350000e+00	-2.284469e-02	3.870873e-02	-2.526767e-02	4.466382e-02	-7.388537e-02
7.400000e+00	-1.774220e-02	4.159508e-02	-2.164534e-02	5.467608e-02	-7.585983e-02
7.450000e+00	-1.251477e-02	4.034894e-02	-1.638036e-02	5.736568e-02	-7.149057e-02
7.500000e+00	-8.013000e-03	3.653487e-02	-1.282085e-02	5.353141e-02	-6.291217e-02
7.550000e+00	-4.692773e-03	3.207283e-02	-9.660905e-03	4.558505e-02	-5.611096e-02
7.600000e+00	-2.527010e-03	2.864712e-02	-5.299340e-03	3.816272e-02	-5.375913e-02
7.650000e+00	-1.192898e-03	2.699481e-02	-3.767910e-03	3.779021e-02	-5.184207e-02
7.700000e+00	-2.249051e-04	2.678336e-02	-4.926863e-03	3.889590e-02	-4.919088e-02
7.750000e+00	8.477956e-04	2.678257e-02	-5.322685e-03	4.082492e-02	-4.433287e-02
7.800000e+00	2.422916e-03	2.534864e-02	-3.250366e-03	4.112430e-02	-3.928256e-02
7.850000e+00	4.796900e-03	2.116197e-02	-5.125844e-04	4.025667e-02	-3.174152e-02
7.900000e+00	8.150962e-03	1.422095e-02	5.855917e-03	3.581582e-02	-2.156318e-02
7.950000e+00	1.251529e-02	9.387351e-03	1.380738e-02	3.304303e-02	-2.246352e-02
8.000000e+00	1.770127e-02	1.685437e-02	1.696271e-02	5.611076e-02	-2.604381e-02
8.050000e+00	2.319166e-02	2.855810e-02	2.040443e-02	7.672925e-02	-2.840904e-02
8.100000e+00	2.820544e-02	3.883309e-02	2.398987e-02	9.107669e-02	-2.819927e-02
8.150000e+00	3.169783e-02	4.578734e-02	3.166799e-02	9.717890e-02	-2.878211e-02
8.200000e+00	3.259140e-02	4.883834e-02	3.682145e-02	1.008924e-01	-3.146250e-02
8.250000e+00	3.006343e-02	4.829844e-02	3.319726e-02	1.036070e-01	-3.625628e-02
8.300000e+00	2.383362e-02	4.499378e-02	2.089739e-02	9.821675e-02	-4.065959e-02
8.350000e+00	1.434730e-02	3.984705e-02	1.375018e-02	8.437737e-02	-4.644904e-02
8.400000e+00	2.771122e-03	3.355852e-02	4.309104e-03	6.529569e-02	-5.352058e-02
8.450000e+00	-9.224144e-03	2.651613e-02	-5.441762e-03	4.505937e-02	-5.761216e-02
8.500000e+00	-1.984416e-02	1.910116e-02	-1.696938e-02	2.681440e-02	-6.674355e-02
8.550000e+00	-2.761549e-02	1.294269e-02	-2.592596e-02	9.274841e-03	-7.030061e-02
8.600000e+00	-3.166636e-02	1.343516e-02	-3.287105e-02	0.000000e+00	-6.321618e-02
8.650000e+00	-3.200187e-02	2.078334e-02	-3.375839e-02	8.542012e-03	-6.499638e-02
8.700000e+00	-2.936952e-02	2.927859e-02	-2.867476e-02	1.976080e-02	-6.837227e-02
8.750000e+00	-2.496335e-02	3.599986e-02	-2.567213e-02	3.017505e-02	-7.087992e-02
8.800000e+00	-2.003130e-02	3.960410e-02	-2.310643e-02	4.110882e-02	-7.061340e-02
8.850000e+00	-1.552187e-02	3.976112e-02	-1.853945e-02	4.908760e-02	-6.513566e-02
8.900000e+00	-1.188220e-02	3.703354e-02	-1.352293e-02	5.295359e-02	-6.089059e-02
8.950000e+00	-9.055553e-03	3.258156e-02	-9.714110e-03	5.101662e-02	-5.560476e-02
9.000000e+00	-6.649448e-03	2.767668e-02	-7.191275e-03	4.519183e-02	-4.896475e-02
9.050000e+00	-4.139396e-03	2.322606e-02	-4.482527e-03	4.040282e-02	-4.188650e-02
9.100000e+00	-1.225180e-03	1.953200e-02	-1.826563e-03	3.645503e-02	-3.458001e-02
9.150000e+00	2.173551e-03	1.634627e-02	3.251944e-03	2.981051e-02	-2.833371e-02
9.200000e+00	5.901460e-03	1.306773e-02	7.480731e-03	2.779117e-02	-2.228904e-02
9.250000e+00	9.687233e-03	9.392349e-03	1.005446e-02	2.727192e-02	-1.556229e-02
9.300000e+00	1.328660e-02	7.784837e-03	1.378810e-02	3.216398e-02	-6.651886e-03
9.350000e+00	1.656962e-02	1.291644e-02	1.693862e-02	4.305595e-02	-1.314727e-02
9.400000e+00	1.950828e-02	2.148110e-02	1.816429e-02	5.528861e-02	-2.192296e-02
9.450000e+00	2.207542e-02	2.994163e-02	2.284834e-02	6.414032e-02	-3.050196e-02
9.500000e+00	2.411461e-02	3.620757e-02	2.577857e-02	7.103800e-02	-3.647496e-02
9.550000e+00	2.528156e-02	3.904583e-02	2.524853e-02	7.621817e-02	-3.572481e-02
9.600000e+00	2.500114e-02	3.804879e-02	2.303428e-02	7.826080e-02	-2.976055e-02
9.650000e+00	2.269639e-02	3.383186e-02	2.040701e-02	7.361512e-02	-2.469035e-02
9.700000e+00	1.800278e-02	2.769820e-02	1.878505e-02	6.372001e-02	-2.833625e-02
9.750000e+00	1.098985e-02	2.116431e-02	1.380824e-02	5.103831e-02	-3.472945e-02
9.800000e+00	2.269068e-03	1.548483e-02	3.172713e-03	3.924911e-02	-3.906613e-02
9.850000e+00	-7.073613e-03	1.141744e-02	-5.955604e-03	2.580280e-02	-4.127886e-02
9.900000e+00	-1.571640e-02	9.358546e-03	-1.528253e-02	1.143132e-02	-4.070334e-02
9.950000e+00	-2.243928e-02	9.479281e-03	-2.321864e-02	6.878199e-04	-4.161003e-02
1.000000e+01	-2.644570e-02	1.149591e-02	-2.741312e-02	1.505122e-03	-4.798689e-02
1.005000e+01	-2.759142e-02	1.491846e-02	-3.025736e-02	5.996058e-03	-5.130268e-02
1.010000e+01	-2.624851e-02	1.919452e-02	-3.072560e-02	1.061961e-02	-5.298834e-02
1.015000e+01	-2.326191e-02	2.363985e-02	-2.681088e-02	2.142067e-02	-5.419897e-02
1.020000e+01	-1.957805e-02	2.736820e-02	-2.081778e-02	2.847942e-02	-5.642290e-02
1.025000e+01	-1.592515e-02	2.950136e-02	-1.604125e-02	3.319462e-02	-5.521111e-02
1.030000e+01	-1.260986e-02	2.945834e-02	-1.424336e-02	3.393309e-02	-5.306194e-02
1.035000e+01	-9.498305e-03	2.714381e-02	-9.650475e-03	3.080247e-02	-4.975662e-02
1.040000e+01	-6.176820e-03	2.295928e-02	-4.317518e-03	2.879555e-02	-4.479120e-02
1.045000e+01	-2.218325e-03	1.766818e-02	4.342777e-04	2.779317e-02	-3.603457e-02
1.050000e+01	2.557379e-03	1.225137e-02	2.635140e-03	2.963498e-02	-2.427570e-02
1.055000e+01	7.934160e-03	8.070137e-03	8.037933e-03	3.019173e-02	-1.139875e-02
1.060000e+01	1.331787e-02	7.285135e-03	1.290265e-02	3.145093e-02	-2.892347e-03
1.065000e+01	1.791134e-02	9.862414e-03	1.651807e-02	3.728014e-02	-2.869897e-03
1.070000e+01	2.097384e-02	1.341169e-02	2.094526e-02	4.639754e-02	-2.773790e-03
1.075000e+01	2.206288e-02	1.684409e-02	1.982165e-02	5.196238e-02	-6.364275e-03
1.080000e+01	2.116720e-02	1.971183e-02	1.918909e-02	5.265331e-02	-1.248487e-02
1.085000e+01	1.868581e-02	2.165733e-02	1.774973e-02	5.335367e-02	-1.870023e-02
1.090000e+01	1.526931e-02	2.236643e-02	1.657433e-02	5.004678e-02	-2.263758e-02
1.095000e+01	1.159092e-02	2.166934e-02	1.396867e-02	4.430143e-02	-2.475655e-02
1.100000e+01	8.137058e-03	1.964274e-02	1.142231e-02	3.985769e-02	-2.721821e-02
1.105000e+01	5.098619e-03	1.666981e-02	8.013196e-03	3.767411e-02	-2.712692e-02
1.110000e+01	2.353504e-03	1.324184e-02	3.118919e-03	3.262823e-02	-2.598515e-02
1.115000e+01	-3.660259e-04	9.987416e-03	-2.058220e-04	2.491584e-02	-2.381570e-02
1.120000e+01	-3.311664e-03	7.502516e-03	-3.345530e-03	1.518523e-02	-2.144959e-02
1.125000e+01	-6.566953e-03	6.251943e-03	-6.388461e-03	1.032874e-02	-2.123458e-02
1.130000e+01	-9.978548e-03	6.347272e-03	-1.013330e-02	8.982401e-03	-2.432238e-02
1.135000e+01	-1.319119e-02	7.486639e-03	-1.309247e-02	7.688704e-03	-2.822670e-02
1.140000e+01	-1.576365e-02	9.364699e-03	-1.612086e-02	5.014749e-03	-3.659240e-02
1.145000e+01	-1.731283e-02	1.177787e-02	-1.773889e-02	5.899851e-03	-4.183788e-02
1.150000e+01	-1.762700e-02	1.443050e-02	-1.773097e-02	8.974326e-03	-4.337459e-02
1.155000e+01	-1.670785e-02	1.685423e-02	-1.824322e-02	1.768068e-02	-4.295418e-02
1.160000e+01	-1.473420e-02	1.849513e-02	-1.696259e-02	2.491305e-02	-4.418341e-02
1.165000e+01	-1.197315e-02	1.888153e-02	-1.351224e-02	2.995257e-02	-4.502526e-02
1.170000e+01	-8.683527e-03	1.778103e-02	-7.230175e-03	3.077193e-02	-4.478549e-02
1.175000e+01	-5.054510e-03	1.528630e-02	-2.405452e-03	2.746669e-02	-4.052135e-02
1.180000e+01	-1.202021e-03	1.182104e-02	-7.739132e-04	2.111581e-02	-3.247203e-02
1.185000e+01	2.783233e-03	8.148817e-03	3.220792e-03	1.902577e-02	-2.157422e-02
1.190000e+01	6.766106e-03	5.648891e-03	7.035761e-03	2.135481e-02	-1.033062e-02
1.195000e+01	1.051514e-02	6.019503e-03	9.840309e-03	2.451196e-02	-4.239545e-03
1.200000e+01	1.369919e-02	8.164016e-03	1.347071e-02	3.365746e-02	-4.205420e-03
1.205000e+01	1.597726e-02	1.034518e-02	1.520836e-02	3.992544e-02	-6.846048e-03
1.210000e+01	1.697718e-02	1.196161e-02	1.627962e-02	4.279455e-02	-8.703965e-03
1.215000e+01	1.651486e-02	1.287917e-02	1.607255e-02	4.178642e-02	-1.044456e-02
1.220000e+01	1.462844e-02	1.308794e-02	1.466231e-02	4.056301e-02	-1.233932e-02
1.225000e+01	1.158576e-02	1.261048e-02	1.106796e-02	3.742017e-02	-1.412043e-02
1.230000e+01	7.826511e-03	1.149927e-02	6.134407e-03	3.111845e-02	-1.539178e-02
1.235000e+01	3.859070e-03	9.887934e-03	1.910068e-03	2.433009e-02	-1.559223e-02
1.240000e+01	1.468674e-04	8.059149e-03	1.015591e-04	1.872651e-02	-1.658888e-02
1.245000e+01	-2.979805e-03	6.465425e-03	-2.676477e-03	1.376716e-02	-1.742964e-02
1.250000e+01	-5.363281e-03	5.555952e-03	-4.446432e-03	1.203829e-02	-1.772664e-02
1.255000e+01	-7.005397e-03	5.324693e-03	-6.891299e-03	9.586875e-03	-1.935050e-02
1.260000e+01	-8.016133e-03	5.285591e-03	-7.861162e-03	6.147999e-03	-2.145728e-02
1.265000e+01	-8.548326e-03	5.108436e-03	-8.480803e-03	6.193289e-03	-2.171562e-02
1.270000e+01	-8.741930e-03	4.938082e-03	-8.538391e-03	5.685445e-03	-2.057109e-02
1.275000e+01	-8.691807e-03	5.240127e-03	-8.705062e-03	4.291425e-03	-2.206551e-02
1.280000e+01	-8.440572e-03	6.262222e-03	-9.092720e-03	5.587031e-03	-2.357370e-02
1.285000e+01	-7.988572e-03	7.737079e-03	-8.425906e-03	9.373370e-03	-2.384675e-02
1.290000e+01	-7.310139e-03	9.214601e-03	-8.602373e-03	1.320210e-02	-2.291487e-02
1.295000e+01	-6.368580e-03	1.030281e-02	-7.652173e-03	1.441041e-02	-2.519718e-02
1.300000e+01	-5.128496e-03	1.071735e-02	-6.163640e-03	1.301204e-02	-2.844613e-02
1.305000e+01	-3.556711e-03	1.032801e-02	-3.240344e-03	1.281281e-02	-3.018478e-02
1.310000e+01	-1.677554e-03	9.172146e-03	-1.314140e-03	1.700985e-02	-2.852758e-02
1.315000e+01	4.484337e-04	7.511628e-03	6.850112e-04	1.921455e-02	-2.301698e-02
1.320000e+01	2.703450e-03	5.829865e-03	2.436392e-03	1.880286e-02	-1.420321e-02
1.325000e+01	4.909314e-03	4.808116e-03	4.558325e-03	1.665788e-02	-5.844287e-03
1.330000e+01	6.844044e-03	4.902384e-03	7.104509e-03	2.106109e-02	-2.984222e-03
1.335000e+01	8.279967e-03	5.707570e-03	7.849940e-03	2.738704e-02	-3.094134e-03
1.340000e+01	9.034895e-03	6.572659e-03	7.719369e-03	2.989672e-02	-3.090969e-03
1.345000e+01	9.019564e-03	7.160629e-03	7.545630e-03	2.872726e-02	-3.751981e-03
1.350000e+01	8.263036e-03	7.374750e-03	7.887092e-03	2.661402e-02	-7.178863e-03
1.355000e+01	6.904639e-03	7.256022e-03	6.892649e-03	2.662299e-02	-9.818836e-03
1.360000e+01	5.153896e-03	6.908768e-03	5.636981e-03	2.448498e-02	-1.160757e-02
1.365000e+01	3.233031e-03	6.409973e-03	3.670505e-03	2.061651e-02	-1.266129e-02
1.370000e+01	1.323951e-03	5.754958e-03	2.269928e-03	1.579685e-02	-1.302815e-02
1.375000e+01	-4.604090e-04	4.923621e-03	6.048075e-05	1.193340e-02	-1.286952e-02
1.380000e+01	-2.071326e-03	4.046092e-03	-1.780243e-03	1.000742e-02	-1.408261e-02
1.385000e+01	-3.491921e-03	3.513503e-03	-3.624525e-03	7.128450e-03	-1.346295e-02
1.390000e+01	-4.695339e-03	3.649751e-03	-4.904512e-03	5.059812e-03	-1.400426e-02
1.395000e+01	-5.615988e-03	4.147440e-03	-5.564320e-03	5.880778e-03	-1.624950e-02
1.400000e+01	-6.150475e-03	4.515910e-03	-6.218428e-03	4.991342e-03	-1.623806e-02
1.405000e+01	-6.213929e-03	4.612832e-03	-6.572205e-03	3.706444e-03	-1.625974e-02
1.410000e+01	-5.729702e-03	4.566271e-03	-5.902424e-03	5.777445e-03	-1.506366e-02
1.415000e+01	-4.726444e-03	4.536645e-03	-4.532874e-03	6.794268e-03	-1.644661e-02
1.420000e+01	-3.352664e-03	4.489430e-03	-3.448976e-03	8.425118e-03	-1.558326e-02
1.425000e+01	-1.854933e-03	4.283962e-03	-1.771339e-03	9.393929e-03	-1.314783e-02
1.430000e+01	-5.112620e-04	3.955707e-03	-4.662834e-04	1.081190e-02	-1.070030e-02
1.435000e+01	4.582811e-04	3.826585e-03	3.818440e-04	1.043428e-02	-1.117205e-02
1.440000e+01	9.690920e-04	4.146238e-03	9.822406e-04	1.024353e-02	-1.136254e-02
1.445000e+01	1.104449e-03	4.646352e-03	6.185210e-04	1.337026e-02	-1.134607e-02
1.450000e+01	1.085322e-03	4.856087e-03	8.044780e-04	1.449948e-02	-1.210999e-02
1.455000e+01	1.184275e-03	4.532757e-03	8.335116e-04	1.343570e-02	-1.070921e-02
1.460000e+01	1.613289e-03	3.789797e-03	1.314373e-03	1.252500e-02	-7.306184e-03
1.465000e+01	2.427883e-03	3.140629e-03	2.044611e-03	1.202230e-02	-5.647806e-03
1.470000e+01	3.486190e-03	3.237674e-03	3.309871e-03	1.333888e-02	-4.281606e-03
1.475000e+01	4.482493e-03	3.929177e-03	4.231057e-03	1.740462e-02	-4.480516e-03
1.480000e+01	5.046958e-03	4.559781e-03	4.463794e-03	1.919233e-02	-4.849387e-03
1.485000e+01	4.877510e-03	4.776894e-03	4.211422e-03	2.010384e-02	-4.921644e-03
1.490000e+01	3.856144e-03	4.530950e-03	3.319665e-03	1.820922e-02	-5.120412e-03
1.495000e+01	2.106082e-03	3.961969e-03	1.454995e-03	1.543969e-02	-6.611920e-03
1.500000e+01	-3.291235e-05	3.334576e-03	-2.738696e-04	1.235260e-02	-8.271314e-03
1.505000e+01	-2.119098e-03	2.964171e-03	-2.445879e-03	7.932292e-03	-9.942799e-03
1.510000e+01	-3.712607e-03	2.977666e-03	-3.841891e-03	4.824438e-03	-1.221365e-02
1.515000e+01	-4.518961e-03	3.180141e-03	-4.177597e-03	4.708152e-03	-1.354728e-02
1.520000e+01	-4.467493e-03	3.300267e-03	-3.980232e-03	3.672859e-03	-1.457554e-02
1.525000e+01	-3.712237e-03	3.230718e-03	-3.291680e-03	2.225022e-03	-1.299294e-02
1.530000e+01	-2.560001e-03	3.052972e-03	-2.366432e-03	4.355397e-03	-9.563623e-03
1.535000e+01	-1.356203e-03	2.958302e-03	-1.212291e-03	6.522759e-03	-8.890157e-03
1.540000e+01	-3.724584e-04	3.066357e-03	-4.143932e-04	7.228610e-03	-7.642821e-03
1.545000e+01	2.641066e-04	3.296622e-03	1.153200e-04	9.084112e-03	-7.390274e-03
1.550000e+01	5.788309e-04	3.491406e-03	3.022372e-04	1.117144e-02	-6.987068e-03
1.555000e+01	6.996312e-04	3.573862e-03	4.612508e-04	1.115789e-02	-6.411501e-03
1.560000e+01	7.761195e-04	3.563511e-03	3.808143e-04	1.017702e-02	-6.476610e-03
1.565000e+01	9.043430e-04	3.503592e-03	8.066679e-04	1.176697e-02	-6.546990e-03
1.570000e+01	1.088044e-03	3.393913e-03	8.789135e-04	1.253223e-02	-7.287475e-03
1.575000e+01	1.249381e-03	3.204239e-03	1.024094e-03	1.276483e-02	-6.161106e-03
1.580000e+01	1.279930e-03	2.956678e-03	1.080158e-03	1.143731e-02	-6.685168e-03
1.585000e+01	1.105820e-03	2.786203e-03	1.210001e-03	9.021155e-03	-7.046159e-03
1.590000e+01	7.359017e-04	2.860491e-03	9.326034e-04	7.351184e-03	-6.752247e-03
1.595000e+01	2.703635e-04	3.166145e-03	3.335086e-04	6.778965e-03	-9.468369e-03
1.600000e+01	-1.348176e-04	3.498964e-03	-6.983262e-05	7.603900e-03	-1.116141e-02
1.605000e+01	-3.251467e-04	3.666357e-03	-3.376480e-04	8.222523e-03	-1.131238e-02
1.610000e+01	-2.419369e-04	3.599657e-03	-9.102867e-05	9.285025e-03	-1.008572e-02
1.615000e+01	7.352964e-05	3.359123e-03	1.331308e-04	1.023087e-02	-9.239939e-03
1.620000e+01	4.722695e-04	3.079635e-03	4.533802e-04	1.071952e-02	-7.601755e-03
1.625000e+01	7.464682e-04	2.869268e-03	6.707809e-04	9.807030e-03	-5.785395e-03
1.630000e+01	7.059091e-04	2.718633e-03	7.903472e-04	7.660886e-03	-5.370358e-03
1.635000e+01	2.536415e-04	2.545310e-03	1.223975e-04	6.627383e-03	-5.200206e-03
1.640000e+01	-5.677618e-04	2.339804e-03	-6.502856e-04	5.893556e-03	-5.980218e-03
1.645000e+01	-1.577409e-03	2.242414e-03	-1.681856e-03	6.015507e-03	-7.637676e-03
1.650000e+01	-2.505531e-03	2.403900e-03	-2.454369e-03	4.730912e-03	-9.307143e-03
1.655000e+01	-3.074634e-03	2.739757e-03	-2.848253e-03	4.360837e-03	-1.068223e-02
1.660000e+01	-3.084913e-03	3.026239e-03	-2.776974e-03	4.114025e-03	-1.188478e-02
1.665000e+01	-2.475668e-03	3.147827e-03	-2.139537e-03	6.388609e-03	-1.103692e-02
1.670000e+01	-1.343552e-03	3.190450e-03	-1.167444e-03	8.583333e-03	-1.019882e-02
1.675000e+01	8.628437e-05	3.368319e-03	-1.966681e-04	1.008623e-02	-7.780299e-03
1.680000e+01	1.524543e-03	3.765371e-03	1.029231e-03	1.082743e-02	-5.789213e-03
1.685000e+01	2.695547e-03	4.190057e-03	1.848833e-03	1.287995e-02	-5.291401e-03
1.690000e+01	3.404139e-03	4.361176e-03	2.698782e-03	1.448908e-02	-4.936045e-03
1.695000e+01	3.573404e-03	4.111533e-03	3.172306e-03	1.541926e-02	-4.227339e-03
1.700000e+01	3.246134e-03	3.473786e-03	2.808288e-03	1.473179e-02	-3.504691e-03
1.705000e+01	2.559356e-03	2.718937e-03	2.455823e-03	1.222465e-02	-4.295555e-03
1.710000e+01	1.678401e-03	2.336137e-03	1.904959e-03	9.328553e-03	-6.500044e-03
1.715000e+01	7.724557e-04	2.545180e-03	8.046332e-04	6.757229e-03	-7.579916e-03
1.720000e+01	-2.740388e-05	2.917901e-03	3.051106e-04	5.604555e-03	-7.500170e-03
1.725000e+01	-6.465599e-04	3.082225e-03	-1.672905e-04	5.438883e-03	-8.525953e-03
1.730000e+01	-1.067025e-03	2.994079e-03	-7.118070e-04	5.284799e-03	-8.989195e-03
1.735000e+01	-1.314005e-03	2.815924e-03	-9.612776e-04	4.894094e-03	-8.345236e-03
1.740000e+01	-1.435847e-03	2.736892e-03	-1.250477e-03	4.666218e-03	-9.284778e-03
1.745000e+01	-1.484171e-03	2.782741e-03	-1.232770e-03	6.133495e-03	-1.055890e-02
1.750000e+01	-1.498986e-03	2.826843e-03	-1.156481e-03	5.459480e-03	-1.110852e-02
1.755000e+01	-1.501027e-03	2.768501e-03	-1.051697e-03	4.438370e-03	-1.084999e-02
1.760000e+01	-1.491213e-03	2.615776e-03	-1.190537e-03	4.198264e-03	-1.002502e-02
1.765000e+01	-1.455631e-03	2.443043e-03	-1.232592e-03	4.576266e-03	-9.011030e-03
1.770000e+01	-1.373642e-03	2.305466e-03	-1.414293e-03	4.179370e-03	-7.744451e-03
1.775000e+01	-1.226529e-03	2.196601e-03	-1.249171e-03	4.586374e-03	-8.740166e-03
1.780000e+01	-1.004366e-03	2.093508e-03	-1.013317e-03	6.676149e-03	-7.692026e-03
1.785000e+01	-7.094197e-04	2.023842e-03	-8.223715e-04	7.883818e-03	-5.249884e-03
1.790000e+01	-3.554498e-04	2.065094e-03	-6.654274e-04	8.072164e-03	-6.235794e-03
1.795000e+01	3.642166e-05	2.259421e-03	-5.492124e-05	7.355757e-03	-7.177956e-03
1.800000e+01	4.433865e-04	2.552320e-03	4.295787e-04	7.611875e-03	-7.027199e-03
1.805000e+01	8.520286e-04	2.851949e-03	5.883681e-04	8.791721e-03	-6.120918e-03
1.810000e+01	1.241494e-03	3.081838e-03	1.056026e-03	9.488351e-03	-6.423349e-03
1.815000e+01	1.594706e-03	3.226990e-03	1.254455e-03	9.618232e-03	-5.955286e-03
1.820000e+01	1.892194e-03	3.312086e-03	1.454753e-03	9.119303e-03	-5.389199e-03
1.825000e+01	2.107880e-03	3.353448e-03	1.793208e-03	9.668142e-03	-5.990474e-03
1.830000e+01	2.207634e-03	3.318502e-03	1.762178e-03	1.091181e-02	-5.545874e-03
1.835000e+01	2.153287e-03	3.142215e-03	1.548118e-03	1.158082e-02	-4.946284e-03
1.840000e+01	1.912690e-03	2.801373e-03	1.517243e-03	1.286270e-02	-4.169667e-03
1.845000e+01	1.473487e-03	2.409715e-03	1.250165e-03	1.242154e-02	-3.518292e-03
1.850000e+01	8.557013e-04	2.262317e-03	8.302749e-04	9.879387e-03	-4.604600e-03
1.855000e+01	1.173842e-04	2.567284e-03	2.125142e-04	6.214561e-03	-6.957652e-03
1.860000e+01	-6.508747e-04	3.105974e-03	-3.020200e-04	6.269858e-03	-8.754666e-03
1.865000e+01	-1.343099e-03	3.546764e-03	-1.099733e-03	5.983636e-03	-9.521640e-03
1.870000e+01	-1.862720e-03	3.709913e-03	-1.363112e-03	5.463578e-03	-9.130553e-03
1.875000e+01	-2.147442e-03	3.572405e-03	-1.551570e-03	4.666618e-03	-1.013416e-02
1.880000e+01	-2.185584e-03	3.225691e-03	-1.997176e-03	4.408900e-03	-1.032673e-02
1.885000e+01	-2.017642e-03	2.816095e-03	-1.950333e-03	4.153924e-03	-9.687504e-03
1.890000e+01	-1.721685e-03	2.465980e-03	-1.610080e-03	3.867366e-03	-9.681939e-03
1.895000e+01	-1.387094e-03	2.209459e-03	-1.246155e-03	3.564727e-03	-8.272014e-03
1.900000e+01	-1.085551e-03	2.007826e-03	-1.037519e-03	3.605187e-03	-7.297515e-03
1.905000e+01	-8.486746e-04	1.831676e-03	-9.675018e-04	4.307750e-03	-7.112336e-03
1.910000e+01	-6.647260e-04	1.699218e-03	-8.082720e-04	4.581336e-03	-6.129513e-03
1.915000e+01	-4.852678e-04	1.660101e-03	-5.498733e-04	4.605345e-03	-4.897969e-03
1.920000e+01	-2.500675e-04	1.738630e-03	-3.412400e-04	5.102027e-03	-4.305873e-03
1.925000e+01	8.455943e-05	1.912311e-03	-8.131146e-05	6.292308e-03	-4.322792e-03
1.930000e+01	5.238452e-04	2.135601e-03	3.036956e-04	7.801636e-03	-4.192825e-03
1.935000e+01	1.027286e-03	2.361797e-03	9.098235e-04	8.517128e-03	-3.874005e-03
1.940000e+01	1.518521e-03	2.549352e-03	1.231181e-03	8.387807e-03	-4.136712e-03
1.945000e+01	1.908424e-03	2.665694e-03	1.454573e-03	8.442915e-03	-4.261454e-03
1.950000e+01	2.122636e-03	2.691401e-03	1.716302e-03	8.775807e-03	-4.791440e-03
1.955000e+01	2.123460e-03	2.622354e-03	1.658289e-03	8.335586e-03	-4.687474e-03
1.960000e+01	1.918597e-03	2.470367e-03	1.786533e-03	7.370561e-03	-4.001868e-03
1.965000e+01	1.554553e-03	2.263561e-03	1.581531e-03	6.810564e-03	-3.835006e-03
1.970000e+01	1.098411e-03	2.045259e-03	1.085468e-03	6.147331e-03	-4.317922e-03
1.975000e+01	6.157571e-04	1.868717e-03	5.551285e-04	5.947289e-03	-4.658574e-03
1.980000e+01	1.533263e-04	1.786243e-03	1.998282e-04	5.471303e-03	-4.513195e-03
1.985000e+01	-2.676675e-04	1.832558e-03	-1.995075e-04	4.388303e-03	-5.240014e-03
1.990000e+01	-6.464176e-04	2.006887e-03	-4.687146e-04	3.627063e-03	-5.705260e-03
1.995000e+01	-9.894069e-04	2.267283e-03	-9.516589e-04	3.705557e-03	-6.654747e-03
2.000000e+01	-1.296106e-03	2.543602e-03	-1.135120e-03	3.529072e-03	-7.402248e-03
