# k	<chi>	std	chi_median	chi_max	chi_min
0.000000e+00	-5.917492e-02	1.974351e-01	0.000000e+00	4.104433e-01	-5.701406e-01
5.000000e-02	-1.201967e-01	2.566316e-01	-4.326891e-02	3.907013e-01	-5.696139e-01
1.000000e-01	-1.241749e-01	2.502822e-01	-4.450875e-02	3.733018e-01	-5.663275e-01
1.500000e-01	-1.365434e-01	2.327009e-01	-5.037647e-02	3.255209e-01	-5.561583e-01
2.000000e-01	-1.497061e-01	2.174643e-01	-5.507405e-02	2.761655e-01	-5.456633e-01
2.500000e-01	-1.726107e-01	1.987008e-01	-7.424164e-02	1.913791e-01	-5.284772e-01
3.000000e-01	-1.973270e-01	1.891741e-01	-1.414333e-01	1.031865e-01	-5.114140e-01
3.500000e-01	-2.327977e-01	1.928665e-01	-2.687978e-01	9.629754e-02	-5.701728e-01
4.000000e-01	-2.701426e-01	2.122340e-01	-3.700449e-01	8.670477e-02	-6.665422e-01
4.500000e-01	-3.173309e-01	2.505678e-01	-3.630282e-01	7.956315e-02	-7.868648e-01
5.000000e-01	-3.642391e-01	2.929212e-01	-3.413034e-01	7.887581e-02	-8.922184e-01
5.500000e-01	-4.162097e-01	3.408654e-01	-3.137973e-01	6.135102e-02	-1.012696e+00
6.000000e-01	-4.625290e-01	3.789096e-01	-3.009656e-01	2.509577e-02	-1.112579e+00
6.500000e-01	-5.045166e-01	4.070260e-01	-2.930012e-01	0.000000e+00	-1.196025e+00
7.000000e-01	-5.328519e-01	4.163106e-01	-2.957528e-01	0.000000e+00	-1.226305e+00
7.500000e-01	-5.449301e-01	4.045982e-01	-3.189612e-01	0.000000e+00	-1.242015e+00
8.000000e-01	-5.362115e-01	3.726524e-01	-3.622544e-01	0.000000e+00	-1.203771e+00
8.500000e-01	-5.026844e-01	3.193155e-01	-3.893532e-01	0.000000e+00	-1.110218e+00
9.000000e-01	-4.480431e-01	2.552536e-01	-4.023242e-01	0.000000e+00	-9.633696e-01
9.500000e-01	-3.709618e-01	1.845582e-01	-3.867203e-01	0.000000e+00	-7.675558e-01
1.000000e+00	-2.838119e-01	1.275159e-01	-3.281248e-01	0.000000e+00	-5.622617e-01
1.050000e+00	-1.901574e-01	1.007575e-01	-1.644223e-01	0.000000e+00	-4.739103e-01
1.100000e+00	-1.060988e-01	1.067272e-01	-7.958803e-02	8.599797e-02	-4.032125e-01
1.150000e+00	-3.775000e-02	1.171472e-01	-3.635339e-02	1.962987e-01	-3.151321e-01
1.200000e+00	4.505874e-03	1.127190e-01	-1.110435e-02	2.395479e-01	-2.221639e-01
1.250000e+00	1.829963e-02	9.089166e-02	0.000000e+00	2.325744e-01	-1.593322e-01
1.300000e+00	6.427482e-03	5.777012e-02	0.000000e+00	1.701462e-01	-1.115709e-01
1.350000e+00	-2.546429e-02	3.222710e-02	-2.736950e-02	7.329881e-02	-1.170492e-01
1.400000e+00	-6.306527e-02	4.766938e-02	-5.944769e-02	9.867561e-02	-1.959038e-01
1.450000e+00	-9.604092e-02	7.195569e-02	-9.823815e-02	1.071716e-01	-2.408436e-01
1.500000e+00	-1.102544e-01	8.309591e-02	-1.268960e-01	1.040129e-01	-2.694047e-01
1.550000e+00	-9.987086e-02	7.979537e-02	-1.409817e-01	9.565106e-02	-2.504187e-01
1.600000e+00	-6.345911e-02	6.835259e-02	-8.313426e-02	9.623398e-02	-1.797371e-01
1.650000e+00	-5.779102e-03	6.309034e-02	1.554208e-02	1.072283e-01	-1.237652e-01
1.700000e+00	6.038326e-02	7.156783e-02	8.364287e-02	1.856307e-01	-6.775667e-02
1.750000e+00	1.243086e-01	8.566841e-02	1.135827e-01	2.779067e-01	0.000000e+00
1.800000e+00	1.706604e-01	9.287616e-02	1.315838e-01	3.347068e-01	0.000000e+00
1.850000e+00	1.943631e-01	9.220695e-02	1.750762e-01	3.534965e-01	0.000000e+00
1.900000e+00	1.905293e-01	8.571666e-02	2.189517e-01	3.204436e-01	0.000000e+00
1.950000e+00	1.654581e-01	8.025734e-02	2.036493e-01	2.899373e-01	0.000000e+00
2.000000e+00	1.259308e-01	7.661849e-02	1.233388e-01	2.795370e-01	0.000000e+00
2.050000e+00	8.259834e-02	7.301914e-02	5.041493e-02	2.413277e-01	0.000000e+00
2.100000e+00	4.534089e-02	6.211185e-02	1.431298e-02	1.794200e-01	-2.459673e-02
2.150000e+00	2.026333e-02	4.314783e-02	6.243804e-03	1.076589e-01	-4.226162e-02
2.200000e+00	7.791625e-03	2.191001e-02	1.077998e-02	4.453641e-02	-3.815642e-02
2.250000e+00	3.137186e-03	1.670260e-02	-2.629646e-03	4.104710e-02	-2.649861e-02
2.300000e+00	2.281329e-03	2.561855e-02	0.000000e+00	4.855594e-02	-4.625602e-02
2.350000e+00	1.685632e-03	2.939871e-02	0.000000e+00	4.894777e-02	-5.811979e-02
2.400000e+00	-7.292466e-04	2.663433e-02	-5.790758e-03	4.371727e-02	-5.407279e-02
2.450000e+00	-2.365994e-03	2.340959e-02	-1.165691e-02	3.865115e-02	-4.655629e-02
2.500000e+00	-4.433208e-03	1.900212e-02	-1.390605e-02	3.008428e-02	-3.629271e-02
2.550000e+00	-6.615451e-03	1.515385e-02	-6.232948e-03	1.940036e-02	-3.498549e-02
2.600000e+00	-8.397263e-03	1.282185e-02	-1.841651e-03	9.109101e-03	-3.437242e-02
2.650000e+00	-1.088135e-02	1.266607e-02	-8.826243e-03	1.251823e-02	-3.357373e-02
2.700000e+00	-1.270745e-02	1.330713e-02	-1.721873e-02	1.490889e-02	-3.189807e-02
2.750000e+00	-1.359885e-02	1.372427e-02	-2.151674e-02	1.593035e-02	-3.191254e-02
2.800000e+00	-1.350137e-02	1.345451e-02	-1.725613e-02	1.489895e-02	-3.529215e-02
2.850000e+00	-1.365576e-02	1.284105e-02	-1.282466e-02	1.147951e-02	-3.673343e-02
2.900000e+00	-1.262795e-02	1.145167e-02	-8.527758e-03	6.693338e-03	-3.457742e-02
2.950000e+00	-1.065629e-02	9.740832e-03	-6.478731e-03	3.342552e-03	-2.919067e-02
3.000000e+00	-8.055147e-03	8.308211e-03	-7.582625e-03	6.263340e-03	-2.257595e-02
3.050000e+00	-4.890259e-03	7.968512e-03	-8.411543e-03	1.089688e-02	-1.717951e-02
3.100000e+00	-1.678729e-03	8.456113e-03	-2.456080e-03	1.462029e-02	-1.692598e-02
3.150000e+00	1.210218e-03	9.129374e-03	2.364435e-03	1.716812e-02	-1.715479e-02
3.200000e+00	3.541840e-03	9.510892e-03	6.831041e-03	1.835292e-02	-1.673030e-02
3.250000e+00	5.227942e-03	9.406941e-03	9.451607e-03	1.803288e-02	-1.540555e-02
3.300000e+00	6.273087e-03	8.855990e-03	1.050445e-02	1.985374e-02	-1.219160e-02
3.350000e+00	6.825680e-03	8.113946e-03	9.699645e-03	2.300298e-02	-8.960420e-03
3.400000e+00	7.049045e-03	7.446473e-03	7.836542e-03	2.336725e-02	-6.106662e-03
3.450000e+00	7.209585e-03	6.948056e-03	6.142881e-03	2.173744e-02	-6.786900e-03
3.500000e+00	7.307101e-03	6.467344e-03	6.427897e-03	2.215599e-02	-8.596933e-03
3.550000e+00	7.271945e-03	5.862154e-03	6.850005e-03	2.237385e-02	-8.547321e-03
3.600000e+00	6.971489e-03	5.109066e-03	6.779795e-03	2.151567e-02	-6.591520e-03
3.650000e+00	6.511001e-03	4.499001e-03	6.765569e-03	1.891961e-02	-4.504613e-03
3.700000e+00	5.414329e-03	4.578431e-03	6.047697e-03	1.768715e-02	-4.938557e-03
3.750000e+00	3.555577e-03	5.240641e-03	4.886789e-03	1.853642e-02	-8.099881e-03
3.800000e+00	9.044148e-04	5.859287e-03	2.261047e-03	1.730779e-02	-1.149471e-02
3.850000e+00	-2.340905e-03	6.063539e-03	-8.001100e-04	1.324755e-02	-1.430855e-02
3.900000e+00	-6.250695e-03	5.540623e-03	-5.258030e-03	6.870557e-03	-1.666627e-02
3.950000e+00	-1.046761e-02	4.831902e-03	-1.028450e-02	7.159482e-04	-1.916511e-02
4.000000e+00	-1.449782e-02	5.238374e-03	-1.621015e-02	0.000000e+00	-2.194629e-02
4.050000e+00	-1.802429e-02	7.185303e-03	-1.831103e-02	0.000000e+00	-3.238267e-02
4.100000e+00	-2.041403e-02	9.515529e-03	-1.929068e-02	0.000000e+00	-4.227690e-02
4.150000e+00	-2.108728e-02	1.104586e-02	-1.887478e-02	0.000000e+00	-4.677245e-02
4.200000e+00	-1.966698e-02	1.106063e-02	-1.646127e-02	0.000000e+00	-4.480933e-02
4.250000e+00	-1.651726e-02	9.574048e-03	-1.389592e-02	1.941360e-03	-3.749934e-02
4.300000e+00	-1.151038e-02	6.858140e-03	-1.120396e-02	6.963667e-03	-2.671866e-02
4.350000e+00	-5.191293e-03	4.988405e-03	-5.737942e-03	1.183666e-02	-1.538636e-02
4.400000e+00	1.653328e-03	7.040544e-03	2.655328e-03	1.591858e-02	-1.601210e-02
4.450000e+00	7.990247e-03	1.054944e-02	1.069125e-02	2.621822e-02	-1.635016e-02
4.500000e+00	1.343781e-02	1.337087e-02	1.654900e-02	3.535529e-02	-1.517604e-02
4.550000e+00	1.758643e-02	1.475080e-02	1.998842e-02	4.188021e-02	-1.205223e-02
4.600000e+00	2.036036e-02	1.459617e-02	2.222264e-02	4.435779e-02	-6.860890e-03
4.650000e+00	2.195727e-02	1.335246e-02	2.289520e-02	4.511668e-02	-1.643235e-04
4.700000e+00	2.278997e-02	1.160761e-02	2.253161e-02	4.491377e-02	0.000000e+00
4.750000e+00	2.315523e-02	1.008053e-02	2.214381e-02	4.287986e-02	0.000000e+00
4.800000e+00	2.317800e-02	9.356594e-03	2.426232e-02	3.995807e-02	-3.803568e-04
4.850000e+00	2.271247e-02	9.557844e-03	2.539013e-02	3.679913e-02	-2.882421e-03
4.900000e+00	2.149069e-02	1.039984e-02	2.238825e-02	4.231912e-02	-5.337516e-03
4.950000e+00	1.914930e-02	1.173313e-02	1.759327e-02	4.617386e-02	-1.010859e-02
5.000000e+00	1.544235e-02	1.355168e-02	1.185902e-02	4.747691e-02	-1.301654e-02
5.050000e+00	1.038965e-02	1.563549e-02	4.606898e-03	4.536745e-02	-1.488308e-02
5.100000e+00	4.371113e-03	1.735493e-02	0.000000e+00	4.187276e-02	-2.610970e-02
5.150000e+00	-2.033386e-03	1.789277e-02	-2.467118e-03	3.516380e-02	-3.569398e-02
5.200000e+00	-8.151409e-03	1.672542e-02	-6.062042e-03	2.542009e-02	-4.156298e-02
5.250000e+00	-1.338283e-02	1.405559e-02	-1.122065e-02	1.346253e-02	-4.349580e-02
5.300000e+00	-1.741814e-02	1.118479e-02	-1.697751e-02	2.619733e-03	-4.808782e-02
5.350000e+00	-2.027895e-02	1.023987e-02	-2.073031e-02	5.302886e-04	-4.942809e-02
5.400000e+00	-2.225336e-02	1.144470e-02	-2.201389e-02	2.294672e-03	-4.971520e-02
5.450000e+00	-2.362650e-02	1.256970e-02	-2.213085e-02	3.064944e-03	-5.405427e-02
5.500000e+00	-2.479382e-02	1.241069e-02	-2.424539e-02	0.000000e+00	-5.405833e-02
5.550000e+00	-2.584685e-02	1.160003e-02	-2.659930e-02	5.364144e-04	-5.077495e-02
5.600000e+00	-2.659060e-02	1.185852e-02	-2.860307e-02	1.708733e-03	-4.595089e-02
5.650000e+00	-2.650930e-02	1.352387e-02	-2.851949e-02	2.606398e-03	-5.310618e-02
5.700000e+00	-2.524589e-02	1.506856e-02	-2.603532e-02	3.380307e-03	-5.809515e-02
5.750000e+00	-2.246044e-02	1.526999e-02	-2.318929e-02	1.070716e-02	-5.669361e-02
5.800000e+00	-1.807540e-02	1.440957e-02	-1.840500e-02	2.099219e-02	-4.683974e-02
5.850000e+00	-1.223303e-02	1.406457e-02	-1.125001e-02	3.047623e-02	-4.878725e-02
5.900000e+00	-5.486248e-03	1.552295e-02	-4.173672e-03	3.824136e-02	-4.771893e-02
5.950000e+00	1.613553e-03	1.791432e-02	3.780065e-04	4.320804e-02	-4.114741e-02
6.000000e+00	8.580198e-03	1.983324e-02	3.870954e-03	4.846150e-02	-2.881735e-02
6.050000e+00	1.514720e-02	2.085841e-02	9.152791e-03	5.737967e-02	-2.257284e-02
6.100000e+00	2.101563e-02	2.162651e-02	2.005226e-02	6.137033e-02	-1.790908e-02
6.150000e+00	2.609056e-02	2.263821e-02	3.164860e-02	6.723552e-02	-1.860960e-02
6.200000e+00	3.024843e-02	2.352796e-02	3.951377e-02	6.941102e-02	-2.148463e-02
6.250000e+00	3.324666e-02	2.340649e-02	4.057215e-02	7.484203e-02	-1.966342e-02
6.300000e+00	3.471471e-02	2.172068e-02	3.979265e-02	7.463625e-02	-1.263013e-02
6.350000e+00	3.424286e-02	1.875640e-02	3.822950e-02	7.007861e-02	-2.372392e-03
6.400000e+00	3.153898e-02	1.576605e-02	3.419168e-02	6.123494e-02	-3.215988e-03
6.450000e+00	2.658817e-02	1.462792e-02	2.766963e-02	5.638177e-02	-7.664628e-03
6.500000e+00	1.974303e-02	1.611185e-02	1.745131e-02	5.759353e-02	-1.475122e-02
6.550000e+00	1.159046e-02	1.879842e-02	6.198420e-03	5.692570e-02	-2.868955e-02
6.600000e+00	3.157736e-03	2.106744e-02	0.000000e+00	5.288487e-02	-4.198396e-02
6.650000e+00	-4.694037e-03	2.203356e-02	-6.029574e-03	4.823101e-02	-5.064875e-02
6.700000e+00	-1.134799e-02	2.149538e-02	-1.163529e-02	4.045691e-02	-5.401989e-02
6.750000e+00	-1.655015e-02	1.980727e-02	-1.735656e-02	2.807787e-02	-5.431666e-02
6.800000e+00	-2.039724e-02	1.774556e-02	-2.174685e-02	1.455819e-02	-5.369225e-02
6.850000e+00	-2.320253e-02	1.618232e-02	-2.583233e-02	2.134451e-02	-5.200654e-02
6.900000e+00	-2.529727e-02	1.553812e-02	-2.850450e-02	2.465255e-02	-5.524732e-02
6.950000e+00	-2.684955e-02	1.551420e-02	-2.970968e-02	2.301936e-02	-5.486424e-02
7.000000e+00	-2.777382e-02	1.551658e-02	-3.026584e-02	1.629083e-02	-6.114782e-02
7.050000e+00	-2.771583e-02	1.514729e-02	-2.895285e-02	1.323048e-02	-6.329744e-02
7.100000e+00	-2.631425e-02	1.456093e-02	-2.716925e-02	1.605429e-02	-6.063327e-02
7.150000e+00	-2.330129e-02	1.441528e-02	-2.308833e-02	1.631823e-02	-5.610788e-02
7.200000e+00	-1.867167e-02	1.553157e-02	-1.745186e-02	1.570720e-02	-5.866661e-02
7.250000e+00	-1.273335e-02	1.788912e-02	-1.023929e-02	1.977561e-02	-5.747797e-02
7.300000e+00	-6.039934e-03	2.039136e-02	-5.339427e-03	3.835780e-02	-5.504201e-02
7.350000e+00	7.632201e-04	2.173892e-02	0.000000e+00	5.063448e-02	-4.759597e-02
7.400000e+00	7.112255e-03	2.115256e-02	1.734876e-03	5.626949e-02	-3.600827e-02
7.450000e+00	1.264478e-02	1.871474e-02	1.087736e-02	5.464600e-02	-2.979183e-02
7.500000e+00	1.722094e-02	1.550848e-02	1.836746e-02	5.033018e-02	-2.251108e-02
7.550000e+00	2.078548e-02	1.335373e-02	2.344702e-02	4.621218e-02	-1.297923e-02
7.600000e+00	2.341063e-02	1.340226e-02	2.559992e-02	4.905931e-02	-9.161717e-03
7.650000e+00	2.503951e-02	1.449524e-02	2.715699e-02	5.585656e-02	-1.283077e-02
7.700000e+00	2.548874e-02	1.511039e-02	2.685826e-02	5.851256e-02	-1.333870e-02
7.750000e+00	2.451694e-02	1.494054e-02	2.475025e-02	6.054017e-02	-9.482005e-03
7.800000e+00	2.196832e-02	1.462083e-02	2.230588e-02	6.207193e-02	-1.191791e-02
7.850000e+00	1.792399e-02	1.481051e-02	1.758222e-02	5.945589e-02	-1.928181e-02
7.900000e+00	1.278265e-02	1.538438e-02	1.083559e-02	5.161869e-02	-2.438060e-02
7.950000e+00	7.217605e-03	1.566316e-02	5.431046e-03	4.178070e-02	-2.621435e-02
8.000000e+00	2.008126e-03	1.522548e-02	4.640115e-04	3.782180e-02	-3.000363e-02
8.050000e+00	-2.240421e-03	1.427879e-02	-1.653537e-03	3.159526e-02	-2.986686e-02
8.100000e+00	-5.180980e-03	1.368436e-02	-4.948225e-03	2.883827e-02	-3.405319e-02
8.150000e+00	-6.972451e-03	1.399337e-02	-7.411465e-03	3.024043e-02	-3.829098e-02
8.200000e+00	-8.160736e-03	1.481091e-02	-8.179148e-03	3.054318e-02	-4.092411e-02
8.250000e+00	-9.457517e-03	1.534779e-02	-1.105907e-02	3.111677e-02	-4.107255e-02
8.300000e+00	-1.144206e-02	1.537292e-02	-1.447414e-02	2.800351e-02	-4.079701e-02
8.350000e+00	-1.429800e-02	1.544629e-02	-1.584613e-02	2.360142e-02	-4.784020e-02
8.400000e+00	-1.768877e-02	1.621149e-02	-1.863476e-02	2.203450e-02	-5.772962e-02
8.450000e+00	-2.082607e-02	1.735770e-02	-1.980576e-02	2.152077e-02	-7.240340e-02
8.500000e+00	-2.271371e-02	1.778524e-02	-2.106650e-02	1.850123e-02	-7.814323e-02
8.550000e+00	-2.245294e-02	1.665676e-02	-2.068568e-02	1.402365e-02	-7.179778e-02
8.600000e+00	-1.962196e-02	1.431906e-02	-1.946315e-02	1.374539e-02	-5.527490e-02
8.650000e+00	-1.440249e-02	1.255185e-02	-1.541068e-02	2.211675e-02	-4.500420e-02
8.700000e+00	-7.551243e-03	1.334807e-02	-7.936633e-03	3.328532e-02	-3.539930e-02
8.750000e+00	-1.808419e-04	1.587614e-02	-6.511333e-04	4.587735e-02	-3.350105e-02
8.800000e+00	6.561146e-03	1.790884e-02	3.570655e-03	5.566983e-02	-3.273169e-02
8.850000e+00	1.179882e-02	1.834222e-02	9.194068e-03	6.323471e-02	-3.228760e-02
8.900000e+00	1.511651e-02	1.728503e-02	1.373911e-02	6.361037e-02	-2.938855e-02
8.950000e+00	1.657697e-02	1.556556e-02	1.521924e-02	5.849495e-02	-2.473408e-02
9.000000e+00	1.658474e-02	1.410001e-02	1.586290e-02	5.630960e-02	-2.174109e-02
9.050000e+00	1.568088e-02	1.329169e-02	1.625547e-02	4.991156e-02	-1.799219e-02
9.100000e+00	1.428817e-02	1.287061e-02	1.466740e-02	4.685403e-02	-2.310691e-02
9.150000e+00	1.264091e-02	1.242651e-02	1.346099e-02	4.136377e-02	-2.638454e-02
9.200000e+00	1.076845e-02	1.174374e-02	1.154717e-02	3.496801e-02	-2.727077e-02
9.250000e+00	8.602359e-03	1.091292e-02	9.918395e-03	2.968329e-02	-2.590537e-02
9.300000e+00	6.120126e-03	1.046309e-02	6.425837e-03	2.748056e-02	-2.219716e-02
9.350000e+00	3.447299e-03	1.109934e-02	4.206308e-03	2.754478e-02	-3.392597e-02
9.400000e+00	8.648603e-04	1.273439e-02	1.797615e-03	2.821146e-02	-4.155288e-02
9.450000e+00	-1.283735e-03	1.439470e-02	0.000000e+00	2.978468e-02	-4.387413e-02
9.500000e+00	-2.741834e-03	1.519794e-02	0.000000e+00	3.002617e-02	-4.174698e-02
9.550000e+00	-3.486429e-03	1.494707e-02	-2.105653e-03	3.064114e-02	-4.076746e-02
9.600000e+00	-3.731097e-03	1.412424e-02	-4.462903e-03	2.892772e-02	-3.596694e-02
9.650000e+00	-3.907789e-03	1.343615e-02	-4.926164e-03	2.993254e-02	-3.526169e-02
9.700000e+00	-4.486272e-03	1.301078e-02	-6.028297e-03	2.861729e-02	-3.378820e-02
9.750000e+00	-5.772427e-03	1.233278e-02	-6.578221e-03	2.497319e-02	-3.091045e-02
9.800000e+00	-7.753256e-03	1.111479e-02	-7.896339e-03	2.213363e-02	-3.309116e-02
9.850000e+00	-1.005656e-02	9.961189e-03	-1.107978e-02	1.811044e-02	-3.128704e-02
9.900000e+00	-1.204940e-02	9.924008e-03	-1.282949e-02	1.484796e-02	-4.035671e-02
9.950000e+00	-1.304429e-02	1.091786e-02	-1.230951e-02	1.484238e-02	-5.180907e-02
1.000000e+01	-1.253875e-02	1.176872e-02	-1.133503e-02	1.319637e-02	-5.259845e-02
1.005000e+01	-1.039086e-02	1.181645e-02	-9.183561e-03	1.702956e-02	-4.545653e-02
1.010000e+01	-6.894882e-03	1.147180e-02	-6.003137e-03	2.359327e-02	-3.656956e-02
1.015000e+01	-2.688950e-03	1.171859e-02	-1.869751e-03	2.767327e-02	-3.432442e-02
1.020000e+01	1.449020e-03	1.284588e-02	0.000000e+00	3.145358e-02	-3.087585e-02
1.025000e+01	4.842768e-03	1.403428e-02	2.305931e-03	4.107058e-02	-2.828788e-02
1.030000e+01	7.109111e-03	1.438366e-02	4.695888e-03	4.589035e-02	-2.521466e-02
1.035000e+01	8.233598e-03	1.358537e-02	5.976563e-03	4.591853e-02	-2.327968e-02
1.040000e+01	8.511226e-03	1.192571e-02	7.141302e-03	4.434740e-02	-1.786980e-02
1.045000e+01	8.384489e-03	1.005934e-02	7.311902e-03	3.841319e-02	-1.605552e-02
1.050000e+01	8.247298e-03	8.712799e-03	8.586454e-03	3.038226e-02	-1.487782e-02
1.055000e+01	8.291199e-03	8.291123e-03	8.636331e-03	3.166335e-02	-1.536793e-02
1.060000e+01	8.448580e-03	8.601007e-03	8.520711e-03	3.055759e-02	-1.485889e-02
1.065000e+01	8.446454e-03	9.148505e-03	8.364237e-03	3.815651e-02	-1.601902e-02
1.070000e+01	7.941178e-03	9.593262e-03	7.338686e-03	4.166148e-02	-1.543053e-02
1.075000e+01	6.675884e-03	9.890799e-03	6.168178e-03	3.921384e-02	-1.757716e-02
1.080000e+01	4.598332e-03	1.021487e-02	3.339110e-03	3.239289e-02	-2.155715e-02
1.085000e+01	1.896891e-03	1.072069e-02	5.647743e-04	2.643255e-02	-2.451213e-02
1.090000e+01	-1.053284e-03	1.131449e-02	0.000000e+00	2.668838e-02	-2.792410e-02
1.095000e+01	-3.807513e-03	1.169783e-02	-2.377321e-03	2.481433e-02	-3.211058e-02
1.100000e+01	-5.984848e-03	1.161370e-02	-5.335101e-03	2.061982e-02	-3.412229e-02
1.105000e+01	-7.382600e-03	1.103422e-02	-7.465475e-03	2.239049e-02	-3.233354e-02
1.110000e+01	-7.972089e-03	1.011745e-02	-8.253307e-03	2.123743e-02	-3.048863e-02
1.115000e+01	-7.907051e-03	9.137418e-03	-8.048917e-03	1.888624e-02	-3.128151e-02
1.120000e+01	-7.425366e-03	8.310801e-03	-7.470202e-03	1.792818e-02	-3.349176e-02
1.125000e+01	-6.753664e-03	7.728230e-03	-6.812335e-03	1.519051e-02	-3.222392e-02
1.130000e+01	-6.035849e-03	7.412662e-03	-5.941764e-03	1.319850e-02	-2.743252e-02
1.135000e+01	-5.306987e-03	7.394607e-03	-5.520319e-03	1.354471e-02	-2.290534e-02
1.140000e+01	-4.513754e-03	7.686880e-03	-4.026404e-03	1.492520e-02	-2.362883e-02
1.145000e+01	-3.565003e-03	8.207935e-03	-2.935172e-03	1.718825e-02	-2.483874e-02
1.150000e+01	-2.387754e-03	8.773996e-03	-1.947902e-03	1.851032e-02	-2.669244e-02
1.155000e+01	-9.666545e-04	9.168122e-03	-5.304841e-04	1.917243e-02	-2.675876e-02
1.160000e+01	6.440913e-04	9.222291e-03	0.000000e+00	2.101255e-02	-2.486785e-02
1.165000e+01	2.334202e-03	8.879367e-03	1.878516e-03	2.323864e-02	-2.089941e-02
1.170000e+01	3.964676e-03	8.222736e-03	4.002923e-03	2.325650e-02	-2.016735e-02
1.175000e+01	5.395220e-03	7.457236e-03	5.616573e-03	2.309065e-02	-1.653050e-02
1.180000e+01	6.502504e-03	6.824781e-03	6.701679e-03	2.443150e-02	-1.254986e-02
1.185000e+01	7.187831e-03	6.470929e-03	7.507463e-03	2.264835e-02	-1.463150e-02
1.190000e+01	7.379426e-03	6.370091e-03	8.105033e-03	2.158823e-02	-1.517482e-02
1.195000e+01	7.036536e-03	6.410110e-03	7.316797e-03	2.180034e-02	-1.367207e-02
1.200000e+01	6.159198e-03	6.528857e-03	6.391385e-03	2.323439e-02	-1.035573e-02
1.205000e+01	4.803812e-03	6.756433e-03	4.630558e-03	2.246978e-02	-9.316939e-03
1.210000e+01	3.076938e-03	7.092060e-03	2.298182e-03	2.242117e-02	-1.190618e-02
1.215000e+01	1.154464e-03	7.455152e-03	4.680146e-04	2.258389e-02	-1.646162e-02
1.220000e+01	-7.500004e-04	7.694303e-03	0.000000e+00	1.984918e-02	-2.082178e-02
1.225000e+01	-2.423188e-03	7.703459e-03	-1.797464e-03	1.531528e-02	-2.363991e-02
1.230000e+01	-3.695695e-03	7.521600e-03	-3.301074e-03	1.330471e-02	-2.409990e-02
1.235000e+01	-4.476570e-03	7.314475e-03	-4.734850e-03	1.498279e-02	-2.210755e-02
1.240000e+01	-4.766783e-03	7.207877e-03	-5.295000e-03	1.754715e-02	-2.041040e-02
1.245000e+01	-4.646946e-03	7.132672e-03	-4.818368e-03	1.741084e-02	-2.191662e-02
1.250000e+01	-4.244340e-03	6.922613e-03	-3.915837e-03	1.928973e-02	-2.439477e-02
1.255000e+01	-3.691943e-03	6.577142e-03	-3.516629e-03	1.902532e-02	-2.266508e-02
1.260000e+01	-3.094244e-03	6.365555e-03	-3.161702e-03	1.585740e-02	-1.774700e-02
1.265000e+01	-2.510629e-03	6.540839e-03	-2.621756e-03	1.664494e-02	-2.061623e-02
1.270000e+01	-1.958803e-03	6.927319e-03	-1.373624e-03	1.773191e-02	-2.699283e-02
1.275000e+01	-1.432158e-03	7.080321e-03	-4.498894e-04	1.744305e-02	-2.891190e-02
1.280000e+01	-9.199613e-04	6.782771e-03	-3.968767e-04	1.836255e-02	-2.492867e-02
1.285000e+01	-4.199306e-04	6.315854e-03	-3.392946e-04	1.792859e-02	-1.872591e-02
1.290000e+01	6.161966e-05	6.318540e-03	0.000000e+00	1.863084e-02	-1.630885e-02
1.295000e+01	5.192043e-04	7.026270e-03	0.000000e+00	1.878247e-02	-1.730404e-02
1.300000e+01	9.586975e-04	7.889750e-03	0.000000e+00	2.411397e-02	-1.811836e-02
1.305000e+01	1.408545e-03	8.288972e-03	7.888817e-04	2.997878e-02	-1.738993e-02
1.310000e+01	1.883852e-03	7.930457e-03	1.240877e-03	3.081303e-02	-1.854161e-02
1.315000e+01	2.388105e-03	6.947303e-03	1.803591e-03	2.706413e-02	-1.739065e-02
1.320000e+01	2.887756e-03	5.785380e-03	2.497804e-03	2.038172e-02	-1.364303e-02
1.325000e+01	3.304135e-03	5.013635e-03	2.762331e-03	1.732368e-02	-1.487455e-02
1.330000e+01	3.525266e-03	4.910855e-03	3.112732e-03	1.928646e-02	-1.988559e-02
1.335000e+01	3.437732e-03	5.198266e-03	3.186421e-03	1.905885e-02	-2.221816e-02
1.340000e+01	2.969167e-03	5.472282e-03	2.777880e-03	1.714344e-02	-2.121006e-02
1.345000e+01	2.125375e-03	5.564142e-03	1.824388e-03	1.734919e-02	-1.711708e-02
1.350000e+01	1.005873e-03	5.520913e-03	4.101862e-04	1.616118e-02	-1.661826e-02
1.355000e+01	-2.115746e-04	5.497939e-03	0.000000e+00	1.390853e-02	-1.938796e-02
1.360000e+01	-1.315319e-03	5.619243e-03	-9.292767e-04	1.254723e-02	-1.948496e-02
1.365000e+01	-2.119284e-03	5.848785e-03	-1.848417e-03	1.443369e-02	-1.856008e-02
1.370000e+01	-2.516865e-03	6.014554e-03	-2.120953e-03	1.591931e-02	-1.788743e-02
1.375000e+01	-2.509654e-03	5.965076e-03	-1.933294e-03	1.601998e-02	-1.662595e-02
1.380000e+01	-2.200316e-03	5.691108e-03	-1.614030e-03	1.525707e-02	-1.620538e-02
1.385000e+01	-1.752293e-03	5.331646e-03	-1.095576e-03	1.583145e-02	-1.564696e-02
1.390000e+01	-1.331557e-03	5.064214e-03	-7.775775e-04	1.589254e-02	-1.516633e-02
1.395000e+01	-1.052073e-03	4.954422e-03	-5.326500e-06	1.521516e-02	-1.472710e-02
1.400000e+01	-9.445953e-04	4.931426e-03	-4.054562e-04	1.375280e-02	-1.346552e-02
1.405000e+01	-9.591038e-04	4.928343e-03	-9.754059e-04	1.147825e-02	-1.171744e-02
1.410000e+01	-9.922943e-04	4.909519e-03	-8.603173e-04	1.203328e-02	-1.250386e-02
1.415000e+01	-9.409559e-04	4.883517e-03	-2.630561e-04	1.339138e-02	-1.441961e-02
1.420000e+01	-7.417151e-04	4.847042e-03	-6.988058e-05	1.359046e-02	-1.693838e-02
1.425000e+01	-3.932091e-04	4.807158e-03	-2.146890e-04	1.313709e-02	-1.651534e-02
1.430000e+01	4.916265e-05	4.812552e-03	0.000000e+00	1.488481e-02	-1.319841e-02
1.435000e+01	5.007962e-04	4.906997e-03	1.069503e-04	1.505755e-02	-1.185450e-02
1.440000e+01	8.836855e-04	5.043014e-03	4.129106e-04	1.392143e-02	-1.064167e-02
1.445000e+01	1.154130e-03	5.086251e-03	2.597887e-04	1.611119e-02	-1.054408e-02
1.450000e+01	1.311062e-03	4.918672e-03	3.528762e-04	1.679472e-02	-1.062402e-02
1.455000e+01	1.383498e-03	4.534005e-03	6.320225e-04	1.630368e-02	-1.112678e-02
1.460000e+01	1.405484e-03	4.070369e-03	9.454345e-04	1.448876e-02	-1.006829e-02
1.465000e+01	1.392356e-03	3.760921e-03	1.130658e-03	1.114623e-02	-9.388323e-03
1.470000e+01	1.330750e-03	3.761122e-03	1.312890e-03	1.001489e-02	-1.116001e-02
1.475000e+01	1.187496e-03	3.982707e-03	9.578817e-04	1.112384e-02	-1.232033e-02
1.480000e+01	9.327815e-04	4.205134e-03	7.635696e-04	1.181008e-02	-1.227291e-02
1.485000e+01	5.655898e-04	4.286651e-03	7.775465e-05	1.179208e-02	-1.041149e-02
1.490000e+01	1.277624e-04	4.237066e-03	0.000000e+00	1.058670e-02	-9.491556e-03
1.495000e+01	-3.019352e-04	4.177443e-03	0.000000e+00	1.062580e-02	-1.078799e-02
1.500000e+01	-6.330596e-04	4.220704e-03	-3.737113e-04	1.008326e-02	-1.243931e-02
1.505000e+01	-8.027556e-04	4.364078e-03	-2.005544e-04	1.437946e-02	-1.495341e-02
1.510000e+01	-7.941712e-04	4.477573e-03	-3.381451e-04	1.814349e-02	-1.524766e-02
1.515000e+01	-6.490612e-04	4.461577e-03	-2.115176e-04	1.950506e-02	-1.312200e-02
1.520000e+01	-4.554198e-04	4.320111e-03	0.000000e+00	1.829013e-02	-1.261668e-02
1.525000e+01	-3.150592e-04	4.139358e-03	0.000000e+00	1.439656e-02	-1.285584e-02
1.530000e+01	-3.041094e-04	3.996885e-03	0.000000e+00	8.894529e-03	-1.161846e-02
1.535000e+01	-4.424472e-04	3.891927e-03	-9.656462e-05	8.740624e-03	-9.492447e-03
1.540000e+01	-6.848341e-04	3.778494e-03	-4.520971e-04	8.710438e-03	-1.071157e-02
1.545000e+01	-9.377753e-04	3.649361e-03	-7.371960e-04	9.259498e-03	-1.077389e-02
1.550000e+01	-1.095504e-03	3.557657e-03	-8.409705e-04	9.643100e-03	-1.125636e-02
1.555000e+01	-1.080563e-03	3.553277e-03	-1.015773e-03	1.087322e-02	-1.199282e-02
1.560000e+01	-8.726194e-04	3.619307e-03	-8.956471e-04	1.084262e-02	-1.089283e-02
1.565000e+01	-5.141732e-04	3.694767e-03	-4.572982e-04	9.832186e-03	-1.000754e-02
1.570000e+01	-9.160843e-05	3.739597e-03	0.000000e+00	9.727319e-03	-9.952674e-03
1.575000e+01	2.997050e-04	3.753606e-03	0.000000e+00	9.226285e-03	-8.915458e-03
1.580000e+01	5.911351e-04	3.744272e-03	1.856296e-04	9.802650e-03	-8.715445e-03
1.585000e+01	7.623972e-04	3.695623e-03	3.668046e-04	1.013912e-02	-9.360522e-03
1.590000e+01	8.406855e-04	3.577074e-03	5.118590e-04	9.930525e-03	-9.521088e-03
1.595000e+01	8.790065e-04	3.381278e-03	6.842078e-04	9.725387e-03	-9.041737e-03
1.600000e+01	9.244647e-04	3.155259e-03	6.949824e-04	1.005767e-02	-1.037652e-02
1.605000e+01	9.911974e-04	3.001727e-03	8.198469e-04	9.684626e-03	-1.030128e-02
1.610000e+01	1.052295e-03	3.001371e-03	7.728011e-04	8.583103e-03	-8.755261e-03
1.615000e+01	1.051437e-03	3.145030e-03	7.247397e-04	8.466813e-03	-7.599277e-03
1.620000e+01	9.292295e-04	3.326927e-03	5.360463e-04	9.217794e-03	-8.785798e-03
1.625000e+01	6.549006e-04	3.441967e-03	3.893555e-04	9.214284e-03	-8.867492e-03
1.630000e+01	2.477066e-04	3.453662e-03	0.000000e+00	9.716658e-03	-8.969020e-03
1.635000e+01	-2.220476e-04	3.393906e-03	0.000000e+00	9.150816e-03	-9.069976e-03
1.640000e+01	-6.537488e-04	3.318176e-03	-4.238096e-04	9.672437e-03	-1.024211e-02
1.645000e+01	-9.510453e-04	3.254629e-03	-7.693378e-04	9.332603e-03	-1.047764e-02
1.650000e+01	-1.056347e-03	3.193027e-03	-8.428587e-04	8.328012e-03	-9.391778e-03
1.655000e+01	-9.712459e-04	3.118087e-03	-6.513835e-04	7.114704e-03	-8.428920e-03
1.660000e+01	-7.545931e-04	3.039016e-03	-1.916157e-04	7.219949e-03	-8.248663e-03
1.665000e+01	-4.990836e-04	2.981908e-03	0.000000e+00	7.426961e-03	-8.767999e-03
1.670000e+01	-2.958731e-04	2.963022e-03	0.000000e+00	7.267041e-03	-9.224669e-03
1.675000e+01	-2.013594e-04	2.979412e-03	-3.891362e-05	7.235837e-03	-8.576259e-03
1.680000e+01	-2.190243e-04	3.019605e-03	-2.926500e-05	7.182957e-03	-9.417765e-03
1.685000e+01	-3.027959e-04	3.067234e-03	-9.507211e-05	7.944683e-03	-1.036345e-02
1.690000e+01	-3.795541e-04	3.094602e-03	0.000000e+00	8.740637e-03	-1.016878e-02
1.695000e+01	-3.808772e-04	3.071214e-03	0.000000e+00	8.744220e-03	-9.072584e-03
1.700000e+01	-2.709330e-04	2.992235e-03	0.000000e+00	8.156668e-03	-8.916784e-03
1.705000e+01	-5.828306e-05	2.901612e-03	0.000000e+00	7.952448e-03	-7.977880e-03
1.710000e+01	2.075599e-04	2.854882e-03	0.000000e+00	9.192352e-03	-6.268802e-03
1.715000e+01	4.558542e-04	2.873306e-03	1.166615e-04	9.331933e-03	-5.611249e-03
1.720000e+01	6.239919e-04	2.912556e-03	0.000000e+00	9.577085e-03	-6.806302e-03
1.725000e+01	6.796197e-04	2.911244e-03	7.925379e-05	1.036104e-02	-7.245769e-03
1.730000e+01	6.290310e-04	2.852473e-03	3.866683e-04	9.943217e-03	-6.649751e-03
1.735000e+01	5.098204e-04	2.777331e-03	4.469618e-04	8.039003e-03	-6.627485e-03
1.740000e+01	3.723547e-04	2.747164e-03	2.548030e-04	7.686472e-03	-6.792191e-03
1.745000e+01	2.587492e-04	2.788937e-03	1.255010e-04	8.744146e-03	-6.916967e-03
1.750000e+01	1.882159e-04	2.876569e-03	0.000000e+00	8.764779e-03	-6.869077e-03
1.755000e+01	1.540916e-04	2.959116e-03	0.000000e+00	8.660830e-03	-6.527855e-03
1.760000e+01	1.323776e-04	2.992196e-03	0.000000e+00	8.526941e-03	-6.972347e-03
1.765000e+01	9.669896e-05	2.950112e-03	0.000000e+00	7.575826e-03	-6.620691e-03
1.770000e+01	3.231323e-05	2.831115e-03	0.000000e+00	7.635596e-03	-7.107405e-03
1.775000e+01	-5.707539e-05	2.664117e-03	0.000000e+00	8.391797e-03	-7.614061e-03
1.780000e+01	-1.521353e-04	2.506463e-03	-3.719054e-05	8.086273e-03	-7.518841e-03
1.785000e+01	-2.282113e-04	2.416128e-03	-1.215623e-04	6.831866e-03	-7.024412e-03
1.790000e+01	-2.676752e-04	2.407241e-03	0.000000e+00	7.224241e-03	-6.994928e-03
1.795000e+01	-2.682950e-04	2.439509e-03	-7.334153e-05	6.866444e-03	-6.926282e-03
1.800000e+01	-2.437992e-04	2.460172e-03	-2.787977e-05	7.788329e-03	-7.097266e-03
1.805000e+01	-2.176572e-04	2.450037e-03	0.000000e+00	7.982625e-03	-7.570118e-03
1.810000e+01	-2.110121e-04	2.415404e-03	0.000000e+00	7.457591e-03	-8.415459e-03
1.815000e+01	-2.300633e-04	2.376118e-03	-1.067280e-05	6.824423e-03	-8.406745e-03
1.820000e+01	-2.640391e-04	2.336523e-03	-5.493316e-05	7.092330e-03	-7.610003e-03
1.825000e+01	-2.900561e-04	2.289124e-03	0.000000e+00	7.163065e-03	-6.346306e-03
1.830000e+01	-2.838182e-04	2.238738e-03	-1.070650e-04	6.473543e-03	-5.928531e-03
1.835000e+01	-2.311817e-04	2.213892e-03	-1.717383e-04	6.343765e-03	-6.457265e-03
1.840000e+01	-1.352817e-04	2.243833e-03	0.000000e+00	7.116137e-03	-6.306506e-03
1.845000e+01	-1.600578e-05	2.321233e-03	0.000000e+00	7.220853e-03	-7.526998e-03
1.850000e+01	9.789895e-05	2.399358e-03	0.000000e+00	7.589838e-03	-8.007260e-03
1.855000e+01	1.804967e-04	2.430027e-03	0.000000e+00	7.611996e-03	-7.734928e-03
1.860000e+01	2.188982e-04	2.401069e-03	0.000000e+00	6.615885e-03	-7.068628e-03
1.865000e+01	2.175879e-04	2.346168e-03	0.000000e+00	7.217739e-03	-5.843896e-03
1.870000e+01	1.950940e-04	2.321728e-03	0.000000e+00	7.663784e-03	-5.057051e-03
1.875000e+01	1.746937e-04	2.360369e-03	0.000000e+00	7.473940e-03	-6.047247e-03
1.880000e+01	1.734658e-04	2.441139e-03	6.933580e-07	7.885939e-03	-6.587453e-03
1.885000e+01	1.946464e-04	2.510321e-03	5.293408e-05	7.240405e-03	-6.502670e-03
1.890000e+01	2.266648e-04	2.524810e-03	5.985852e-05	6.557946e-03	-6.645944e-03
1.895000e+01	2.491826e-04	2.477008e-03	0.000000e+00	6.614027e-03	-6.600453e-03
1.900000e+01	2.432916e-04	2.392882e-03	0.000000e+00	6.142354e-03	-6.226841e-03
1.905000e+01	2.005863e-04	2.313285e-03	0.000000e+00	7.046391e-03	-5.537060e-03
1.910000e+01	1.294695e-04	2.252087e-03	0.000000e+00	7.315527e-03	-6.152063e-03
1.915000e+01	5.172016e-05	2.197680e-03	0.000000e+00	6.810142e-03	-7.413238e-03
1.920000e+01	-6.954484e-06	2.131679e-03	0.000000e+00	6.215612e-03	-7.783247e-03
1.925000e+01	-2.872577e-05	2.060246e-03	0.000000e+00	6.206034e-03	-7.049636e-03
1.930000e+01	-1.263081e-05	2.017541e-03	0.000000e+00	6.477903e-03	-6.147311e-03
1.935000e+01	2.335904e-05	2.029662e-03	0.000000e+00	6.297812e-03	-6.390494e-03
1.940000e+01	4.839820e-05	2.076318e-03	0.000000e+00	5.737294e-03	-5.910213e-03
1.945000e+01	3.075778e-05	2.103792e-03	0.000000e+00	5.458611e-03	-5.602115e-03
1.950000e+01	-4.893528e-05	2.073714e-03	0.000000e+00	5.411384e-03	-6.585856e-03
1.955000e+01	-1.884490e-04	1.993995e-03	-4.707820e-05	4.760128e-03	-6.801579e-03
1.960000e+01	-3.623658e-04	1.911431e-03	-2.026365e-04	4.864619e-03	-6.146067e-03
1.965000e+01	-5.288726e-04	1.872944e-03	-3.373689e-04	4.979378e-03	-5.570441e-03
1.970000e+01	-6.424562e-04	1.887059e-03	-5.637395e-04	4.704318e-03	-6.039547e-03
1.975000e+01	-6.679363e-04	1.927085e-03	-7.732166e-04	5.239220e-03	-6.267284e-03
1.980000e+01	-5.909797e-04	1.964134e-03	-5.852924e-04	6.281564e-03	-6.383467e-03
1.985000e+01	-4.217610e-04	1.984189e-03	-3.299551e-04	6.726138e-03	-6.525729e-03
1.990000e+01	-1.910598e-04	1.983131e-03	-8.956893e-05	6.416971e-03	-5.885721e-03
1.995000e+01	5.927451e-05	1.962545e-03	0.000000e+00	6.740436e-03	-5.362835e-03
2.000000e+01	2.878665e-04	1.935648e-03	1.568962e-04	7.070950e-03	-5.157758e-03
