# k	<chi>	std	chi_median	chi_max	chi_min
0.000000e+00	4.236802e-02	1.422201e-01	0.000000e+00	5.352729e-01	-3.641684e-01
5.000000e-02	8.869925e-02	1.803112e-01	1.024285e-01	5.121336e-01	-3.542251e-01
1.000000e-01	7.857008e-02	1.728751e-01	9.193821e-02	4.888442e-01	-3.443122e-01
1.500000e-01	4.789952e-02	1.535608e-01	4.815812e-02	4.192214e-01	-3.159103e-01
2.000000e-01	1.673280e-02	1.391195e-01	1.056012e-02	3.489805e-01	-3.201541e-01
2.500000e-01	-3.488257e-02	1.289744e-01	-3.535752e-02	2.677158e-01	-4.139146e-01
3.000000e-01	-8.688360e-02	1.359342e-01	-6.694456e-02	1.908067e-01	-5.040088e-01
3.500000e-01	-1.560934e-01	1.655981e-01	-1.053550e-01	1.268317e-01	-6.210275e-01
4.000000e-01	-2.242785e-01	2.038485e-01	-1.545460e-01	6.242906e-02	-7.284900e-01
4.500000e-01	-3.034699e-01	2.545416e-01	-1.773653e-01	6.993537e-02	-8.485029e-01
5.000000e-01	-3.764193e-01	2.993067e-01	-2.594100e-01	8.247657e-02	-9.515478e-01
5.500000e-01	-4.511856e-01	3.432043e-01	-3.804814e-01	7.886339e-02	-1.065574e+00
6.000000e-01	-5.121747e-01	3.723687e-01	-4.760096e-01	5.299802e-02	-1.157560e+00
6.500000e-01	-5.627631e-01	3.883382e-01	-5.447205e-01	8.645837e-03	-1.240177e+00
7.000000e-01	-5.918045e-01	3.846826e-01	-5.823786e-01	-2.510759e-02	-1.269321e+00
7.500000e-01	-5.988300e-01	3.603387e-01	-5.834666e-01	-4.557767e-02	-1.235034e+00
8.000000e-01	-5.805927e-01	3.186945e-01	-5.521620e-01	-6.443173e-02	-1.152789e+00
8.500000e-01	-5.354155e-01	2.598069e-01	-5.245327e-01	-8.960868e-02	-1.073648e+00
9.000000e-01	-4.698557e-01	1.969651e-01	-4.729773e-01	-9.904199e-02	-9.374042e-01
9.500000e-01	-3.842737e-01	1.377382e-01	-3.907304e-01	-8.615655e-02	-7.434670e-01
1.000000e+00	-2.930283e-01	1.077097e-01	-2.890590e-01	-5.235057e-02	-5.497033e-01
1.050000e+00	-1.993795e-01	1.140235e-01	-1.501825e-01	-2.681444e-02	-5.010952e-01
1.100000e+00	-1.191337e-01	1.318766e-01	-7.380844e-02	1.208985e-01	-4.260912e-01
1.150000e+00	-5.625476e-02	1.398093e-01	-2.781649e-02	2.196972e-01	-3.728599e-01
1.200000e+00	-1.896270e-02	1.291179e-01	-8.059158e-03	2.559800e-01	-3.248860e-01
1.250000e+00	-7.325315e-03	1.018068e-01	-1.271920e-02	2.205811e-01	-2.672044e-01
1.300000e+00	-1.666490e-02	6.743723e-02	-2.655691e-02	1.422251e-01	-2.059467e-01
1.350000e+00	-4.092145e-02	4.916915e-02	-4.352115e-02	8.106401e-02	-1.742194e-01
1.400000e+00	-6.614462e-02	6.615579e-02	-7.276098e-02	1.220603e-01	-1.827692e-01
1.450000e+00	-8.400293e-02	8.898055e-02	-7.614470e-02	1.561490e-01	-2.406721e-01
1.500000e+00	-8.320297e-02	9.703711e-02	-6.270612e-02	1.687544e-01	-2.627586e-01
1.550000e+00	-6.081009e-02	8.679907e-02	-4.373456e-02	1.659467e-01	-2.248606e-01
1.600000e+00	-1.889469e-02	6.230319e-02	-2.031021e-02	1.537770e-01	-1.541475e-01
1.650000e+00	3.662275e-02	4.136937e-02	3.640415e-02	1.386051e-01	-4.866672e-02
1.700000e+00	9.157095e-02	5.669856e-02	1.096481e-01	1.902945e-01	-3.075216e-02
1.750000e+00	1.374261e-01	8.785868e-02	1.461821e-01	2.928897e-01	-2.779793e-02
1.800000e+00	1.611518e-01	1.091623e-01	1.569791e-01	3.433515e-01	-2.678738e-02
1.850000e+00	1.622231e-01	1.151796e-01	1.492031e-01	3.444843e-01	-3.036270e-02
1.900000e+00	1.400971e-01	1.037168e-01	1.263322e-01	3.176945e-01	-3.144007e-02
1.950000e+00	1.044341e-01	7.980546e-02	9.222492e-02	2.519708e-01	-2.698045e-02
2.000000e+00	6.441815e-02	4.940713e-02	5.326910e-02	1.672723e-01	-1.721146e-02
2.050000e+00	2.971395e-02	2.088049e-02	2.532232e-02	8.757767e-02	-1.404099e-02
2.100000e+00	8.877497e-03	1.773670e-02	4.801401e-03	6.049183e-02	-2.538060e-02
2.150000e+00	3.665067e-03	2.882405e-02	-5.947943e-03	6.598039e-02	-4.521270e-02
2.200000e+00	9.358281e-03	3.229453e-02	3.333892e-03	7.187493e-02	-4.558128e-02
2.250000e+00	1.596848e-02	3.108195e-02	1.182782e-02	7.510922e-02	-3.866071e-02
2.300000e+00	2.068004e-02	2.686285e-02	1.943926e-02	7.113601e-02	-2.826666e-02
2.350000e+00	2.023083e-02	2.211873e-02	2.171260e-02	6.041924e-02	-2.792720e-02
2.400000e+00	1.400898e-02	1.848241e-02	1.725147e-02	4.296513e-02	-3.221123e-02
2.450000e+00	8.493503e-03	1.583201e-02	1.173154e-02	3.601789e-02	-3.278533e-02
2.500000e+00	1.493883e-03	1.351761e-02	4.145399e-03	2.857746e-02	-3.090910e-02
2.550000e+00	-5.645075e-03	1.135082e-02	-4.252538e-03	2.065569e-02	-3.167618e-02
2.600000e+00	-1.157637e-02	9.148406e-03	-1.215942e-02	1.258795e-02	-3.102875e-02
2.650000e+00	-1.737238e-02	7.287179e-03	-1.856951e-02	4.060978e-03	-3.254460e-02
2.700000e+00	-2.129001e-02	5.735077e-03	-2.141139e-02	-3.811027e-03	-3.596201e-02
2.750000e+00	-2.290098e-02	5.014797e-03	-2.284870e-02	-8.611092e-03	-3.597402e-02
2.800000e+00	-2.224055e-02	5.275595e-03	-2.325577e-02	-6.301248e-03	-3.393506e-02
2.850000e+00	-2.093921e-02	5.993325e-03	-2.228493e-02	-6.116757e-03	-3.459248e-02
2.900000e+00	-1.768814e-02	6.668503e-03	-1.916915e-02	-3.995925e-03	-3.523822e-02
2.950000e+00	-1.315057e-02	6.863298e-03	-1.359954e-02	2.474376e-04	-3.284038e-02
3.000000e+00	-8.053185e-03	6.461688e-03	-8.054921e-03	4.267676e-03	-2.783126e-02
3.050000e+00	-2.658622e-03	5.682836e-03	-2.608300e-03	9.234660e-03	-2.035862e-02
3.100000e+00	2.144149e-03	4.733079e-03	1.888633e-03	1.406340e-02	-1.103395e-02
3.150000e+00	5.980666e-03	4.097574e-03	6.043818e-03	1.776417e-02	-3.929844e-03
3.200000e+00	8.784062e-03	3.968388e-03	9.356919e-03	1.914867e-02	-1.742913e-03
3.250000e+00	1.066138e-02	4.072924e-03	1.130218e-02	2.059524e-02	-6.818406e-04
3.300000e+00	1.187617e-02	4.196584e-03	1.211422e-02	2.249608e-02	7.015548e-04
3.350000e+00	1.276807e-02	4.436294e-03	1.288536e-02	2.546821e-02	2.783874e-03
3.400000e+00	1.352007e-02	5.061292e-03	1.379133e-02	2.591762e-02	-8.757475e-04
3.450000e+00	1.412455e-02	6.027400e-03	1.504013e-02	2.548824e-02	-3.601997e-03
3.500000e+00	1.435327e-02	6.875519e-03	1.547526e-02	2.676099e-02	-3.948476e-03
3.550000e+00	1.387321e-02	7.295674e-03	1.471568e-02	2.916024e-02	-2.036926e-03
3.600000e+00	1.240028e-02	7.213770e-03	1.217326e-02	3.108089e-02	-2.331683e-03
3.650000e+00	9.788590e-03	6.819326e-03	8.726592e-03	3.017952e-02	-3.692287e-03
3.700000e+00	6.065565e-03	6.583862e-03	5.964599e-03	2.573445e-02	-1.071383e-02
3.750000e+00	1.563277e-03	6.704172e-03	1.622351e-03	1.817642e-02	-1.628930e-02
3.800000e+00	-3.262395e-03	6.882481e-03	-3.316098e-03	1.357640e-02	-2.023694e-02
3.850000e+00	-8.069549e-03	6.702465e-03	-8.204599e-03	8.609466e-03	-2.230155e-02
3.900000e+00	-1.245321e-02	5.731700e-03	-1.274160e-02	2.309106e-04	-2.427425e-02
3.950000e+00	-1.613165e-02	4.146000e-03	-1.614836e-02	-7.909045e-03	-2.605504e-02
4.000000e+00	-1.891736e-02	3.184703e-03	-1.864894e-02	-1.097375e-02	-2.784603e-02
4.050000e+00	-2.086938e-02	4.495552e-03	-2.022163e-02	-9.268162e-03	-3.232099e-02
4.100000e+00	-2.173460e-02	6.646676e-03	-2.045534e-02	-7.013384e-03	-3.949019e-02
4.150000e+00	-2.126089e-02	8.172098e-03	-1.997698e-02	-4.247196e-03	-4.183977e-02
4.200000e+00	-1.921430e-02	8.487681e-03	-1.801522e-02	-1.401324e-03	-4.090435e-02
4.250000e+00	-1.589379e-02	7.731159e-03	-1.537436e-02	1.497823e-03	-3.584745e-02
4.300000e+00	-1.103052e-02	6.321748e-03	-1.157917e-02	4.357948e-03	-2.644748e-02
4.350000e+00	-4.926654e-03	5.630564e-03	-4.647606e-03	8.620621e-03	-2.348368e-02
4.400000e+00	1.853846e-03	6.701367e-03	2.322746e-03	2.060469e-02	-1.894566e-02
4.450000e+00	8.402009e-03	8.472415e-03	7.103630e-03	3.061777e-02	-1.327637e-02
4.500000e+00	1.435871e-02	9.826038e-03	1.217999e-02	3.737020e-02	-6.574923e-03
4.550000e+00	1.923991e-02	1.031305e-02	1.670271e-02	4.069554e-02	-5.254126e-03
4.600000e+00	2.280567e-02	1.000771e-02	2.174905e-02	4.259175e-02	-3.838056e-03
4.650000e+00	2.505014e-02	9.339603e-03	2.544731e-02	4.191525e-02	-9.983935e-04
4.700000e+00	2.624013e-02	8.696534e-03	2.766262e-02	4.081980e-02	3.064522e-03
4.750000e+00	2.653943e-02	8.292013e-03	2.832349e-02	3.986466e-02	4.520640e-03
4.800000e+00	2.599864e-02	8.062860e-03	2.776319e-02	4.012176e-02	3.827175e-03
4.850000e+00	2.453737e-02	7.850386e-03	2.563229e-02	3.977274e-02	3.799452e-03
4.900000e+00	2.193640e-02	7.588143e-03	2.266900e-02	3.876986e-02	4.740071e-03
4.950000e+00	1.798173e-02	7.514189e-03	1.751434e-02	3.759270e-02	-2.697976e-03
5.000000e+00	1.262137e-02	8.103217e-03	1.188283e-02	3.489002e-02	-1.280737e-02
5.050000e+00	6.073006e-03	9.535651e-03	5.987192e-03	3.185994e-02	-2.353402e-02
5.100000e+00	-1.117251e-03	1.137479e-02	-9.187610e-04	3.198665e-02	-3.295216e-02
5.150000e+00	-8.261435e-03	1.289832e-02	-7.796615e-03	3.001433e-02	-3.936400e-02
5.200000e+00	-1.467012e-02	1.354413e-02	-1.561807e-02	2.596623e-02	-4.199167e-02
5.250000e+00	-1.979784e-02	1.311680e-02	-2.140934e-02	1.985948e-02	-4.295501e-02
5.300000e+00	-2.347284e-02	1.189685e-02	-2.410476e-02	1.205924e-02	-4.708972e-02
5.350000e+00	-2.585006e-02	1.043438e-02	-2.531424e-02	2.897587e-03	-4.785815e-02
5.400000e+00	-2.729614e-02	9.187880e-03	-2.752639e-02	-5.881178e-03	-4.749196e-02
5.450000e+00	-2.803931e-02	8.237904e-03	-2.840538e-02	-8.501356e-03	-4.649801e-02
5.500000e+00	-2.839136e-02	7.754662e-03	-2.889226e-02	-1.109953e-02	-4.695657e-02
5.550000e+00	-2.825027e-02	8.375499e-03	-2.818986e-02	-6.899085e-03	-5.144976e-02
5.600000e+00	-2.723328e-02	1.039302e-02	-2.781124e-02	-1.750977e-04	-5.025671e-02
5.650000e+00	-2.473884e-02	1.289004e-02	-2.386992e-02	6.712296e-03	-5.624055e-02
5.700000e+00	-2.051605e-02	1.477514e-02	-1.843149e-02	1.201847e-02	-5.834111e-02
5.750000e+00	-1.452102e-02	1.544512e-02	-1.206811e-02	1.546797e-02	-5.356775e-02
5.800000e+00	-7.139020e-03	1.506405e-02	-4.865382e-03	2.111130e-02	-4.199877e-02
5.850000e+00	9.165168e-04	1.447018e-02	1.649652e-03	3.240095e-02	-3.364683e-02
5.900000e+00	8.660544e-03	1.471527e-02	9.572339e-03	4.748402e-02	-2.941886e-02
5.950000e+00	1.529187e-02	1.585020e-02	1.674707e-02	5.669287e-02	-2.496897e-02
6.000000e+00	2.035930e-02	1.703853e-02	2.135137e-02	5.919662e-02	-1.962067e-02
6.050000e+00	2.387032e-02	1.750277e-02	2.292269e-02	5.923976e-02	-1.542849e-02
6.100000e+00	2.612738e-02	1.722195e-02	2.440503e-02	6.433854e-02	-1.339894e-02
6.150000e+00	2.763071e-02	1.661182e-02	2.674497e-02	6.542112e-02	-9.629750e-03
6.200000e+00	2.874701e-02	1.616840e-02	2.737635e-02	6.324691e-02	-4.360974e-03
6.250000e+00	2.949798e-02	1.606842e-02	2.820060e-02	6.349562e-02	-6.853355e-03
6.300000e+00	2.950701e-02	1.612216e-02	2.925904e-02	6.440808e-02	-1.047466e-02
6.350000e+00	2.813314e-02	1.606665e-02	2.956005e-02	6.510365e-02	-1.147330e-02
6.400000e+00	2.474469e-02	1.584632e-02	2.664570e-02	6.070869e-02	-1.805772e-02
6.450000e+00	1.902569e-02	1.570000e-02	2.067124e-02	5.565445e-02	-2.489340e-02
6.500000e+00	1.119089e-02	1.601588e-02	1.225715e-02	5.374512e-02	-3.013737e-02
6.550000e+00	1.929626e-03	1.691873e-02	1.744205e-03	5.000966e-02	-3.685670e-02
6.600000e+00	-7.465599e-03	1.809485e-02	-8.869947e-03	4.388139e-02	-4.322700e-02
6.650000e+00	-1.574445e-02	1.888805e-02	-1.910635e-02	3.610429e-02	-5.139808e-02
6.700000e+00	-2.194988e-02	1.875818e-02	-2.573727e-02	2.724899e-02	-5.767178e-02
6.750000e+00	-2.566760e-02	1.757101e-02	-2.883543e-02	2.084782e-02	-6.101612e-02
6.800000e+00	-2.708290e-02	1.569556e-02	-2.864973e-02	1.156970e-02	-6.229579e-02
6.850000e+00	-2.682974e-02	1.392656e-02	-2.743556e-02	1.072695e-02	-6.037918e-02
6.900000e+00	-2.569698e-02	1.311612e-02	-2.693311e-02	1.154764e-02	-5.943927e-02
6.950000e+00	-2.430916e-02	1.349176e-02	-2.474683e-02	8.174221e-03	-6.126343e-02
7.000000e+00	-2.290508e-02	1.449048e-02	-2.296332e-02	1.467615e-02	-5.892427e-02
7.050000e+00	-2.126204e-02	1.540002e-02	-2.170192e-02	2.243569e-02	-6.148046e-02
7.100000e+00	-1.893867e-02	1.594960e-02	-2.045536e-02	2.799060e-02	-6.074110e-02
7.150000e+00	-1.543158e-02	1.623410e-02	-1.811231e-02	3.150887e-02	-5.474324e-02
7.200000e+00	-1.048379e-02	1.655016e-02	-1.199332e-02	3.324058e-02	-4.935636e-02
7.250000e+00	-4.253821e-03	1.708591e-02	-4.709370e-03	3.567653e-02	-4.822308e-02
7.300000e+00	2.684995e-03	1.769489e-02	3.934969e-03	3.982572e-02	-4.375574e-02
7.350000e+00	9.509678e-03	1.800140e-02	1.287836e-02	4.801556e-02	-3.689885e-02
7.400000e+00	1.540566e-02	1.772704e-02	1.856306e-02	5.245761e-02	-3.193816e-02
7.450000e+00	1.981131e-02	1.692998e-02	2.167302e-02	5.142822e-02	-2.591808e-02
7.500000e+00	2.255260e-02	1.599794e-02	2.342440e-02	5.206062e-02	-1.863655e-02
7.550000e+00	2.375809e-02	1.534032e-02	2.347822e-02	5.566329e-02	-1.112901e-02
7.600000e+00	2.389078e-02	1.516748e-02	2.364833e-02	6.078553e-02	-1.616983e-02
7.650000e+00	2.334441e-02	1.528951e-02	2.332619e-02	6.230576e-02	-1.754160e-02
7.700000e+00	2.231185e-02	1.543191e-02	2.238485e-02	5.955399e-02	-1.519713e-02
7.750000e+00	2.071702e-02	1.545308e-02	2.189509e-02	5.670924e-02	-1.543738e-02
7.800000e+00	1.828969e-02	1.534384e-02	1.955519e-02	5.664746e-02	-1.711574e-02
7.850000e+00	1.474562e-02	1.515587e-02	1.594793e-02	6.108981e-02	-2.476221e-02
7.900000e+00	9.988323e-03	1.496920e-02	1.028282e-02	6.031572e-02	-3.022863e-02
7.950000e+00	4.239820e-03	1.486135e-02	4.459340e-03	5.390853e-02	-3.314866e-02
8.000000e+00	-1.961048e-03	1.483425e-02	-1.916750e-03	4.244206e-02	-3.748432e-02
8.050000e+00	-7.924451e-03	1.472394e-02	-8.577150e-03	3.281793e-02	-4.693026e-02
8.100000e+00	-1.291897e-02	1.438770e-02	-1.373823e-02	2.970064e-02	-5.632746e-02
8.150000e+00	-1.651960e-02	1.367858e-02	-1.746296e-02	2.298067e-02	-5.948461e-02
8.200000e+00	-1.866885e-02	1.258543e-02	-1.952841e-02	1.803990e-02	-5.624599e-02
8.250000e+00	-1.964321e-02	1.136396e-02	-2.177194e-02	1.391460e-02	-5.205633e-02
8.300000e+00	-1.988931e-02	1.072670e-02	-2.172857e-02	1.187811e-02	-4.814619e-02
8.350000e+00	-1.979956e-02	1.156756e-02	-2.044366e-02	1.194402e-02	-4.750085e-02
8.400000e+00	-1.952228e-02	1.381805e-02	-1.973993e-02	1.559750e-02	-5.698346e-02
8.450000e+00	-1.888749e-02	1.633372e-02	-1.821538e-02	1.947955e-02	-6.581013e-02
8.500000e+00	-1.748129e-02	1.793309e-02	-1.660884e-02	2.137054e-02	-6.841158e-02
8.550000e+00	-1.480843e-02	1.794806e-02	-1.425445e-02	2.621430e-02	-6.262460e-02
8.600000e+00	-1.061495e-02	1.658277e-02	-1.007217e-02	3.023396e-02	-5.008686e-02
8.650000e+00	-4.997539e-03	1.490547e-02	-3.808978e-03	3.252463e-02	-4.205902e-02
8.700000e+00	1.531781e-03	1.435405e-02	1.370892e-03	4.753593e-02	-3.793445e-02
8.750000e+00	8.150059e-03	1.523889e-02	8.067933e-03	5.717062e-02	-3.572317e-02
8.800000e+00	1.394371e-02	1.635294e-02	1.395689e-02	6.254483e-02	-3.072298e-02
8.850000e+00	1.816282e-02	1.651919e-02	1.914705e-02	6.684905e-02	-3.794390e-02
8.900000e+00	2.041590e-02	1.546895e-02	2.183045e-02	6.302981e-02	-4.110476e-02
8.950000e+00	2.073732e-02	1.381035e-02	2.266094e-02	5.268893e-02	-4.100880e-02
9.000000e+00	1.951091e-02	1.262362e-02	2.156644e-02	4.426005e-02	-3.659391e-02
9.050000e+00	1.730876e-02	1.260055e-02	1.867122e-02	4.828739e-02	-2.947211e-02
9.100000e+00	1.460906e-02	1.330103e-02	1.521279e-02	4.963044e-02	-2.231906e-02
9.150000e+00	1.173738e-02	1.382665e-02	1.209705e-02	5.119423e-02	-3.124886e-02
9.200000e+00	8.787326e-03	1.366280e-02	9.067859e-03	4.938847e-02	-3.504626e-02
9.250000e+00	5.687722e-03	1.284591e-02	5.837841e-03	4.385214e-02	-3.409468e-02
9.300000e+00	2.339801e-03	1.184818e-02	2.562414e-03	3.500584e-02	-2.957777e-02
9.350000e+00	-1.244296e-03	1.128646e-02	-1.421473e-03	2.387270e-02	-2.933470e-02
9.400000e+00	-4.866968e-03	1.138803e-02	-5.230378e-03	2.428450e-02	-3.411928e-02
9.450000e+00	-8.168501e-03	1.176378e-02	-9.055048e-03	2.454969e-02	-3.853994e-02
9.500000e+00	-1.073782e-02	1.191469e-02	-1.117865e-02	2.491987e-02	-4.118596e-02
9.550000e+00	-1.227514e-02	1.173585e-02	-1.213889e-02	2.394882e-02	-3.910577e-02
9.600000e+00	-1.266677e-02	1.146205e-02	-1.277514e-02	2.228967e-02	-3.797862e-02
9.650000e+00	-1.207833e-02	1.126141e-02	-1.234230e-02	2.394116e-02	-4.182810e-02
9.700000e+00	-1.087667e-02	1.090970e-02	-1.165879e-02	2.403602e-02	-4.142411e-02
9.750000e+00	-9.492272e-03	1.010550e-02	-9.550360e-03	2.205914e-02	-3.731299e-02
9.800000e+00	-8.259473e-03	9.107039e-03	-8.147616e-03	1.837085e-02	-3.120962e-02
9.850000e+00	-7.298984e-03	8.933475e-03	-7.530851e-03	1.805026e-02	-2.887419e-02
9.900000e+00	-6.489554e-03	1.015663e-02	-6.474828e-03	1.806450e-02	-3.493249e-02
9.950000e+00	-5.539084e-03	1.180051e-02	-4.976819e-03	2.197309e-02	-4.185525e-02
1.000000e+01	-4.125312e-03	1.261113e-02	-3.452711e-03	2.322958e-02	-4.325456e-02
1.005000e+01	-2.037445e-03	1.208225e-02	-1.366072e-03	2.566502e-02	-3.911919e-02
1.010000e+01	6.873485e-04	1.068398e-02	1.591938e-03	2.657985e-02	-2.777608e-02
1.015000e+01	3.774217e-03	9.745783e-03	4.667252e-03	2.832159e-02	-2.068251e-02
1.020000e+01	6.780157e-03	1.034528e-02	7.942765e-03	3.794585e-02	-2.024487e-02
1.025000e+01	9.232142e-03	1.182920e-02	1.032706e-02	4.724374e-02	-2.088871e-02
1.030000e+01	1.077211e-02	1.291863e-02	1.129477e-02	4.860971e-02	-2.636430e-02
1.035000e+01	1.125513e-02	1.301829e-02	1.178526e-02	4.486489e-02	-2.927744e-02
1.040000e+01	1.076842e-02	1.223685e-02	1.113131e-02	4.314034e-02	-2.893707e-02
1.045000e+01	9.571269e-03	1.106582e-02	1.024747e-02	4.104520e-02	-2.546294e-02
1.050000e+01	7.986047e-03	1.003163e-02	8.669773e-03	3.565102e-02	-1.944380e-02
1.055000e+01	6.286229e-03	9.433319e-03	5.903670e-03	3.063592e-02	-1.844681e-02
1.060000e+01	4.623867e-03	9.304811e-03	4.830176e-03	2.954775e-02	-2.077206e-02
1.065000e+01	3.019037e-03	9.544511e-03	3.600860e-03	2.835520e-02	-2.248733e-02
1.070000e+01	1.406701e-03	9.997032e-03	1.828626e-03	3.104879e-02	-2.375546e-02
1.075000e+01	-2.861762e-04	1.048082e-02	1.645475e-04	3.153951e-02	-2.823100e-02
1.080000e+01	-2.069934e-03	1.084458e-02	-1.909304e-03	2.893517e-02	-3.376795e-02
1.085000e+01	-3.858275e-03	1.100521e-02	-3.899567e-03	2.604193e-02	-3.461748e-02
1.090000e+01	-5.483152e-03	1.092315e-02	-6.470675e-03	2.597776e-02	-3.150638e-02
1.095000e+01	-6.748959e-03	1.057125e-02	-7.390687e-03	2.838966e-02	-3.077249e-02
1.100000e+01	-7.500697e-03	9.965136e-03	-7.628193e-03	3.084338e-02	-3.132676e-02
1.105000e+01	-7.693205e-03	9.244670e-03	-8.046364e-03	3.101337e-02	-2.825907e-02
1.110000e+01	-7.352536e-03	8.623800e-03	-7.395361e-03	2.871908e-02	-2.731440e-02
1.115000e+01	-6.613227e-03	8.291089e-03	-6.577684e-03	2.465852e-02	-2.703846e-02
1.120000e+01	-5.642811e-03	8.247542e-03	-5.357627e-03	1.883505e-02	-2.811477e-02
1.125000e+01	-4.583067e-03	8.375315e-03	-4.163418e-03	1.471140e-02	-2.670205e-02
1.130000e+01	-3.510161e-03	8.608798e-03	-3.218137e-03	1.669889e-02	-2.273409e-02
1.135000e+01	-2.427877e-03	8.933499e-03	-2.518994e-03	2.411509e-02	-2.328512e-02
1.140000e+01	-1.293175e-03	9.250358e-03	-1.888230e-03	3.025189e-02	-2.527475e-02
1.145000e+01	-6.000647e-05	9.356073e-03	-2.375726e-04	3.368961e-02	-2.844374e-02
1.150000e+01	1.279025e-03	9.103319e-03	1.149783e-03	3.304620e-02	-2.996911e-02
1.155000e+01	2.670754e-03	8.574457e-03	3.127076e-03	2.802489e-02	-2.861479e-02
1.160000e+01	4.006984e-03	8.100383e-03	4.223531e-03	2.492035e-02	-2.487969e-02
1.165000e+01	5.152986e-03	8.015760e-03	5.508364e-03	2.688098e-02	-2.118266e-02
1.170000e+01	5.985428e-03	8.300660e-03	6.271298e-03	2.591475e-02	-1.887802e-02
1.175000e+01	6.423827e-03	8.612116e-03	6.250525e-03	2.536752e-02	-1.785135e-02
1.180000e+01	6.444232e-03	8.652676e-03	6.907323e-03	2.819508e-02	-1.700769e-02
1.185000e+01	6.072790e-03	8.371747e-03	6.476498e-03	2.853628e-02	-1.540172e-02
1.190000e+01	5.365681e-03	7.920985e-03	5.300424e-03	2.632150e-02	-1.406223e-02
1.195000e+01	4.386786e-03	7.499481e-03	4.117214e-03	2.635096e-02	-1.381812e-02
1.200000e+01	3.193693e-03	7.215925e-03	2.889256e-03	2.592755e-02	-1.702006e-02
1.205000e+01	1.835749e-03	7.080615e-03	1.705150e-03	2.296993e-02	-1.989742e-02
1.210000e+01	3.602960e-04	7.028793e-03	3.248552e-04	1.907124e-02	-2.022777e-02
1.215000e+01	-1.161238e-03	7.010245e-03	-1.124681e-03	1.970812e-02	-1.853756e-02
1.220000e+01	-2.631345e-03	6.990060e-03	-2.662718e-03	2.121529e-02	-1.862353e-02
1.225000e+01	-3.930963e-03	6.983074e-03	-3.879485e-03	2.137414e-02	-1.770501e-02
1.230000e+01	-4.936966e-03	7.072911e-03	-5.102728e-03	1.971811e-02	-2.156856e-02
1.235000e+01	-5.547143e-03	7.331198e-03	-6.046457e-03	1.702783e-02	-2.380688e-02
1.240000e+01	-5.703854e-03	7.687076e-03	-5.909786e-03	1.529323e-02	-2.359403e-02
1.245000e+01	-5.407995e-03	7.931676e-03	-5.974318e-03	1.649472e-02	-2.363254e-02
1.250000e+01	-4.718773e-03	7.878017e-03	-5.169748e-03	1.607866e-02	-2.516273e-02
1.255000e+01	-3.739962e-03	7.515750e-03	-3.733312e-03	1.605948e-02	-2.427728e-02
1.260000e+01	-2.597822e-03	7.048961e-03	-2.154797e-03	1.577865e-02	-2.556045e-02
1.265000e+01	-1.417802e-03	6.764935e-03	-5.965131e-04	1.415087e-02	-2.292702e-02
1.270000e+01	-3.061828e-04	6.774363e-03	2.452541e-04	1.289868e-02	-2.121922e-02
1.275000e+01	6.601583e-04	6.915961e-03	5.459658e-04	1.752527e-02	-1.991429e-02
1.280000e+01	1.436171e-03	6.978350e-03	7.211056e-04	2.094111e-02	-1.927092e-02
1.285000e+01	2.005830e-03	6.916176e-03	1.207418e-03	2.225082e-02	-1.723495e-02
1.290000e+01	2.377098e-03	6.843371e-03	1.658228e-03	2.365716e-02	-1.912671e-02
1.295000e+01	2.576403e-03	6.866529e-03	2.271836e-03	2.743787e-02	-1.845191e-02
1.300000e+01	2.642638e-03	6.944038e-03	2.303721e-03	2.674162e-02	-1.946291e-02
1.305000e+01	2.628948e-03	6.949416e-03	2.334121e-03	2.723762e-02	-1.921385e-02
1.310000e+01	2.560503e-03	6.773647e-03	2.229942e-03	2.514716e-02	-1.750167e-02
1.315000e+01	2.461527e-03	6.462877e-03	1.994875e-03	1.983476e-02	-1.606784e-02
1.320000e+01	2.337398e-03	6.175158e-03	1.625748e-03	1.972291e-02	-1.577044e-02
1.325000e+01	2.172532e-03	6.044630e-03	1.588474e-03	2.266356e-02	-1.397653e-02
1.330000e+01	1.935370e-03	6.047544e-03	1.799525e-03	2.365424e-02	-1.149404e-02
1.335000e+01	1.590577e-03	6.027808e-03	1.684054e-03	2.255219e-02	-1.315433e-02
1.340000e+01	1.115149e-03	5.846503e-03	1.658459e-03	2.019663e-02	-1.400042e-02
1.345000e+01	5.126028e-04	5.491693e-03	9.955332e-04	1.689582e-02	-1.499295e-02
1.350000e+01	-1.808395e-04	5.096137e-03	-3.019560e-04	1.644550e-02	-1.554761e-02
1.355000e+01	-9.014601e-04	4.871651e-03	-1.019881e-03	1.576919e-02	-1.521281e-02
1.360000e+01	-1.573448e-03	4.959099e-03	-1.711175e-03	1.395404e-02	-1.482432e-02
1.365000e+01	-2.128743e-03	5.301841e-03	-2.182228e-03	1.420839e-02	-1.747778e-02
1.370000e+01	-2.523352e-03	5.704499e-03	-2.469694e-03	1.361693e-02	-2.104424e-02
1.375000e+01	-2.743470e-03	5.974831e-03	-2.705124e-03	1.137261e-02	-2.244788e-02
1.380000e+01	-2.799278e-03	5.999129e-03	-2.850025e-03	1.114241e-02	-2.059047e-02
1.385000e+01	-2.709957e-03	5.766241e-03	-2.761418e-03	1.212463e-02	-1.900002e-02
1.390000e+01	-2.487788e-03	5.371210e-03	-2.209882e-03	1.227537e-02	-1.701271e-02
1.395000e+01	-2.129907e-03	4.982845e-03	-2.012760e-03	1.290466e-02	-1.698932e-02
1.400000e+01	-1.622938e-03	4.748015e-03	-1.948717e-03	1.429250e-02	-1.680922e-02
1.405000e+01	-9.597945e-04	4.696665e-03	-1.271557e-03	1.445726e-02	-1.484682e-02
1.410000e+01	-1.545375e-04	4.711577e-03	-2.177585e-04	1.312977e-02	-1.284867e-02
1.415000e+01	7.300881e-04	4.709416e-03	1.002634e-03	1.385231e-02	-1.407769e-02
1.420000e+01	1.586425e-03	4.704198e-03	1.802433e-03	1.358555e-02	-1.329745e-02
1.425000e+01	2.281193e-03	4.759693e-03	2.566238e-03	1.340070e-02	-1.167288e-02
1.430000e+01	2.690508e-03	4.886764e-03	2.804626e-03	1.503564e-02	-1.314537e-02
1.435000e+01	2.739080e-03	5.013897e-03	2.665159e-03	1.611253e-02	-1.325439e-02
1.440000e+01	2.428726e-03	5.057274e-03	2.639299e-03	1.499682e-02	-1.180743e-02
1.445000e+01	1.844076e-03	4.987938e-03	2.049324e-03	1.532647e-02	-1.135115e-02
1.450000e+01	1.131202e-03	4.830274e-03	1.148776e-03	1.578191e-02	-1.097637e-02
1.455000e+01	4.551623e-04	4.618613e-03	3.524224e-04	1.462465e-02	-1.010872e-02
1.460000e+01	-4.925953e-05	4.373584e-03	-1.198638e-04	1.329756e-02	-9.855844e-03
1.465000e+01	-3.162037e-04	4.122923e-03	-4.510555e-04	1.147931e-02	-1.097910e-02
1.470000e+01	-3.630743e-04	3.922537e-03	-5.951858e-04	9.840042e-03	-1.073301e-02
1.475000e+01	-2.758660e-04	3.822329e-03	-3.433538e-04	1.113727e-02	-1.076611e-02
1.480000e+01	-1.716335e-04	3.803928e-03	-8.637716e-05	1.346652e-02	-1.129593e-02
1.485000e+01	-1.526235e-04	3.786977e-03	-4.601934e-05	1.417990e-02	-1.258022e-02
1.490000e+01	-2.692173e-04	3.711241e-03	-2.988494e-04	1.294011e-02	-1.326582e-02
1.495000e+01	-5.048188e-04	3.601816e-03	-4.945612e-04	9.882552e-03	-1.275121e-02
1.500000e+01	-7.869548e-04	3.559028e-03	-7.890363e-04	9.440779e-03	-1.079101e-02
1.505000e+01	-1.027799e-03	3.679480e-03	-9.373529e-04	1.090558e-02	-1.118078e-02
1.510000e+01	-1.129086e-03	3.930873e-03	-1.102989e-03	1.099346e-02	-1.258200e-02
1.515000e+01	-1.050665e-03	4.185513e-03	-9.383106e-04	9.631931e-03	-1.255916e-02
1.520000e+01	-8.146850e-04	4.305211e-03	-1.082631e-03	1.063440e-02	-1.174173e-02
1.525000e+01	-4.956689e-04	4.211752e-03	-9.425801e-04	1.254149e-02	-1.014219e-02
1.530000e+01	-1.912278e-04	3.920084e-03	-4.930285e-04	1.221275e-02	-1.035449e-02
1.535000e+01	1.461790e-05	3.550793e-03	1.850365e-05	1.165178e-02	-1.044559e-02
1.540000e+01	8.142006e-05	3.300654e-03	1.398380e-04	1.043088e-02	-1.040277e-02
1.545000e+01	2.484558e-05	3.312970e-03	1.205621e-05	9.727392e-03	-9.702193e-03
1.550000e+01	-9.180130e-05	3.531969e-03	-5.605031e-05	1.205830e-02	-8.521480e-03
1.555000e+01	-1.826933e-04	3.776888e-03	-4.401304e-04	1.278798e-02	-1.135414e-02
1.560000e+01	-1.711735e-04	3.914045e-03	-4.269067e-04	1.180614e-02	-1.311752e-02
1.565000e+01	-1.651565e-05	3.914413e-03	-1.754111e-04	1.216539e-02	-1.233460e-02
1.570000e+01	2.728805e-04	3.827132e-03	1.759126e-04	1.218189e-02	-9.772761e-03
1.575000e+01	6.428510e-04	3.729208e-03	4.493909e-04	1.228617e-02	-9.028198e-03
1.580000e+01	1.010450e-03	3.676867e-03	8.105627e-04	1.082969e-02	-9.277182e-03
1.585000e+01	1.287629e-03	3.677207e-03	1.115785e-03	1.082624e-02	-9.155561e-03
1.590000e+01	1.403797e-03	3.693190e-03	1.353135e-03	1.100771e-02	-1.044519e-02
1.595000e+01	1.321408e-03	3.675096e-03	1.407735e-03	1.086007e-02	-1.023436e-02
1.600000e+01	1.042103e-03	3.595414e-03	1.313924e-03	1.078935e-02	-8.703309e-03
1.605000e+01	6.012321e-04	3.470365e-03	8.642897e-04	1.000307e-02	-9.141023e-03
1.610000e+01	6.701458e-05	3.337667e-03	4.476960e-04	8.286499e-03	-9.149427e-03
1.615000e+01	-4.739079e-04	3.236843e-03	-1.515233e-04	8.110858e-03	-1.065753e-02
1.620000e+01	-9.342971e-04	3.180378e-03	-8.783757e-04	8.630996e-03	-1.148297e-02
1.625000e+01	-1.241736e-03	3.171514e-03	-1.291767e-03	8.856856e-03	-1.078705e-02
1.630000e+01	-1.351490e-03	3.226346e-03	-1.584786e-03	7.576672e-03	-8.997059e-03
1.635000e+01	-1.254938e-03	3.350018e-03	-1.446154e-03	7.757785e-03	-9.251379e-03
1.640000e+01	-9.818009e-04	3.495548e-03	-1.231145e-03	8.896617e-03	-9.714531e-03
1.645000e+01	-5.948378e-04	3.577775e-03	-7.464044e-04	9.115609e-03	-9.879481e-03
1.650000e+01	-1.770560e-04	3.536933e-03	-3.269335e-04	1.034438e-02	-9.359967e-03
1.655000e+01	1.865661e-04	3.385940e-03	6.802618e-06	9.743202e-03	-8.378953e-03
1.660000e+01	4.287448e-04	3.199985e-03	4.500008e-04	9.920714e-03	-7.359227e-03
1.665000e+01	5.156673e-04	3.049362e-03	7.111133e-04	1.105834e-02	-6.778915e-03
1.670000e+01	4.540618e-04	2.935056e-03	6.411290e-04	1.049951e-02	-7.563503e-03
1.675000e+01	2.870450e-04	2.809960e-03	3.195453e-04	8.458284e-03	-8.708710e-03
1.680000e+01	7.974445e-05	2.661501e-03	1.265790e-04	8.263446e-03	-8.854984e-03
1.685000e+01	-1.008212e-04	2.549881e-03	-8.848403e-05	7.221874e-03	-7.608502e-03
1.690000e+01	-2.050523e-04	2.550396e-03	-3.981787e-04	7.723972e-03	-7.866574e-03
1.695000e+01	-2.129891e-04	2.657726e-03	-4.461826e-04	9.735775e-03	-7.258254e-03
1.700000e+01	-1.357881e-04	2.785560e-03	-2.849324e-04	1.039507e-02	-6.354228e-03
1.705000e+01	-6.061099e-06	2.854236e-03	-3.336574e-05	9.617159e-03	-7.245809e-03
1.710000e+01	1.335782e-04	2.837694e-03	9.666005e-05	8.771776e-03	-7.551053e-03
1.715000e+01	2.507704e-04	2.764283e-03	1.389905e-04	7.940027e-03	-7.334857e-03
1.720000e+01	3.314937e-04	2.689815e-03	2.890844e-04	8.787577e-03	-6.743548e-03
1.725000e+01	3.794377e-04	2.661115e-03	2.596837e-04	8.976047e-03	-7.564729e-03
1.730000e+01	4.071636e-04	2.681462e-03	2.759261e-04	8.402169e-03	-9.084670e-03
1.735000e+01	4.240352e-04	2.708448e-03	3.947649e-04	8.552674e-03	-9.685930e-03
1.740000e+01	4.271662e-04	2.695240e-03	4.611272e-04	7.845284e-03	-9.206234e-03
1.745000e+01	4.000563e-04	2.640072e-03	5.450068e-04	8.054203e-03	-8.651193e-03
1.750000e+01	3.199092e-04	2.599025e-03	4.650804e-04	8.118014e-03	-8.826695e-03
1.755000e+01	1.704734e-04	2.635427e-03	1.413920e-04	7.672874e-03	-8.726643e-03
1.760000e+01	-4.552984e-05	2.742070e-03	-1.048706e-04	6.998049e-03	-7.381473e-03
1.765000e+01	-3.004676e-04	2.840398e-03	-1.964976e-04	8.064040e-03	-7.401232e-03
1.770000e+01	-5.458461e-04	2.862131e-03	-5.578891e-04	8.116006e-03	-8.505935e-03
1.775000e+01	-7.256384e-04	2.811943e-03	-6.713846e-04	7.434570e-03	-9.041121e-03
1.780000e+01	-7.941624e-04	2.758319e-03	-7.230440e-04	6.225250e-03	-9.487481e-03
1.785000e+01	-7.316846e-04	2.759484e-03	-5.513476e-04	5.673967e-03	-8.973927e-03
1.790000e+01	-5.516717e-04	2.794331e-03	-3.811570e-04	6.171759e-03	-9.249574e-03
1.795000e+01	-2.968670e-04	2.786862e-03	-1.860446e-04	6.724025e-03	-9.684779e-03
1.800000e+01	-2.575690e-05	2.689143e-03	-5.902055e-05	7.404063e-03	-1.002514e-02
1.805000e+01	2.067915e-04	2.532213e-03	1.173003e-04	7.363312e-03	-9.009827e-03
1.810000e+01	3.603336e-04	2.400454e-03	3.678261e-04	8.261895e-03	-6.868403e-03
1.815000e+01	4.214785e-04	2.363391e-03	3.827002e-04	8.804959e-03	-6.204161e-03
1.820000e+01	4.015617e-04	2.405810e-03	4.231373e-04	8.306624e-03	-8.274144e-03
1.825000e+01	3.273612e-04	2.455229e-03	3.096566e-04	8.872196e-03	-9.122943e-03
1.830000e+01	2.287353e-04	2.459621e-03	2.245088e-04	7.573314e-03	-8.762054e-03
1.835000e+01	1.286184e-04	2.421544e-03	1.478382e-04	6.387795e-03	-7.217812e-03
1.840000e+01	3.901207e-05	2.379066e-03	3.977322e-05	6.361833e-03	-5.892795e-03
1.845000e+01	-3.661515e-05	2.362356e-03	7.205211e-05	7.224697e-03	-5.969857e-03
1.850000e+01	-9.720683e-05	2.363574e-03	-6.801475e-05	7.019727e-03	-6.424660e-03
1.855000e+01	-1.385097e-04	2.348044e-03	-1.785699e-04	6.039317e-03	-7.826314e-03
1.860000e+01	-1.515508e-04	2.290256e-03	-1.894607e-04	7.073569e-03	-7.791272e-03
1.865000e+01	-1.263225e-04	2.197842e-03	-9.875728e-05	7.382238e-03	-6.257350e-03
1.870000e+01	-5.879757e-05	2.107266e-03	-1.245718e-04	6.778927e-03	-6.936103e-03
1.875000e+01	4.266633e-05	2.055720e-03	1.871322e-05	6.072844e-03	-7.291065e-03
1.880000e+01	1.555483e-04	2.051731e-03	1.243681e-04	6.189429e-03	-6.806753e-03
1.885000e+01	2.480425e-04	2.073877e-03	2.084014e-04	5.698040e-03	-5.268860e-03
1.890000e+01	2.894544e-04	2.094464e-03	3.112666e-04	5.721928e-03	-5.082054e-03
1.895000e+01	2.621138e-04	2.097262e-03	2.286103e-04	6.132135e-03	-4.724262e-03
1.900000e+01	1.696221e-04	2.078600e-03	1.644545e-04	6.001644e-03	-5.417538e-03
1.905000e+01	3.656773e-05	2.046164e-03	1.350400e-04	5.489762e-03	-5.393626e-03
1.910000e+01	-9.738990e-05	2.011980e-03	7.021007e-05	5.486735e-03	-5.735912e-03
1.915000e+01	-1.924477e-04	1.995795e-03	-1.672086e-04	6.185755e-03	-5.648940e-03
1.920000e+01	-2.240035e-04	2.006109e-03	-2.949696e-04	6.746476e-03	-5.557739e-03
1.925000e+01	-1.920749e-04	2.025669e-03	-2.041994e-04	6.670205e-03	-6.008687e-03
1.930000e+01	-1.209668e-04	2.022427e-03	-2.835868e-05	5.909979e-03	-6.471847e-03
1.935000e+01	-4.906605e-05	1.979394e-03	-4.807561e-06	5.471459e-03	-6.348058e-03
1.940000e+01	-1.278191e-05	1.914585e-03	8.755156e-05	5.246080e-03	-5.405342e-03
1.945000e+01	-3.118304e-05	1.871333e-03	-1.810036e-05	5.635205e-03	-4.857780e-03
1.950000e+01	-9.770641e-05	1.881056e-03	-1.689784e-04	5.685923e-03	-5.331549e-03
1.955000e+01	-1.824606e-04	1.933493e-03	-2.466545e-04	5.838948e-03	-6.304383e-03
1.960000e+01	-2.442960e-04	1.990278e-03	-2.117601e-04	5.280222e-03	-7.039872e-03
1.965000e+01	-2.477783e-04	2.019688e-03	-2.521113e-04	5.201944e-03	-7.231608e-03
1.970000e+01	-1.781595e-04	2.013665e-03	-2.022739e-04	5.037616e-03	-6.807827e-03
1.975000e+01	-4.824327e-05	1.984204e-03	-1.293742e-04	6.077735e-03	-5.809138e-03
1.980000e+01	1.056662e-04	1.952503e-03	4.365632e-05	6.374246e-03	-5.366754e-03
1.985000e+01	2.371244e-04	1.937007e-03	1.832194e-04	6.708075e-03	-4.812373e-03
1.990000e+01	3.068916e-04	1.940930e-03	2.650336e-04	6.299870e-03	-4.781331e-03
1.995000e+01	2.974185e-04	1.946804e-03	3.133998e-04	5.410973e-03	-5.510948e-03
2.000000e+01	2.188764e-04	1.928823e-03	2.372233e-04	5.472024e-03	-6.145179e-03
