# k	<chi>	std	chi_median	chi_max	chi_min
0.000000e+00	7.480349e-02	8.456422e-02	3.496762e-02	4.002928e-01	-3.282117e-03
5.000000e-02	1.452078e-01	6.049004e-02	1.328755e-01	4.268017e-01	-5.976013e-03
1.000000e-01	1.422842e-01	6.101941e-02	1.297921e-01	4.271649e-01	-8.651841e-03
1.500000e-01	1.333725e-01	6.242058e-02	1.203612e-01	4.278108e-01	-1.654489e-02
2.000000e-01	1.242223e-01	6.356059e-02	1.102550e-01	4.278094e-01	-2.426120e-02
2.500000e-01	1.085752e-01	6.487280e-02	9.373995e-02	4.263402e-01	-3.663688e-02
3.000000e-01	9.242387e-02	6.551649e-02	7.714082e-02	4.230775e-01	-5.131498e-02
3.500000e-01	6.933186e-02	6.539347e-02	5.468700e-02	4.155668e-01	-7.143029e-02
4.000000e-01	4.575205e-02	6.430977e-02	3.163393e-02	4.145973e-01	-9.043314e-02
4.500000e-01	1.549957e-02	6.195519e-02	3.261532e-03	4.100613e-01	-1.171611e-01
5.000000e-01	-1.442516e-02	5.911652e-02	-2.452726e-02	3.998447e-01	-1.636913e-01
5.500000e-01	-4.923224e-02	5.594888e-02	-5.702277e-02	3.798897e-01	-2.120779e-01
6.000000e-01	-8.159118e-02	5.384418e-02	-8.639740e-02	3.520978e-01	-2.534784e-01
6.500000e-01	-1.149583e-01	5.290768e-02	-1.164355e-01	3.176402e-01	-2.873137e-01
7.000000e-01	-1.424385e-01	5.268432e-02	-1.401718e-01	2.767867e-01	-3.021979e-01
7.500000e-01	-1.653856e-01	5.113105e-02	-1.592637e-01	2.219193e-01	-2.945080e-01
8.000000e-01	-1.787575e-01	4.655864e-02	-1.739881e-01	1.605317e-01	-2.890800e-01
8.500000e-01	-1.824350e-01	3.770578e-02	-1.845571e-01	9.958176e-02	-2.673107e-01
9.000000e-01	-1.748122e-01	3.135690e-02	-1.760830e-01	7.894867e-02	-2.742844e-01
9.500000e-01	-1.555857e-01	4.318633e-02	-1.568805e-01	5.641804e-02	-2.702107e-01
1.000000e+00	-1.273802e-01	7.127682e-02	-1.447507e-01	9.601628e-02	-2.527553e-01
1.050000e+00	-9.074721e-02	1.065878e-01	-1.270404e-01	2.035056e-01	-2.503270e-01
1.100000e+00	-5.124892e-02	1.383556e-01	-1.061199e-01	2.890408e-01	-2.456501e-01
1.150000e+00	-9.792006e-03	1.624231e-01	-8.036725e-02	3.490166e-01	-2.348878e-01
1.200000e+00	2.818245e-02	1.714423e-01	-5.021908e-02	4.005846e-01	-2.013016e-01
1.250000e+00	6.318755e-02	1.629096e-01	-1.202757e-02	4.130986e-01	-1.459666e-01
1.300000e+00	9.228396e-02	1.369778e-01	2.924495e-02	3.977643e-01	-7.902891e-02
1.350000e+00	1.181217e-01	9.592334e-02	7.605894e-02	3.476174e-01	2.726146e-03
1.400000e+00	1.394225e-01	4.929495e-02	1.217887e-01	2.712339e-01	6.109451e-02
1.450000e+00	1.591108e-01	2.111025e-02	1.556509e-01	2.463466e-01	1.041362e-01
1.500000e+00	1.743336e-01	5.150875e-02	1.904243e-01	2.681245e-01	4.936074e-02
1.550000e+00	1.858746e-01	7.959516e-02	2.183453e-01	2.745734e-01	7.590805e-03
1.600000e+00	1.883659e-01	9.214153e-02	2.293068e-01	2.789395e-01	-1.669942e-02
1.650000e+00	1.812024e-01	9.057925e-02	2.222964e-01	2.611597e-01	-2.188015e-02
1.700000e+00	1.605469e-01	7.733589e-02	1.953590e-01	2.344805e-01	-1.447155e-02
1.750000e+00	1.278033e-01	5.692525e-02	1.524874e-01	1.891189e-01	-1.330583e-02
1.800000e+00	8.561423e-02	3.488480e-02	9.999445e-02	1.332292e-01	-5.314882e-03
1.850000e+00	3.823950e-02	1.601793e-02	4.251605e-02	6.964071e-02	-8.376091e-03
1.900000e+00	-5.562318e-03	1.620640e-02	-4.355315e-03	3.661655e-02	-6.114772e-02
1.950000e+00	-4.229569e-02	2.600864e-02	-4.913144e-02	2.648365e-02	-1.007741e-01
2.000000e+00	-6.317572e-02	2.873087e-02	-7.383467e-02	8.748621e-03	-1.144133e-01
2.050000e+00	-6.981845e-02	2.236890e-02	-7.804744e-02	-1.509621e-03	-1.058883e-01
2.100000e+00	-5.788583e-02	8.938265e-03	-5.778962e-02	-1.116103e-02	-7.997130e-02
2.150000e+00	-3.459585e-02	1.633181e-02	-3.051942e-02	-1.372431e-04	-7.636346e-02
2.200000e+00	-9.455492e-03	3.052119e-02	3.052065e-03	2.753202e-02	-8.299005e-02
2.250000e+00	8.964599e-03	3.470957e-02	2.489800e-02	4.346195e-02	-7.832496e-02
2.300000e+00	9.442313e-03	2.533103e-02	2.102396e-02	3.552353e-02	-6.634234e-02
2.350000e+00	-3.098390e-03	9.623020e-03	-7.251568e-04	1.789211e-02	-6.774104e-02
2.400000e+00	-1.802468e-02	9.763404e-03	-1.915176e-02	6.497663e-03	-5.933999e-02
2.450000e+00	-2.504793e-02	1.653658e-02	-2.972252e-02	1.323439e-02	-5.750315e-02
2.500000e+00	-2.540313e-02	1.756680e-02	-3.120942e-02	1.429196e-02	-5.209223e-02
2.550000e+00	-1.907762e-02	1.287458e-02	-2.345294e-02	1.707447e-02	-3.804901e-02
2.600000e+00	-8.363849e-03	5.454891e-03	-8.954739e-03	1.637253e-02	-2.040569e-02
2.650000e+00	1.760319e-03	6.242175e-03	2.736663e-03	1.986426e-02	-1.364672e-02
2.700000e+00	1.187486e-02	1.279088e-02	1.666170e-02	3.119245e-02	-1.702465e-02
2.750000e+00	1.984728e-02	1.705663e-02	2.726565e-02	3.834918e-02	-1.815534e-02
2.800000e+00	2.418224e-02	1.767284e-02	3.228760e-02	4.064954e-02	-1.563667e-02
2.850000e+00	2.459412e-02	1.465028e-02	3.150664e-02	3.763400e-02	-1.180575e-02
2.900000e+00	2.085460e-02	9.249457e-03	2.481696e-02	3.231372e-02	-8.305940e-03
2.950000e+00	1.396759e-02	3.780528e-03	1.457198e-02	2.333507e-02	-3.339711e-03
3.000000e+00	5.426419e-03	4.529011e-03	4.985215e-03	2.463742e-02	-6.559602e-03
3.050000e+00	-3.729927e-03	8.140230e-03	-6.449442e-03	2.462208e-02	-1.609801e-02
3.100000e+00	-1.144158e-02	9.852866e-03	-1.529741e-02	2.273723e-02	-2.363008e-02
3.150000e+00	-1.667014e-02	9.598362e-03	-2.038714e-02	1.899019e-02	-2.838935e-02
3.200000e+00	-1.898459e-02	8.059301e-03	-2.191111e-02	1.439894e-02	-3.057493e-02
3.250000e+00	-1.853522e-02	6.069849e-03	-2.042876e-02	1.253872e-02	-2.880044e-02
3.300000e+00	-1.514477e-02	4.186384e-03	-1.633407e-02	1.035748e-02	-2.362252e-02
3.350000e+00	-9.539338e-03	3.003166e-03	-1.005836e-02	8.077056e-03	-1.762429e-02
3.400000e+00	-2.683264e-03	2.861556e-03	-2.931597e-03	5.871652e-03	-1.232284e-02
3.450000e+00	4.709229e-03	3.431391e-03	4.935729e-03	1.362892e-02	-9.009731e-03
3.500000e+00	1.109354e-02	4.062805e-03	1.135962e-02	2.131583e-02	-3.997389e-03
3.550000e+00	1.533537e-02	4.392933e-03	1.529183e-02	2.637549e-02	-6.782591e-04
3.600000e+00	1.666105e-02	4.178871e-03	1.618496e-02	2.765194e-02	-3.238926e-03
3.650000e+00	1.460250e-02	3.402668e-03	1.419649e-02	2.398189e-02	-6.681173e-03
3.700000e+00	9.722610e-03	2.161398e-03	9.701374e-03	1.564263e-02	-1.011317e-02
3.750000e+00	3.034954e-03	2.827647e-03	3.549281e-03	9.250152e-03	-1.322413e-02
3.800000e+00	-4.110487e-03	5.384731e-03	-2.145348e-03	4.438689e-03	-1.886029e-02
3.850000e+00	-1.082026e-02	7.873870e-03	-7.755014e-03	8.029670e-05	-3.026596e-02
3.900000e+00	-1.548335e-02	9.418175e-03	-1.167500e-02	-3.741672e-03	-3.803680e-02
3.950000e+00	-1.755285e-02	9.521401e-03	-1.356892e-02	-5.137941e-03	-4.100128e-02
4.000000e+00	-1.699008e-02	8.183486e-03	-1.360236e-02	-6.134704e-03	-4.134363e-02
4.050000e+00	-1.410385e-02	6.106694e-03	-1.175842e-02	-6.013570e-03	-3.570702e-02
4.100000e+00	-9.513094e-03	3.714444e-03	-8.622318e-03	-1.705591e-03	-2.453502e-02
4.150000e+00	-4.212862e-03	2.314825e-03	-4.239454e-03	2.590740e-03	-1.220442e-02
4.200000e+00	6.845718e-04	3.895482e-03	-1.029731e-05	1.082764e-02	-9.074870e-03
4.250000e+00	4.174980e-03	6.615215e-03	2.000644e-03	2.410818e-02	-7.574912e-03
4.300000e+00	5.532818e-03	9.754828e-03	1.788528e-03	3.435453e-02	-7.844828e-03
4.350000e+00	4.587834e-03	1.289967e-02	-5.997333e-04	3.997315e-02	-1.186951e-02
4.400000e+00	1.919425e-03	1.549013e-02	-4.457667e-03	4.078870e-02	-1.629789e-02
4.450000e+00	-1.125995e-03	1.695066e-02	-8.044677e-03	3.905619e-02	-2.008979e-02
4.500000e+00	-3.371882e-03	1.700864e-02	-1.029427e-02	3.625818e-02	-2.464156e-02
4.550000e+00	-3.889422e-03	1.575040e-02	-1.018593e-02	3.108236e-02	-2.604326e-02
4.600000e+00	-2.637996e-03	1.362709e-02	-8.140074e-03	2.814981e-02	-2.347778e-02
4.650000e+00	-4.138258e-04	1.117647e-02	-4.883422e-03	2.590446e-02	-1.756363e-02
4.700000e+00	1.466687e-03	8.698972e-03	-1.778560e-03	2.360780e-02	-1.278658e-02
4.750000e+00	2.016122e-03	6.201759e-03	1.708982e-04	1.909050e-02	-1.018387e-02
4.800000e+00	1.199398e-03	3.877332e-03	1.065243e-03	1.351832e-02	-8.271630e-03
4.850000e+00	1.602685e-04	4.263352e-03	4.471159e-04	1.031016e-02	-1.487478e-02
4.900000e+00	3.676213e-04	8.157465e-03	2.478374e-03	1.581336e-02	-2.619221e-02
4.950000e+00	3.079093e-03	1.271464e-02	7.641918e-03	2.320558e-02	-3.530773e-02
5.000000e+00	8.479520e-03	1.658915e-02	1.487302e-02	3.181938e-02	-3.781625e-02
5.050000e+00	1.548041e-02	1.915330e-02	2.307111e-02	4.018973e-02	-3.360419e-02
5.100000e+00	2.211299e-02	2.031604e-02	2.990602e-02	4.659050e-02	-2.774345e-02
5.150000e+00	2.652434e-02	2.044817e-02	3.427752e-02	5.342073e-02	-2.320708e-02
5.200000e+00	2.760429e-02	1.995243e-02	3.499893e-02	5.687991e-02	-2.227481e-02
5.250000e+00	2.506526e-02	1.887437e-02	3.174270e-02	5.511111e-02	-2.219256e-02
5.300000e+00	1.935905e-02	1.711691e-02	2.481334e-02	4.860170e-02	-2.238553e-02
5.350000e+00	1.100443e-02	1.451207e-02	1.514170e-02	3.809767e-02	-2.462245e-02
5.400000e+00	4.861658e-04	1.125014e-02	2.968953e-03	2.663784e-02	-2.714197e-02
5.450000e+00	-1.142636e-02	7.989310e-03	-1.100371e-02	1.436675e-02	-3.372047e-02
5.500000e+00	-2.318738e-02	5.747326e-03	-2.371379e-02	2.337031e-03	-3.855586e-02
5.550000e+00	-3.248483e-02	4.696214e-03	-3.319474e-02	-4.247420e-03	-4.516223e-02
5.600000e+00	-3.681631e-02	4.406532e-03	-3.710480e-02	-8.448009e-03	-5.059694e-02
5.650000e+00	-3.458103e-02	4.998447e-03	-3.478141e-02	-1.393500e-02	-4.959594e-02
5.700000e+00	-2.634225e-02	6.269285e-03	-2.698173e-02	-3.366660e-03	-4.463949e-02
5.750000e+00	-1.480302e-02	7.823786e-03	-1.514804e-02	1.232610e-02	-3.890869e-02
5.800000e+00	-3.883427e-03	1.013805e-02	-4.559419e-03	2.316254e-02	-3.876641e-02
5.850000e+00	2.938560e-03	1.373374e-02	8.243183e-05	3.830730e-02	-3.709651e-02
5.900000e+00	4.072837e-03	1.820154e-02	-1.847187e-03	5.083366e-02	-3.586693e-02
5.950000e+00	3.561198e-04	2.272703e-02	-8.624461e-03	5.430809e-02	-3.198306e-02
6.000000e+00	-5.771216e-03	2.673536e-02	-1.700351e-02	5.634491e-02	-3.466501e-02
6.050000e+00	-1.162744e-02	2.984572e-02	-2.461475e-02	5.836462e-02	-4.050252e-02
6.100000e+00	-1.550893e-02	3.181772e-02	-2.934367e-02	5.929146e-02	-4.553928e-02
6.150000e+00	-1.700443e-02	3.213310e-02	-3.049816e-02	5.615017e-02	-4.919928e-02
6.200000e+00	-1.645319e-02	3.009676e-02	-2.888508e-02	5.165253e-02	-5.038040e-02
6.250000e+00	-1.417067e-02	2.526533e-02	-2.447760e-02	4.513098e-02	-4.323103e-02
6.300000e+00	-1.009202e-02	1.794465e-02	-1.727571e-02	3.799889e-02	-3.227976e-02
6.350000e+00	-4.024951e-03	9.649616e-03	-6.775593e-03	2.794444e-02	-2.051217e-02
6.400000e+00	3.840789e-03	6.457719e-03	3.647822e-03	2.885983e-02	-1.630030e-02
6.450000e+00	1.271336e-02	1.287325e-02	1.542020e-02	4.322814e-02	-2.540562e-02
6.500000e+00	2.151800e-02	2.020826e-02	2.797316e-02	5.590124e-02	-3.165093e-02
6.550000e+00	2.943736e-02	2.685733e-02	3.933895e-02	6.689876e-02	-3.625624e-02
6.600000e+00	3.624697e-02	3.287526e-02	4.886014e-02	7.719136e-02	-4.088854e-02
6.650000e+00	4.208853e-02	3.823049e-02	5.729607e-02	8.691508e-02	-4.684514e-02
6.700000e+00	4.663989e-02	4.232726e-02	6.365973e-02	9.310983e-02	-5.109038e-02
6.750000e+00	4.860434e-02	4.417155e-02	6.666203e-02	1.009366e-01	-5.393099e-02
6.800000e+00	4.605502e-02	4.287817e-02	6.375045e-02	9.875382e-02	-5.404353e-02
6.850000e+00	3.759679e-02	3.815414e-02	5.297857e-02	8.600419e-02	-4.806119e-02
6.900000e+00	2.359621e-02	3.050855e-02	3.564808e-02	6.671295e-02	-4.728931e-02
6.950000e+00	6.523966e-03	2.121198e-02	1.373185e-02	4.375128e-02	-4.685269e-02
7.000000e+00	-1.001265e-02	1.257622e-02	-8.722769e-03	2.829578e-02	-4.293056e-02
7.050000e+00	-2.308644e-02	1.033657e-02	-2.203478e-02	1.222687e-02	-5.117893e-02
7.100000e+00	-3.160915e-02	1.647427e-02	-3.404157e-02	1.688021e-02	-6.668016e-02
7.150000e+00	-3.678038e-02	2.417414e-02	-4.454511e-02	2.796538e-02	-7.568169e-02
7.200000e+00	-4.049948e-02	3.083696e-02	-5.287380e-02	4.354675e-02	-8.091989e-02
7.250000e+00	-4.355158e-02	3.519931e-02	-5.820269e-02	5.491934e-02	-8.810999e-02
7.300000e+00	-4.481010e-02	3.624523e-02	-6.010960e-02	5.529790e-02	-8.715980e-02
7.350000e+00	-4.216276e-02	3.362514e-02	-5.647641e-02	4.902326e-02	-8.020839e-02
7.400000e+00	-3.456646e-02	2.818914e-02	-4.647505e-02	4.244573e-02	-6.880073e-02
7.450000e+00	-2.367800e-02	2.203509e-02	-3.264130e-02	3.240793e-02	-5.276332e-02
7.500000e+00	-1.364799e-02	1.776458e-02	-2.039601e-02	3.371237e-02	-4.033896e-02
7.550000e+00	-8.904131e-03	1.704057e-02	-1.510163e-02	3.825338e-02	-3.459059e-02
7.600000e+00	-1.117321e-02	1.965323e-02	-1.846665e-02	4.390835e-02	-3.891525e-02
7.650000e+00	-1.778809e-02	2.355074e-02	-2.703084e-02	4.448454e-02	-5.165250e-02
7.700000e+00	-2.277134e-02	2.550956e-02	-3.214186e-02	4.158914e-02	-6.124518e-02
7.750000e+00	-2.012117e-02	2.278775e-02	-2.701345e-02	3.719036e-02	-5.690238e-02
7.800000e+00	-7.356780e-03	1.530977e-02	-9.778368e-03	3.466759e-02	-4.046488e-02
7.850000e+00	1.292704e-02	1.012346e-02	1.283360e-02	4.973706e-02	-1.611396e-02
7.900000e+00	3.450895e-02	1.777940e-02	3.860252e-02	7.467759e-02	-1.567880e-02
7.950000e+00	5.106428e-02	2.698563e-02	6.026197e-02	9.142364e-02	-1.633892e-02
8.000000e+00	5.949482e-02	3.261065e-02	7.186952e-02	1.014755e-01	-1.883001e-02
8.050000e+00	6.089540e-02	3.505736e-02	7.484858e-02	1.055307e-01	-2.148083e-02
8.100000e+00	5.903665e-02	3.658438e-02	7.460749e-02	1.044922e-01	-3.136799e-02
8.150000e+00	5.686235e-02	3.897045e-02	7.364026e-02	1.006739e-01	-4.215405e-02
8.200000e+00	5.422228e-02	4.192106e-02	7.162528e-02	1.030998e-01	-5.283770e-02
8.250000e+00	4.808638e-02	4.321290e-02	6.568871e-02	9.948359e-02	-5.544331e-02
8.300000e+00	3.508312e-02	4.036332e-02	5.072652e-02	8.963126e-02	-5.578412e-02
8.350000e+00	1.452971e-02	3.251950e-02	2.505919e-02	6.821986e-02	-6.784939e-02
8.400000e+00	-1.020612e-02	2.166137e-02	-6.423785e-03	4.346733e-02	-8.049142e-02
8.450000e+00	-3.301292e-02	1.390654e-02	-3.235336e-02	1.543428e-02	-7.467202e-02
8.500000e+00	-4.819300e-02	1.655925e-02	-5.061219e-02	9.399728e-03	-8.471514e-02
8.550000e+00	-5.336679e-02	2.285076e-02	-6.101613e-02	1.212378e-02	-8.828186e-02
8.600000e+00	-5.057455e-02	2.757087e-02	-6.144748e-02	2.377033e-02	-8.790088e-02
8.650000e+00	-4.452995e-02	3.068186e-02	-5.736854e-02	4.445888e-02	-7.940895e-02
8.700000e+00	-3.957285e-02	3.302224e-02	-5.387745e-02	5.606615e-02	-7.612780e-02
8.750000e+00	-3.732492e-02	3.481877e-02	-5.269457e-02	5.592267e-02	-7.237496e-02
8.800000e+00	-3.640159e-02	3.539085e-02	-5.187370e-02	5.595626e-02	-7.114600e-02
8.850000e+00	-3.408361e-02	3.377183e-02	-4.841648e-02	5.485010e-02	-6.933485e-02
8.900000e+00	-2.858053e-02	2.966580e-02	-4.053222e-02	5.177643e-02	-6.742590e-02
8.950000e+00	-2.028975e-02	2.385844e-02	-2.887658e-02	4.621344e-02	-5.761447e-02
9.000000e+00	-1.132767e-02	1.781278e-02	-1.659125e-02	3.759384e-02	-4.434342e-02
9.050000e+00	-3.793232e-03	1.292696e-02	-6.816495e-03	3.279735e-02	-3.309223e-02
9.100000e+00	1.504671e-03	1.014363e-02	6.421184e-04	3.297813e-02	-2.318085e-02
9.150000e+00	5.650130e-03	9.627821e-03	5.118435e-03	4.295325e-02	-2.163246e-02
9.200000e+00	1.055757e-02	1.089084e-02	9.642187e-03	5.492254e-02	-1.658866e-02
9.250000e+00	1.751603e-02	1.367117e-02	1.719875e-02	6.314532e-02	-2.924625e-02
9.300000e+00	2.632260e-02	1.784274e-02	2.989162e-02	6.599780e-02	-3.971251e-02
9.350000e+00	3.549604e-02	2.275290e-02	4.300460e-02	7.054832e-02	-4.169266e-02
9.400000e+00	4.321618e-02	2.734348e-02	5.365306e-02	7.972836e-02	-3.480345e-02
9.450000e+00	4.818148e-02	3.060630e-02	5.994144e-02	8.638940e-02	-2.731325e-02
9.500000e+00	4.981073e-02	3.188068e-02	6.244616e-02	9.046845e-02	-2.949290e-02
9.550000e+00	4.787768e-02	3.095804e-02	6.053651e-02	8.811681e-02	-2.694097e-02
9.600000e+00	4.204851e-02	2.798150e-02	5.287571e-02	7.702717e-02	-2.559384e-02
9.650000e+00	3.214119e-02	2.349755e-02	4.003922e-02	6.961807e-02	-2.334942e-02
9.700000e+00	1.865946e-02	1.844891e-02	2.278039e-02	5.397906e-02	-2.827831e-02
9.750000e+00	3.245495e-03	1.407332e-02	4.119559e-03	3.539388e-02	-3.127551e-02
9.800000e+00	-1.158241e-02	1.127723e-02	-1.199570e-02	2.216939e-02	-4.061567e-02
9.850000e+00	-2.343742e-02	9.904070e-03	-2.336994e-02	8.552549e-03	-5.006361e-02
9.900000e+00	-3.118631e-02	9.598346e-03	-3.057742e-02	-4.358576e-03	-5.953421e-02
9.950000e+00	-3.535676e-02	1.096694e-02	-3.666031e-02	3.015911e-04	-6.108039e-02
1.000000e+01	-3.747540e-02	1.439030e-02	-4.182935e-02	1.351876e-02	-6.265247e-02
1.005000e+01	-3.885352e-02	1.908689e-02	-4.649847e-02	2.431471e-02	-6.324987e-02
1.010000e+01	-3.941687e-02	2.359275e-02	-4.991539e-02	2.909672e-02	-6.299512e-02
1.015000e+01	-3.809802e-02	2.643677e-02	-4.991797e-02	2.744913e-02	-6.487864e-02
1.020000e+01	-3.386779e-02	2.670594e-02	-4.537476e-02	3.806552e-02	-6.588462e-02
1.025000e+01	-2.689548e-02	2.460759e-02	-3.691026e-02	4.349904e-02	-5.974002e-02
1.030000e+01	-1.875740e-02	2.142557e-02	-2.686443e-02	4.085194e-02	-4.805608e-02
1.035000e+01	-1.143566e-02	1.863179e-02	-1.742503e-02	3.498826e-02	-4.054644e-02
1.040000e+01	-5.846432e-03	1.664121e-02	-1.027974e-02	3.272331e-02	-3.506692e-02
1.045000e+01	-1.096768e-03	1.459280e-02	-4.097364e-03	3.384989e-02	-3.140576e-02
1.050000e+01	4.818941e-03	1.168215e-02	4.306202e-03	3.386683e-02	-2.349744e-02
1.055000e+01	1.328157e-02	9.368709e-03	1.320839e-02	4.924881e-02	-1.366795e-02
1.060000e+01	2.355373e-02	1.186102e-02	2.445328e-02	6.204555e-02	-9.870627e-03
1.065000e+01	3.275597e-02	1.739167e-02	3.763901e-02	6.823824e-02	-1.144732e-02
1.070000e+01	3.751106e-02	2.150241e-02	4.527217e-02	7.090200e-02	-1.802513e-02
1.075000e+01	3.618976e-02	2.231705e-02	4.516626e-02	6.756717e-02	-2.223295e-02
1.080000e+01	3.014787e-02	2.031502e-02	3.804988e-02	5.673249e-02	-2.227848e-02
1.085000e+01	2.297791e-02	1.759518e-02	2.959093e-02	5.161933e-02	-2.261885e-02
1.090000e+01	1.819635e-02	1.632383e-02	2.348796e-02	5.054903e-02	-2.224590e-02
1.095000e+01	1.694008e-02	1.700991e-02	2.206765e-02	4.950132e-02	-2.546749e-02
1.100000e+01	1.729339e-02	1.836534e-02	2.304758e-02	4.953786e-02	-2.797440e-02
1.105000e+01	1.574310e-02	1.840960e-02	2.136165e-02	4.849751e-02	-2.925944e-02
1.110000e+01	9.693411e-03	1.555716e-02	1.350423e-02	3.971131e-02	-3.194951e-02
1.115000e+01	-5.101220e-04	1.022319e-02	1.719712e-04	2.576236e-02	-3.004894e-02
1.120000e+01	-1.176539e-02	7.144126e-03	-1.195921e-02	1.121884e-02	-3.725941e-02
1.125000e+01	-2.025690e-02	1.065167e-02	-2.203593e-02	1.217249e-02	-4.253476e-02
1.130000e+01	-2.393045e-02	1.392729e-02	-2.780191e-02	1.701920e-02	-4.843374e-02
1.135000e+01	-2.365807e-02	1.437967e-02	-2.785751e-02	1.938878e-02	-5.192052e-02
1.140000e+01	-2.232841e-02	1.303345e-02	-2.620717e-02	1.614299e-02	-5.101963e-02
1.145000e+01	-2.258906e-02	1.201403e-02	-2.643772e-02	1.885846e-02	-4.559252e-02
1.150000e+01	-2.489242e-02	1.282634e-02	-2.899995e-02	1.985571e-02	-4.502354e-02
1.155000e+01	-2.721496e-02	1.519961e-02	-3.241164e-02	1.773317e-02	-5.430021e-02
1.160000e+01	-2.657999e-02	1.741038e-02	-3.209745e-02	1.792072e-02	-5.813377e-02
1.165000e+01	-2.123753e-02	1.759436e-02	-2.642389e-02	2.472934e-02	-5.526140e-02
1.170000e+01	-1.194935e-02	1.502516e-02	-1.589071e-02	2.472320e-02	-4.708331e-02
1.175000e+01	-1.533163e-03	1.078795e-02	-3.283156e-03	2.694258e-02	-3.106760e-02
1.180000e+01	6.924079e-03	7.555271e-03	7.040228e-03	3.195588e-02	-1.503821e-02
1.185000e+01	1.188614e-02	7.158637e-03	1.155827e-02	3.605139e-02	-7.715144e-03
1.190000e+01	1.399964e-02	7.686485e-03	1.336753e-02	3.745084e-02	-5.607031e-03
1.195000e+01	1.523241e-02	7.904381e-03	1.473641e-02	3.869217e-02	-4.145848e-03
1.200000e+01	1.725770e-02	8.253488e-03	1.680536e-02	3.932226e-02	-5.217865e-03
1.205000e+01	2.029507e-02	9.186347e-03	2.057735e-02	4.311198e-02	-9.936392e-03
1.210000e+01	2.298902e-02	1.068402e-02	2.499478e-02	4.428204e-02	-1.034791e-02
1.215000e+01	2.355177e-02	1.215214e-02	2.744033e-02	4.608541e-02	-8.981245e-03
1.220000e+01	2.098406e-02	1.266702e-02	2.545442e-02	4.143605e-02	-1.247408e-02
1.225000e+01	1.568566e-02	1.184335e-02	1.962360e-02	3.728705e-02	-1.463412e-02
1.230000e+01	9.117551e-03	1.022911e-02	1.192364e-02	3.005829e-02	-1.736938e-02
1.235000e+01	2.901971e-03	8.783802e-03	4.616695e-03	2.283450e-02	-1.995139e-02
1.240000e+01	-1.953169e-03	8.015919e-03	-9.610438e-04	1.763183e-02	-2.220614e-02
1.245000e+01	-5.254572e-03	7.821479e-03	-4.391555e-03	1.731319e-02	-2.618184e-02
1.250000e+01	-7.304411e-03	7.728033e-03	-6.404359e-03	1.476106e-02	-2.711315e-02
1.255000e+01	-8.469717e-03	7.061901e-03	-7.969267e-03	1.353654e-02	-2.684906e-02
1.260000e+01	-9.005852e-03	5.693961e-03	-9.181575e-03	1.140161e-02	-2.432461e-02
1.265000e+01	-9.169080e-03	4.983109e-03	-9.435534e-03	8.082686e-03	-2.581712e-02
1.270000e+01	-9.358741e-03	6.345954e-03	-1.041687e-02	1.289974e-02	-2.540798e-02
1.275000e+01	-1.002437e-02	8.426027e-03	-1.200726e-02	1.958208e-02	-2.796609e-02
1.280000e+01	-1.133711e-02	1.014769e-02	-1.429183e-02	2.192948e-02	-3.377690e-02
1.285000e+01	-1.290234e-02	1.149513e-02	-1.641856e-02	2.113093e-02	-3.585863e-02
1.290000e+01	-1.382121e-02	1.241766e-02	-1.722741e-02	2.421282e-02	-3.810798e-02
1.295000e+01	-1.315218e-02	1.241470e-02	-1.598796e-02	2.391889e-02	-3.777519e-02
1.300000e+01	-1.048936e-02	1.110127e-02	-1.265851e-02	2.444632e-02	-3.391802e-02
1.305000e+01	-6.239241e-03	8.826535e-03	-7.293402e-03	2.435828e-02	-2.907768e-02
1.310000e+01	-1.418132e-03	6.600491e-03	-1.372503e-03	2.059373e-02	-2.213666e-02
1.315000e+01	2.959290e-03	5.384366e-03	3.012186e-03	1.795081e-02	-1.707187e-02
1.320000e+01	6.380696e-03	5.073806e-03	6.278142e-03	2.336186e-02	-1.003316e-02
1.325000e+01	8.918054e-03	5.142271e-03	8.791763e-03	2.545905e-02	-5.170236e-03
1.330000e+01	1.087018e-02	5.581582e-03	1.055995e-02	2.989411e-02	-3.357584e-03
1.335000e+01	1.230023e-02	6.547809e-03	1.192859e-02	3.147022e-02	-4.673906e-03
1.340000e+01	1.287578e-02	7.872959e-03	1.306357e-02	3.399431e-02	-7.686251e-03
1.345000e+01	1.215782e-02	8.863567e-03	1.301188e-02	3.556578e-02	-9.860748e-03
1.350000e+01	1.009567e-02	8.746087e-03	1.118393e-02	3.099265e-02	-1.439871e-02
1.355000e+01	7.284657e-03	7.435477e-03	8.149540e-03	2.763599e-02	-1.671427e-02
1.360000e+01	4.704919e-03	5.852453e-03	5.100925e-03	2.248287e-02	-1.658706e-02
1.365000e+01	3.073004e-03	5.078385e-03	3.290300e-03	2.226403e-02	-1.543608e-02
1.370000e+01	2.283126e-03	4.851836e-03	2.514407e-03	2.184264e-02	-1.288686e-02
1.375000e+01	1.408872e-03	4.619934e-03	1.347480e-03	1.684680e-02	-1.131103e-02
1.380000e+01	-6.469238e-04	4.574516e-03	-5.720380e-04	1.556177e-02	-1.511031e-02
1.385000e+01	-4.259348e-03	4.579854e-03	-4.310583e-03	9.792361e-03	-1.904407e-02
1.390000e+01	-8.584596e-03	4.372094e-03	-8.683369e-03	4.484627e-03	-2.209977e-02
1.395000e+01	-1.187601e-02	4.296349e-03	-1.194973e-02	3.514453e-03	-2.411223e-02
1.400000e+01	-1.248311e-02	4.405279e-03	-1.267144e-02	9.670932e-04	-2.821333e-02
1.405000e+01	-9.939089e-03	4.278758e-03	-9.945716e-03	3.486474e-03	-2.774617e-02
1.410000e+01	-5.286530e-03	4.196802e-03	-5.374114e-03	9.518486e-03	-2.062244e-02
1.415000e+01	-6.103776e-04	4.584430e-03	-6.988492e-04	1.489922e-02	-1.267622e-02
1.420000e+01	2.147592e-03	4.853705e-03	2.108867e-03	1.550852e-02	-1.082508e-02
1.425000e+01	2.259486e-03	4.851834e-03	2.443706e-03	1.505214e-02	-1.418779e-02
1.430000e+01	5.075607e-04	5.443140e-03	9.217951e-04	1.435931e-02	-1.841612e-02
1.435000e+01	-1.446846e-03	6.468579e-03	-1.700554e-03	1.752076e-02	-1.960201e-02
1.440000e+01	-2.163721e-03	6.774110e-03	-3.279677e-03	1.821929e-02	-2.090230e-02
1.445000e+01	-1.253295e-03	6.031517e-03	-2.392462e-03	1.548609e-02	-1.704310e-02
1.450000e+01	5.783945e-04	4.972634e-03	1.051200e-04	1.383810e-02	-1.287602e-02
1.455000e+01	2.214188e-03	4.454814e-03	2.083291e-03	1.421320e-02	-1.028072e-02
1.460000e+01	2.991284e-03	4.380666e-03	3.097508e-03	1.487337e-02	-1.075613e-02
1.465000e+01	3.113528e-03	4.300094e-03	3.045654e-03	1.538355e-02	-1.074264e-02
1.470000e+01	3.344988e-03	4.240320e-03	3.087146e-03	1.715862e-02	-1.164865e-02
1.475000e+01	4.259923e-03	4.595260e-03	3.690919e-03	2.007070e-02	-9.890573e-03
1.480000e+01	5.643412e-03	5.500606e-03	5.728366e-03	2.214755e-02	-1.019287e-02
1.485000e+01	6.512649e-03	6.317787e-03	7.510709e-03	2.213192e-02	-1.184198e-02
1.490000e+01	5.764148e-03	6.298950e-03	6.787131e-03	2.308419e-02	-1.371068e-02
1.495000e+01	2.990796e-03	5.385345e-03	3.218864e-03	2.045504e-02	-1.279556e-02
1.500000e+01	-1.114115e-03	4.406728e-03	-1.171629e-03	1.319112e-02	-1.550419e-02
1.505000e+01	-5.087595e-03	4.220029e-03	-5.057674e-03	6.230121e-03	-1.886906e-02
1.510000e+01	-7.449125e-03	4.324549e-03	-7.738201e-03	5.356843e-03	-1.840265e-02
1.515000e+01	-7.507113e-03	4.047389e-03	-7.513465e-03	4.962425e-03	-1.779381e-02
1.520000e+01	-5.664167e-03	3.590122e-03	-5.542075e-03	4.278290e-03	-1.638754e-02
1.525000e+01	-3.060632e-03	3.452208e-03	-3.142013e-03	7.121971e-03	-1.411043e-02
1.530000e+01	-8.573280e-04	3.621529e-03	-1.023796e-03	1.104761e-02	-1.137809e-02
1.535000e+01	3.593556e-04	3.774369e-03	2.453831e-04	1.245880e-02	-1.090559e-02
1.540000e+01	7.147525e-04	3.776618e-03	7.152583e-04	1.226947e-02	-1.069469e-02
1.545000e+01	7.387069e-04	3.681938e-03	8.207296e-04	1.324699e-02	-1.083969e-02
1.550000e+01	9.098897e-04	3.619381e-03	1.069402e-03	1.278717e-02	-1.202962e-02
1.555000e+01	1.378802e-03	3.654551e-03	1.449337e-03	1.191373e-02	-1.266111e-02
1.560000e+01	1.995454e-03	3.697378e-03	1.989803e-03	1.330857e-02	-1.135008e-02
1.565000e+01	2.520772e-03	3.612964e-03	2.437564e-03	1.325334e-02	-9.428152e-03
1.570000e+01	2.800997e-03	3.375659e-03	2.798938e-03	1.347173e-02	-9.300390e-03
1.575000e+01	2.781985e-03	3.082887e-03	2.754681e-03	1.294964e-02	-8.687318e-03
1.580000e+01	2.420739e-03	2.857209e-03	2.275352e-03	1.345363e-02	-7.027031e-03
1.585000e+01	1.645754e-03	2.822527e-03	1.650332e-03	1.329253e-02	-7.277876e-03
1.590000e+01	4.488463e-04	3.156749e-03	6.581585e-04	1.059774e-02	-9.081362e-03
1.595000e+01	-9.670532e-04	3.820363e-03	-9.743329e-04	1.109047e-02	-1.258132e-02
1.600000e+01	-2.153369e-03	4.403348e-03	-2.554850e-03	1.460922e-02	-1.561862e-02
1.605000e+01	-2.597732e-03	4.527255e-03	-3.114523e-03	1.462499e-02	-1.698801e-02
1.610000e+01	-2.024444e-03	4.155424e-03	-2.198241e-03	1.132058e-02	-1.682927e-02
1.615000e+01	-6.585913e-04	3.669787e-03	-7.008142e-04	1.246661e-02	-1.462037e-02
1.620000e+01	8.284021e-04	3.457342e-03	7.025243e-04	1.507964e-02	-9.912059e-03
1.625000e+01	1.653211e-03	3.417458e-03	1.676866e-03	1.460242e-02	-8.105929e-03
1.630000e+01	1.341536e-03	3.275992e-03	1.421981e-03	1.365757e-02	-1.081863e-02
1.635000e+01	-3.668505e-05	3.032285e-03	-3.765172e-05	9.738668e-03	-1.300082e-02
1.640000e+01	-1.957619e-03	2.835729e-03	-1.874666e-03	6.458051e-03	-1.364839e-02
1.645000e+01	-3.766558e-03	2.758237e-03	-3.738699e-03	4.911959e-03	-1.390384e-02
1.650000e+01	-4.988414e-03	2.806822e-03	-4.980615e-03	3.321491e-03	-1.485734e-02
1.655000e+01	-5.424150e-03	2.958307e-03	-5.336564e-03	3.629640e-03	-1.576174e-02
1.660000e+01	-5.028612e-03	3.125808e-03	-4.978317e-03	7.896242e-03	-1.686770e-02
1.665000e+01	-3.749446e-03	3.273334e-03	-3.931286e-03	1.073626e-02	-1.470042e-02
1.670000e+01	-1.524491e-03	3.542323e-03	-1.788070e-03	1.333697e-02	-1.139426e-02
1.675000e+01	1.528504e-03	4.078423e-03	1.403593e-03	1.707237e-02	-1.106389e-02
1.680000e+01	4.902169e-03	4.722887e-03	5.485894e-03	1.869791e-02	-7.804802e-03
1.685000e+01	7.710480e-03	5.095645e-03	8.618162e-03	1.932869e-02	-7.124841e-03
1.690000e+01	9.018378e-03	4.908922e-03	9.882575e-03	2.134038e-02	-4.749795e-03
1.695000e+01	8.333653e-03	4.204373e-03	8.636808e-03	1.873649e-02	-5.315349e-03
1.700000e+01	5.938540e-03	3.495615e-03	5.944596e-03	1.627760e-02	-3.818130e-03
1.705000e+01	2.802700e-03	3.469856e-03	2.998604e-03	1.389435e-02	-9.141406e-03
1.710000e+01	1.019620e-04	3.939001e-03	3.155065e-04	1.143850e-02	-1.214477e-02
1.715000e+01	-1.403388e-03	4.180860e-03	-1.440697e-03	8.791693e-03	-1.325209e-02
1.720000e+01	-1.710953e-03	3.997001e-03	-1.720007e-03	8.820297e-03	-1.340233e-02
1.725000e+01	-1.446101e-03	3.665150e-03	-1.192821e-03	8.711301e-03	-1.184262e-02
1.730000e+01	-1.367878e-03	3.457119e-03	-1.264072e-03	7.729697e-03	-1.124363e-02
1.735000e+01	-1.859532e-03	3.334624e-03	-1.948924e-03	7.664677e-03	-1.273847e-02
1.740000e+01	-2.739621e-03	3.220373e-03	-2.915648e-03	6.593401e-03	-1.378524e-02
1.745000e+01	-3.484970e-03	3.148894e-03	-3.529142e-03	5.538991e-03	-1.280436e-02
1.750000e+01	-3.664066e-03	3.058487e-03	-3.598023e-03	5.684031e-03	-1.282999e-02
1.755000e+01	-3.249812e-03	2.861239e-03	-3.250015e-03	6.420468e-03	-1.347639e-02
1.760000e+01	-2.597297e-03	2.660570e-03	-2.680485e-03	6.656855e-03	-1.281572e-02
1.765000e+01	-2.135050e-03	2.578551e-03	-2.166512e-03	6.582872e-03	-1.106910e-02
1.770000e+01	-2.026403e-03	2.527426e-03	-2.019219e-03	4.956607e-03	-1.050910e-02
1.775000e+01	-2.061469e-03	2.440200e-03	-1.940361e-03	4.020363e-03	-1.070862e-02
1.780000e+01	-1.849619e-03	2.393205e-03	-1.713676e-03	5.209016e-03	-9.784312e-03
1.785000e+01	-1.150055e-03	2.399922e-03	-1.101653e-03	5.609952e-03	-8.239255e-03
1.790000e+01	-7.957678e-05	2.436273e-03	-2.950263e-05	7.166622e-03	-7.804603e-03
1.795000e+01	9.612443e-04	2.560718e-03	1.018772e-03	8.435955e-03	-6.865346e-03
1.800000e+01	1.584767e-03	2.734303e-03	1.623953e-03	9.289626e-03	-7.478129e-03
1.805000e+01	1.728455e-03	2.821283e-03	1.787128e-03	1.015844e-02	-6.693005e-03
1.810000e+01	1.668490e-03	2.820532e-03	1.675284e-03	1.001793e-02	-6.413661e-03
1.815000e+01	1.870960e-03	2.855209e-03	1.861800e-03	1.030720e-02	-6.673833e-03
1.820000e+01	2.642287e-03	2.990849e-03	2.698133e-03	1.183005e-02	-6.615327e-03
1.825000e+01	3.888866e-03	3.246298e-03	4.032103e-03	1.240399e-02	-5.547059e-03
1.830000e+01	5.131729e-03	3.558156e-03	5.458748e-03	1.415744e-02	-4.937897e-03
1.835000e+01	5.758071e-03	3.687794e-03	6.052743e-03	1.409382e-02	-5.313690e-03
1.840000e+01	5.342046e-03	3.453178e-03	5.517668e-03	1.445804e-02	-5.086563e-03
1.845000e+01	3.843098e-03	3.071872e-03	3.924617e-03	1.322845e-02	-5.745084e-03
1.850000e+01	1.591522e-03	3.125725e-03	1.777317e-03	1.123534e-02	-9.136908e-03
1.855000e+01	-8.882907e-04	3.737916e-03	-7.931080e-04	1.004814e-02	-1.110769e-02
1.860000e+01	-3.086866e-03	4.408152e-03	-3.433173e-03	8.731079e-03	-1.534009e-02
1.865000e+01	-4.643053e-03	4.761697e-03	-5.341184e-03	7.352558e-03	-1.672619e-02
1.870000e+01	-5.378782e-03	4.678781e-03	-6.154573e-03	7.320412e-03	-1.642386e-02
1.875000e+01	-5.282148e-03	4.204815e-03	-6.050552e-03	6.194974e-03	-1.478291e-02
1.880000e+01	-4.490934e-03	3.520422e-03	-4.877216e-03	5.797730e-03	-1.415926e-02
1.885000e+01	-3.281586e-03	2.899933e-03	-3.392271e-03	5.536203e-03	-1.172434e-02
1.890000e+01	-2.025845e-03	2.580052e-03	-2.108057e-03	6.249644e-03	-9.980567e-03
1.895000e+01	-1.085446e-03	2.557722e-03	-1.201222e-03	6.331019e-03	-9.042393e-03
1.900000e+01	-6.708125e-04	2.607885e-03	-8.030838e-04	7.350062e-03	-8.146033e-03
1.905000e+01	-7.472059e-04	2.552567e-03	-8.982866e-04	7.117475e-03	-7.743473e-03
1.910000e+01	-1.039410e-03	2.405180e-03	-1.158535e-03	6.328834e-03	-7.405411e-03
1.915000e+01	-1.178474e-03	2.290329e-03	-1.203562e-03	5.301056e-03	-7.424513e-03
1.920000e+01	-8.956334e-04	2.267490e-03	-8.899941e-04	6.388054e-03	-7.549149e-03
1.925000e+01	-1.509149e-04	2.299907e-03	-2.706133e-04	7.268102e-03	-8.492880e-03
1.930000e+01	8.771340e-04	2.355138e-03	7.679475e-04	8.330425e-03	-7.356917e-03
1.935000e+01	1.920723e-03	2.409175e-03	1.851712e-03	9.351519e-03	-6.164750e-03
1.940000e+01	2.774030e-03	2.434223e-03	2.839758e-03	9.759167e-03	-7.394320e-03
1.945000e+01	3.365004e-03	2.434291e-03	3.632890e-03	9.395762e-03	-6.555455e-03
1.950000e+01	3.715785e-03	2.424333e-03	3.986280e-03	9.772279e-03	-4.821001e-03
1.955000e+01	3.847159e-03	2.392908e-03	4.047215e-03	1.052690e-02	-3.658374e-03
1.960000e+01	3.719848e-03	2.331497e-03	3.791821e-03	1.103504e-02	-3.963220e-03
1.965000e+01	3.265363e-03	2.264190e-03	3.314624e-03	9.682062e-03	-3.850563e-03
1.970000e+01	2.476363e-03	2.244278e-03	2.511459e-03	8.483269e-03	-5.289234e-03
1.975000e+01	1.469789e-03	2.320482e-03	1.571305e-03	7.468718e-03	-7.173447e-03
1.980000e+01	4.535032e-04	2.448278e-03	6.315764e-04	7.710631e-03	-8.386947e-03
1.985000e+01	-3.933792e-04	2.510537e-03	-3.051872e-04	7.440422e-03	-9.590120e-03
1.990000e+01	-1.038279e-03	2.496380e-03	-9.290393e-04	6.412653e-03	-9.642063e-03
1.995000e+01	-1.611812e-03	2.552062e-03	-1.572109e-03	5.309682e-03	-9.422969e-03
2.000000e+01	-2.294348e-03	2.761192e-03	-2.309594e-03	6.322034e-03	-1.025702e-02
