# k	<chi>	std	chi_median	chi_max	chi_min
0.000000e+00	-1.345266e-02	2.286652e-01	0.000000e+00	5.819591e-01	-5.067444e-01
5.000000e-02	-1.900059e-02	3.293290e-01	-1.177166e-01	6.191858e-01	-5.247662e-01
1.000000e-01	-2.216576e-02	3.353198e-01	-1.211057e-01	6.184999e-01	-5.339644e-01
1.500000e-01	-3.181030e-02	3.525430e-01	-1.325440e-01	6.143498e-01	-5.603554e-01
2.000000e-01	-4.167375e-02	3.691111e-01	-1.404310e-01	6.072660e-01	-5.890610e-01
2.500000e-01	-5.863185e-02	3.940222e-01	-1.481173e-01	6.076367e-01	-6.370836e-01
3.000000e-01	-7.644138e-02	4.161751e-01	-1.548358e-01	6.152053e-01	-6.809527e-01
3.500000e-01	-1.026460e-01	4.403499e-01	-1.637166e-01	6.115485e-01	-7.324277e-01
4.000000e-01	-1.305891e-01	4.573705e-01	-1.732675e-01	6.031707e-01	-7.897408e-01
4.500000e-01	-1.683144e-01	4.660482e-01	-1.879107e-01	5.701005e-01	-8.469847e-01
5.000000e-01	-2.075449e-01	4.621152e-01	-2.032506e-01	5.112475e-01	-8.854289e-01
5.500000e-01	-2.551183e-01	4.395479e-01	-2.195602e-01	4.094526e-01	-9.083913e-01
6.000000e-01	-3.009013e-01	4.020783e-01	-2.316369e-01	3.059403e-01	-9.199051e-01
6.500000e-01	-3.479401e-01	3.439434e-01	-2.498761e-01	1.688014e-01	-9.860807e-01
7.000000e-01	-3.861292e-01	2.784098e-01	-2.717299e-01	2.611430e-02	-1.015413e+00
7.500000e-01	-4.137477e-01	2.085813e-01	-3.160015e-01	0.000000e+00	-9.938599e-01
8.000000e-01	-4.245360e-01	1.611076e-01	-4.340912e-01	0.000000e+00	-9.327938e-01
8.500000e-01	-4.142423e-01	1.532280e-01	-4.596006e-01	0.000000e+00	-8.526808e-01
9.000000e-01	-3.845358e-01	1.760072e-01	-3.435450e-01	0.000000e+00	-7.358216e-01
9.500000e-01	-3.332081e-01	1.989310e-01	-2.257290e-01	0.000000e+00	-7.005486e-01
1.000000e+00	-2.709282e-01	2.044001e-01	-1.605396e-01	0.000000e+00	-6.470653e-01
1.050000e+00	-2.004513e-01	1.862469e-01	-1.147394e-01	5.645585e-02	-5.410538e-01
1.100000e+00	-1.365870e-01	1.498298e-01	-8.846377e-02	9.409889e-02	-4.489319e-01
1.150000e+00	-8.454351e-02	1.008583e-01	-8.233196e-02	1.151548e-01	-3.321998e-01
1.200000e+00	-5.389477e-02	5.922750e-02	-7.460389e-02	1.038049e-01	-2.182381e-01
1.250000e+00	-4.577858e-02	5.185687e-02	-4.721276e-02	8.255804e-02	-1.424819e-01
1.300000e+00	-5.740061e-02	7.043125e-02	-8.179546e-02	1.188393e-01	-1.660040e-01
1.350000e+00	-8.187349e-02	8.192572e-02	-1.029666e-01	1.117691e-01	-2.058450e-01
1.400000e+00	-1.066326e-01	7.807622e-02	-1.167496e-01	6.482577e-02	-2.321478e-01
1.450000e+00	-1.210224e-01	6.332814e-02	-1.134876e-01	7.243667e-03	-2.424904e-01
1.500000e+00	-1.145249e-01	4.964859e-02	-1.129710e-01	8.721227e-04	-2.445980e-01
1.550000e+00	-8.260116e-02	5.021234e-02	-1.005800e-01	4.436187e-02	-1.988342e-01
1.600000e+00	-2.808573e-02	6.058697e-02	-2.225078e-02	1.001124e-01	-1.499507e-01
1.650000e+00	4.249253e-02	6.864527e-02	7.236497e-02	1.565636e-01	-1.026204e-01
1.700000e+00	1.137980e-01	6.807802e-02	1.466798e-01	2.076747e-01	-2.414976e-02
1.750000e+00	1.747670e-01	6.047329e-02	1.967407e-01	2.768039e-01	0.000000e+00
1.800000e+00	2.108748e-01	4.895719e-02	2.106661e-01	3.073544e-01	0.000000e+00
1.850000e+00	2.187114e-01	3.805982e-02	2.014972e-01	3.128176e-01	0.000000e+00
1.900000e+00	1.968260e-01	3.111911e-02	1.906194e-01	2.843105e-01	0.000000e+00
1.950000e+00	1.535101e-01	2.810333e-02	1.566638e-01	2.248843e-01	0.000000e+00
2.000000e+00	9.906789e-02	2.625337e-02	1.055910e-01	1.604670e-01	0.000000e+00
2.050000e+00	4.341867e-02	2.510454e-02	5.043316e-02	9.329974e-02	-2.069669e-02
2.100000e+00	-3.516120e-04	2.564142e-02	6.549756e-03	5.847476e-02	-5.961621e-02
2.150000e+00	-2.624692e-02	2.834934e-02	-1.850151e-02	3.622148e-02	-8.500742e-02
2.200000e+00	-3.470528e-02	3.114062e-02	-2.695562e-02	2.301805e-02	-9.640968e-02
2.250000e+00	-3.167766e-02	3.149292e-02	-2.533292e-02	3.086291e-02	-9.987939e-02
2.300000e+00	-2.324465e-02	2.724861e-02	-1.760413e-02	3.134512e-02	-8.946479e-02
2.350000e+00	-1.447530e-02	1.970908e-02	-7.722464e-03	2.228277e-02	-6.975976e-02
2.400000e+00	-8.220447e-03	1.357489e-02	-6.385221e-03	1.533103e-02	-4.722029e-02
2.450000e+00	-4.752033e-03	1.384445e-02	-7.802652e-03	2.232303e-02	-3.473243e-02
2.500000e+00	-2.435365e-03	1.678179e-02	1.616811e-04	2.703499e-02	-3.298363e-02
2.550000e+00	-1.123428e-03	1.848625e-02	5.660513e-03	2.719159e-02	-3.469150e-02
2.600000e+00	-4.680924e-04	1.760144e-02	7.791738e-03	2.421958e-02	-3.227884e-02
2.650000e+00	-6.936523e-04	1.563925e-02	7.486744e-03	1.862016e-02	-3.068628e-02
2.700000e+00	-1.029737e-03	1.296450e-02	3.095702e-03	1.969310e-02	-2.692409e-02
2.750000e+00	-1.110791e-03	1.104848e-02	-3.227812e-03	2.113033e-02	-2.252415e-02
2.800000e+00	-7.203609e-04	1.075088e-02	-5.111405e-03	2.185795e-02	-1.792727e-02
2.850000e+00	-5.259046e-04	1.170257e-02	-3.392850e-03	2.337361e-02	-1.965531e-02
2.900000e+00	3.072557e-04	1.220471e-02	5.225905e-05	2.387043e-02	-2.048331e-02
2.950000e+00	1.505090e-03	1.168559e-02	2.347768e-03	2.331799e-02	-1.833184e-02
3.000000e+00	2.673724e-03	1.016295e-02	3.673931e-03	2.177168e-02	-1.468139e-02
3.050000e+00	3.265992e-03	7.988702e-03	4.212614e-03	1.865903e-02	-1.122472e-02
3.100000e+00	3.360495e-03	5.569933e-03	4.430605e-03	1.420454e-02	-9.120730e-03
3.150000e+00	2.837156e-03	3.575295e-03	3.427790e-03	1.010338e-02	-7.942786e-03
3.200000e+00	1.777999e-03	3.015898e-03	1.729900e-03	1.004871e-02	-6.660297e-03
3.250000e+00	6.379906e-04	3.894313e-03	5.543761e-04	1.043203e-02	-9.565675e-03
3.300000e+00	-1.937668e-04	5.076123e-03	4.104980e-04	1.261132e-02	-1.375855e-02
3.350000e+00	-4.793206e-04	6.085253e-03	8.317672e-04	1.572011e-02	-1.611166e-02
3.400000e+00	-1.737828e-04	6.928470e-03	9.445274e-04	1.772737e-02	-1.652493e-02
3.450000e+00	9.369305e-04	7.729017e-03	9.899583e-04	1.837498e-02	-1.521483e-02
3.500000e+00	2.155225e-03	8.360373e-03	8.379154e-04	1.739534e-02	-1.451067e-02
3.550000e+00	2.896305e-03	8.492011e-03	8.183156e-04	1.930148e-02	-1.313084e-02
3.600000e+00	2.644468e-03	7.846263e-03	5.958508e-04	1.956064e-02	-1.163369e-02
3.650000e+00	1.406650e-03	6.467298e-03	2.576771e-04	1.655597e-02	-1.094857e-02
3.700000e+00	-1.272994e-03	5.235413e-03	1.026149e-04	9.864027e-03	-1.184039e-02
3.750000e+00	-5.160930e-03	5.677534e-03	-5.345656e-03	8.235256e-03	-1.677172e-02
3.800000e+00	-9.752176e-03	7.431542e-03	-1.290276e-02	1.113877e-02	-2.206024e-02
3.850000e+00	-1.429429e-02	8.995940e-03	-1.837470e-02	1.132012e-02	-2.682623e-02
3.900000e+00	-1.833128e-02	9.280999e-03	-2.205264e-02	7.845053e-03	-3.130151e-02
3.950000e+00	-2.119859e-02	8.057471e-03	-2.325796e-02	1.260105e-03	-3.427586e-02
4.000000e+00	-2.233695e-02	5.895285e-03	-2.246911e-02	0.000000e+00	-3.540099e-02
4.050000e+00	-2.152307e-02	4.761648e-03	-2.204829e-02	0.000000e+00	-3.293049e-02
4.100000e+00	-1.853433e-02	6.554040e-03	-1.899916e-02	3.091107e-03	-3.160426e-02
4.150000e+00	-1.338598e-02	9.313320e-03	-1.282186e-02	1.320100e-02	-3.090548e-02
4.200000e+00	-6.394586e-03	1.133302e-02	-4.972456e-03	2.272039e-02	-2.752822e-02
4.250000e+00	1.576560e-03	1.213496e-02	3.096973e-03	3.009111e-02	-2.142463e-02
4.300000e+00	9.934359e-03	1.159928e-02	1.091024e-02	3.517912e-02	-1.239036e-02
4.350000e+00	1.769850e-02	1.003555e-02	1.760230e-02	3.701676e-02	-3.852211e-03
4.400000e+00	2.390446e-02	7.992255e-03	2.351995e-02	3.882607e-02	0.000000e+00
4.450000e+00	2.770885e-02	6.224868e-03	2.760361e-02	4.213500e-02	0.000000e+00
4.500000e+00	2.898706e-02	5.382534e-03	2.902552e-02	4.227083e-02	0.000000e+00
4.550000e+00	2.785437e-02	5.660754e-03	2.829467e-02	4.152688e-02	0.000000e+00
4.600000e+00	2.485209e-02	6.515131e-03	2.586005e-02	3.920773e-02	0.000000e+00
4.650000e+00	2.075740e-02	7.568222e-03	2.253124e-02	3.509822e-02	-7.204232e-03
4.700000e+00	1.639241e-02	8.714612e-03	1.840238e-02	3.110803e-02	-1.404032e-02
4.750000e+00	1.232728e-02	9.977763e-03	1.456190e-02	3.052782e-02	-1.968704e-02
4.800000e+00	8.774014e-03	1.125598e-02	1.102973e-02	3.241411e-02	-2.371464e-02
4.850000e+00	5.594408e-03	1.229764e-02	7.328266e-03	3.347227e-02	-2.619062e-02
4.900000e+00	2.412513e-03	1.270195e-02	3.367679e-03	3.293818e-02	-2.674996e-02
4.950000e+00	-1.191045e-03	1.221503e-02	-1.624686e-03	3.017412e-02	-2.552278e-02
5.000000e+00	-5.446910e-03	1.091055e-02	-7.601894e-03	2.515489e-02	-2.693425e-02
5.050000e+00	-1.017288e-02	9.428373e-03	-1.302782e-02	1.838278e-02	-2.853211e-02
5.100000e+00	-1.500280e-02	8.988994e-03	-1.581992e-02	1.013345e-02	-3.294539e-02
5.150000e+00	-1.933647e-02	1.025507e-02	-1.900855e-02	2.758117e-03	-4.138193e-02
5.200000e+00	-2.258894e-02	1.225011e-02	-2.244356e-02	1.045446e-02	-4.660286e-02
5.250000e+00	-2.432852e-02	1.368991e-02	-2.487140e-02	1.618103e-02	-5.200944e-02
5.300000e+00	-2.457865e-02	1.394956e-02	-2.718960e-02	1.889143e-02	-5.287402e-02
5.350000e+00	-2.361227e-02	1.307005e-02	-2.612787e-02	1.824265e-02	-4.877965e-02
5.400000e+00	-2.185939e-02	1.172285e-02	-2.279552e-02	1.476275e-02	-4.999681e-02
5.450000e+00	-1.961544e-02	1.093796e-02	-2.006626e-02	9.737106e-03	-5.008185e-02
5.500000e+00	-1.710733e-02	1.138372e-02	-1.552142e-02	7.333066e-03	-4.818255e-02
5.550000e+00	-1.419764e-02	1.263862e-02	-1.200767e-02	1.070734e-02	-4.488461e-02
5.600000e+00	-1.053981e-02	1.389909e-02	-8.291717e-03	1.796799e-02	-4.145477e-02
5.650000e+00	-5.708580e-03	1.465411e-02	-3.698623e-03	2.305789e-02	-3.947836e-02
5.700000e+00	3.092790e-04	1.478230e-02	3.249502e-03	3.076069e-02	-3.757037e-02
5.750000e+00	7.225333e-03	1.428860e-02	1.090136e-02	3.769826e-02	-3.145014e-02
5.800000e+00	1.433801e-02	1.326479e-02	1.709081e-02	4.436218e-02	-2.157659e-02
5.850000e+00	2.068410e-02	1.189306e-02	2.121099e-02	4.933117e-02	-8.912288e-03
5.900000e+00	2.525742e-02	1.062120e-02	2.454975e-02	5.194558e-02	-2.750393e-03
5.950000e+00	2.741438e-02	9.859795e-03	2.674107e-02	5.649610e-02	0.000000e+00
6.000000e+00	2.702048e-02	9.720591e-03	2.709600e-02	5.767587e-02	0.000000e+00
6.050000e+00	2.437160e-02	9.959121e-03	2.423988e-02	5.428725e-02	-3.749761e-03
6.100000e+00	2.033902e-02	1.043983e-02	2.051939e-02	4.859219e-02	-1.399572e-02
6.150000e+00	1.581824e-02	1.124800e-02	1.627113e-02	4.607268e-02	-2.709424e-02
6.200000e+00	1.150073e-02	1.258549e-02	1.255213e-02	4.325079e-02	-3.613602e-02
6.250000e+00	7.684612e-03	1.450481e-02	9.607072e-03	3.852870e-02	-4.005754e-02
6.300000e+00	4.258402e-03	1.681231e-02	6.361205e-03	3.736502e-02	-3.888968e-02
6.350000e+00	8.549759e-04	1.910444e-02	4.578456e-03	3.626654e-02	-3.648586e-02
6.400000e+00	-2.896203e-03	2.081489e-02	3.055568e-03	3.637977e-02	-4.277531e-02
6.450000e+00	-7.128552e-03	2.131058e-02	-2.932984e-04	3.298024e-02	-4.767082e-02
6.500000e+00	-1.161181e-02	2.009727e-02	-5.994980e-03	2.611416e-02	-5.483035e-02
6.550000e+00	-1.580586e-02	1.703905e-02	-1.319776e-02	1.640204e-02	-5.804510e-02
6.600000e+00	-1.896786e-02	1.317798e-02	-1.983931e-02	8.391876e-03	-5.563228e-02
6.650000e+00	-2.052604e-02	1.130952e-02	-2.004167e-02	8.813873e-03	-5.366361e-02
6.700000e+00	-2.024015e-02	1.404363e-02	-1.950697e-02	1.485625e-02	-5.944082e-02
6.750000e+00	-1.828003e-02	1.904207e-02	-1.963108e-02	3.292092e-02	-6.258119e-02
6.800000e+00	-1.514309e-02	2.348753e-02	-2.121481e-02	4.815550e-02	-5.827458e-02
6.850000e+00	-1.145085e-02	2.617211e-02	-2.161255e-02	5.791285e-02	-4.954184e-02
6.900000e+00	-7.715754e-03	2.687234e-02	-2.069858e-02	6.062468e-02	-4.197283e-02
6.950000e+00	-4.180922e-03	2.597430e-02	-1.614097e-02	5.621842e-02	-4.184813e-02
7.000000e+00	-8.010693e-04	2.417529e-02	-7.897274e-03	5.169238e-02	-4.327052e-02
7.050000e+00	2.637157e-03	2.214345e-02	2.122876e-03	5.215943e-02	-4.250929e-02
7.100000e+00	6.270300e-03	2.042649e-02	8.831024e-03	4.897833e-02	-4.027675e-02
7.150000e+00	1.000741e-02	1.925437e-02	1.490335e-02	4.263304e-02	-3.734994e-02
7.200000e+00	1.343842e-02	1.869296e-02	1.748778e-02	4.997305e-02	-3.098186e-02
7.250000e+00	1.591685e-02	1.874200e-02	1.605263e-02	5.456360e-02	-2.525510e-02
7.300000e+00	1.677889e-02	1.932639e-02	1.475157e-02	5.567524e-02	-2.673052e-02
7.350000e+00	1.561380e-02	2.024748e-02	1.200312e-02	5.799528e-02	-2.608339e-02
7.400000e+00	1.247303e-02	2.119141e-02	1.228836e-02	5.397846e-02	-3.385805e-02
7.450000e+00	7.925558e-03	2.182008e-02	1.167262e-02	4.645543e-02	-4.381157e-02
7.500000e+00	2.925737e-03	2.192116e-02	1.025093e-02	4.530094e-02	-4.899138e-02
7.550000e+00	-1.464020e-03	2.152522e-02	4.795411e-03	4.678724e-02	-5.265930e-02
7.600000e+00	-4.397145e-03	2.102521e-02	-2.085313e-03	4.476647e-02	-5.553822e-02
7.650000e+00	-5.512949e-03	2.079211e-02	-7.859072e-03	4.216391e-02	-5.437278e-02
7.700000e+00	-5.004406e-03	2.080476e-02	-1.051232e-02	4.058540e-02	-4.897488e-02
7.750000e+00	-3.507912e-03	2.053423e-02	-9.738434e-03	4.289420e-02	-4.140313e-02
7.800000e+00	-1.849382e-03	1.933295e-02	-6.931445e-03	4.570818e-02	-4.272869e-02
7.850000e+00	-7.474488e-04	1.692909e-02	-4.048009e-03	4.343024e-02	-3.819935e-02
7.900000e+00	-5.862313e-04	1.372455e-02	-9.274260e-04	3.584212e-02	-2.941415e-02
7.950000e+00	-1.336263e-03	1.092438e-02	-1.295929e-03	2.869053e-02	-2.529732e-02
8.000000e+00	-2.638041e-03	1.013348e-02	-2.837948e-03	2.458950e-02	-2.629990e-02
8.050000e+00	-4.005463e-03	1.145324e-02	-4.155753e-03	2.645328e-02	-3.150954e-02
8.100000e+00	-4.980886e-03	1.346058e-02	-4.628201e-03	2.849116e-02	-3.639152e-02
8.150000e+00	-5.365403e-03	1.531965e-02	-6.298606e-03	3.510190e-02	-3.912148e-02
8.200000e+00	-5.198582e-03	1.700191e-02	-8.100961e-03	3.998279e-02	-4.567676e-02
8.250000e+00	-4.662366e-03	1.861544e-02	-9.054906e-03	4.263295e-02	-4.637577e-02
8.300000e+00	-3.932945e-03	1.999492e-02	-9.155412e-03	4.360207e-02	-4.289381e-02
8.350000e+00	-3.061333e-03	2.075897e-02	-8.031421e-03	4.691287e-02	-4.872316e-02
8.400000e+00	-1.945461e-03	2.060103e-02	-4.953584e-03	4.679033e-02	-4.662921e-02
8.450000e+00	-4.095441e-04	1.951887e-02	-1.606621e-03	4.431332e-02	-4.993953e-02
8.500000e+00	1.648012e-03	1.792623e-02	1.848630e-03	4.183650e-02	-5.435980e-02
8.550000e+00	4.147825e-03	1.667319e-02	5.228274e-03	3.704122e-02	-5.176163e-02
8.600000e+00	6.645060e-03	1.688688e-02	6.018124e-03	4.927332e-02	-4.391267e-02
8.650000e+00	8.549067e-03	1.899491e-02	5.445173e-03	6.128576e-02	-2.960431e-02
8.700000e+00	9.264055e-03	2.228404e-02	4.160424e-04	6.489475e-02	-2.395608e-02
8.750000e+00	8.415668e-03	2.557657e-02	-1.678615e-04	6.468910e-02	-3.061517e-02
8.800000e+00	6.022362e-03	2.784308e-02	1.293347e-03	5.887187e-02	-4.508149e-02
8.850000e+00	2.534743e-03	2.839719e-02	3.238552e-03	4.970430e-02	-5.761915e-02
8.900000e+00	-1.282476e-03	2.698767e-02	4.624906e-03	4.790641e-02	-6.263093e-02
8.950000e+00	-4.586869e-03	2.388788e-02	2.615125e-03	4.487676e-02	-6.070108e-02
9.000000e+00	-6.724276e-03	1.999179e-02	-1.009707e-03	3.948806e-02	-5.887742e-02
9.050000e+00	-7.421524e-03	1.687508e-02	-7.071188e-03	3.351985e-02	-5.017471e-02
9.100000e+00	-6.838298e-03	1.622956e-02	-8.991464e-03	3.804590e-02	-4.265386e-02
9.150000e+00	-5.449106e-03	1.801725e-02	-4.129355e-03	4.365839e-02	-4.688807e-02
9.200000e+00	-3.816662e-03	2.048770e-02	2.324205e-03	4.534989e-02	-4.824308e-02
9.250000e+00	-2.358067e-03	2.213166e-02	6.790566e-03	4.397313e-02	-4.750741e-02
9.300000e+00	-1.201135e-03	2.223022e-02	8.066927e-03	3.925642e-02	-4.945983e-02
9.350000e+00	-1.891713e-04	2.068163e-02	7.087570e-03	3.725046e-02	-4.673292e-02
9.400000e+00	9.735029e-04	1.790936e-02	4.456284e-03	3.777718e-02	-4.738301e-02
9.450000e+00	2.505616e-03	1.490038e-02	1.878704e-03	3.614963e-02	-4.369146e-02
9.500000e+00	4.365121e-03	1.311758e-02	3.032025e-03	3.881335e-02	-3.473407e-02
9.550000e+00	6.191095e-03	1.344679e-02	5.345849e-03	4.048565e-02	-2.580641e-02
9.600000e+00	7.383365e-03	1.489566e-02	9.486734e-03	4.078902e-02	-2.873449e-02
9.650000e+00	7.352788e-03	1.591978e-02	1.049552e-02	4.104086e-02	-2.909023e-02
9.700000e+00	5.778622e-03	1.572324e-02	8.129180e-03	4.071980e-02	-2.969733e-02
9.750000e+00	2.795783e-03	1.433348e-02	3.720386e-03	3.456681e-02	-2.977127e-02
9.800000e+00	-9.815374e-04	1.236536e-02	-3.084179e-05	3.418482e-02	-3.291849e-02
9.850000e+00	-4.622355e-03	1.065074e-02	-4.678748e-03	3.247959e-02	-3.473206e-02
9.900000e+00	-7.174500e-03	9.645129e-03	-7.563409e-03	2.749625e-02	-3.479944e-02
9.950000e+00	-7.984629e-03	9.096264e-03	-8.286275e-03	2.073178e-02	-3.187135e-02
1.000000e+01	-6.921127e-03	8.639410e-03	-6.484425e-03	2.147813e-02	-2.939966e-02
1.005000e+01	-4.411159e-03	8.504326e-03	-4.192757e-03	2.507412e-02	-2.959775e-02
1.010000e+01	-1.293940e-03	9.247498e-03	-4.754009e-04	2.580154e-02	-2.802255e-02
1.015000e+01	1.480103e-03	1.078613e-02	2.320121e-03	2.917937e-02	-2.658404e-02
1.020000e+01	3.176568e-03	1.234877e-02	3.950984e-03	3.191592e-02	-2.511898e-02
1.025000e+01	3.505344e-03	1.321219e-02	3.754388e-03	3.454894e-02	-2.400333e-02
1.030000e+01	2.672131e-03	1.304441e-02	2.592072e-03	3.582698e-02	-2.497480e-02
1.035000e+01	1.244512e-03	1.193013e-02	1.174899e-03	3.238021e-02	-2.775674e-02
1.040000e+01	-1.037470e-04	1.032707e-02	2.053800e-04	2.545000e-02	-2.802052e-02
1.045000e+01	-8.624335e-04	9.004905e-03	-4.314451e-04	2.258811e-02	-2.469556e-02
1.050000e+01	-8.617865e-04	8.747973e-03	-5.397015e-07	2.256803e-02	-2.711863e-02
1.055000e+01	-2.934748e-04	9.625190e-03	4.802532e-04	2.661910e-02	-2.994441e-02
1.060000e+01	4.203411e-04	1.093356e-02	2.656421e-03	2.859762e-02	-2.985034e-02
1.065000e+01	8.438347e-04	1.197165e-02	3.381012e-03	2.736809e-02	-2.784743e-02
1.070000e+01	7.325216e-04	1.237285e-02	3.364588e-03	2.920170e-02	-2.517992e-02
1.075000e+01	1.391704e-04	1.208869e-02	1.874131e-03	3.180968e-02	-2.643604e-02
1.080000e+01	-6.202522e-04	1.132395e-02	6.605046e-04	3.050648e-02	-2.456160e-02
1.085000e+01	-1.119905e-03	1.043254e-02	-1.154809e-03	2.644193e-02	-2.318015e-02
1.090000e+01	-1.025646e-03	9.743271e-03	-1.350477e-03	2.620242e-02	-2.432579e-02
1.095000e+01	-2.554258e-04	9.381808e-03	-2.758120e-04	3.201231e-02	-2.237464e-02
1.100000e+01	9.707978e-04	9.261231e-03	3.468963e-05	3.355970e-02	-1.986892e-02
1.105000e+01	2.221517e-03	9.267826e-03	1.339669e-03	3.116566e-02	-2.193523e-02
1.110000e+01	3.002080e-03	9.345341e-03	2.657942e-03	2.714452e-02	-2.374084e-02
1.115000e+01	2.974862e-03	9.544171e-03	3.714526e-03	2.773103e-02	-2.407515e-02
1.120000e+01	2.091257e-03	9.927083e-03	2.934139e-03	3.242064e-02	-2.282483e-02
1.125000e+01	6.108502e-04	1.049826e-02	8.781864e-04	3.221760e-02	-2.545871e-02
1.130000e+01	-1.002343e-03	1.114721e-02	-2.786361e-03	2.724104e-02	-2.669614e-02
1.135000e+01	-2.260825e-03	1.163448e-02	-5.369301e-03	2.164230e-02	-2.426298e-02
1.140000e+01	-2.835801e-03	1.166207e-02	-5.404781e-03	2.215969e-02	-2.457881e-02
1.145000e+01	-2.667084e-03	1.101711e-02	-4.400520e-03	2.196511e-02	-2.776547e-02
1.150000e+01	-1.960146e-03	9.730183e-03	-2.661274e-03	2.107106e-02	-2.739172e-02
1.155000e+01	-1.078088e-03	8.196096e-03	-1.422853e-03	1.825501e-02	-2.416720e-02
1.160000e+01	-3.793436e-04	7.150550e-03	-4.321854e-04	1.942693e-02	-1.874057e-02
1.165000e+01	-7.173345e-05	7.132637e-03	-3.194126e-04	1.925405e-02	-1.614363e-02
1.170000e+01	-1.427607e-04	7.757047e-03	-3.660745e-04	1.899612e-02	-1.881629e-02
1.175000e+01	-3.906917e-04	8.257261e-03	-9.954373e-05	1.907261e-02	-1.922356e-02
1.180000e+01	-5.368842e-04	8.252626e-03	-2.065353e-04	2.186895e-02	-2.105282e-02
1.185000e+01	-3.661272e-04	7.788216e-03	-7.048447e-04	2.214935e-02	-1.876876e-02
1.190000e+01	1.677897e-04	7.119843e-03	-3.503136e-04	2.030874e-02	-1.775384e-02
1.195000e+01	9.164074e-04	6.488128e-03	4.638527e-04	1.948468e-02	-1.695250e-02
1.200000e+01	1.599760e-03	6.008352e-03	1.497756e-03	2.094231e-02	-1.518863e-02
1.205000e+01	1.937837e-03	5.756754e-03	1.717201e-03	1.996552e-02	-1.369614e-02
1.210000e+01	1.746690e-03	5.799749e-03	1.306513e-03	1.763345e-02	-1.291316e-02
1.215000e+01	1.047849e-03	6.140298e-03	6.773326e-04	1.845243e-02	-1.122149e-02
1.220000e+01	5.666206e-05	6.603093e-03	-1.602802e-04	1.806646e-02	-1.486628e-02
1.225000e+01	-9.002153e-04	6.950195e-03	-8.933397e-04	1.768736e-02	-1.661813e-02
1.230000e+01	-1.510166e-03	7.035776e-03	-1.884646e-03	1.755239e-02	-1.702426e-02
1.235000e+01	-1.590263e-03	6.850560e-03	-2.148014e-03	1.629663e-02	-1.778530e-02
1.240000e+01	-1.147243e-03	6.496105e-03	-1.527416e-03	1.492452e-02	-1.754509e-02
1.245000e+01	-3.611535e-04	6.157395e-03	-2.258628e-04	1.423436e-02	-1.721790e-02
1.250000e+01	4.955121e-04	6.060933e-03	1.251739e-03	1.550868e-02	-1.620443e-02
1.255000e+01	1.165756e-03	6.333075e-03	1.534805e-03	2.058517e-02	-1.678769e-02
1.260000e+01	1.497294e-03	6.848478e-03	1.337646e-03	2.336144e-02	-1.787574e-02
1.265000e+01	1.478653e-03	7.315679e-03	1.017622e-03	2.333355e-02	-1.753895e-02
1.270000e+01	1.212967e-03	7.506147e-03	5.771000e-04	2.167556e-02	-1.663929e-02
1.275000e+01	8.478290e-04	7.394147e-03	2.404738e-05	2.192903e-02	-1.798473e-02
1.280000e+01	4.974075e-04	7.146239e-03	1.695564e-04	2.040293e-02	-1.732742e-02
1.285000e+01	1.938238e-04	6.963166e-03	3.973438e-05	1.807930e-02	-1.613097e-02
1.290000e+01	-1.110453e-04	6.880835e-03	-6.439497e-04	2.198847e-02	-1.715355e-02
1.295000e+01	-4.971414e-04	6.765909e-03	-1.087573e-03	2.291401e-02	-1.818201e-02
1.300000e+01	-1.007502e-03	6.518176e-03	-1.560072e-03	1.999642e-02	-1.928222e-02
1.305000e+01	-1.600217e-03	6.228373e-03	-2.039201e-03	1.724651e-02	-1.954858e-02
1.310000e+01	-2.130768e-03	6.052241e-03	-2.564808e-03	1.552220e-02	-2.096087e-02
1.315000e+01	-2.400354e-03	6.040684e-03	-2.732508e-03	1.651742e-02	-2.153878e-02
1.320000e+01	-2.236488e-03	6.053013e-03	-2.547613e-03	1.604706e-02	-1.939919e-02
1.325000e+01	-1.576772e-03	5.926641e-03	-1.508519e-03	1.520207e-02	-1.535227e-02
1.330000e+01	-5.167856e-04	5.645140e-03	-3.539240e-04	1.650959e-02	-1.480167e-02
1.335000e+01	7.026245e-04	5.339503e-03	6.640966e-04	1.657989e-02	-1.221115e-02
1.340000e+01	1.768091e-03	5.159608e-03	1.965179e-03	1.661769e-02	-1.042316e-02
1.345000e+01	2.399972e-03	5.145014e-03	2.635402e-03	1.654371e-02	-1.277133e-02
1.350000e+01	2.450359e-03	5.224419e-03	2.484390e-03	1.592802e-02	-1.349157e-02
1.355000e+01	1.953579e-03	5.294441e-03	1.564905e-03	1.642683e-02	-1.305714e-02
1.360000e+01	1.109050e-03	5.255154e-03	6.701178e-04	1.686935e-02	-1.184414e-02
1.365000e+01	2.040765e-04	5.027738e-03	-3.934796e-04	1.491251e-02	-1.348844e-02
1.370000e+01	-4.917397e-04	4.624039e-03	-1.135838e-03	1.222809e-02	-1.370882e-02
1.375000e+01	-8.183412e-04	4.239362e-03	-1.184450e-03	1.207058e-02	-1.191337e-02
1.380000e+01	-7.686110e-04	4.202099e-03	-7.550991e-04	1.143303e-02	-1.095971e-02
1.385000e+01	-4.700025e-04	4.611380e-03	-7.621153e-04	1.047454e-02	-1.058281e-02
1.390000e+01	-1.167950e-04	5.159573e-03	-3.298307e-04	1.521161e-02	-1.098196e-02
1.395000e+01	1.156916e-04	5.485986e-03	-2.784869e-05	1.865767e-02	-1.286005e-02
1.400000e+01	1.389180e-04	5.442427e-03	1.670947e-04	1.904654e-02	-1.367272e-02
1.405000e+01	-2.815985e-05	5.131892e-03	3.384137e-04	1.634576e-02	-1.584649e-02
1.410000e+01	-2.726278e-04	4.780711e-03	9.483392e-05	1.335614e-02	-1.650238e-02
1.415000e+01	-4.545395e-04	4.594849e-03	-3.721739e-04	1.280100e-02	-1.559453e-02
1.420000e+01	-4.705849e-04	4.576305e-03	-3.333307e-04	1.355483e-02	-1.361613e-02
1.425000e+01	-2.976668e-04	4.579578e-03	-2.560292e-04	1.335881e-02	-1.303800e-02
1.430000e+01	1.433012e-06	4.501437e-03	8.832512e-05	1.239557e-02	-1.317230e-02
1.435000e+01	3.091306e-04	4.354804e-03	4.344483e-04	1.229415e-02	-1.195669e-02
1.440000e+01	5.046882e-04	4.212393e-03	6.142586e-04	1.226814e-02	-1.263851e-02
1.445000e+01	5.134669e-04	4.121327e-03	6.649213e-04	1.273514e-02	-1.347341e-02
1.450000e+01	3.340362e-04	4.071179e-03	3.971641e-04	1.348189e-02	-1.239100e-02
1.455000e+01	3.420311e-05	4.023280e-03	-1.143880e-04	1.267201e-02	-1.002575e-02
1.460000e+01	-2.797131e-04	3.945973e-03	-6.576114e-04	1.235048e-02	-9.618035e-03
1.465000e+01	-5.057682e-04	3.830063e-03	-9.013098e-04	1.359617e-02	-1.000797e-02
1.470000e+01	-5.833165e-04	3.701050e-03	-8.010076e-04	1.362219e-02	-1.050609e-02
1.475000e+01	-5.098208e-04	3.623383e-03	-5.615118e-04	1.275127e-02	-1.062716e-02
1.480000e+01	-3.327928e-04	3.658984e-03	-3.972953e-04	1.077592e-02	-9.718422e-03
1.485000e+01	-1.228388e-04	3.791592e-03	-2.473125e-04	9.736241e-03	-1.039986e-02
1.490000e+01	5.859769e-05	3.916832e-03	5.414875e-06	1.120485e-02	-1.115260e-02
1.495000e+01	1.818390e-04	3.924145e-03	1.558151e-04	1.148499e-02	-1.152663e-02
1.500000e+01	2.523933e-04	3.776419e-03	1.828770e-04	1.125945e-02	-1.112433e-02
1.505000e+01	3.007872e-04	3.538887e-03	3.233295e-04	1.154984e-02	-9.915231e-03
1.510000e+01	3.409070e-04	3.316516e-03	4.217286e-04	1.008607e-02	-1.114538e-02
1.515000e+01	3.650309e-04	3.213552e-03	4.385311e-04	9.104415e-03	-1.121529e-02
1.520000e+01	3.426721e-04	3.271942e-03	2.413681e-04	9.210167e-03	-1.035592e-02
1.525000e+01	2.395535e-04	3.469896e-03	2.624045e-04	9.531532e-03	-1.196472e-02
1.530000e+01	4.430334e-05	3.743540e-03	2.768769e-05	9.500627e-03	-1.315344e-02
1.535000e+01	-2.119535e-04	4.001797e-03	-1.644901e-04	9.637096e-03	-1.350971e-02
1.540000e+01	-4.554713e-04	4.153727e-03	-5.109019e-04	9.230526e-03	-1.272828e-02
1.545000e+01	-5.926729e-04	4.152172e-03	-5.939288e-04	1.014536e-02	-1.132571e-02
1.550000e+01	-5.480163e-04	4.024082e-03	-6.086079e-04	1.045863e-02	-1.086714e-02
1.555000e+01	-3.007947e-04	3.857402e-03	-3.013599e-04	9.484497e-03	-1.056183e-02
1.560000e+01	9.647658e-05	3.738410e-03	1.165623e-04	8.792937e-03	-1.012131e-02
1.565000e+01	5.285979e-04	3.686283e-03	4.254203e-04	1.067502e-02	-9.704934e-03
1.570000e+01	8.555042e-04	3.660627e-03	6.915627e-04	1.195529e-02	-1.229608e-02
1.575000e+01	9.635395e-04	3.630124e-03	7.537245e-04	1.172374e-02	-1.360781e-02
1.580000e+01	8.096253e-04	3.610233e-03	8.031705e-04	1.138438e-02	-1.296150e-02
1.585000e+01	4.396919e-04	3.630802e-03	5.056146e-04	1.092434e-02	-1.066440e-02
1.590000e+01	-2.718075e-05	3.680644e-03	-4.539044e-05	1.064712e-02	-9.929409e-03
1.595000e+01	-4.433849e-04	3.700410e-03	-5.408805e-04	1.031881e-02	-1.043084e-02
1.600000e+01	-6.885366e-04	3.630202e-03	-7.682431e-04	9.705886e-03	-9.246136e-03
1.605000e+01	-7.144642e-04	3.460352e-03	-7.580630e-04	8.121998e-03	-9.418911e-03
1.610000e+01	-5.630792e-04	3.249448e-03	-6.390559e-04	9.822240e-03	-8.889358e-03
1.615000e+01	-3.375936e-04	3.100923e-03	-2.606774e-04	1.031019e-02	-8.983643e-03
1.620000e+01	-1.572636e-04	3.088531e-03	-2.275738e-04	9.324419e-03	-9.769096e-03
1.625000e+01	-1.053353e-04	3.189064e-03	-2.594321e-04	8.418412e-03	-1.044217e-02
1.630000e+01	-1.937873e-04	3.307608e-03	-2.806812e-04	9.577333e-03	-1.028236e-02
1.635000e+01	-3.595631e-04	3.359634e-03	-5.532845e-04	9.261838e-03	-9.135500e-03
1.640000e+01	-4.936257e-04	3.315719e-03	-5.383434e-04	7.945553e-03	-9.895775e-03
1.645000e+01	-4.903059e-04	3.192667e-03	-4.125676e-04	6.812243e-03	-9.324338e-03
1.650000e+01	-2.958951e-04	3.019805e-03	-1.545212e-04	8.803851e-03	-8.627192e-03
1.655000e+01	6.419214e-05	2.818174e-03	-7.814680e-07	9.528712e-03	-7.377607e-03
1.660000e+01	4.913153e-04	2.617876e-03	2.790987e-04	8.511359e-03	-6.963792e-03
1.665000e+01	8.503480e-04	2.488754e-03	7.984013e-04	7.469496e-03	-6.008067e-03
1.670000e+01	1.022219e-03	2.510539e-03	1.142692e-03	8.467238e-03	-5.649463e-03
1.675000e+01	9.507567e-04	2.671710e-03	9.582454e-04	8.209929e-03	-5.768789e-03
1.680000e+01	6.648255e-04	2.851661e-03	6.082150e-04	9.008301e-03	-7.892018e-03
1.685000e+01	2.670144e-04	2.930928e-03	2.287132e-04	8.613085e-03	-9.510618e-03
1.690000e+01	-1.062127e-04	2.884015e-03	-2.695934e-05	7.123230e-03	-9.827910e-03
1.695000e+01	-3.366126e-04	2.791996e-03	-2.081083e-04	6.454657e-03	-9.088473e-03
1.700000e+01	-3.677173e-04	2.768310e-03	-3.263774e-04	7.115509e-03	-8.989281e-03
1.705000e+01	-2.187207e-04	2.838633e-03	-2.069012e-04	9.257954e-03	-7.517231e-03
1.710000e+01	1.343006e-05	2.891461e-03	-1.031883e-04	1.020269e-02	-7.287350e-03
1.715000e+01	2.065310e-04	2.817441e-03	-1.323763e-06	9.875055e-03	-7.971398e-03
1.720000e+01	2.603301e-04	2.612501e-03	1.883362e-04	8.349269e-03	-8.093232e-03
1.725000e+01	1.355632e-04	2.402774e-03	9.273869e-05	6.842477e-03	-6.907043e-03
1.730000e+01	-1.328184e-04	2.368789e-03	-2.930556e-04	7.936039e-03	-8.443513e-03
1.735000e+01	-4.520523e-04	2.557355e-03	-5.196050e-04	8.651038e-03	-8.300242e-03
1.740000e+01	-7.094498e-04	2.822469e-03	-5.808784e-04	8.216800e-03	-9.882585e-03
1.745000e+01	-8.156244e-04	2.992488e-03	-6.724163e-04	6.977647e-03	-1.068118e-02
1.750000e+01	-7.359344e-04	2.985916e-03	-6.290763e-04	7.017058e-03	-9.906466e-03
1.755000e+01	-4.989590e-04	2.831313e-03	-5.449409e-04	8.724965e-03	-7.486712e-03
1.760000e+01	-1.807986e-04	2.651618e-03	-1.700203e-04	9.176533e-03	-8.660174e-03
1.765000e+01	1.263937e-04	2.591869e-03	3.249274e-04	8.754439e-03	-9.826167e-03
1.770000e+01	3.478967e-04	2.681960e-03	4.817896e-04	9.436815e-03	-9.499936e-03
1.775000e+01	4.488907e-04	2.800644e-03	4.339082e-04	8.351135e-03	-7.673943e-03
1.780000e+01	4.388122e-04	2.811104e-03	1.809495e-04	8.678234e-03	-6.705249e-03
1.785000e+01	3.586366e-04	2.679447e-03	9.983783e-05	8.735113e-03	-7.326845e-03
1.790000e+01	2.588561e-04	2.497924e-03	2.773753e-04	7.134911e-03	-6.674957e-03
1.795000e+01	1.785557e-04	2.414608e-03	2.777221e-04	6.190182e-03	-6.993284e-03
1.800000e+01	1.338941e-04	2.478699e-03	7.471020e-05	6.948731e-03	-6.588230e-03
1.805000e+01	1.218278e-04	2.588769e-03	1.378082e-04	7.055502e-03	-7.155329e-03
1.810000e+01	1.223547e-04	2.612019e-03	2.480505e-04	7.395972e-03	-7.060514e-03
1.815000e+01	1.166727e-04	2.521950e-03	2.044825e-04	7.748735e-03	-7.331806e-03
1.820000e+01	9.696370e-05	2.392406e-03	1.664124e-04	8.243684e-03	-6.998274e-03
1.825000e+01	6.841074e-05	2.312070e-03	-1.787698e-05	7.447790e-03	-6.433048e-03
1.830000e+01	4.312119e-05	2.287374e-03	-9.625084e-05	6.845088e-03	-6.848595e-03
1.835000e+01	3.025958e-05	2.250853e-03	-1.586769e-04	6.358267e-03	-6.583562e-03
1.840000e+01	2.833713e-05	2.158272e-03	-1.232627e-04	5.973384e-03	-5.889579e-03
1.845000e+01	2.413012e-05	2.042645e-03	-9.134955e-05	6.819205e-03	-5.717244e-03
1.850000e+01	-9.862435e-07	1.978376e-03	-1.247230e-04	7.199837e-03	-5.833533e-03
1.855000e+01	-6.048326e-05	1.994599e-03	-8.840187e-05	6.769385e-03	-5.721758e-03
1.860000e+01	-1.533970e-04	2.043171e-03	-1.335393e-04	5.791979e-03	-6.043490e-03
1.865000e+01	-2.613291e-04	2.062395e-03	-3.213751e-04	5.735170e-03	-6.464855e-03
1.870000e+01	-3.537391e-04	2.036457e-03	-3.740143e-04	6.060234e-03	-5.958001e-03
1.875000e+01	-3.995082e-04	1.994791e-03	-4.394813e-04	6.094976e-03	-6.291885e-03
1.880000e+01	-3.796429e-04	1.974778e-03	-4.669625e-04	5.990622e-03	-5.874001e-03
1.885000e+01	-2.953113e-04	1.986545e-03	-4.203527e-04	6.182905e-03	-5.986554e-03
1.890000e+01	-1.674911e-04	2.009522e-03	-1.962321e-04	5.734077e-03	-5.907388e-03
1.895000e+01	-2.837211e-05	2.015327e-03	-2.278012e-05	5.380514e-03	-6.054090e-03
1.900000e+01	9.152247e-05	1.990441e-03	2.904808e-05	5.303533e-03	-5.641102e-03
1.905000e+01	1.746838e-04	1.950217e-03	1.907774e-04	4.967314e-03	-5.759487e-03
1.910000e+01	2.218499e-04	1.923291e-03	2.228527e-04	5.303596e-03	-5.388989e-03
1.915000e+01	2.459623e-04	1.937527e-03	3.078663e-04	6.999490e-03	-6.114898e-03
1.920000e+01	2.631113e-04	1.984275e-03	2.310208e-04	7.829394e-03	-6.642391e-03
1.925000e+01	2.816836e-04	2.018924e-03	1.330529e-04	7.593633e-03	-6.871488e-03
1.930000e+01	2.962689e-04	1.998995e-03	1.287887e-04	6.723434e-03	-7.288213e-03
1.935000e+01	2.896429e-04	1.920482e-03	2.784098e-04	5.836951e-03	-6.353679e-03
1.940000e+01	2.421689e-04	1.823741e-03	1.818059e-04	5.502158e-03	-5.318775e-03
1.945000e+01	1.441848e-04	1.762379e-03	1.138648e-04	6.252835e-03	-5.143822e-03
1.950000e+01	5.176463e-06	1.755109e-03	5.760521e-05	5.920840e-03	-5.101774e-03
1.955000e+01	-1.453101e-04	1.774678e-03	-1.462266e-04	5.643428e-03	-5.978602e-03
1.960000e+01	-2.664285e-04	1.787386e-03	-3.010083e-04	5.170076e-03	-5.986425e-03
1.965000e+01	-3.213790e-04	1.785512e-03	-3.254781e-04	4.472688e-03	-6.031174e-03
1.970000e+01	-2.929429e-04	1.781125e-03	-2.004606e-04	4.522794e-03	-5.697598e-03
1.975000e+01	-1.922631e-04	1.782962e-03	-6.677255e-05	4.710098e-03	-5.412393e-03
1.980000e+01	-5.650513e-05	1.787873e-03	3.167747e-05	5.171848e-03	-5.620868e-03
1.985000e+01	6.431336e-05	1.790235e-03	3.924364e-06	5.304020e-03	-5.447015e-03
1.990000e+01	1.263190e-04	1.787014e-03	9.468449e-05	5.025711e-03	-4.851293e-03
1.995000e+01	1.089061e-04	1.770251e-03	9.261285e-05	4.970404e-03	-4.758690e-03
2.000000e+01	2.285386e-05	1.725872e-03	2.716377e-05	4.953374e-03	-4.937807e-03
