# k	<chi>	std	chi_median	chi_max	chi_min
0.000000e+00	1.661035e-02	3.422413e-01	0.000000e+00	1.186858e+00	-8.138163e-01
5.000000e-02	3.393123e-02	4.946989e-01	-1.509216e-01	1.190228e+00	-8.288069e-01
1.000000e-01	2.410069e-02	4.871246e-01	-1.622486e-01	1.177751e+00	-8.220693e-01
1.500000e-01	-6.114431e-03	4.636659e-01	-1.965528e-01	1.135414e+00	-8.011324e-01
2.000000e-01	-3.744265e-02	4.393136e-01	-2.232964e-01	1.086844e+00	-7.788230e-01
2.500000e-01	-9.100883e-02	3.973830e-01	-2.577465e-01	1.009719e+00	-7.898214e-01
3.000000e-01	-1.462628e-01	3.545133e-01	-2.805680e-01	9.373197e-01	-8.208285e-01
3.500000e-01	-2.231266e-01	2.959730e-01	-3.522677e-01	8.171889e-01	-8.577253e-01
4.000000e-01	-2.996499e-01	2.417467e-01	-4.081850e-01	6.761674e-01	-8.879761e-01
4.500000e-01	-3.914569e-01	1.890575e-01	-4.389991e-01	4.781550e-01	-9.138628e-01
5.000000e-01	-4.764751e-01	1.671807e-01	-4.695902e-01	2.626976e-01	-9.266090e-01
5.500000e-01	-5.636658e-01	1.873477e-01	-5.046951e-01	-1.122931e-03	-1.016500e+00
6.000000e-01	-6.334303e-01	2.334727e-01	-5.307637e-01	-2.039283e-01	-1.129329e+00
6.500000e-01	-6.876900e-01	2.880462e-01	-5.733783e-01	-1.649585e-01	-1.207168e+00
7.000000e-01	-7.132838e-01	3.312630e-01	-7.421547e-01	-1.379198e-01	-1.235199e+00
7.500000e-01	-7.073683e-01	3.594345e-01	-7.563062e-01	-1.097072e-01	-1.219333e+00
8.000000e-01	-6.676891e-01	3.667936e-01	-7.159603e-01	-9.647043e-02	-1.193912e+00
8.500000e-01	-5.909311e-01	3.535954e-01	-6.264498e-01	-9.968288e-02	-1.176026e+00
9.000000e-01	-4.882318e-01	3.244131e-01	-4.976559e-01	-3.130151e-02	-1.144597e+00
9.500000e-01	-3.601183e-01	2.831385e-01	-3.824182e-01	7.831487e-02	-1.030284e+00
1.000000e+00	-2.281858e-01	2.402652e-01	-2.786726e-01	1.719660e-01	-8.538829e-01
1.050000e+00	-9.723777e-02	2.006894e-01	-1.747783e-01	2.483362e-01	-6.318147e-01
1.100000e+00	9.750672e-03	1.701763e-01	-3.331207e-02	3.039922e-01	-4.047873e-01
1.150000e+00	8.766744e-02	1.456165e-01	8.378817e-02	3.233928e-01	-2.554619e-01
1.200000e+00	1.242438e-01	1.222706e-01	1.400679e-01	3.374359e-01	-2.044483e-01
1.250000e+00	1.202812e-01	9.587802e-02	1.313468e-01	3.136466e-01	-1.550425e-01
1.300000e+00	8.150725e-02	6.803764e-02	8.610310e-02	2.652894e-01	-1.339274e-01
1.350000e+00	1.710529e-02	4.519741e-02	1.925743e-02	2.151490e-01	-1.187566e-01
1.400000e+00	-5.323761e-02	3.745995e-02	-5.274979e-02	1.470707e-01	-1.610515e-01
1.450000e+00	-1.171365e-01	4.009696e-02	-1.229607e-01	6.890859e-02	-2.082492e-01
1.500000e+00	-1.554774e-01	4.007641e-02	-1.661222e-01	-2.798282e-03	-2.304644e-01
1.550000e+00	-1.625664e-01	4.086183e-02	-1.628160e-01	-3.341131e-02	-2.467702e-01
1.600000e+00	-1.344672e-01	5.504792e-02	-1.185934e-01	-1.154621e-04	-2.485633e-01
1.650000e+00	-7.769608e-02	8.253608e-02	-6.942779e-02	7.182017e-02	-2.217840e-01
1.700000e+00	-5.449187e-03	1.087719e-01	1.955055e-03	1.769945e-01	-1.696582e-01
1.750000e+00	6.931202e-02	1.265128e-01	7.866992e-02	2.646724e-01	-1.079834e-01
1.800000e+00	1.290938e-01	1.278252e-01	1.412702e-01	3.224209e-01	-5.046180e-02
1.850000e+00	1.672319e-01	1.140395e-01	1.805849e-01	3.444279e-01	-1.989919e-03
1.900000e+00	1.766830e-01	8.800482e-02	2.065550e-01	3.132032e-01	2.601534e-02
1.950000e+00	1.633919e-01	5.963938e-02	1.877829e-01	2.572183e-01	4.665053e-02
2.000000e+00	1.327375e-01	4.392975e-02	1.257644e-01	2.643541e-01	5.926165e-02
2.050000e+00	9.635072e-02	4.801919e-02	8.361307e-02	2.448689e-01	3.109333e-02
2.100000e+00	6.213967e-02	5.323704e-02	5.576175e-02	2.004541e-01	-2.607258e-02
2.150000e+00	3.648846e-02	4.770646e-02	3.972149e-02	1.416740e-01	-5.220458e-02
2.200000e+00	2.058295e-02	3.344186e-02	2.618449e-02	7.976896e-02	-5.313468e-02
2.250000e+00	8.274094e-03	1.979307e-02	1.368181e-02	4.620911e-02	-4.810202e-02
2.300000e+00	-4.181830e-05	1.408995e-02	2.874646e-03	3.373777e-02	-4.200249e-02
2.350000e+00	-5.585502e-03	1.483409e-02	-5.719938e-03	3.306597e-02	-4.896584e-02
2.400000e+00	-9.308981e-03	1.338225e-02	-9.189126e-03	2.542093e-02	-5.260151e-02
2.450000e+00	-1.053122e-02	1.131287e-02	-9.450455e-03	1.860223e-02	-5.053210e-02
2.500000e+00	-1.034486e-02	8.510002e-03	-8.888777e-03	9.822420e-03	-4.240585e-02
2.550000e+00	-8.992429e-03	7.883185e-03	-8.875806e-03	6.353619e-03	-3.066503e-02
2.600000e+00	-6.738593e-03	1.011518e-02	-9.106904e-03	1.064214e-02	-2.667372e-02
2.650000e+00	-5.055642e-03	1.310246e-02	-9.532436e-03	1.584342e-02	-2.841148e-02
2.700000e+00	-3.261318e-03	1.512535e-02	-7.569508e-03	2.009392e-02	-2.760229e-02
2.750000e+00	-1.689181e-03	1.561860e-02	-2.508079e-03	2.201386e-02	-2.524969e-02
2.800000e+00	-6.482775e-04	1.464251e-02	-3.244187e-04	2.339838e-02	-2.615510e-02
2.850000e+00	-1.004073e-03	1.307230e-02	-1.824750e-03	2.139958e-02	-2.592061e-02
2.900000e+00	-1.725315e-03	1.077022e-02	-1.684756e-03	1.664639e-02	-2.346030e-02
2.950000e+00	-2.653004e-03	8.477130e-03	-2.919790e-03	1.347743e-02	-1.974036e-02
3.000000e+00	-3.570930e-03	6.851898e-03	-4.414302e-03	1.335669e-02	-1.854692e-02
3.050000e+00	-4.268683e-03	5.854955e-03	-5.283913e-03	1.323952e-02	-2.216356e-02
3.100000e+00	-4.548134e-03	5.764236e-03	-4.374633e-03	1.316563e-02	-2.268057e-02
3.150000e+00	-4.418390e-03	5.789975e-03	-3.550857e-03	1.408517e-02	-2.167577e-02
3.200000e+00	-3.977614e-03	5.486777e-03	-3.120068e-03	1.352105e-02	-2.357087e-02
3.250000e+00	-3.617690e-03	4.902154e-03	-3.380586e-03	1.137067e-02	-2.378413e-02
3.300000e+00	-3.133709e-03	4.425648e-03	-3.279461e-03	8.176364e-03	-2.089918e-02
3.350000e+00	-2.526608e-03	4.621812e-03	-2.191261e-03	8.221670e-03	-1.568088e-02
3.400000e+00	-1.777816e-03	5.493518e-03	-1.301457e-03	9.621546e-03	-1.300073e-02
3.450000e+00	-8.533521e-04	6.637563e-03	-2.805047e-04	1.478628e-02	-1.463740e-02
3.500000e+00	4.026180e-04	7.296866e-03	2.464093e-04	1.843863e-02	-1.400063e-02
3.550000e+00	1.949341e-03	7.207011e-03	7.088055e-04	2.076826e-02	-1.254252e-02
3.600000e+00	3.675387e-03	6.477233e-03	3.419368e-03	1.999449e-02	-9.582592e-03
3.650000e+00	5.608067e-03	5.563145e-03	6.282919e-03	1.642233e-02	-1.142984e-02
3.700000e+00	7.249883e-03	5.445376e-03	8.556214e-03	1.940339e-02	-1.236911e-02
3.750000e+00	8.293295e-03	6.441781e-03	9.094580e-03	2.182102e-02	-1.199251e-02
3.800000e+00	8.449236e-03	7.693298e-03	9.132281e-03	2.246907e-02	-1.068786e-02
3.850000e+00	7.605677e-03	8.341583e-03	8.386640e-03	2.395180e-02	-1.018963e-02
3.900000e+00	5.501216e-03	8.106555e-03	5.875734e-03	2.192960e-02	-1.235832e-02
3.950000e+00	2.322370e-03	7.141296e-03	1.784329e-03	1.698032e-02	-1.298072e-02
4.000000e+00	-1.505615e-03	6.097772e-03	-2.787702e-03	1.074304e-02	-1.434346e-02
4.050000e+00	-5.626861e-03	5.953301e-03	-6.744587e-03	8.183364e-03	-1.709279e-02
4.100000e+00	-9.259846e-03	6.855182e-03	-9.230555e-03	5.301188e-03	-2.689241e-02
4.150000e+00	-1.173927e-02	7.759200e-03	-1.076703e-02	2.348710e-03	-3.303046e-02
4.200000e+00	-1.260493e-02	7.842101e-03	-1.205151e-02	2.763295e-03	-3.493195e-02
4.250000e+00	-1.202365e-02	7.091498e-03	-1.177863e-02	5.585136e-03	-3.331017e-02
4.300000e+00	-9.879273e-03	5.831000e-03	-1.026192e-02	8.380331e-03	-2.664395e-02
4.350000e+00	-6.667888e-03	5.730731e-03	-7.221457e-03	1.090274e-02	-2.165147e-02
4.400000e+00	-3.060196e-03	7.860200e-03	-2.160448e-03	1.946327e-02	-2.176850e-02
4.450000e+00	1.735013e-04	1.065979e-02	2.565676e-03	2.752511e-02	-2.151312e-02
4.500000e+00	2.734348e-03	1.309511e-02	6.230276e-03	3.250752e-02	-2.005008e-02
4.550000e+00	4.459948e-03	1.458250e-02	8.191696e-03	3.405617e-02	-1.962688e-02
4.600000e+00	5.513928e-03	1.499513e-02	9.362888e-03	3.242815e-02	-2.049658e-02
4.650000e+00	6.219665e-03	1.457435e-02	1.029071e-02	3.041103e-02	-2.005618e-02
4.700000e+00	7.080602e-03	1.377258e-02	1.258423e-02	2.847633e-02	-2.015676e-02
4.750000e+00	8.382317e-03	1.295974e-02	1.386328e-02	3.074765e-02	-1.893993e-02
4.800000e+00	1.012754e-02	1.230390e-02	1.492857e-02	3.235004e-02	-1.605907e-02
4.850000e+00	1.199273e-02	1.180340e-02	1.622534e-02	3.763885e-02	-1.251899e-02
4.900000e+00	1.349702e-02	1.139492e-02	1.648037e-02	4.658448e-02	-1.104614e-02
4.950000e+00	1.407754e-02	1.122167e-02	1.516548e-02	5.290005e-02	-9.569971e-03
5.000000e+00	1.332921e-02	1.161573e-02	1.254531e-02	5.581264e-02	-1.877917e-02
5.050000e+00	1.116564e-02	1.273179e-02	1.122011e-02	5.512001e-02	-2.866155e-02
5.100000e+00	7.870970e-03	1.429216e-02	9.772514e-03	5.062744e-02	-3.660156e-02
5.150000e+00	3.972883e-03	1.572354e-02	6.488129e-03	4.355408e-02	-4.039819e-02
5.200000e+00	9.187094e-05	1.658436e-02	5.201862e-04	3.897781e-02	-4.194042e-02
5.250000e+00	-3.266239e-03	1.683295e-02	-4.185546e-03	3.834281e-02	-4.373609e-02
5.300000e+00	-5.854324e-03	1.689351e-02	-1.068853e-02	3.975543e-02	-4.090519e-02
5.350000e+00	-7.775567e-03	1.725472e-02	-1.197140e-02	3.812053e-02	-3.673634e-02
5.400000e+00	-9.382375e-03	1.800645e-02	-1.320152e-02	3.287676e-02	-4.034330e-02
5.450000e+00	-1.103269e-02	1.873878e-02	-1.438319e-02	2.401416e-02	-4.469126e-02
5.500000e+00	-1.304619e-02	1.921889e-02	-1.587331e-02	2.374634e-02	-4.872336e-02
5.550000e+00	-1.541398e-02	1.951207e-02	-1.828624e-02	2.960305e-02	-5.134564e-02
5.600000e+00	-1.778285e-02	1.980973e-02	-2.201449e-02	3.358735e-02	-5.520257e-02
5.650000e+00	-1.946331e-02	1.987192e-02	-2.637603e-02	3.457484e-02	-5.679504e-02
5.700000e+00	-1.985607e-02	1.922783e-02	-2.654982e-02	3.197150e-02	-5.663200e-02
5.750000e+00	-1.845212e-02	1.742208e-02	-2.292338e-02	3.041339e-02	-5.484768e-02
5.800000e+00	-1.508009e-02	1.474600e-02	-1.632740e-02	2.833011e-02	-5.167597e-02
5.850000e+00	-9.908847e-03	1.266915e-02	-8.923191e-03	2.405365e-02	-4.964334e-02
5.900000e+00	-3.616427e-03	1.325435e-02	-1.853538e-03	2.384271e-02	-4.470713e-02
5.950000e+00	3.009296e-03	1.611445e-02	4.921564e-03	3.642588e-02	-4.026304e-02
6.000000e+00	9.192774e-03	1.920311e-02	1.338066e-02	4.824404e-02	-3.287710e-02
6.050000e+00	1.432338e-02	2.123735e-02	2.051942e-02	5.517673e-02	-2.682870e-02
6.100000e+00	1.801524e-02	2.202646e-02	2.769992e-02	5.575871e-02	-2.511116e-02
6.150000e+00	2.019547e-02	2.191185e-02	3.058763e-02	5.568397e-02	-2.289711e-02
6.200000e+00	2.096243e-02	2.139590e-02	3.106028e-02	5.349616e-02	-2.495346e-02
6.250000e+00	2.047487e-02	2.083667e-02	2.833372e-02	5.880492e-02	-2.942582e-02
6.300000e+00	1.887386e-02	2.031017e-02	2.411916e-02	6.225136e-02	-3.318300e-02
6.350000e+00	1.626805e-02	1.965093e-02	1.895782e-02	6.065716e-02	-3.576720e-02
6.400000e+00	1.277835e-02	1.861841e-02	1.387999e-02	5.485096e-02	-3.676569e-02
6.450000e+00	8.606741e-03	1.712607e-02	9.456858e-03	4.615839e-02	-3.797242e-02
6.500000e+00	4.081384e-03	1.544977e-02	4.647908e-03	4.468452e-02	-4.329682e-02
6.550000e+00	-3.686263e-04	1.418711e-02	-1.037665e-03	4.564444e-02	-4.559004e-02
6.600000e+00	-4.257004e-03	1.399550e-02	-5.464171e-03	4.687069e-02	-4.436130e-02
6.650000e+00	-7.232437e-03	1.471987e-02	-8.596842e-03	4.665549e-02	-4.572543e-02
6.700000e+00	-9.162471e-03	1.564487e-02	-9.941182e-03	4.334500e-02	-5.230484e-02
6.750000e+00	-1.018621e-02	1.626761e-02	-9.405458e-03	3.665970e-02	-5.281693e-02
6.800000e+00	-1.067116e-02	1.661381e-02	-9.601511e-03	2.865527e-02	-5.206766e-02
6.850000e+00	-1.107905e-02	1.708919e-02	-1.057362e-02	3.635008e-02	-4.993523e-02
6.900000e+00	-1.178396e-02	1.813330e-02	-1.324872e-02	4.326244e-02	-4.777320e-02
6.950000e+00	-1.290985e-02	1.988596e-02	-1.624729e-02	4.654547e-02	-4.608582e-02
7.000000e+00	-1.425179e-02	2.207719e-02	-2.000210e-02	4.997912e-02	-4.813678e-02
7.050000e+00	-1.527974e-02	2.411692e-02	-2.513957e-02	5.840755e-02	-5.329027e-02
7.100000e+00	-1.539777e-02	2.540818e-02	-2.621900e-02	6.157014e-02	-5.650142e-02
7.150000e+00	-1.405724e-02	2.547084e-02	-2.289976e-02	5.872141e-02	-5.702662e-02
7.200000e+00	-1.099137e-02	2.416523e-02	-1.618620e-02	5.017000e-02	-5.674453e-02
7.250000e+00	-6.333004e-03	2.180160e-02	-6.435944e-03	4.804189e-02	-5.325597e-02
7.300000e+00	-6.047485e-04	1.912049e-02	2.559128e-03	4.412747e-02	-5.161104e-02
7.350000e+00	5.414218e-03	1.707751e-02	6.968435e-03	3.742072e-02	-4.632503e-02
7.400000e+00	1.089698e-02	1.633430e-02	1.206188e-02	4.408480e-02	-3.899362e-02
7.450000e+00	1.518019e-02	1.676190e-02	1.842646e-02	4.955016e-02	-3.070511e-02
7.500000e+00	1.790729e-02	1.769720e-02	2.371806e-02	5.220006e-02	-2.982435e-02
7.550000e+00	1.899512e-02	1.856141e-02	2.438354e-02	5.399826e-02	-3.393636e-02
7.600000e+00	1.874266e-02	1.921201e-02	2.462463e-02	5.419585e-02	-4.441302e-02
7.650000e+00	1.753249e-02	1.973705e-02	2.333709e-02	5.140080e-02	-5.141006e-02
7.700000e+00	1.570546e-02	2.026814e-02	2.121272e-02	4.600845e-02	-5.318405e-02
7.750000e+00	1.345350e-02	2.077420e-02	1.874248e-02	4.781352e-02	-4.885340e-02
7.800000e+00	1.080051e-02	2.102912e-02	1.527745e-02	4.734476e-02	-4.159892e-02
7.850000e+00	7.668683e-03	2.077648e-02	1.132284e-02	4.495721e-02	-4.279195e-02
7.900000e+00	3.993604e-03	1.993998e-02	7.738718e-03	4.287203e-02	-4.260860e-02
7.950000e+00	-1.659450e-04	1.874132e-02	2.896528e-03	3.780852e-02	-4.102449e-02
8.000000e+00	-4.571952e-03	1.768334e-02	-2.746907e-03	3.726700e-02	-4.519305e-02
8.050000e+00	-8.836705e-03	1.730831e-02	-7.750510e-03	4.027371e-02	-5.438153e-02
8.100000e+00	-1.247252e-02	1.790467e-02	-1.428087e-02	4.459053e-02	-5.984079e-02
8.150000e+00	-1.507268e-02	1.905927e-02	-1.918962e-02	4.805116e-02	-6.017484e-02
8.200000e+00	-1.640392e-02	1.997579e-02	-2.125409e-02	4.852980e-02	-5.497285e-02
8.250000e+00	-1.646167e-02	2.002405e-02	-2.156260e-02	4.337959e-02	-5.634703e-02
8.300000e+00	-1.545095e-02	1.917852e-02	-1.918198e-02	4.138956e-02	-5.563298e-02
8.350000e+00	-1.370427e-02	1.821473e-02	-1.720526e-02	4.516049e-02	-4.799084e-02
8.400000e+00	-1.157034e-02	1.829379e-02	-1.319765e-02	4.592151e-02	-4.834556e-02
8.450000e+00	-9.315005e-03	1.972057e-02	-1.230172e-02	4.402969e-02	-5.458742e-02
8.500000e+00	-7.066677e-03	2.148890e-02	-9.508493e-03	3.978041e-02	-5.636814e-02
8.550000e+00	-4.808865e-03	2.239821e-02	-6.615299e-03	3.959852e-02	-5.621405e-02
8.600000e+00	-2.462450e-03	2.202616e-02	-4.240390e-03	4.626140e-02	-5.769109e-02
8.650000e+00	7.846694e-05	2.078433e-02	-1.213187e-03	4.794552e-02	-6.043425e-02
8.700000e+00	2.860639e-03	1.944978e-02	3.063720e-03	4.767997e-02	-5.595164e-02
8.750000e+00	5.830321e-03	1.842762e-02	6.312455e-03	4.846496e-02	-4.523821e-02
8.800000e+00	8.829330e-03	1.743989e-02	8.733190e-03	5.482060e-02	-3.510904e-02
8.850000e+00	1.162175e-02	1.604798e-02	1.046105e-02	5.790388e-02	-2.793405e-02
8.900000e+00	1.393656e-02	1.430063e-02	1.258489e-02	5.343257e-02	-2.619545e-02
8.950000e+00	1.551188e-02	1.284998e-02	1.598872e-02	4.614797e-02	-2.267428e-02
9.000000e+00	1.613283e-02	1.247061e-02	1.864290e-02	4.134135e-02	-2.452652e-02
9.050000e+00	1.566196e-02	1.333540e-02	1.829257e-02	3.929061e-02	-2.792663e-02
9.100000e+00	1.405826e-02	1.492603e-02	1.619148e-02	4.385535e-02	-3.067331e-02
9.150000e+00	1.140904e-02	1.664088e-02	1.409693e-02	4.486313e-02	-3.234880e-02
9.200000e+00	7.926049e-03	1.801093e-02	1.174736e-02	4.149769e-02	-3.584929e-02
9.250000e+00	3.935115e-03	1.873769e-02	8.586793e-03	3.764695e-02	-4.145950e-02
9.300000e+00	-1.582249e-04	1.881568e-02	4.698496e-03	3.248961e-02	-5.260056e-02
9.350000e+00	-3.929748e-03	1.856392e-02	1.654020e-04	3.406671e-02	-6.020911e-02
9.400000e+00	-7.016029e-03	1.834210e-02	-4.592463e-03	3.509746e-02	-6.256414e-02
9.450000e+00	-9.192597e-03	1.811816e-02	-8.416696e-03	3.549028e-02	-5.932602e-02
9.500000e+00	-1.042474e-02	1.744742e-02	-1.023325e-02	3.557230e-02	-5.171223e-02
9.550000e+00	-1.088816e-02	1.596911e-02	-1.153717e-02	3.340436e-02	-4.562022e-02
9.600000e+00	-1.084943e-02	1.389530e-02	-1.318388e-02	2.919844e-02	-4.138877e-02
9.650000e+00	-1.062767e-02	1.214686e-02	-1.280306e-02	2.786010e-02	-4.070275e-02
9.700000e+00	-1.046109e-02	1.176075e-02	-1.088349e-02	3.103263e-02	-4.108039e-02
9.750000e+00	-1.041663e-02	1.272808e-02	-9.973412e-03	3.210827e-02	-3.934855e-02
9.800000e+00	-1.035830e-02	1.417867e-02	-9.679270e-03	3.131844e-02	-4.423678e-02
9.850000e+00	-9.990234e-03	1.551803e-02	-9.702668e-03	2.900762e-02	-4.387766e-02
9.900000e+00	-8.963923e-03	1.656918e-02	-1.046751e-02	3.168822e-02	-4.457377e-02
9.950000e+00	-7.014514e-03	1.720668e-02	-1.019612e-02	3.396772e-02	-4.116569e-02
1.000000e+01	-4.078419e-03	1.723081e-02	-7.417046e-03	3.841273e-02	-4.115128e-02
1.005000e+01	-3.279284e-04	1.656218e-02	-3.223728e-03	4.107985e-02	-4.008065e-02
1.010000e+01	3.793793e-03	1.540961e-02	2.524028e-03	4.191747e-02	-3.844397e-02
1.015000e+01	7.733361e-03	1.422413e-02	7.538982e-03	4.495160e-02	-3.405707e-02
1.020000e+01	1.095615e-02	1.332649e-02	1.268059e-02	4.489264e-02	-2.922551e-02
1.025000e+01	1.308430e-02	1.261841e-02	1.603040e-02	4.239884e-02	-2.966361e-02
1.030000e+01	1.398038e-02	1.178399e-02	1.635258e-02	3.956407e-02	-2.766051e-02
1.035000e+01	1.375086e-02	1.071788e-02	1.529871e-02	3.893506e-02	-2.440660e-02
1.040000e+01	1.267332e-02	9.674757e-03	1.389964e-02	3.750062e-02	-2.153015e-02
1.045000e+01	1.107902e-02	9.054582e-03	1.205584e-02	3.524675e-02	-2.213125e-02
1.050000e+01	9.237160e-03	9.047557e-03	1.067347e-02	3.005550e-02	-2.232472e-02
1.055000e+01	7.283645e-03	9.551735e-03	8.561078e-03	3.023205e-02	-2.167930e-02
1.060000e+01	5.217569e-03	1.039728e-02	6.511161e-03	3.093789e-02	-2.042761e-02
1.065000e+01	2.960575e-03	1.143288e-02	4.447841e-03	3.008455e-02	-2.843869e-02
1.070000e+01	4.494457e-04	1.244319e-02	2.214553e-03	2.769677e-02	-3.551218e-02
1.075000e+01	-2.279849e-03	1.314753e-02	-1.254661e-04	2.655438e-02	-4.058162e-02
1.080000e+01	-5.053562e-03	1.330542e-02	-3.070748e-03	2.449684e-02	-4.509037e-02
1.085000e+01	-7.584379e-03	1.282338e-02	-5.868215e-03	2.761352e-02	-4.538033e-02
1.090000e+01	-9.549834e-03	1.181840e-02	-8.726535e-03	2.841604e-02	-4.060971e-02
1.095000e+01	-1.069432e-02	1.063904e-02	-1.078872e-02	2.523277e-02	-3.691851e-02
1.100000e+01	-1.091464e-02	9.785723e-03	-1.140699e-02	2.063783e-02	-3.374887e-02
1.105000e+01	-1.031695e-02	9.610379e-03	-1.076506e-02	1.894420e-02	-3.189724e-02
1.110000e+01	-9.118908e-03	9.933608e-03	-9.276652e-03	1.979485e-02	-3.143328e-02
1.115000e+01	-7.641841e-03	1.026844e-02	-8.067487e-03	2.175435e-02	-3.420310e-02
1.120000e+01	-6.177758e-03	1.027209e-02	-6.941941e-03	2.636540e-02	-3.437120e-02
1.125000e+01	-4.897827e-03	9.935354e-03	-5.771555e-03	2.633195e-02	-3.156963e-02
1.130000e+01	-3.809674e-03	9.479767e-03	-4.369626e-03	2.283020e-02	-2.714421e-02
1.135000e+01	-2.777403e-03	9.113460e-03	-2.695539e-03	1.820800e-02	-2.603569e-02
1.140000e+01	-1.594675e-03	8.866560e-03	-1.341281e-03	2.374599e-02	-2.337406e-02
1.145000e+01	-8.214685e-05	8.695091e-03	2.978452e-04	2.735960e-02	-2.475280e-02
1.150000e+01	1.827011e-03	8.680328e-03	2.363156e-03	2.598120e-02	-2.510370e-02
1.155000e+01	4.043811e-03	8.981010e-03	5.060406e-03	2.980846e-02	-2.341595e-02
1.160000e+01	6.335903e-03	9.552689e-03	7.332640e-03	3.358125e-02	-2.045270e-02
1.165000e+01	8.388840e-03	1.006291e-02	9.519840e-03	3.456977e-02	-2.518046e-02
1.170000e+01	9.892590e-03	1.013687e-02	1.154945e-02	3.189543e-02	-2.779375e-02
1.175000e+01	1.062284e-02	9.618076e-03	1.217141e-02	2.896126e-02	-2.668438e-02
1.180000e+01	1.049124e-02	8.685594e-03	1.190085e-02	2.824094e-02	-2.343232e-02
1.185000e+01	9.551917e-03	7.833665e-03	1.069613e-02	2.452218e-02	-1.866355e-02
1.190000e+01	7.968285e-03	7.600926e-03	8.856912e-03	2.351017e-02	-1.247850e-02
1.195000e+01	5.956990e-03	8.035994e-03	6.724153e-03	2.447842e-02	-1.931902e-02
1.200000e+01	3.731519e-03	8.645936e-03	4.810812e-03	2.478308e-02	-2.333247e-02
1.205000e+01	1.454817e-03	8.965239e-03	2.589796e-03	2.331930e-02	-2.476768e-02
1.210000e+01	-7.515565e-04	8.800429e-03	3.425305e-04	2.001679e-02	-2.457173e-02
1.215000e+01	-2.802472e-03	8.309350e-03	-1.944508e-03	2.190689e-02	-2.507507e-02
1.220000e+01	-4.626202e-03	7.852442e-03	-4.504058e-03	2.187641e-02	-2.463712e-02
1.225000e+01	-6.143870e-03	7.718066e-03	-6.547933e-03	1.973387e-02	-2.261415e-02
1.230000e+01	-7.264789e-03	7.858887e-03	-7.912946e-03	1.821310e-02	-2.322185e-02
1.235000e+01	-7.900936e-03	7.982050e-03	-8.772794e-03	1.699225e-02	-2.488702e-02
1.240000e+01	-7.994387e-03	7.854080e-03	-8.520143e-03	1.418436e-02	-2.636474e-02
1.245000e+01	-7.545198e-03	7.447421e-03	-8.045497e-03	1.248495e-02	-2.645929e-02
1.250000e+01	-6.626419e-03	6.902491e-03	-7.115497e-03	1.431296e-02	-2.426103e-02
1.255000e+01	-5.377685e-03	6.416082e-03	-5.494966e-03	1.444194e-02	-2.031459e-02
1.260000e+01	-3.977128e-03	6.130796e-03	-4.270472e-03	1.421651e-02	-1.960035e-02
1.265000e+01	-2.599723e-03	6.073394e-03	-2.953536e-03	1.602655e-02	-1.825147e-02
1.270000e+01	-1.375532e-03	6.164259e-03	-1.684118e-03	1.683028e-02	-1.714655e-02
1.275000e+01	-3.616332e-04	6.280754e-03	-8.277711e-04	1.641456e-02	-1.759159e-02
1.280000e+01	4.630259e-04	6.333900e-03	-3.285353e-05	1.702734e-02	-1.564919e-02
1.285000e+01	1.178351e-03	6.314646e-03	7.394610e-04	1.972904e-02	-1.597180e-02
1.290000e+01	1.885903e-03	6.272270e-03	1.388610e-03	2.142386e-02	-1.586090e-02
1.295000e+01	2.665951e-03	6.233477e-03	2.302621e-03	2.170516e-02	-1.473122e-02
1.300000e+01	3.542435e-03	6.150352e-03	3.394188e-03	2.025972e-02	-1.528096e-02
1.305000e+01	4.481774e-03	5.966157e-03	4.601283e-03	1.816231e-02	-1.705097e-02
1.310000e+01	5.350039e-03	5.677901e-03	5.632574e-03	1.906048e-02	-1.672358e-02
1.315000e+01	5.995746e-03	5.429564e-03	6.229961e-03	2.021122e-02	-1.463580e-02
1.320000e+01	6.271762e-03	5.404271e-03	6.530259e-03	2.172927e-02	-1.176808e-02
1.325000e+01	6.074542e-03	5.665616e-03	6.751652e-03	2.252905e-02	-1.361928e-02
1.330000e+01	5.372421e-03	6.118587e-03	6.125385e-03	2.497212e-02	-1.467364e-02
1.335000e+01	4.215800e-03	6.613163e-03	4.850580e-03	2.458001e-02	-1.927174e-02
1.340000e+01	2.727308e-03	7.011088e-03	3.351563e-03	2.133729e-02	-2.185916e-02
1.345000e+01	1.075415e-03	7.187618e-03	1.654594e-03	1.581564e-02	-2.193041e-02
1.350000e+01	-5.608392e-04	7.054281e-03	2.151931e-04	1.721926e-02	-2.005242e-02
1.355000e+01	-2.026399e-03	6.624525e-03	-9.652843e-04	1.645124e-02	-2.032465e-02
1.360000e+01	-3.215128e-03	6.069217e-03	-2.598038e-03	1.808496e-02	-2.074013e-02
1.365000e+01	-4.079423e-03	5.673531e-03	-4.126164e-03	1.856997e-02	-1.935778e-02
1.370000e+01	-4.623518e-03	5.624449e-03	-4.794032e-03	1.666329e-02	-1.854344e-02
1.375000e+01	-4.884449e-03	5.812760e-03	-5.067484e-03	1.646173e-02	-1.906602e-02
1.380000e+01	-4.908230e-03	5.967521e-03	-5.180784e-03	1.679487e-02	-2.103950e-02
1.385000e+01	-4.729886e-03	5.913647e-03	-5.016974e-03	1.484924e-02	-2.058510e-02
1.390000e+01	-4.364141e-03	5.654625e-03	-4.932219e-03	1.400277e-02	-1.769088e-02
1.395000e+01	-3.809341e-03	5.316164e-03	-4.364332e-03	1.674375e-02	-1.633352e-02
1.400000e+01	-3.062063e-03	5.040435e-03	-3.453733e-03	1.764330e-02	-1.447651e-02
1.405000e+01	-2.140429e-03	4.902488e-03	-2.206301e-03	1.682077e-02	-1.603088e-02
1.410000e+01	-1.077617e-03	4.847853e-03	-9.288549e-04	1.459897e-02	-1.817741e-02
1.415000e+01	5.045638e-05	4.779452e-03	1.134843e-04	1.319909e-02	-1.812459e-02
1.420000e+01	1.141316e-03	4.631334e-03	1.354647e-03	1.492548e-02	-1.593120e-02
1.425000e+01	2.085064e-03	4.430490e-03	2.160892e-03	1.580854e-02	-1.215547e-02
1.430000e+01	2.789479e-03	4.303501e-03	2.636825e-03	1.510607e-02	-9.171465e-03
1.435000e+01	3.202816e-03	4.378051e-03	3.134841e-03	1.515472e-02	-1.032340e-02
1.440000e+01	3.326066e-03	4.625120e-03	3.595546e-03	1.521053e-02	-1.246910e-02
1.445000e+01	3.209690e-03	4.856244e-03	3.510668e-03	1.507022e-02	-1.452988e-02
1.450000e+01	2.935349e-03	4.888505e-03	3.133184e-03	1.673932e-02	-1.485091e-02
1.455000e+01	2.588900e-03	4.679983e-03	2.680000e-03	1.794519e-02	-1.354100e-02
1.460000e+01	2.234445e-03	4.366831e-03	2.437719e-03	1.835661e-02	-1.106979e-02
1.465000e+01	1.898922e-03	4.187572e-03	1.983923e-03	1.780497e-02	-1.453429e-02
1.470000e+01	1.572418e-03	4.272656e-03	1.898937e-03	1.657780e-02	-1.750274e-02
1.475000e+01	1.222917e-03	4.500894e-03	1.564905e-03	1.432312e-02	-1.908347e-02
1.480000e+01	8.184008e-04	4.650355e-03	1.146862e-03	1.560897e-02	-1.890289e-02
1.485000e+01	3.465524e-04	4.601908e-03	6.900544e-04	1.565949e-02	-1.679007e-02
1.490000e+01	-1.759346e-04	4.394757e-03	-7.114156e-05	1.438644e-02	-1.683306e-02
1.495000e+01	-7.074074e-04	4.174021e-03	-7.991026e-04	1.201870e-02	-1.469383e-02
1.500000e+01	-1.195630e-03	4.073078e-03	-1.235737e-03	1.009951e-02	-1.515097e-02
1.505000e+01	-1.606006e-03	4.116374e-03	-1.672570e-03	1.090897e-02	-1.509504e-02
1.510000e+01	-1.900992e-03	4.210934e-03	-2.026414e-03	1.120882e-02	-1.399058e-02
1.515000e+01	-2.074744e-03	4.289069e-03	-2.346964e-03	1.192879e-02	-1.436397e-02
1.520000e+01	-2.141658e-03	4.354671e-03	-2.535783e-03	1.226804e-02	-1.369719e-02
1.525000e+01	-2.125183e-03	4.427679e-03	-2.224477e-03	1.205613e-02	-1.330836e-02
1.530000e+01	-2.044440e-03	4.469563e-03	-1.861599e-03	1.148980e-02	-1.501684e-02
1.535000e+01	-1.904710e-03	4.393598e-03	-1.891045e-03	1.381623e-02	-1.488322e-02
1.540000e+01	-1.695961e-03	4.153066e-03	-1.818988e-03	1.483091e-02	-1.262413e-02
1.545000e+01	-1.400018e-03	3.819095e-03	-1.546089e-03	1.406062e-02	-1.328384e-02
1.550000e+01	-1.003175e-03	3.573215e-03	-1.027991e-03	1.177683e-02	-1.311915e-02
1.555000e+01	-5.087225e-04	3.563049e-03	-6.401904e-04	9.478337e-03	-1.250884e-02
1.560000e+01	5.611387e-05	3.734507e-03	-5.811587e-05	1.072248e-02	-1.260974e-02
1.565000e+01	6.419337e-04	3.905409e-03	5.278041e-04	1.162469e-02	-1.403980e-02
1.570000e+01	1.187113e-03	3.960039e-03	1.133004e-03	1.209073e-02	-1.372900e-02
1.575000e+01	1.632146e-03	3.916107e-03	2.040888e-03	1.061753e-02	-1.159417e-02
1.580000e+01	1.933009e-03	3.868848e-03	2.300005e-03	1.104111e-02	-8.971712e-03
1.585000e+01	2.068949e-03	3.884209e-03	2.410724e-03	1.055663e-02	-9.514711e-03
1.590000e+01	2.042710e-03	3.933789e-03	2.286995e-03	1.167174e-02	-9.610161e-03
1.595000e+01	1.874508e-03	3.933717e-03	1.970022e-03	1.301207e-02	-1.233576e-02
1.600000e+01	1.593395e-03	3.825559e-03	1.626689e-03	1.414216e-02	-1.349566e-02
1.605000e+01	1.233313e-03	3.630337e-03	1.077032e-03	1.569482e-02	-1.302537e-02
1.610000e+01	8.206063e-04	3.409315e-03	6.273145e-04	1.464134e-02	-1.113603e-02
1.615000e+01	3.833190e-04	3.254949e-03	3.292809e-04	1.166130e-02	-8.624965e-03
1.620000e+01	-4.872759e-05	3.221908e-03	-1.224834e-04	1.137986e-02	-7.770376e-03
1.625000e+01	-4.419095e-04	3.295936e-03	-5.685325e-04	1.115407e-02	-8.051995e-03
1.630000e+01	-7.608875e-04	3.419825e-03	-8.488087e-04	1.055630e-02	-8.816928e-03
1.635000e+01	-9.752757e-04	3.538217e-03	-1.120155e-03	9.407879e-03	-9.365891e-03
1.640000e+01	-1.068596e-03	3.613888e-03	-1.132949e-03	9.344447e-03	-1.095047e-02
1.645000e+01	-1.045448e-03	3.620173e-03	-9.502708e-04	9.994546e-03	-1.182537e-02
1.650000e+01	-9.329592e-04	3.537006e-03	-7.306072e-04	9.503602e-03	-1.110912e-02
1.655000e+01	-7.746774e-04	3.364418e-03	-6.862209e-04	8.120419e-03	-9.968532e-03
1.660000e+01	-6.182512e-04	3.143166e-03	-6.290367e-04	7.221591e-03	-9.038387e-03
1.665000e+01	-5.010576e-04	2.955036e-03	-4.390637e-04	8.013886e-03	-8.231815e-03
1.670000e+01	-4.391339e-04	2.875957e-03	-2.263631e-04	7.995994e-03	-8.504570e-03
1.675000e+01	-4.236914e-04	2.906006e-03	-2.221904e-04	8.805807e-03	-9.435558e-03
1.680000e+01	-4.265634e-04	2.967331e-03	-4.175891e-04	9.983836e-03	-9.166323e-03
1.685000e+01	-4.123875e-04	2.980396e-03	-4.035845e-04	1.049628e-02	-9.946375e-03
1.690000e+01	-3.526475e-04	2.925353e-03	-3.728269e-04	9.947811e-03	-9.990603e-03
1.695000e+01	-2.360710e-04	2.846708e-03	-2.571135e-04	8.476678e-03	-9.287090e-03
1.700000e+01	-7.154082e-05	2.812728e-03	-8.853286e-05	7.347499e-03	-8.880457e-03
1.705000e+01	1.177821e-04	2.857753e-03	1.202149e-04	7.428997e-03	-8.663985e-03
1.710000e+01	3.056328e-04	2.951324e-03	2.623444e-04	8.459110e-03	-7.938673e-03
1.715000e+01	4.698212e-04	3.029977e-03	5.386155e-04	8.744256e-03	-7.680561e-03
1.720000e+01	6.005310e-04	3.045805e-03	6.197093e-04	8.428100e-03	-8.430991e-03
1.725000e+01	6.999065e-04	2.993132e-03	8.195015e-04	8.185451e-03	-8.158182e-03
1.730000e+01	7.754079e-04	2.905134e-03	9.193578e-04	8.604098e-03	-7.946312e-03
1.735000e+01	8.305746e-04	2.827018e-03	9.334075e-04	8.897378e-03	-8.105893e-03
1.740000e+01	8.580886e-04	2.782300e-03	1.023019e-03	8.937810e-03	-7.572664e-03
1.745000e+01	8.390200e-04	2.761942e-03	8.328715e-04	9.979725e-03	-7.333865e-03
1.750000e+01	7.493057e-04	2.746095e-03	7.276028e-04	9.758650e-03	-8.053467e-03
1.755000e+01	5.711227e-04	2.727615e-03	6.173896e-04	8.399176e-03	-7.593946e-03
1.760000e+01	3.043655e-04	2.709382e-03	3.369748e-04	8.001381e-03	-6.542715e-03
1.765000e+01	-2.696794e-05	2.687312e-03	-1.073758e-04	8.184431e-03	-7.576943e-03
1.770000e+01	-3.768486e-04	2.650601e-03	-4.752783e-04	7.660530e-03	-8.358854e-03
1.775000e+01	-6.877798e-04	2.604068e-03	-8.323331e-04	7.454740e-03	-8.125426e-03
1.780000e+01	-9.064583e-04	2.580245e-03	-9.271616e-04	7.261655e-03	-8.538054e-03
1.785000e+01	-9.990180e-04	2.611917e-03	-8.585589e-04	6.285418e-03	-8.571608e-03
1.790000e+01	-9.604022e-04	2.687290e-03	-7.863453e-04	6.159110e-03	-8.241225e-03
1.795000e+01	-8.145925e-04	2.748560e-03	-6.691921e-04	6.752709e-03	-7.597279e-03
1.800000e+01	-6.058282e-04	2.739043e-03	-5.830718e-04	7.546508e-03	-8.802431e-03
1.805000e+01	-3.857963e-04	2.648122e-03	-4.519674e-04	7.445541e-03	-9.491555e-03
1.810000e+01	-1.951303e-04	2.508071e-03	-2.351860e-04	6.967072e-03	-8.719256e-03
1.815000e+01	-5.568176e-05	2.383794e-03	-4.666553e-05	7.216816e-03	-6.874681e-03
1.820000e+01	3.327300e-05	2.333032e-03	-9.179967e-06	8.170719e-03	-7.178311e-03
1.825000e+01	8.969488e-05	2.375366e-03	9.465164e-05	8.338195e-03	-7.073043e-03
1.830000e+01	1.382736e-04	2.484841e-03	1.273166e-04	7.710013e-03	-7.089491e-03
1.835000e+01	1.992030e-04	2.606002e-03	2.076922e-04	6.306993e-03	-7.684199e-03
1.840000e+01	2.804054e-04	2.679549e-03	2.860327e-04	6.639665e-03	-7.864688e-03
1.845000e+01	3.755301e-04	2.668239e-03	4.369108e-04	6.922600e-03	-8.046575e-03
1.850000e+01	4.675600e-04	2.574929e-03	5.496619e-04	6.705580e-03	-8.342581e-03
1.855000e+01	5.357903e-04	2.441688e-03	6.927141e-04	6.821300e-03	-7.948166e-03
1.860000e+01	5.630624e-04	2.323906e-03	6.722412e-04	7.174993e-03	-7.275551e-03
1.865000e+01	5.406284e-04	2.253563e-03	5.627193e-04	7.267595e-03	-6.766490e-03
1.870000e+01	4.694606e-04	2.226873e-03	4.512294e-04	6.634153e-03	-6.440785e-03
1.875000e+01	3.584531e-04	2.226583e-03	3.787783e-04	7.058769e-03	-6.649730e-03
1.880000e+01	2.210380e-04	2.241443e-03	1.619682e-04	7.221530e-03	-7.280699e-03
1.885000e+01	7.191198e-05	2.260302e-03	-4.616102e-07	7.656305e-03	-7.917631e-03
1.890000e+01	-7.508511e-05	2.264248e-03	-1.357281e-04	7.356137e-03	-7.697089e-03
1.895000e+01	-2.078627e-04	2.238740e-03	-2.665507e-04	7.669053e-03	-6.690420e-03
1.900000e+01	-3.164008e-04	2.191051e-03	-3.232964e-04	7.091403e-03	-7.208574e-03
1.905000e+01	-3.933201e-04	2.149643e-03	-3.984802e-04	5.799305e-03	-7.733446e-03
1.910000e+01	-4.351536e-04	2.126422e-03	-4.422516e-04	5.298608e-03	-7.506876e-03
1.915000e+01	-4.427200e-04	2.112492e-03	-4.175637e-04	5.298439e-03	-6.430688e-03
1.920000e+01	-4.218402e-04	2.091746e-03	-4.055232e-04	5.145296e-03	-6.596280e-03
1.925000e+01	-3.820793e-04	2.066773e-03	-3.589160e-04	4.960741e-03	-6.978823e-03
1.930000e+01	-3.337915e-04	2.055253e-03	-3.588502e-04	5.358051e-03	-6.922597e-03
1.935000e+01	-2.843450e-04	2.060294e-03	-3.850984e-04	6.520942e-03	-6.794269e-03
1.940000e+01	-2.351363e-04	2.057356e-03	-3.438151e-04	6.636832e-03	-5.702763e-03
1.945000e+01	-1.809973e-04	2.019639e-03	-2.825664e-04	6.828091e-03	-5.019931e-03
1.950000e+01	-1.127476e-04	1.950365e-03	-2.321418e-04	7.176779e-03	-5.283978e-03
1.955000e+01	-2.224160e-05	1.884958e-03	-7.446558e-05	6.414180e-03	-5.294661e-03
1.960000e+01	9.205771e-05	1.858886e-03	1.151096e-04	5.997618e-03	-5.017334e-03
1.965000e+01	2.215076e-04	1.874868e-03	2.273749e-04	6.267694e-03	-5.513577e-03
1.970000e+01	3.476878e-04	1.910059e-03	3.131797e-04	5.969835e-03	-5.221551e-03
1.975000e+01	4.471954e-04	1.947425e-03	4.657741e-04	6.380452e-03	-5.255640e-03
1.980000e+01	4.993220e-04	1.985495e-03	5.660651e-04	6.597342e-03	-5.521365e-03
1.985000e+01	4.936574e-04	2.021634e-03	5.565625e-04	6.323672e-03	-5.392144e-03
1.990000e+01	4.343956e-04	2.039196e-03	4.075696e-04	6.004030e-03	-5.630076e-03
1.995000e+01	3.392596e-04	2.017322e-03	3.049598e-04	5.960576e-03	-5.900422e-03
2.000000e+01	2.331126e-04	1.950192e-03	2.563402e-04	5.811918e-03	-5.838396e-03
