# k	<chi>	std	chi_median	chi_max	chi_min
0.000000e+00	4.482613e-02	3.274996e-01	0.000000e+00	9.401237e-01	-4.555842e-01
5.000000e-02	8.982788e-02	4.470684e-01	6.284260e-02	9.710510e-01	-4.589699e-01
1.000000e-01	7.766647e-02	4.376922e-01	4.941685e-02	9.481033e-01	-4.623446e-01
1.500000e-01	4.044104e-02	4.090303e-01	8.777400e-03	8.766150e-01	-4.722679e-01
2.000000e-01	2.038140e-03	3.795276e-01	-3.240045e-02	8.010945e-01	-4.819691e-01
2.500000e-01	-6.318314e-02	3.294584e-01	-1.019495e-01	6.687756e-01	-4.971806e-01
3.000000e-01	-1.299730e-01	2.782811e-01	-1.727241e-01	5.290567e-01	-5.111779e-01
3.500000e-01	-2.220574e-01	2.079037e-01	-2.695148e-01	3.293192e-01	-5.275053e-01
4.000000e-01	-3.128937e-01	1.405503e-01	-3.541980e-01	1.251937e-01	-5.401058e-01
4.500000e-01	-4.206491e-01	7.673435e-02	-4.351160e-01	-1.275074e-01	-5.850144e-01
5.000000e-01	-5.191678e-01	8.919552e-02	-4.927316e-01	-3.364549e-01	-7.537470e-01
5.500000e-01	-6.184087e-01	1.643335e-01	-5.422516e-01	-3.946953e-01	-9.327539e-01
6.000000e-01	-6.957907e-01	2.409688e-01	-6.264398e-01	-3.879399e-01	-1.076718e+00
6.500000e-01	-7.528032e-01	3.139917e-01	-6.950435e-01	-3.715387e-01	-1.186399e+00
7.000000e-01	-7.751769e-01	3.684126e-01	-7.318851e-01	-3.400722e-01	-1.254815e+00
7.500000e-01	-7.589279e-01	4.044674e-01	-7.296013e-01	-2.821998e-01	-1.261605e+00
8.000000e-01	-7.032457e-01	4.163491e-01	-6.855909e-01	-2.130007e-01	-1.217262e+00
8.500000e-01	-6.041038e-01	4.039832e-01	-5.782645e-01	-1.216500e-01	-1.115704e+00
9.000000e-01	-4.765884e-01	3.706424e-01	-4.436891e-01	-2.852880e-02	-9.505817e-01
9.500000e-01	-3.217195e-01	3.182450e-01	-2.861171e-01	7.434757e-02	-7.409427e-01
1.000000e+00	-1.662967e-01	2.567840e-01	-1.362000e-01	1.705107e-01	-5.441016e-01
1.050000e+00	-1.657744e-02	1.904879e-01	2.160050e-03	2.489828e-01	-3.545429e-01
1.100000e+00	1.004695e-01	1.307528e-01	1.165900e-01	2.945908e-01	-1.923203e-01
1.150000e+00	1.789600e-01	8.184824e-02	2.024232e-01	3.113174e-01	-6.634607e-02
1.200000e+00	2.061610e-01	5.075572e-02	2.145592e-01	2.941245e-01	6.896247e-03
1.250000e+00	1.842967e-01	3.731863e-02	1.927220e-01	2.510078e-01	3.118842e-02
1.300000e+00	1.225430e-01	3.500427e-02	1.330885e-01	1.773688e-01	2.836386e-03
1.350000e+00	3.337111e-02	3.680721e-02	4.200233e-02	1.040640e-01	-8.230504e-02
1.400000e+00	-5.869332e-02	3.800339e-02	-5.485811e-02	2.430215e-02	-1.590191e-01
1.450000e+00	-1.386387e-01	3.466435e-02	-1.377511e-01	-5.716476e-02	-2.246091e-01
1.500000e+00	-1.848929e-01	2.436506e-02	-1.855595e-01	-1.112572e-01	-2.433169e-01
1.550000e+00	-1.923221e-01	2.283696e-02	-1.921972e-01	-8.212293e-02	-2.511614e-01
1.600000e+00	-1.585530e-01	5.028134e-02	-1.541008e-01	-2.367855e-02	-2.587520e-01
1.650000e+00	-9.347959e-02	8.786240e-02	-9.213631e-02	5.351310e-02	-2.367270e-01
1.700000e+00	-1.361707e-02	1.205448e-01	-1.561167e-02	1.475755e-01	-1.863513e-01
1.750000e+00	6.526249e-02	1.427982e-01	6.141839e-02	2.481856e-01	-1.200364e-01
1.800000e+00	1.243836e-01	1.461466e-01	1.212672e-01	3.052769e-01	-4.993317e-02
1.850000e+00	1.575236e-01	1.314580e-01	1.457931e-01	3.250650e-01	2.969003e-03
1.900000e+00	1.595848e-01	1.002693e-01	1.465026e-01	2.924621e-01	3.231366e-02
1.950000e+00	1.391115e-01	6.012712e-02	1.335590e-01	2.265001e-01	5.146187e-02
2.000000e+00	1.041473e-01	2.148117e-02	1.053816e-01	1.453651e-01	5.917548e-02
2.050000e+00	6.746315e-02	2.021332e-02	6.341598e-02	1.109278e-01	2.404380e-02
2.100000e+00	3.791834e-02	3.734517e-02	3.803480e-02	9.574520e-02	-2.339953e-02
2.150000e+00	2.071018e-02	3.870193e-02	2.652774e-02	7.492448e-02	-3.650587e-02
2.200000e+00	1.477349e-02	2.811327e-02	2.150650e-02	5.354123e-02	-3.121688e-02
2.250000e+00	1.033100e-02	1.419565e-02	1.025246e-02	3.416399e-02	-1.966320e-02
2.300000e+00	7.361926e-03	5.823220e-03	7.825113e-03	2.004925e-02	-1.264762e-02
2.350000e+00	3.985930e-03	6.088651e-03	3.635095e-03	2.132366e-02	-1.138410e-02
2.400000e+00	-4.470175e-04	4.596141e-03	-5.157034e-04	1.336253e-02	-1.282835e-02
2.450000e+00	-2.657844e-03	4.449450e-03	-1.742814e-03	6.976942e-03	-1.661550e-02
2.500000e+00	-4.417990e-03	6.995218e-03	-3.050351e-03	7.247408e-03	-2.167049e-02
2.550000e+00	-5.464174e-03	1.081477e-02	-3.848239e-03	1.065208e-02	-2.580226e-02
2.600000e+00	-5.559338e-03	1.383744e-02	-4.202830e-03	1.387539e-02	-2.723197e-02
2.650000e+00	-5.727660e-03	1.608956e-02	-4.931968e-03	1.643945e-02	-2.788773e-02
2.700000e+00	-5.244488e-03	1.690657e-02	-4.463886e-03	1.844647e-02	-2.630165e-02
2.750000e+00	-4.303230e-03	1.624237e-02	-2.859625e-03	1.871735e-02	-2.431240e-02
2.800000e+00	-3.208610e-03	1.443327e-02	-1.715412e-03	1.747311e-02	-2.142411e-02
2.850000e+00	-2.941458e-03	1.246566e-02	-2.886409e-03	1.511264e-02	-1.964892e-02
2.900000e+00	-2.542200e-03	1.000038e-02	-3.920428e-03	1.245060e-02	-1.741300e-02
2.950000e+00	-2.048079e-03	7.565528e-03	-3.310769e-03	1.044596e-02	-1.511429e-02
3.000000e+00	-1.475537e-03	5.539514e-03	-2.330321e-03	8.647388e-03	-1.235348e-02
3.050000e+00	-8.862595e-04	3.342032e-03	-9.432837e-04	6.141779e-03	-8.987955e-03
3.100000e+00	-2.754168e-04	2.295245e-03	-2.763792e-04	4.653773e-03	-7.654938e-03
3.150000e+00	1.961747e-04	2.425064e-03	1.101991e-04	6.832907e-03	-5.653682e-03
3.200000e+00	3.698156e-04	2.840462e-03	1.220792e-04	7.913183e-03	-5.980242e-03
3.250000e+00	-3.265731e-04	3.396649e-03	-9.507870e-04	7.179368e-03	-7.286439e-03
3.300000e+00	-1.360343e-03	3.716124e-03	-1.762425e-03	5.726640e-03	-9.273280e-03
3.350000e+00	-2.408257e-03	3.806736e-03	-2.490088e-03	4.943784e-03	-1.133666e-02
3.400000e+00	-3.098394e-03	3.705186e-03	-3.464379e-03	4.010553e-03	-1.216288e-02
3.450000e+00	-3.283287e-03	3.638091e-03	-3.434330e-03	4.227588e-03	-1.205560e-02
3.500000e+00	-2.380095e-03	3.355764e-03	-2.218561e-03	4.478946e-03	-1.164046e-02
3.550000e+00	-3.425645e-04	2.854286e-03	-3.374855e-04	5.432360e-03	-8.810181e-03
3.600000e+00	2.613294e-03	2.237342e-03	2.657154e-03	7.229931e-03	-3.904460e-03
3.650000e+00	6.203047e-03	1.778628e-03	6.126698e-03	9.913257e-03	1.990901e-03
3.700000e+00	9.660850e-03	1.770761e-03	9.862412e-03	1.390520e-02	4.104199e-03
3.750000e+00	1.226662e-02	2.220388e-03	1.237590e-02	1.710479e-02	5.462605e-03
3.800000e+00	1.339889e-02	2.724449e-03	1.330366e-02	2.088334e-02	5.298164e-03
3.850000e+00	1.273815e-02	3.041828e-03	1.252693e-02	2.195465e-02	4.585265e-03
3.900000e+00	9.997777e-03	3.308775e-03	9.872624e-03	1.989406e-02	2.750083e-03
3.950000e+00	5.490535e-03	4.014005e-03	5.465648e-03	1.515366e-02	-9.010235e-04
4.000000e+00	-9.795858e-05	5.497107e-03	-1.133284e-03	8.923840e-03	-7.806771e-03
4.050000e+00	-6.101539e-03	7.523959e-03	-6.965855e-03	5.351184e-03	-1.694347e-02
4.100000e+00	-1.137404e-02	9.504989e-03	-1.160321e-02	3.973689e-03	-2.542658e-02
4.150000e+00	-1.501468e-02	1.061591e-02	-1.556276e-02	2.944880e-03	-3.118943e-02
4.200000e+00	-1.643549e-02	1.020576e-02	-1.752259e-02	1.801382e-03	-3.212941e-02
4.250000e+00	-1.577500e-02	8.349515e-03	-1.741808e-02	2.389138e-04	-2.898058e-02
4.300000e+00	-1.302820e-02	5.028060e-03	-1.429786e-02	-1.828204e-03	-2.247627e-02
4.350000e+00	-8.865854e-03	2.997461e-03	-8.477530e-03	-2.776882e-03	-1.651192e-02
4.400000e+00	-4.153784e-03	6.974534e-03	-3.971055e-03	8.145937e-03	-1.834669e-02
4.450000e+00	2.061439e-04	1.155028e-02	2.060510e-04	1.767472e-02	-1.931257e-02
4.500000e+00	3.765256e-03	1.522849e-02	3.353067e-03	2.501231e-02	-1.975704e-02
4.550000e+00	6.261762e-03	1.746878e-02	5.501996e-03	2.950884e-02	-1.931285e-02
4.600000e+00	7.775588e-03	1.822216e-02	7.134357e-03	3.112240e-02	-1.774556e-02
4.650000e+00	8.587304e-03	1.786263e-02	8.720054e-03	3.113688e-02	-1.578906e-02
4.700000e+00	9.075717e-03	1.689189e-02	1.026539e-02	3.014069e-02	-1.649012e-02
4.750000e+00	9.430111e-03	1.571748e-02	1.254401e-02	2.865845e-02	-1.628551e-02
4.800000e+00	9.602236e-03	1.449430e-02	1.318076e-02	2.821002e-02	-1.508971e-02
4.850000e+00	9.363885e-03	1.311527e-02	1.258570e-02	2.789870e-02	-1.304993e-02
4.900000e+00	8.383733e-03	1.121861e-02	1.085487e-02	2.570172e-02	-1.213912e-02
4.950000e+00	6.456881e-03	8.684113e-03	7.649738e-03	2.399628e-02	-1.106575e-02
5.000000e+00	3.663844e-03	6.458760e-03	3.411377e-03	2.089196e-02	-9.091326e-03
5.050000e+00	4.353407e-04	7.365207e-03	1.665766e-04	1.703129e-02	-1.590358e-02
5.100000e+00	-2.547343e-03	1.122209e-02	-9.289994e-04	1.890304e-02	-2.463384e-02
5.150000e+00	-4.564867e-03	1.524606e-02	-4.581013e-04	2.192321e-02	-3.245567e-02
5.200000e+00	-5.120125e-03	1.790606e-02	-1.718573e-03	2.591702e-02	-3.476195e-02
5.250000e+00	-4.174524e-03	1.861486e-02	-4.223925e-03	2.856345e-02	-3.198696e-02
5.300000e+00	-2.172471e-03	1.757873e-02	-4.469287e-03	2.929402e-02	-2.686862e-02
5.350000e+00	2.948864e-06	1.561624e-02	-2.559726e-03	2.774865e-02	-2.538556e-02
5.400000e+00	1.322489e-03	1.375717e-02	8.597055e-04	2.782297e-02	-2.433138e-02
5.450000e+00	1.007616e-03	1.267954e-02	2.500201e-03	2.569709e-02	-2.507016e-02
5.500000e+00	-1.280708e-03	1.288205e-02	6.038161e-04	2.305982e-02	-2.769681e-02
5.550000e+00	-5.212632e-03	1.474242e-02	-5.530767e-03	2.551249e-02	-3.099301e-02
5.600000e+00	-9.877738e-03	1.794456e-02	-1.473218e-02	2.713914e-02	-3.478789e-02
5.650000e+00	-1.399896e-02	2.106667e-02	-2.065483e-02	2.844992e-02	-4.306636e-02
5.700000e+00	-1.643914e-02	2.258276e-02	-2.269757e-02	3.160571e-02	-4.988130e-02
5.750000e+00	-1.643106e-02	2.137279e-02	-2.194247e-02	3.188788e-02	-5.118911e-02
5.800000e+00	-1.381513e-02	1.727962e-02	-1.683021e-02	2.920432e-02	-4.576363e-02
5.850000e+00	-8.984311e-03	1.154359e-02	-9.161151e-03	2.377820e-02	-3.407530e-02
5.900000e+00	-2.894833e-03	8.719037e-03	-2.302361e-03	1.689618e-02	-2.241299e-02
5.950000e+00	3.427488e-03	1.278455e-02	1.679906e-03	3.021193e-02	-1.912042e-02
6.000000e+00	9.113046e-03	1.836255e-02	8.207173e-03	4.102213e-02	-1.874637e-02
6.050000e+00	1.360648e-02	2.230958e-02	1.261206e-02	4.719594e-02	-2.110694e-02
6.100000e+00	1.667645e-02	2.411334e-02	1.634260e-02	5.110855e-02	-2.143790e-02
6.150000e+00	1.838657e-02	2.426107e-02	1.898979e-02	5.281005e-02	-1.985733e-02
6.200000e+00	1.886993e-02	2.362715e-02	2.030647e-02	5.174764e-02	-1.817393e-02
6.250000e+00	1.818519e-02	2.298167e-02	1.785857e-02	5.418133e-02	-1.957577e-02
6.300000e+00	1.627852e-02	2.261741e-02	1.479846e-02	5.640692e-02	-2.459542e-02
6.350000e+00	1.306502e-02	2.227879e-02	1.239230e-02	5.620521e-02	-3.078529e-02
6.400000e+00	8.582029e-03	2.142483e-02	9.878573e-03	5.174612e-02	-3.672087e-02
6.450000e+00	3.128078e-03	1.961020e-02	5.744094e-03	4.215083e-02	-4.285270e-02
6.500000e+00	-2.697046e-03	1.679651e-02	2.058582e-04	2.806611e-02	-4.639199e-02
6.550000e+00	-8.076424e-03	1.348359e-02	-5.506283e-03	1.733151e-02	-4.620253e-02
6.600000e+00	-1.222425e-02	1.108616e-02	-1.129375e-02	1.516094e-02	-4.377556e-02
6.650000e+00	-1.464055e-02	1.095134e-02	-1.476660e-02	1.570122e-02	-3.865777e-02
6.700000e+00	-1.527607e-02	1.264033e-02	-1.454317e-02	1.407302e-02	-4.270280e-02
6.750000e+00	-1.455547e-02	1.472453e-02	-1.506892e-02	1.385771e-02	-4.554020e-02
6.800000e+00	-1.321946e-02	1.653192e-02	-1.493821e-02	1.658066e-02	-4.342756e-02
6.850000e+00	-1.203575e-02	1.812084e-02	-1.661274e-02	2.488840e-02	-4.082397e-02
6.900000e+00	-1.148810e-02	1.981020e-02	-1.592770e-02	3.506203e-02	-4.279891e-02
6.950000e+00	-1.156889e-02	2.178315e-02	-1.484387e-02	4.369816e-02	-4.542809e-02
7.000000e+00	-1.176583e-02	2.386205e-02	-1.361344e-02	5.048769e-02	-4.699544e-02
7.050000e+00	-1.120272e-02	2.549617e-02	-1.114748e-02	5.491610e-02	-4.676062e-02
7.100000e+00	-9.157692e-03	2.609586e-02	-1.182388e-02	5.641839e-02	-4.675338e-02
7.150000e+00	-5.237385e-03	2.518737e-02	-1.106995e-02	5.862193e-02	-4.163851e-02
7.200000e+00	3.470478e-04	2.267020e-02	-4.325912e-03	6.093993e-02	-3.674414e-02
7.250000e+00	6.779937e-03	1.893829e-02	6.899289e-03	5.839472e-02	-3.234328e-02
7.300000e+00	1.287244e-02	1.494274e-02	1.500722e-02	5.083800e-02	-2.523824e-02
7.350000e+00	1.744403e-02	1.223797e-02	1.818774e-02	4.560436e-02	-1.637072e-02
7.400000e+00	1.971220e-02	1.227955e-02	1.959271e-02	5.128752e-02	-1.251581e-02
7.450000e+00	1.954298e-02	1.456679e-02	1.954930e-02	5.175352e-02	-1.491131e-02
7.500000e+00	1.746666e-02	1.749329e-02	1.811164e-02	5.121403e-02	-2.562213e-02
7.550000e+00	1.439554e-02	2.005955e-02	1.705043e-02	4.609766e-02	-3.337176e-02
7.600000e+00	1.142392e-02	2.189687e-02	1.383696e-02	4.400585e-02	-3.807637e-02
7.650000e+00	9.263573e-03	2.290985e-02	1.291069e-02	4.160236e-02	-4.031653e-02
7.700000e+00	8.057836e-03	2.311093e-02	1.246583e-02	4.747741e-02	-4.095864e-02
7.750000e+00	7.373863e-03	2.251589e-02	1.009060e-02	5.173190e-02	-4.082952e-02
7.800000e+00	6.424611e-03	2.113370e-02	6.786669e-03	5.084470e-02	-4.042541e-02
7.850000e+00	4.428226e-03	1.903441e-02	3.728686e-03	4.597052e-02	-3.999453e-02
7.900000e+00	9.607084e-04	1.641378e-02	8.537183e-04	3.942547e-02	-3.875111e-02
7.950000e+00	-3.836424e-03	1.361223e-02	-4.411174e-03	2.938442e-02	-3.573944e-02
8.000000e+00	-9.271986e-03	1.118468e-02	-9.354900e-03	2.095022e-02	-3.506208e-02
8.050000e+00	-1.433310e-02	9.996597e-03	-1.402703e-02	1.618913e-02	-3.604798e-02
8.100000e+00	-1.801780e-02	1.071747e-02	-1.794337e-02	1.195322e-02	-4.726945e-02
8.150000e+00	-1.971053e-02	1.252922e-02	-2.083278e-02	8.124490e-03	-5.459549e-02
8.200000e+00	-1.934620e-02	1.402654e-02	-2.075180e-02	2.017429e-02	-5.658439e-02
8.250000e+00	-1.738345e-02	1.458952e-02	-1.867009e-02	3.441534e-02	-5.313966e-02
8.300000e+00	-1.459060e-02	1.502317e-02	-1.762917e-02	4.578769e-02	-4.544684e-02
8.350000e+00	-1.173804e-02	1.714616e-02	-1.701614e-02	5.267490e-02	-4.046622e-02
8.400000e+00	-9.321544e-03	2.134315e-02	-1.366923e-02	5.412706e-02	-5.148427e-02
8.450000e+00	-7.420773e-03	2.574621e-02	-7.819526e-03	5.008239e-02	-6.602588e-02
8.500000e+00	-5.736936e-03	2.817294e-02	2.579230e-04	4.306575e-02	-7.274717e-02
8.550000e+00	-3.763626e-03	2.729516e-02	3.072452e-03	4.141964e-02	-6.788043e-02
8.600000e+00	-1.089595e-03	2.319276e-02	4.715915e-03	3.627764e-02	-5.185550e-02
8.650000e+00	2.448625e-03	1.733683e-02	4.041229e-03	3.231703e-02	-3.348172e-02
8.700000e+00	6.659182e-03	1.263953e-02	7.713193e-03	3.151497e-02	-2.290450e-02
8.750000e+00	1.105679e-02	1.199777e-02	1.276504e-02	3.896977e-02	-1.741132e-02
8.800000e+00	1.503297e-02	1.377888e-02	1.503104e-02	5.039930e-02	-1.553258e-02
8.850000e+00	1.805416e-02	1.499993e-02	1.737265e-02	5.349183e-02	-1.657782e-02
8.900000e+00	1.980416e-02	1.509236e-02	2.074913e-02	5.101274e-02	-1.796601e-02
8.950000e+00	2.022067e-02	1.470441e-02	2.175636e-02	5.294364e-02	-1.889636e-02
9.000000e+00	1.942817e-02	1.438864e-02	2.145492e-02	5.494105e-02	-1.841659e-02
9.050000e+00	1.761435e-02	1.427508e-02	2.086996e-02	5.191515e-02	-2.049302e-02
9.100000e+00	1.493051e-02	1.454186e-02	1.939006e-02	4.307691e-02	-2.339807e-02
9.150000e+00	1.144401e-02	1.547632e-02	1.622696e-02	3.727878e-02	-2.525364e-02
9.200000e+00	7.185491e-03	1.680789e-02	9.319151e-03	3.554243e-02	-2.731428e-02
9.250000e+00	2.257190e-03	1.776884e-02	4.274000e-03	3.283286e-02	-3.590283e-02
9.300000e+00	-3.062944e-03	1.793698e-02	-1.696101e-03	3.012857e-02	-4.145324e-02
9.350000e+00	-8.287939e-03	1.767348e-02	-7.658060e-03	2.773828e-02	-4.982614e-02
9.400000e+00	-1.279518e-02	1.761077e-02	-1.259402e-02	2.351449e-02	-5.546246e-02
9.450000e+00	-1.599183e-02	1.764603e-02	-1.702164e-02	1.791913e-02	-5.962866e-02
9.500000e+00	-1.751051e-02	1.689958e-02	-1.770744e-02	1.788312e-02	-5.928938e-02
9.550000e+00	-1.737600e-02	1.480287e-02	-1.801244e-02	2.052772e-02	-5.510522e-02
9.600000e+00	-1.593935e-02	1.207056e-02	-1.667100e-02	2.322279e-02	-4.880955e-02
9.650000e+00	-1.385499e-02	1.076144e-02	-1.504162e-02	2.332635e-02	-4.171110e-02
9.700000e+00	-1.182145e-02	1.174274e-02	-1.319208e-02	2.139350e-02	-3.511284e-02
9.750000e+00	-1.032752e-02	1.295973e-02	-1.154675e-02	2.278317e-02	-3.320711e-02
9.800000e+00	-9.472053e-03	1.284075e-02	-9.521257e-03	1.945666e-02	-3.563796e-02
9.850000e+00	-8.932105e-03	1.196824e-02	-7.805464e-03	1.807227e-02	-3.675754e-02
9.900000e+00	-8.097748e-03	1.248113e-02	-7.038080e-03	2.200734e-02	-3.414265e-02
9.950000e+00	-6.325899e-03	1.502285e-02	-4.931716e-03	2.548288e-02	-3.534056e-02
1.000000e+01	-3.217036e-03	1.764018e-02	-3.177190e-03	3.374702e-02	-4.555250e-02
1.005000e+01	1.224249e-03	1.858662e-02	1.393886e-03	4.018680e-02	-4.621851e-02
1.010000e+01	6.460987e-03	1.740361e-02	6.379094e-03	4.370777e-02	-3.696231e-02
1.015000e+01	1.164744e-02	1.485837e-02	1.248764e-02	4.431723e-02	-2.080681e-02
1.020000e+01	1.586682e-02	1.247174e-02	1.654996e-02	4.456122e-02	-1.621139e-02
1.025000e+01	1.841788e-02	1.143643e-02	1.968988e-02	4.818119e-02	-1.425825e-02
1.030000e+01	1.901885e-02	1.135923e-02	2.054908e-02	4.890242e-02	-1.120710e-02
1.035000e+01	1.785662e-02	1.107689e-02	1.949375e-02	4.635952e-02	-8.472303e-03
1.040000e+01	1.547115e-02	1.014192e-02	1.720647e-02	4.044865e-02	-6.507317e-03
1.045000e+01	1.252873e-02	8.985566e-03	1.381271e-02	3.141745e-02	-7.985675e-03
1.050000e+01	9.577833e-03	8.502610e-03	9.809973e-03	2.528612e-02	-1.477573e-02
1.055000e+01	6.883013e-03	9.287095e-03	6.818411e-03	2.727173e-02	-2.028726e-02
1.060000e+01	4.395496e-03	1.101622e-02	3.827914e-03	2.838198e-02	-2.427599e-02
1.065000e+01	1.861322e-03	1.293272e-02	2.311701e-03	3.004108e-02	-2.842599e-02
1.070000e+01	-9.879820e-04	1.438939e-02	5.589302e-04	2.979260e-02	-3.903356e-02
1.075000e+01	-4.247996e-03	1.498145e-02	-2.591943e-03	2.523263e-02	-4.654717e-02
1.080000e+01	-7.737697e-03	1.460300e-02	-6.044568e-03	1.718520e-02	-4.980647e-02
1.085000e+01	-1.102212e-02	1.346074e-02	-9.262747e-03	1.049226e-02	-4.878913e-02
1.090000e+01	-1.355038e-02	1.198441e-02	-1.192170e-02	1.165182e-02	-4.769583e-02
1.095000e+01	-1.485114e-02	1.063259e-02	-1.402295e-02	1.165555e-02	-4.277764e-02
1.100000e+01	-1.470560e-02	9.677207e-03	-1.440210e-02	1.076579e-02	-3.539479e-02
1.105000e+01	-1.325314e-02	9.142038e-03	-1.335409e-02	8.997561e-03	-3.186579e-02
1.110000e+01	-1.087320e-02	8.916531e-03	-1.137843e-02	1.205369e-02	-3.005846e-02
1.115000e+01	-8.130826e-03	8.944881e-03	-9.727491e-03	1.496054e-02	-2.783372e-02
1.120000e+01	-5.559044e-03	9.225363e-03	-7.416020e-03	2.209616e-02	-2.405003e-02
1.125000e+01	-3.496200e-03	9.712655e-03	-5.276338e-03	2.794887e-02	-1.903875e-02
1.130000e+01	-2.007965e-03	1.026236e-02	-3.894529e-03	2.963513e-02	-1.774095e-02
1.135000e+01	-9.159742e-04	1.066877e-02	-2.785574e-03	2.795567e-02	-2.022802e-02
1.140000e+01	8.770645e-05	1.075546e-02	-6.361687e-04	2.433935e-02	-2.341636e-02
1.145000e+01	1.292491e-03	1.045623e-02	1.620941e-03	2.658551e-02	-2.339471e-02
1.150000e+01	2.847807e-03	9.842236e-03	2.555148e-03	2.955477e-02	-1.957533e-02
1.155000e+01	4.711762e-03	9.079798e-03	4.056060e-03	3.170391e-02	-1.547846e-02
1.160000e+01	6.680749e-03	8.341984e-03	6.706855e-03	3.227216e-02	-1.288883e-02
1.165000e+01	8.476928e-03	7.730731e-03	8.905414e-03	3.134538e-02	-1.235188e-02
1.170000e+01	9.849681e-03	7.262326e-03	1.069288e-02	2.872688e-02	-1.278151e-02
1.175000e+01	1.064700e-02	6.919442e-03	1.162675e-02	2.435104e-02	-1.109284e-02
1.180000e+01	1.083157e-02	6.736442e-03	1.191659e-02	2.637284e-02	-9.430667e-03
1.185000e+01	1.044452e-02	6.860704e-03	1.174442e-02	2.657693e-02	-8.506210e-03
1.190000e+01	9.543967e-03	7.466676e-03	1.049831e-02	2.505620e-02	-8.743831e-03
1.195000e+01	8.155330e-03	8.514465e-03	9.648666e-03	2.250908e-02	-1.422316e-02
1.200000e+01	6.262225e-03	9.673715e-03	8.617702e-03	2.311918e-02	-2.131575e-02
1.205000e+01	3.840157e-03	1.054119e-02	6.439565e-03	2.367994e-02	-2.606596e-02
1.210000e+01	9.173707e-04	1.078934e-02	3.174199e-03	2.210107e-02	-2.783394e-02
1.215000e+01	-2.336848e-03	1.033560e-02	-4.631858e-04	1.850814e-02	-2.984745e-02
1.220000e+01	-5.603930e-03	9.340090e-03	-4.603315e-03	1.289240e-02	-3.120780e-02
1.225000e+01	-8.459000e-03	8.151288e-03	-8.671591e-03	1.190111e-02	-2.994181e-02
1.230000e+01	-1.047035e-02	7.192799e-03	-1.195265e-02	1.152673e-02	-2.619812e-02
1.235000e+01	-1.132314e-02	6.772883e-03	-1.291158e-02	1.059307e-02	-2.303384e-02
1.240000e+01	-1.092199e-02	6.878056e-03	-1.208508e-02	1.053435e-02	-2.367124e-02
1.245000e+01	-9.432339e-03	7.216966e-03	-1.121462e-02	1.008069e-02	-2.604662e-02
1.250000e+01	-7.241751e-03	7.490947e-03	-8.449145e-03	1.036332e-02	-2.612317e-02
1.255000e+01	-4.851824e-03	7.571548e-03	-4.927579e-03	1.454230e-02	-2.397903e-02
1.260000e+01	-2.736581e-03	7.512115e-03	-2.184458e-03	1.621906e-02	-2.013185e-02
1.265000e+01	-1.214940e-03	7.425554e-03	-5.678490e-04	1.543411e-02	-2.166696e-02
1.270000e+01	-3.785710e-04	7.309699e-03	6.104270e-05	1.581143e-02	-2.548640e-02
1.275000e+01	-9.532073e-05	7.023768e-03	4.624180e-04	1.475253e-02	-2.597007e-02
1.280000e+01	-8.107336e-05	6.482776e-03	4.612711e-04	1.290771e-02	-2.211475e-02
1.285000e+01	-1.013514e-05	5.864947e-03	-2.722495e-05	1.306751e-02	-1.401329e-02
1.290000e+01	3.759082e-04	5.565597e-03	4.509955e-04	1.310881e-02	-1.239716e-02
1.295000e+01	1.195647e-03	5.744551e-03	1.326110e-03	1.557072e-02	-1.171946e-02
1.300000e+01	2.409282e-03	6.054000e-03	2.051299e-03	1.825010e-02	-1.017440e-02
1.305000e+01	3.873171e-03	6.099486e-03	3.405626e-03	2.455339e-02	-8.304337e-03
1.310000e+01	5.328773e-03	5.800419e-03	5.267862e-03	2.642168e-02	-7.660583e-03
1.315000e+01	6.543882e-03	5.414865e-03	6.345618e-03	2.427806e-02	-5.938702e-03
1.320000e+01	7.339585e-03	5.248566e-03	7.538952e-03	2.019423e-02	-4.432471e-03
1.325000e+01	7.609446e-03	5.330250e-03	7.756311e-03	2.205673e-02	-4.667222e-03
1.330000e+01	7.314090e-03	5.483350e-03	7.381285e-03	2.211459e-02	-6.401452e-03
1.335000e+01	6.465145e-03	5.634369e-03	6.785269e-03	2.078891e-02	-8.160978e-03
1.340000e+01	5.112854e-03	5.837157e-03	5.691374e-03	1.830688e-02	-1.029708e-02
1.345000e+01	3.344415e-03	6.069553e-03	3.868062e-03	1.712413e-02	-1.317793e-02
1.350000e+01	1.289882e-03	6.176232e-03	1.552222e-03	1.693070e-02	-1.690251e-02
1.355000e+01	-8.748819e-04	6.038959e-03	-1.041909e-03	1.485623e-02	-1.907905e-02
1.360000e+01	-2.939300e-03	5.720053e-03	-3.094938e-03	1.151569e-02	-1.880153e-02
1.365000e+01	-4.687716e-03	5.413423e-03	-4.710113e-03	8.539543e-03	-1.951372e-02
1.370000e+01	-5.941885e-03	5.249496e-03	-5.663566e-03	9.221927e-03	-2.067886e-02
1.375000e+01	-6.602105e-03	5.194466e-03	-6.658469e-03	8.878217e-03	-1.790035e-02
1.380000e+01	-6.670563e-03	5.183232e-03	-7.179486e-03	8.006708e-03	-1.739223e-02
1.385000e+01	-6.246021e-03	5.229602e-03	-6.561415e-03	8.760277e-03	-1.665589e-02
1.390000e+01	-5.489996e-03	5.327814e-03	-6.275251e-03	8.073760e-03	-1.599072e-02
1.395000e+01	-4.576124e-03	5.354669e-03	-5.372451e-03	7.816377e-03	-1.633343e-02
1.400000e+01	-3.641192e-03	5.184118e-03	-3.898035e-03	8.617458e-03	-1.483020e-02
1.405000e+01	-2.769306e-03	4.890586e-03	-3.001613e-03	9.525418e-03	-1.413041e-02
1.410000e+01	-1.947773e-03	4.716507e-03	-2.567601e-03	1.173293e-02	-1.393253e-02
1.415000e+01	-1.124658e-03	4.835072e-03	-1.562731e-03	1.516637e-02	-1.339084e-02
1.420000e+01	-2.427965e-04	5.085527e-03	2.909210e-05	1.663556e-02	-1.506463e-02
1.425000e+01	7.195621e-04	5.181291e-03	1.055900e-03	1.604773e-02	-1.529318e-02
1.430000e+01	1.728113e-03	5.024960e-03	1.579104e-03	1.372447e-02	-1.189083e-02
1.435000e+01	2.699556e-03	4.757644e-03	2.640341e-03	1.566883e-02	-9.824181e-03
1.440000e+01	3.531358e-03	4.578029e-03	3.569228e-03	1.728379e-02	-9.459977e-03
1.445000e+01	4.139232e-03	4.511111e-03	4.156468e-03	1.731357e-02	-7.008388e-03
1.450000e+01	4.484576e-03	4.422407e-03	4.287563e-03	1.705394e-02	-5.590152e-03
1.455000e+01	4.579581e-03	4.241737e-03	4.091262e-03	1.812173e-02	-6.261707e-03
1.460000e+01	4.468730e-03	4.062052e-03	4.259404e-03	1.868783e-02	-6.893853e-03
1.465000e+01	4.196851e-03	4.010188e-03	4.138071e-03	1.799493e-02	-6.875448e-03
1.470000e+01	3.780370e-03	4.062783e-03	3.802918e-03	1.557802e-02	-6.238671e-03
1.475000e+01	3.197086e-03	4.074104e-03	3.203513e-03	1.490295e-02	-7.177221e-03
1.480000e+01	2.401223e-03	3.955389e-03	2.370002e-03	1.542124e-02	-7.073614e-03
1.485000e+01	1.358497e-03	3.761774e-03	1.290026e-03	1.426458e-02	-6.497702e-03
1.490000e+01	8.596056e-05	3.634707e-03	-9.282020e-05	1.097369e-02	-8.193373e-03
1.495000e+01	-1.322236e-03	3.656521e-03	-1.292300e-03	8.949035e-03	-1.058760e-02
1.500000e+01	-2.697467e-03	3.759984e-03	-2.659344e-03	8.149840e-03	-1.215610e-02
1.505000e+01	-3.853345e-03	3.815229e-03	-3.843700e-03	7.672701e-03	-1.320221e-02
1.510000e+01	-4.569509e-03	3.724078e-03	-4.771898e-03	6.558747e-03	-1.400438e-02
1.515000e+01	-4.719842e-03	3.517995e-03	-4.989090e-03	5.164670e-03	-1.493374e-02
1.520000e+01	-4.299788e-03	3.334030e-03	-4.505681e-03	3.652649e-03	-1.348763e-02
1.525000e+01	-3.434073e-03	3.306692e-03	-3.395400e-03	5.219727e-03	-1.155156e-02
1.530000e+01	-2.342957e-03	3.420906e-03	-2.402222e-03	6.637536e-03	-1.038117e-02
1.535000e+01	-1.277713e-03	3.531221e-03	-1.332441e-03	7.990626e-03	-9.605356e-03
1.540000e+01	-4.473285e-04	3.529298e-03	-3.426914e-04	8.227144e-03	-8.917950e-03
1.545000e+01	3.861948e-05	3.441444e-03	2.536879e-04	7.938986e-03	-9.373165e-03
1.550000e+01	1.923244e-04	3.388854e-03	3.642404e-04	8.314519e-03	-8.870021e-03
1.555000e+01	1.297878e-04	3.448428e-03	3.732958e-05	7.931211e-03	-7.456975e-03
1.560000e+01	2.135492e-05	3.563527e-03	-6.929376e-05	8.363275e-03	-7.557862e-03
1.565000e+01	2.982494e-05	3.627318e-03	1.703391e-05	9.176345e-03	-8.140820e-03
1.570000e+01	2.577634e-04	3.603557e-03	5.473935e-04	9.226185e-03	-9.863841e-03
1.575000e+01	7.201779e-04	3.541432e-03	9.141000e-04	8.913075e-03	-1.029711e-02
1.580000e+01	1.348059e-03	3.497189e-03	1.647665e-03	1.058327e-02	-9.297399e-03
1.585000e+01	2.017019e-03	3.459064e-03	2.230248e-03	1.170638e-02	-7.619998e-03
1.590000e+01	2.587684e-03	3.367477e-03	2.981048e-03	1.130801e-02	-6.344451e-03
1.595000e+01	2.943006e-03	3.201222e-03	3.197658e-03	1.069838e-02	-5.401995e-03
1.600000e+01	3.011840e-03	3.032590e-03	3.150478e-03	1.025093e-02	-4.754447e-03
1.605000e+01	2.784762e-03	2.999867e-03	3.017973e-03	9.318440e-03	-4.594488e-03
1.610000e+01	2.278723e-03	3.148904e-03	2.612785e-03	9.193674e-03	-5.471454e-03
1.615000e+01	1.548309e-03	3.376735e-03	1.661541e-03	1.064492e-02	-7.044707e-03
1.620000e+01	6.670381e-04	3.519328e-03	6.730394e-04	9.927299e-03	-7.746945e-03
1.625000e+01	-2.798326e-04	3.484631e-03	-5.128180e-04	8.705693e-03	-8.393998e-03
1.630000e+01	-1.198538e-03	3.320618e-03	-1.221888e-03	9.234379e-03	-7.778086e-03
1.635000e+01	-1.990259e-03	3.208007e-03	-2.218722e-03	9.490683e-03	-9.142751e-03
1.640000e+01	-2.559388e-03	3.315051e-03	-2.848456e-03	9.263877e-03	-1.141266e-02
1.645000e+01	-2.828403e-03	3.590248e-03	-3.189442e-03	8.211082e-03	-1.234920e-02
1.650000e+01	-2.756674e-03	3.811795e-03	-3.206382e-03	6.514224e-03	-1.255516e-02
1.655000e+01	-2.356703e-03	3.803118e-03	-2.902870e-03	7.382044e-03	-1.103743e-02
1.660000e+01	-1.700159e-03	3.537340e-03	-2.213581e-03	7.161042e-03	-9.754134e-03
1.665000e+01	-9.085390e-04	3.132510e-03	-1.163216e-03	6.715954e-03	-9.919541e-03
1.670000e+01	-1.285349e-04	2.783219e-03	-2.046396e-04	5.523195e-03	-8.865578e-03
1.675000e+01	5.019072e-04	2.633860e-03	4.664165e-04	6.361347e-03	-7.108219e-03
1.680000e+01	8.867959e-04	2.676002e-03	1.020020e-03	7.562607e-03	-5.330096e-03
1.685000e+01	9.941101e-04	2.809191e-03	8.541234e-04	8.489701e-03	-5.431555e-03
1.690000e+01	8.596883e-04	2.949071e-03	6.735867e-04	9.113079e-03	-5.563297e-03
1.695000e+01	5.721862e-04	3.042134e-03	3.782527e-04	8.950803e-03	-6.402713e-03
1.700000e+01	2.446196e-04	3.058744e-03	1.233778e-04	7.735745e-03	-6.659063e-03
1.705000e+01	-1.642003e-05	3.016123e-03	-7.609105e-05	7.952716e-03	-7.170842e-03
1.710000e+01	-1.407570e-04	2.980731e-03	-1.005400e-04	7.665563e-03	-8.144785e-03
1.715000e+01	-1.032137e-04	3.025387e-03	6.518403e-05	6.978047e-03	-8.388746e-03
1.720000e+01	7.661453e-05	3.144270e-03	1.811659e-05	8.849256e-03	-7.865714e-03
1.725000e+01	3.471046e-04	3.254979e-03	1.346122e-04	1.073956e-02	-7.231867e-03
1.730000e+01	6.425941e-04	3.282003e-03	6.526388e-04	1.105077e-02	-6.373364e-03
1.735000e+01	9.001269e-04	3.209872e-03	7.948516e-04	9.860944e-03	-7.477870e-03
1.740000e+01	1.070567e-03	3.068858e-03	1.105355e-03	7.761843e-03	-7.494883e-03
1.745000e+01	1.122960e-03	2.892181e-03	1.464743e-03	6.563738e-03	-7.160752e-03
1.750000e+01	1.043935e-03	2.697076e-03	1.295790e-03	7.471597e-03	-6.740043e-03
1.755000e+01	8.352661e-04	2.504402e-03	9.548828e-04	7.978520e-03	-5.669927e-03
1.760000e+01	5.121907e-04	2.355851e-03	4.293234e-04	7.862943e-03	-5.127816e-03
1.765000e+01	1.032506e-04	2.289424e-03	-1.473991e-04	7.139829e-03	-4.876829e-03
1.770000e+01	-3.495888e-04	2.303508e-03	-3.875640e-04	6.203126e-03	-5.112036e-03
1.775000e+01	-7.928333e-04	2.371836e-03	-6.897444e-04	6.274924e-03	-6.458735e-03
1.780000e+01	-1.167218e-03	2.482640e-03	-1.022185e-03	5.359172e-03	-7.907717e-03
1.785000e+01	-1.417437e-03	2.630358e-03	-1.505660e-03	5.357942e-03	-8.565788e-03
1.790000e+01	-1.503799e-03	2.775772e-03	-1.643503e-03	6.960263e-03	-7.870090e-03
1.795000e+01	-1.412240e-03	2.844699e-03	-1.696545e-03	8.087708e-03	-7.551116e-03
1.800000e+01	-1.159072e-03	2.775494e-03	-1.548729e-03	7.971357e-03	-7.499613e-03
1.805000e+01	-7.917543e-04	2.573833e-03	-8.575384e-04	6.498355e-03	-6.795465e-03
1.810000e+01	-3.682526e-04	2.339666e-03	-3.263087e-04	5.060484e-03	-6.257413e-03
1.815000e+01	4.614097e-05	2.253589e-03	4.651512e-05	5.405067e-03	-6.003805e-03
1.820000e+01	3.956667e-04	2.423291e-03	1.024285e-05	6.843804e-03	-5.428251e-03
1.825000e+01	6.440924e-04	2.745083e-03	4.852256e-04	7.709312e-03	-5.049982e-03
1.830000e+01	7.785636e-04	3.024311e-03	7.535693e-04	8.586328e-03	-6.607114e-03
1.835000e+01	8.072484e-04	3.126543e-03	8.867148e-04	9.008234e-03	-8.347863e-03
1.840000e+01	7.527367e-04	3.019553e-03	9.544490e-04	8.807223e-03	-8.986322e-03
1.845000e+01	6.441469e-04	2.773190e-03	7.238843e-04	7.925828e-03	-8.386906e-03
1.850000e+01	5.105758e-04	2.532797e-03	4.331713e-04	6.972879e-03	-7.286671e-03
1.855000e+01	3.772172e-04	2.433693e-03	4.925128e-04	6.394875e-03	-6.339803e-03
1.860000e+01	2.638938e-04	2.483824e-03	2.917774e-04	6.012709e-03	-6.427006e-03
1.865000e+01	1.846685e-04	2.576308e-03	2.456875e-04	6.432331e-03	-6.399816e-03
1.870000e+01	1.471006e-04	2.617014e-03	2.027831e-04	7.159187e-03	-6.851631e-03
1.875000e+01	1.505602e-04	2.582639e-03	4.207388e-04	7.197239e-03	-7.291153e-03
1.880000e+01	1.842791e-04	2.493268e-03	3.952976e-04	7.073001e-03	-6.864439e-03
1.885000e+01	2.267913e-04	2.368907e-03	3.623056e-04	6.954417e-03	-6.240431e-03
1.890000e+01	2.484766e-04	2.217831e-03	4.037099e-04	6.144447e-03	-5.601563e-03
1.895000e+01	2.179267e-04	2.058663e-03	2.157370e-04	5.988818e-03	-5.207725e-03
1.900000e+01	1.111587e-04	1.935823e-03	-2.095180e-05	5.758807e-03	-4.978525e-03
1.905000e+01	-8.047965e-05	1.894788e-03	-2.988625e-04	5.240360e-03	-5.556376e-03
1.910000e+01	-3.402892e-04	1.929547e-03	-5.123378e-04	6.331943e-03	-5.860422e-03
1.915000e+01	-6.278968e-04	1.991075e-03	-7.973295e-04	6.731413e-03	-5.847775e-03
1.920000e+01	-8.872953e-04	2.031696e-03	-1.022268e-03	6.012045e-03	-5.758214e-03
1.925000e+01	-1.060259e-03	2.032449e-03	-1.114263e-03	4.247535e-03	-6.915647e-03
1.930000e+01	-1.101701e-03	1.999592e-03	-1.065181e-03	4.194066e-03	-7.298671e-03
1.935000e+01	-9.923176e-04	1.954059e-03	-1.023345e-03	4.329256e-03	-6.722678e-03
1.940000e+01	-7.445157e-04	1.923901e-03	-9.014730e-04	4.525608e-03	-6.157626e-03
1.945000e+01	-3.997078e-04	1.931394e-03	-5.739295e-04	6.428624e-03	-5.566584e-03
1.950000e+01	-1.777402e-05	1.975650e-03	-1.462782e-04	7.222162e-03	-5.656796e-03
1.955000e+01	3.380202e-04	2.032940e-03	2.209716e-04	6.869143e-03	-5.100762e-03
1.960000e+01	6.160553e-04	2.080059e-03	5.238530e-04	6.726896e-03	-4.205743e-03
1.965000e+01	7.869732e-04	2.112232e-03	7.754553e-04	6.750943e-03	-5.084140e-03
1.970000e+01	8.471767e-04	2.134835e-03	9.671957e-04	6.940288e-03	-5.507345e-03
1.975000e+01	8.149473e-04	2.143079e-03	9.980699e-04	6.628413e-03	-5.457640e-03
1.980000e+01	7.212569e-04	2.121257e-03	8.997054e-04	5.628440e-03	-5.606559e-03
1.985000e+01	5.987904e-04	2.068086e-03	8.326790e-04	5.671993e-03	-5.878071e-03
1.990000e+01	4.728323e-04	2.017637e-03	7.028388e-04	5.609898e-03	-5.535471e-03
1.995000e+01	3.565642e-04	2.020346e-03	5.929241e-04	5.170649e-03	-5.001021e-03
2.000000e+01	2.514793e-04	2.088530e-03	4.589116e-04	5.324507e-03	-4.599328e-03
