# k	<chi>	std	chi_median	chi_max	chi_min
0.000000e+00	9.033329e-02	2.014449e-01	0.000000e+00	6.707631e-01	-2.883127e-01
5.000000e-02	1.870430e-01	2.580243e-01	3.233451e-01	6.806187e-01	-2.836708e-01
1.000000e-01	1.814623e-01	2.597517e-01	3.194932e-01	6.758487e-01	-2.791166e-01
1.500000e-01	1.634459e-01	2.642104e-01	3.062991e-01	6.588821e-01	-2.996847e-01
2.000000e-01	1.437300e-01	2.677155e-01	2.911898e-01	6.383061e-01	-3.260531e-01
2.500000e-01	1.072278e-01	2.711122e-01	2.588831e-01	5.958962e-01	-3.696020e-01
3.000000e-01	6.677444e-02	2.718203e-01	2.201388e-01	5.444721e-01	-4.125000e-01
3.500000e-01	4.752819e-03	2.680038e-01	1.535326e-01	4.716524e-01	-4.701291e-01
4.000000e-01	-6.234884e-02	2.592777e-01	7.403260e-02	3.862535e-01	-5.245456e-01
4.500000e-01	-1.521684e-01	2.412865e-01	-3.911195e-02	2.606000e-01	-5.868860e-01
5.000000e-01	-2.442053e-01	2.170409e-01	-1.606498e-01	1.481664e-01	-6.403869e-01
5.500000e-01	-3.520396e-01	1.813516e-01	-3.079888e-01	1.583713e-02	-6.959617e-01
6.000000e-01	-4.529196e-01	1.420553e-01	-4.420551e-01	2.239459e-02	-7.403843e-01
6.500000e-01	-5.529999e-01	9.933075e-02	-5.655748e-01	2.838637e-02	-7.841926e-01
7.000000e-01	-6.314323e-01	7.653159e-02	-6.422570e-01	2.666678e-02	-9.107905e-01
7.500000e-01	-6.868153e-01	9.413304e-02	-6.735202e-01	1.988078e-02	-1.000047e+00
8.000000e-01	-7.061330e-01	1.333676e-01	-6.934726e-01	9.843655e-03	-1.033416e+00
8.500000e-01	-6.844846e-01	1.738909e-01	-7.238114e-01	-6.202250e-04	-1.032907e+00
9.000000e-01	-6.224300e-01	2.018580e-01	-7.008057e-01	-8.535487e-03	-1.011160e+00
9.500000e-01	-5.180635e-01	2.141388e-01	-6.194462e-01	2.072991e-02	-9.172194e-01
1.000000e+00	-3.868534e-01	2.076308e-01	-4.964259e-01	6.638983e-02	-7.819601e-01
1.050000e+00	-2.340708e-01	1.826741e-01	-3.314988e-01	1.233840e-01	-5.931136e-01
1.100000e+00	-8.382945e-02	1.442396e-01	-1.521363e-01	1.677560e-01	-3.803845e-01
1.150000e+00	5.402106e-02	9.633026e-02	2.547306e-02	2.206221e-01	-1.597640e-01
1.200000e+00	1.590992e-01	5.051187e-02	1.632946e-01	2.806229e-01	2.197584e-02
1.250000e+00	2.254239e-01	2.783849e-02	2.254447e-01	3.417774e-01	9.716208e-02
1.300000e+00	2.474930e-01	4.615400e-02	2.444490e-01	3.781491e-01	6.667526e-02
1.350000e+00	2.303946e-01	6.204389e-02	2.391271e-01	3.678183e-01	2.735068e-02
1.400000e+00	1.847100e-01	6.345680e-02	1.992441e-01	3.096034e-01	-7.004153e-03
1.450000e+00	1.249066e-01	5.154651e-02	1.350002e-01	2.385842e-01	-2.884312e-02
1.500000e+00	6.691032e-02	3.158408e-02	6.667290e-02	1.573364e-01	-3.459478e-02
1.550000e+00	2.389707e-02	1.588520e-02	2.405161e-02	1.080883e-01	-2.700163e-02
1.600000e+00	3.115392e-03	2.652302e-02	4.236262e-04	7.348860e-02	-5.934336e-02
1.650000e+00	6.843287e-03	4.067752e-02	1.201278e-04	9.345805e-02	-7.524357e-02
1.700000e+00	2.851338e-02	4.655289e-02	2.216576e-02	1.247318e-01	-5.975003e-02
1.750000e+00	6.028791e-02	4.369543e-02	5.712466e-02	1.511702e-01	-5.024872e-02
1.800000e+00	9.016512e-02	3.457442e-02	9.154489e-02	1.635232e-01	-5.698533e-02
1.850000e+00	1.107297e-01	2.419882e-02	1.142119e-01	1.727556e-01	-4.894503e-02
1.900000e+00	1.166377e-01	1.931282e-02	1.168549e-01	1.769916e-01	-2.872458e-02
1.950000e+00	1.095637e-01	2.111636e-02	1.096543e-01	1.641565e-01	2.681474e-04
2.000000e+00	9.321089e-02	2.295350e-02	9.580493e-02	1.382177e-01	2.149435e-02
2.050000e+00	7.723681e-02	2.174204e-02	8.243918e-02	1.175078e-01	6.600964e-03
2.100000e+00	6.473307e-02	1.802736e-02	6.985065e-02	1.007693e-01	4.681401e-03
2.150000e+00	5.712143e-02	1.379729e-02	5.919674e-02	1.211582e-01	1.393072e-02
2.200000e+00	5.290126e-02	1.082119e-02	5.272262e-02	1.269282e-01	1.980994e-02
2.250000e+00	4.859478e-02	9.620638e-03	4.795611e-02	1.156149e-01	2.214205e-02
2.300000e+00	3.700842e-02	9.203773e-03	3.638139e-02	9.753825e-02	8.210202e-03
2.350000e+00	1.724300e-02	9.350046e-03	1.709850e-02	7.139900e-02	-1.201631e-02
2.400000e+00	-7.921581e-03	1.047511e-02	-6.793680e-03	3.470231e-02	-3.586102e-02
2.450000e+00	-3.115957e-02	1.258831e-02	-2.954401e-02	3.705945e-03	-6.015962e-02
2.500000e+00	-5.104867e-02	1.322346e-02	-4.992146e-02	-1.806471e-02	-8.109118e-02
2.550000e+00	-6.492522e-02	1.186768e-02	-6.508119e-02	-3.036847e-02	-9.255508e-02
2.600000e+00	-7.140814e-02	9.191581e-03	-7.277739e-02	-3.974636e-02	-9.302938e-02
2.650000e+00	-7.398493e-02	7.052712e-03	-7.505691e-02	-4.582064e-02	-9.102600e-02
2.700000e+00	-7.032900e-02	6.259285e-03	-7.035736e-02	-4.524080e-02	-8.846670e-02
2.750000e+00	-6.136046e-02	6.750551e-03	-6.013922e-02	-3.880335e-02	-8.260675e-02
2.800000e+00	-4.866002e-02	7.374954e-03	-4.781587e-02	-3.011702e-02	-7.246128e-02
2.850000e+00	-3.465691e-02	7.560678e-03	-3.495000e-02	-1.878017e-02	-6.191663e-02
2.900000e+00	-2.000373e-02	7.134821e-03	-2.089419e-02	-3.336422e-03	-4.959295e-02
2.950000e+00	-6.259237e-03	6.318503e-03	-7.448716e-03	9.697851e-03	-3.505576e-02
3.000000e+00	5.474315e-03	5.410104e-03	4.732874e-03	1.952195e-02	-1.959865e-02
3.050000e+00	1.566581e-02	4.731692e-03	1.546317e-02	2.799747e-02	-3.598721e-03
3.100000e+00	2.349506e-02	4.249559e-03	2.375258e-02	3.416841e-02	6.591157e-03
3.150000e+00	2.900224e-02	3.986684e-03	2.953137e-02	3.853620e-02	1.154259e-02
3.200000e+00	3.231468e-02	3.948169e-03	3.310867e-02	4.059287e-02	1.392610e-02
3.250000e+00	3.448526e-02	4.148323e-03	3.534706e-02	4.493109e-02	1.613852e-02
3.300000e+00	3.410709e-02	4.237056e-03	3.483372e-02	4.717590e-02	1.751245e-02
3.350000e+00	3.103108e-02	4.077442e-03	3.135520e-02	4.603211e-02	1.560276e-02
3.400000e+00	2.531187e-02	3.774350e-03	2.527530e-02	4.018560e-02	1.242386e-02
3.450000e+00	1.691207e-02	3.754695e-03	1.657492e-02	3.073982e-02	7.888038e-03
3.500000e+00	6.552985e-03	4.387946e-03	7.204650e-03	1.841687e-02	-3.447542e-03
3.550000e+00	-4.421248e-03	5.368689e-03	-3.085593e-03	7.481242e-03	-1.658845e-02
3.600000e+00	-1.443124e-02	6.135505e-03	-1.385400e-02	1.620251e-03	-2.717394e-02
3.650000e+00	-2.249752e-02	6.403188e-03	-2.290643e-02	-3.338244e-03	-3.432736e-02
3.700000e+00	-2.705029e-02	5.901344e-03	-2.807097e-02	-7.796015e-03	-3.755029e-02
3.750000e+00	-2.756360e-02	4.773363e-03	-2.863640e-02	-1.062651e-02	-3.630875e-02
3.800000e+00	-2.407620e-02	3.363164e-03	-2.457978e-02	-1.062874e-02	-3.348935e-02
3.850000e+00	-1.806524e-02	2.447862e-03	-1.793985e-02	-7.649224e-03	-2.748063e-02
3.900000e+00	-1.073977e-02	2.730385e-03	-1.083018e-02	-2.383205e-03	-2.063976e-02
3.950000e+00	-3.549124e-03	3.481780e-03	-3.575913e-03	5.738537e-03	-1.460124e-02
4.000000e+00	2.467729e-03	3.952695e-03	2.668091e-03	1.260866e-02	-9.217552e-03
4.050000e+00	6.380624e-03	4.141412e-03	6.678785e-03	1.722585e-02	-6.432206e-03
4.100000e+00	8.796199e-03	4.065021e-03	8.998527e-03	1.956051e-02	-4.482987e-03
4.150000e+00	1.057851e-02	3.908768e-03	1.082602e-02	2.027289e-02	-6.213141e-03
4.200000e+00	1.258351e-02	3.801411e-03	1.284625e-02	2.197601e-02	-6.535876e-03
4.250000e+00	1.495632e-02	3.783964e-03	1.515959e-02	2.424765e-02	-5.467718e-03
4.300000e+00	1.802421e-02	3.892000e-03	1.826729e-02	2.741576e-02	-2.730342e-03
4.350000e+00	2.103211e-02	4.079191e-03	2.135827e-02	3.026907e-02	1.052347e-03
4.400000e+00	2.270811e-02	4.177975e-03	2.292274e-02	3.264058e-02	4.843382e-03
4.450000e+00	2.165196e-02	3.986691e-03	2.159415e-02	3.288579e-02	7.528552e-03
4.500000e+00	1.746942e-02	3.653521e-03	1.732650e-02	2.962934e-02	7.634398e-03
4.550000e+00	1.025471e-02	3.624750e-03	1.029698e-02	2.168745e-02	-1.920256e-04
4.600000e+00	1.035640e-03	4.328137e-03	1.083458e-03	1.493907e-02	-1.126235e-02
4.650000e+00	-8.163929e-03	5.381479e-03	-8.329575e-03	1.227484e-02	-2.183885e-02
4.700000e+00	-1.553159e-02	6.256857e-03	-1.601946e-02	9.160276e-03	-3.058870e-02
4.750000e+00	-1.953818e-02	6.588813e-03	-2.027163e-02	9.121269e-03	-3.417184e-02
4.800000e+00	-1.949785e-02	6.286686e-03	-2.036908e-02	1.223386e-02	-3.379726e-02
4.850000e+00	-1.561165e-02	5.500602e-03	-1.647698e-02	1.535900e-02	-2.849138e-02
4.900000e+00	-9.430156e-03	4.778876e-03	-1.020181e-02	1.704812e-02	-2.129176e-02
4.950000e+00	-2.819047e-03	4.607888e-03	-3.279616e-03	1.600359e-02	-1.734831e-02
5.000000e+00	2.411463e-03	5.030173e-03	2.306600e-03	1.670095e-02	-1.457356e-02
5.050000e+00	5.014108e-03	5.688878e-03	5.477535e-03	2.073261e-02	-1.526825e-02
5.100000e+00	4.550179e-03	6.350687e-03	5.554072e-03	2.021208e-02	-1.902552e-02
5.150000e+00	1.490555e-03	6.918805e-03	2.870464e-03	1.680934e-02	-2.280094e-02
5.200000e+00	-3.127814e-03	7.299050e-03	-1.873122e-03	1.443737e-02	-2.485841e-02
5.250000e+00	-8.116489e-03	7.371642e-03	-7.425780e-03	1.060519e-02	-2.746367e-02
5.300000e+00	-1.253015e-02	7.170250e-03	-1.273694e-02	1.201160e-02	-2.900477e-02
5.350000e+00	-1.591794e-02	6.998570e-03	-1.649075e-02	1.170843e-02	-3.344917e-02
5.400000e+00	-1.828730e-02	7.377340e-03	-1.856840e-02	1.094483e-02	-3.639722e-02
5.450000e+00	-1.975774e-02	8.503196e-03	-2.085656e-02	1.385994e-02	-3.818273e-02
5.500000e+00	-2.054983e-02	1.003431e-02	-2.260516e-02	1.883593e-02	-4.243700e-02
5.550000e+00	-2.046221e-02	1.143606e-02	-2.304423e-02	2.228314e-02	-4.476394e-02
5.600000e+00	-1.890334e-02	1.236472e-02	-2.201108e-02	2.175016e-02	-4.320084e-02
5.650000e+00	-1.500851e-02	1.270394e-02	-1.774398e-02	1.978045e-02	-4.132677e-02
5.700000e+00	-8.257957e-03	1.266309e-02	-1.018739e-02	2.335988e-02	-3.684550e-02
5.750000e+00	1.431211e-03	1.257506e-02	-3.526752e-04	3.320715e-02	-2.992712e-02
5.800000e+00	1.338627e-02	1.279037e-02	1.139955e-02	4.641253e-02	-2.283827e-02
5.850000e+00	2.616695e-02	1.345216e-02	2.504407e-02	5.995511e-02	-2.099137e-02
5.900000e+00	3.786345e-02	1.451400e-02	3.807220e-02	7.083538e-02	-1.768120e-02
5.950000e+00	4.662775e-02	1.567010e-02	4.785884e-02	8.067822e-02	-1.367235e-02
6.000000e+00	5.108231e-02	1.654712e-02	5.264196e-02	8.885207e-02	-1.038818e-02
6.050000e+00	5.037710e-02	1.674653e-02	5.151943e-02	9.079962e-02	-7.114659e-03
6.100000e+00	4.493813e-02	1.613663e-02	4.521487e-02	9.238915e-02	-4.519776e-03
6.150000e+00	3.563401e-02	1.473217e-02	3.514559e-02	8.669248e-02	-1.819106e-03
6.200000e+00	2.359018e-02	1.295226e-02	2.247890e-02	7.302337e-02	-1.029066e-02
6.250000e+00	9.873655e-03	1.198369e-02	9.832837e-03	5.294390e-02	-2.279367e-02
6.300000e+00	-4.662058e-03	1.346736e-02	-4.601633e-03	3.355172e-02	-3.981295e-02
6.350000e+00	-1.932565e-02	1.747057e-02	-2.089029e-02	3.421388e-02	-6.222681e-02
6.400000e+00	-3.338662e-02	2.242126e-02	-3.617008e-02	3.714010e-02	-8.118832e-02
6.450000e+00	-4.585730e-02	2.667393e-02	-4.900626e-02	3.577323e-02	-9.711446e-02
6.500000e+00	-5.540832e-02	2.892430e-02	-5.783431e-02	3.591720e-02	-1.095970e-01
6.550000e+00	-6.035424e-02	2.822221e-02	-6.170381e-02	3.186440e-02	-1.161359e-01
6.600000e+00	-5.945655e-02	2.445806e-02	-6.037448e-02	2.397475e-02	-1.139959e-01
6.650000e+00	-5.206685e-02	1.844622e-02	-5.243030e-02	1.392927e-02	-1.056129e-01
6.700000e+00	-3.861978e-02	1.289087e-02	-3.894799e-02	5.421162e-03	-8.451039e-02
6.750000e+00	-2.077393e-02	1.311797e-02	-2.006608e-02	1.673542e-02	-5.903292e-02
6.800000e+00	-1.187454e-03	1.842269e-02	8.157531e-04	4.790093e-02	-5.896677e-02
6.850000e+00	1.704175e-02	2.340636e-02	1.970863e-02	7.252097e-02	-5.208224e-02
6.900000e+00	3.111499e-02	2.572659e-02	3.396768e-02	9.002242e-02	-3.933159e-02
6.950000e+00	3.922054e-02	2.493331e-02	4.116512e-02	9.542610e-02	-2.848229e-02
7.000000e+00	4.094804e-02	2.165833e-02	4.212653e-02	9.002800e-02	-2.444370e-02
7.050000e+00	3.719734e-02	1.716610e-02	3.797577e-02	8.201642e-02	-2.306133e-02
7.100000e+00	3.008760e-02	1.311058e-02	3.111704e-02	6.707653e-02	-2.198004e-02
7.150000e+00	2.202258e-02	1.065276e-02	2.272078e-02	5.186488e-02	-2.206544e-02
7.200000e+00	1.503810e-02	9.806313e-03	1.514517e-02	4.499079e-02	-2.391740e-02
7.250000e+00	1.028393e-02	9.888255e-03	1.021044e-02	5.104934e-02	-2.645128e-02
7.300000e+00	7.846149e-03	1.053652e-02	7.527232e-03	5.480545e-02	-2.904687e-02
7.350000e+00	6.931044e-03	1.153171e-02	5.948166e-03	5.570871e-02	-3.130195e-02
7.400000e+00	6.308105e-03	1.251747e-02	5.003411e-03	5.417784e-02	-3.140165e-02
7.450000e+00	4.832134e-03	1.333702e-02	3.336529e-03	5.072742e-02	-2.982380e-02
7.500000e+00	1.858350e-03	1.423350e-02	2.290283e-04	4.654841e-02	-3.600142e-02
7.550000e+00	-2.603212e-03	1.541134e-02	-4.187649e-03	4.618621e-02	-4.017122e-02
7.600000e+00	-7.825740e-03	1.662815e-02	-9.263782e-03	4.036993e-02	-4.841887e-02
7.650000e+00	-1.283117e-02	1.725798e-02	-1.370357e-02	4.271027e-02	-5.450644e-02
7.700000e+00	-1.666685e-02	1.695008e-02	-1.738753e-02	6.175023e-02	-5.624859e-02
7.750000e+00	-1.868264e-02	1.602202e-02	-1.927557e-02	7.677048e-02	-5.401510e-02
7.800000e+00	-1.866137e-02	1.529394e-02	-1.950137e-02	8.339342e-02	-5.478039e-02
7.850000e+00	-1.679376e-02	1.527059e-02	-1.746892e-02	7.897233e-02	-5.916744e-02
7.900000e+00	-1.354892e-02	1.549776e-02	-1.345746e-02	6.410809e-02	-5.900909e-02
7.950000e+00	-9.518004e-03	1.513847e-02	-9.099882e-03	4.143078e-02	-5.696696e-02
8.000000e+00	-5.294653e-03	1.386634e-02	-5.521886e-03	3.261625e-02	-5.046690e-02
8.050000e+00	-1.434731e-03	1.206846e-02	-1.562402e-03	3.543079e-02	-4.166433e-02
8.100000e+00	1.612106e-03	1.060823e-02	2.032402e-03	3.194189e-02	-4.038447e-02
8.150000e+00	3.505478e-03	9.931964e-03	3.569659e-03	3.794113e-02	-4.257236e-02
8.200000e+00	4.047268e-03	9.832628e-03	3.986288e-03	4.088931e-02	-4.740896e-02
8.250000e+00	3.263285e-03	1.020853e-02	2.994849e-03	3.921572e-02	-4.724937e-02
8.300000e+00	1.481842e-03	1.134434e-02	5.322230e-04	3.485196e-02	-4.438218e-02
8.350000e+00	-6.519375e-04	1.311719e-02	-2.582593e-03	4.185466e-02	-4.064201e-02
8.400000e+00	-2.275524e-03	1.472285e-02	-4.870112e-03	4.758300e-02	-3.756890e-02
8.450000e+00	-2.527475e-03	1.533016e-02	-4.957284e-03	4.868495e-02	-3.963264e-02
8.500000e+00	-8.319746e-04	1.463678e-02	-2.467009e-03	4.472854e-02	-3.635439e-02
8.550000e+00	2.886831e-03	1.305513e-02	1.903019e-03	4.076685e-02	-3.017587e-02
8.600000e+00	7.928324e-03	1.167605e-02	7.639017e-03	4.046711e-02	-3.379656e-02
8.650000e+00	1.312447e-02	1.154669e-02	1.353259e-02	4.953727e-02	-3.420339e-02
8.700000e+00	1.707968e-02	1.254771e-02	1.757447e-02	5.467058e-02	-3.176564e-02
8.750000e+00	1.859224e-02	1.369177e-02	1.865783e-02	5.574302e-02	-2.711095e-02
8.800000e+00	1.705004e-02	1.424815e-02	1.688243e-02	5.569924e-02	-2.274368e-02
8.850000e+00	1.265690e-02	1.400983e-02	1.253202e-02	5.252679e-02	-2.794906e-02
8.900000e+00	6.397779e-03	1.313580e-02	6.718257e-03	4.656486e-02	-3.158094e-02
8.950000e+00	-2.577417e-04	1.201543e-02	2.222456e-04	3.704313e-02	-3.767210e-02
9.000000e+00	-5.818643e-03	1.115643e-02	-5.742848e-03	3.166546e-02	-4.065765e-02
9.050000e+00	-9.229692e-03	1.094906e-02	-1.011994e-02	3.683430e-02	-3.696421e-02
9.100000e+00	-1.022094e-02	1.140639e-02	-1.146617e-02	4.472358e-02	-3.582675e-02
9.150000e+00	-9.345716e-03	1.223208e-02	-1.013907e-02	4.837004e-02	-3.887560e-02
9.200000e+00	-7.723493e-03	1.315183e-02	-7.780876e-03	4.728566e-02	-4.163231e-02
9.250000e+00	-6.599727e-03	1.401147e-02	-6.098974e-03	4.127018e-02	-4.378028e-02
9.300000e+00	-6.872174e-03	1.464843e-02	-6.012035e-03	3.144962e-02	-4.337198e-02
9.350000e+00	-8.752402e-03	1.480974e-02	-8.070229e-03	2.548478e-02	-4.584996e-02
9.400000e+00	-1.167922e-02	1.425378e-02	-1.119229e-02	2.496347e-02	-5.242982e-02
9.450000e+00	-1.450829e-02	1.297438e-02	-1.402013e-02	2.053155e-02	-5.686930e-02
9.500000e+00	-1.590450e-02	1.146201e-02	-1.614812e-02	2.035461e-02	-5.541880e-02
9.550000e+00	-1.478811e-02	1.085097e-02	-1.522506e-02	2.493607e-02	-4.982112e-02
9.600000e+00	-1.070093e-02	1.218415e-02	-1.145426e-02	3.003346e-02	-4.867042e-02
9.650000e+00	-3.995728e-03	1.502364e-02	-5.184852e-03	4.827961e-02	-4.848962e-02
9.700000e+00	4.270112e-03	1.810254e-02	2.981302e-03	6.423896e-02	-4.130799e-02
9.750000e+00	1.262635e-02	2.042550e-02	1.068042e-02	7.320987e-02	-2.959048e-02
9.800000e+00	1.957481e-02	2.147236e-02	1.771457e-02	7.873275e-02	-2.957185e-02
9.850000e+00	2.394379e-02	2.118754e-02	2.297721e-02	8.191252e-02	-3.094993e-02
9.900000e+00	2.511566e-02	1.993060e-02	2.540591e-02	8.430779e-02	-3.630040e-02
9.950000e+00	2.308669e-02	1.831276e-02	2.479095e-02	7.783652e-02	-4.142780e-02
1.000000e+01	1.837718e-02	1.690343e-02	2.010865e-02	6.312448e-02	-4.129246e-02
1.005000e+01	1.182460e-02	1.597251e-02	1.213864e-02	6.051674e-02	-3.641536e-02
1.010000e+01	4.452120e-03	1.554212e-02	4.608631e-03	5.480060e-02	-5.505738e-02
1.015000e+01	-2.752325e-03	1.558164e-02	-2.238508e-03	4.922386e-02	-6.521105e-02
1.020000e+01	-8.944549e-03	1.601437e-02	-8.371037e-03	3.662714e-02	-6.666440e-02
1.025000e+01	-1.348997e-02	1.654842e-02	-1.347504e-02	3.602176e-02	-5.989109e-02
1.030000e+01	-1.600089e-02	1.672001e-02	-1.677046e-02	3.998483e-02	-5.590493e-02
1.035000e+01	-1.636235e-02	1.616309e-02	-1.797608e-02	3.951579e-02	-5.499991e-02
1.040000e+01	-1.474709e-02	1.481552e-02	-1.615763e-02	3.433759e-02	-5.195874e-02
1.045000e+01	-1.160430e-02	1.293870e-02	-1.219837e-02	3.062246e-02	-4.360244e-02
1.050000e+01	-7.601690e-03	1.103111e-02	-7.957021e-03	2.851501e-02	-3.479647e-02
1.055000e+01	-3.511854e-03	9.729992e-03	-4.093819e-03	3.154676e-02	-3.430385e-02
1.060000e+01	-5.681475e-05	9.536982e-03	-8.979508e-04	3.770173e-02	-3.240983e-02
1.065000e+01	2.251963e-03	1.026396e-02	1.414259e-03	3.900983e-02	-2.853613e-02
1.070000e+01	3.229008e-03	1.107132e-02	2.814495e-03	3.582337e-02	-2.319333e-02
1.075000e+01	3.044407e-03	1.115947e-02	2.621325e-03	3.360468e-02	-2.676255e-02
1.080000e+01	2.152214e-03	1.024007e-02	2.331850e-03	3.183679e-02	-3.073271e-02
1.085000e+01	1.137185e-03	8.778364e-03	1.592537e-03	2.769525e-02	-3.216494e-02
1.090000e+01	5.288472e-04	7.982051e-03	1.059021e-03	2.228706e-02	-2.899715e-02
1.095000e+01	6.439056e-04	8.643009e-03	6.521002e-04	2.779590e-02	-2.542705e-02
1.100000e+01	1.507241e-03	9.912459e-03	1.054134e-03	3.550877e-02	-2.778988e-02
1.105000e+01	2.895914e-03	1.079282e-02	1.930871e-03	3.923187e-02	-2.632094e-02
1.110000e+01	4.381350e-03	1.118517e-02	3.212219e-03	4.005634e-02	-2.542948e-02
1.115000e+01	5.518836e-03	1.168151e-02	4.769658e-03	4.281592e-02	-3.160638e-02
1.120000e+01	5.977643e-03	1.258639e-02	5.531886e-03	4.343019e-02	-3.578305e-02
1.125000e+01	5.624412e-03	1.336744e-02	5.443577e-03	4.591622e-02	-3.949151e-02
1.130000e+01	4.531810e-03	1.325239e-02	3.860078e-03	4.575378e-02	-3.995890e-02
1.135000e+01	2.923178e-03	1.199535e-02	2.311011e-03	3.805475e-02	-3.619131e-02
1.140000e+01	1.085624e-03	1.019425e-02	8.191337e-04	3.261073e-02	-2.656517e-02
1.145000e+01	-7.106067e-04	9.126249e-03	-5.788317e-04	2.607671e-02	-2.967669e-02
1.150000e+01	-2.259891e-03	9.525139e-03	-1.935039e-03	2.739551e-02	-3.318015e-02
1.155000e+01	-3.430204e-03	1.051637e-02	-3.043770e-03	3.633991e-02	-3.363809e-02
1.160000e+01	-4.147024e-03	1.097479e-02	-3.698753e-03	4.001162e-02	-3.489384e-02
1.165000e+01	-4.375020e-03	1.051618e-02	-4.095358e-03	3.810084e-02	-3.601695e-02
1.170000e+01	-4.115686e-03	9.349546e-03	-4.107619e-03	3.160101e-02	-3.239150e-02
1.175000e+01	-3.424013e-03	7.946929e-03	-3.670283e-03	2.308873e-02	-2.503000e-02
1.180000e+01	-2.430601e-03	6.793683e-03	-2.682602e-03	2.338240e-02	-2.298294e-02
1.185000e+01	-1.346635e-03	6.229988e-03	-1.443148e-03	2.300183e-02	-1.826104e-02
1.190000e+01	-4.334862e-04	6.300593e-03	-1.275000e-04	2.060693e-02	-2.113201e-02
1.195000e+01	6.498349e-05	6.725737e-03	4.495773e-04	2.192188e-02	-1.990225e-02
1.200000e+01	8.434414e-06	7.151959e-03	2.765902e-04	2.178686e-02	-2.182791e-02
1.205000e+01	-5.846805e-04	7.418449e-03	-3.741041e-04	1.903722e-02	-2.254303e-02
1.210000e+01	-1.480667e-03	7.512363e-03	-1.224475e-03	1.904546e-02	-2.571891e-02
1.215000e+01	-2.297645e-03	7.504299e-03	-2.286750e-03	2.087800e-02	-2.501040e-02
1.220000e+01	-2.619044e-03	7.406085e-03	-2.752097e-03	1.897019e-02	-2.687581e-02
1.225000e+01	-2.137487e-03	7.242235e-03	-2.315157e-03	1.897663e-02	-2.546517e-02
1.230000e+01	-7.767410e-04	7.221371e-03	-9.777604e-04	1.917515e-02	-2.803799e-02
1.235000e+01	1.256449e-03	7.659320e-03	1.228365e-03	2.275695e-02	-2.652528e-02
1.240000e+01	3.515831e-03	8.572599e-03	3.701762e-03	2.615886e-02	-2.558628e-02
1.245000e+01	5.444888e-03	9.565214e-03	5.824516e-03	3.093771e-02	-2.978981e-02
1.250000e+01	6.549402e-03	1.018689e-02	6.911003e-03	3.732240e-02	-3.167617e-02
1.255000e+01	6.553125e-03	1.020740e-02	6.648139e-03	3.947027e-02	-3.101530e-02
1.260000e+01	5.481229e-03	9.646648e-03	5.269024e-03	3.664064e-02	-2.714323e-02
1.265000e+01	3.642373e-03	8.684216e-03	3.397410e-03	3.527642e-02	-2.480041e-02
1.270000e+01	1.517556e-03	7.573484e-03	1.422989e-03	3.103397e-02	-2.331304e-02
1.275000e+01	-4.020943e-04	6.633830e-03	-2.053259e-04	2.286763e-02	-2.154068e-02
1.280000e+01	-1.769023e-03	6.221088e-03	-1.784372e-03	2.011903e-02	-2.169207e-02
1.285000e+01	-2.470388e-03	6.447945e-03	-2.727391e-03	1.937172e-02	-2.241823e-02
1.290000e+01	-2.628414e-03	6.973889e-03	-2.666536e-03	2.201801e-02	-2.387416e-02
1.295000e+01	-2.517023e-03	7.336694e-03	-2.338181e-03	2.334836e-02	-2.395574e-02
1.300000e+01	-2.432579e-03	7.307975e-03	-2.174076e-03	2.338712e-02	-2.430634e-02
1.305000e+01	-2.575134e-03	6.977608e-03	-2.625730e-03	2.125698e-02	-2.494417e-02
1.310000e+01	-2.968198e-03	6.588132e-03	-2.997182e-03	1.903730e-02	-2.503757e-02
1.315000e+01	-3.471503e-03	6.410366e-03	-3.456023e-03	1.702366e-02	-2.304665e-02
1.320000e+01	-3.840221e-03	6.528588e-03	-3.721388e-03	1.644367e-02	-2.555123e-02
1.325000e+01	-3.828507e-03	6.841051e-03	-3.690841e-03	1.680040e-02	-2.662353e-02
1.330000e+01	-3.286468e-03	7.189662e-03	-3.070370e-03	1.756935e-02	-2.604521e-02
1.335000e+01	-2.214021e-03	7.438519e-03	-2.017308e-03	2.425463e-02	-2.190928e-02
1.340000e+01	-7.558815e-04	7.515606e-03	-7.622962e-04	2.887931e-02	-2.275191e-02
1.345000e+01	8.530451e-04	7.463846e-03	6.244595e-04	3.054077e-02	-2.210535e-02
1.350000e+01	2.364068e-03	7.437036e-03	2.021915e-03	3.040774e-02	-2.018625e-02
1.355000e+01	3.580400e-03	7.573765e-03	3.088785e-03	3.097462e-02	-1.688813e-02
1.360000e+01	4.389352e-03	7.853477e-03	3.868270e-03	2.963568e-02	-1.606842e-02
1.365000e+01	4.756712e-03	8.129641e-03	4.544773e-03	2.835966e-02	-1.681448e-02
1.370000e+01	4.696883e-03	8.280352e-03	4.851822e-03	2.559683e-02	-2.057965e-02
1.375000e+01	4.241454e-03	8.264369e-03	4.546965e-03	2.511586e-02	-2.338178e-02
1.380000e+01	3.425578e-03	8.055890e-03	3.391616e-03	2.545674e-02	-2.528997e-02
1.385000e+01	2.298350e-03	7.597996e-03	1.809786e-03	2.653885e-02	-2.603276e-02
1.390000e+01	9.475834e-04	6.876463e-03	4.868271e-04	2.419814e-02	-2.599280e-02
1.395000e+01	-4.808232e-04	6.053053e-03	-6.398446e-04	2.451340e-02	-2.294450e-02
1.400000e+01	-1.788114e-03	5.481642e-03	-1.644136e-03	2.181268e-02	-2.031436e-02
1.405000e+01	-2.771850e-03	5.425758e-03	-2.620932e-03	1.675724e-02	-2.260667e-02
1.410000e+01	-3.254880e-03	5.686505e-03	-3.076852e-03	1.131700e-02	-2.280567e-02
1.415000e+01	-3.168944e-03	5.889039e-03	-2.659201e-03	1.404712e-02	-2.213118e-02
1.420000e+01	-2.587436e-03	5.876370e-03	-2.065007e-03	1.522932e-02	-2.177432e-02
1.425000e+01	-1.717551e-03	5.729329e-03	-1.280444e-03	1.480334e-02	-1.988055e-02
1.430000e+01	-8.431234e-04	5.559848e-03	-4.159113e-04	1.405170e-02	-1.746643e-02
1.435000e+01	-2.345201e-04	5.360318e-03	3.073874e-05	1.610186e-02	-1.563677e-02
1.440000e+01	-5.711781e-05	5.094865e-03	7.622129e-05	1.747221e-02	-1.428487e-02
1.445000e+01	-3.129628e-04	4.882528e-03	-2.249492e-04	1.745753e-02	-1.471272e-02
1.450000e+01	-8.392987e-04	4.951276e-03	-8.035261e-04	1.593490e-02	-1.620642e-02
1.455000e+01	-1.366644e-03	5.318365e-03	-1.359384e-03	1.430660e-02	-1.826166e-02
1.460000e+01	-1.616299e-03	5.703135e-03	-1.584964e-03	1.632444e-02	-2.084507e-02
1.465000e+01	-1.401763e-03	5.831552e-03	-1.369799e-03	1.664624e-02	-2.026361e-02
1.470000e+01	-6.967699e-04	5.664873e-03	-5.993254e-04	1.630250e-02	-1.955297e-02
1.475000e+01	3.546362e-04	5.411791e-03	5.194629e-04	1.524546e-02	-2.138692e-02
1.480000e+01	1.488591e-03	5.368391e-03	1.616993e-03	1.671044e-02	-2.007690e-02
1.485000e+01	2.412433e-03	5.647368e-03	2.221031e-03	2.009350e-02	-1.568759e-02
1.490000e+01	2.901899e-03	6.080049e-03	2.809062e-03	2.373607e-02	-1.650851e-02
1.495000e+01	2.869354e-03	6.399351e-03	2.976124e-03	2.518761e-02	-1.730762e-02
1.500000e+01	2.380564e-03	6.407096e-03	2.544081e-03	2.286948e-02	-1.857262e-02
1.505000e+01	1.620861e-03	6.045191e-03	1.705942e-03	1.823006e-02	-1.890544e-02
1.510000e+01	8.047018e-04	5.375224e-03	5.874879e-04	1.726209e-02	-1.664225e-02
1.515000e+01	1.292226e-04	4.660566e-03	-1.654450e-04	1.758841e-02	-1.350405e-02
1.520000e+01	-2.961099e-04	4.247234e-03	-5.176361e-04	1.579923e-02	-1.219172e-02
1.525000e+01	-4.677953e-04	4.237490e-03	-5.733387e-04	1.421956e-02	-1.573453e-02
1.530000e+01	-4.658064e-04	4.341631e-03	-3.678314e-04	1.236670e-02	-1.690103e-02
1.535000e+01	-4.049888e-04	4.242758e-03	-1.963237e-04	1.358479e-02	-1.463131e-02
1.540000e+01	-3.833467e-04	3.882572e-03	-2.558382e-04	1.305131e-02	-1.241076e-02
1.545000e+01	-4.482349e-04	3.465289e-03	-3.918481e-04	1.187041e-02	-1.042481e-02
1.550000e+01	-5.910291e-04	3.284198e-03	-6.492962e-04	1.024546e-02	-1.160506e-02
1.555000e+01	-7.671582e-04	3.417426e-03	-8.145831e-04	1.053214e-02	-1.151122e-02
1.560000e+01	-9.276461e-04	3.683585e-03	-1.005160e-03	1.083097e-02	-1.221162e-02
1.565000e+01	-1.044964e-03	3.928654e-03	-1.091350e-03	1.086712e-02	-1.313786e-02
1.570000e+01	-1.120893e-03	4.137768e-03	-1.180762e-03	1.267880e-02	-1.573008e-02
1.575000e+01	-1.174363e-03	4.339710e-03	-1.187087e-03	1.456180e-02	-1.689452e-02
1.580000e+01	-1.217768e-03	4.509369e-03	-1.284811e-03	1.495271e-02	-1.637663e-02
1.585000e+01	-1.236106e-03	4.571956e-03	-1.402938e-03	1.514957e-02	-1.474661e-02
1.590000e+01	-1.181800e-03	4.474989e-03	-1.313414e-03	1.334767e-02	-1.544423e-02
1.595000e+01	-9.902439e-04	4.252894e-03	-1.072518e-03	1.068038e-02	-1.620058e-02
1.600000e+01	-6.105624e-04	4.048115e-03	-5.224485e-04	1.334457e-02	-1.459452e-02
1.605000e+01	-4.240942e-05	4.056833e-03	-4.268989e-05	1.571085e-02	-1.361793e-02
1.610000e+01	6.753853e-04	4.325059e-03	5.104351e-04	1.658159e-02	-1.560362e-02
1.615000e+01	1.421969e-03	4.701444e-03	1.288261e-03	1.557852e-02	-1.721488e-02
1.620000e+01	2.041799e-03	4.951157e-03	2.036812e-03	1.551795e-02	-1.618751e-02
1.625000e+01	2.393236e-03	4.920400e-03	2.541141e-03	1.591954e-02	-1.440607e-02
1.630000e+01	2.396193e-03	4.601259e-03	2.554982e-03	1.493470e-02	-1.374206e-02
1.635000e+01	2.060179e-03	4.117913e-03	2.128647e-03	1.517186e-02	-1.152960e-02
1.640000e+01	1.481482e-03	3.654826e-03	1.455124e-03	1.352620e-02	-9.354483e-03
1.645000e+01	8.102421e-04	3.347721e-03	7.218994e-04	1.175606e-02	-1.251611e-02
1.650000e+01	1.999479e-04	3.214237e-03	1.368397e-04	1.137502e-02	-1.494068e-02
1.655000e+01	-2.415204e-04	3.196048e-03	-2.436170e-04	1.112787e-02	-1.564761e-02
1.660000e+01	-4.812858e-04	3.225736e-03	-3.948888e-04	1.032114e-02	-1.488471e-02
1.665000e+01	-5.614872e-04	3.234543e-03	-4.488720e-04	9.107995e-03	-1.284106e-02
1.670000e+01	-5.718567e-04	3.169807e-03	-4.962760e-04	1.000190e-02	-1.113774e-02
1.675000e+01	-6.072701e-04	3.063290e-03	-4.895932e-04	9.685996e-03	-1.251745e-02
1.680000e+01	-7.276987e-04	3.069421e-03	-7.281976e-04	9.884583e-03	-1.295827e-02
1.685000e+01	-9.358391e-04	3.340018e-03	-8.618465e-04	1.055197e-02	-1.337195e-02
1.690000e+01	-1.179637e-03	3.820524e-03	-9.727792e-04	1.047949e-02	-1.484181e-02
1.695000e+01	-1.376558e-03	4.300142e-03	-1.132641e-03	9.870006e-03	-1.618770e-02
1.700000e+01	-1.448138e-03	4.599657e-03	-1.281417e-03	1.355315e-02	-1.784000e-02
1.705000e+01	-1.349450e-03	4.646413e-03	-1.236330e-03	1.548572e-02	-1.737051e-02
1.710000e+01	-1.092760e-03	4.479266e-03	-1.014918e-03	1.514365e-02	-1.519781e-02
1.715000e+01	-7.243513e-04	4.187621e-03	-6.614236e-04	1.519844e-02	-1.238758e-02
1.720000e+01	-3.110900e-04	3.894541e-03	-1.465501e-04	1.305126e-02	-1.143273e-02
1.725000e+01	8.431976e-05	3.720422e-03	1.624822e-04	1.178530e-02	-1.246494e-02
1.730000e+01	4.218659e-04	3.718814e-03	4.936161e-04	1.309218e-02	-1.239923e-02
1.735000e+01	6.895804e-04	3.831936e-03	6.775620e-04	1.249612e-02	-1.071269e-02
1.740000e+01	8.953914e-04	3.938509e-03	8.181163e-04	1.161311e-02	-1.145013e-02
1.745000e+01	1.051382e-03	3.941030e-03	1.179039e-03	1.264230e-02	-1.366789e-02
1.750000e+01	1.159399e-03	3.806258e-03	1.328176e-03	1.370090e-02	-1.349984e-02
1.755000e+01	1.205607e-03	3.554518e-03	1.370627e-03	1.366735e-02	-1.080592e-02
1.760000e+01	1.166713e-03	3.232695e-03	1.238563e-03	1.227566e-02	-9.582017e-03
1.765000e+01	1.024586e-03	2.901086e-03	9.880049e-04	1.083136e-02	-1.032529e-02
1.770000e+01	7.816893e-04	2.634424e-03	7.768367e-04	9.742580e-03	-9.264206e-03
1.775000e+01	4.690917e-04	2.501459e-03	4.424618e-04	1.043306e-02	-7.008395e-03
1.780000e+01	1.420799e-04	2.511505e-03	2.169366e-04	9.852548e-03	-7.828555e-03
1.785000e+01	-1.359727e-04	2.605722e-03	-1.490560e-05	9.748468e-03	-7.718729e-03
1.790000e+01	-3.153544e-04	2.722430e-03	-2.953876e-04	9.114820e-03	-9.707137e-03
1.795000e+01	-3.784159e-04	2.836365e-03	-4.217557e-04	9.172706e-03	-1.106630e-02
1.800000e+01	-3.466965e-04	2.933626e-03	-3.804938e-04	1.108504e-02	-1.055399e-02
1.805000e+01	-2.738438e-04	2.988064e-03	-2.682435e-04	1.193832e-02	-1.142592e-02
1.810000e+01	-2.244864e-04	2.994545e-03	-1.569673e-04	1.096146e-02	-1.089791e-02
1.815000e+01	-2.510997e-04	3.019886e-03	-1.859395e-04	1.042949e-02	-1.102872e-02
1.820000e+01	-3.728502e-04	3.163289e-03	-3.471303e-04	1.024462e-02	-1.019145e-02
1.825000e+01	-5.676493e-04	3.427977e-03	-5.303182e-04	9.482529e-03	-1.302305e-02
1.830000e+01	-7.795584e-04	3.680517e-03	-7.689745e-04	9.897883e-03	-1.404691e-02
1.835000e+01	-9.384725e-04	3.765063e-03	-8.004016e-04	1.120109e-02	-1.283255e-02
1.840000e+01	-9.844632e-04	3.618739e-03	-8.842512e-04	1.293455e-02	-1.263836e-02
1.845000e+01	-8.877838e-04	3.309849e-03	-7.776144e-04	1.251802e-02	-1.199155e-02
1.850000e+01	-6.576781e-04	3.003547e-03	-5.724208e-04	9.940547e-03	-1.155528e-02
1.855000e+01	-3.377230e-04	2.853061e-03	-3.018339e-04	9.199715e-03	-1.028110e-02
1.860000e+01	9.495618e-06	2.874444e-03	-1.793585e-05	9.068539e-03	-1.098209e-02
1.865000e+01	3.220316e-04	2.964113e-03	2.599813e-04	1.150882e-02	-1.085442e-02
1.870000e+01	5.554094e-04	3.020909e-03	5.791984e-04	1.187848e-02	-8.589710e-03
1.875000e+01	6.914448e-04	2.995105e-03	7.412177e-04	1.057850e-02	-7.774351e-03
1.880000e+01	7.374656e-04	2.873869e-03	7.675535e-04	1.005885e-02	-7.476693e-03
1.885000e+01	7.179920e-04	2.675039e-03	7.269343e-04	9.309237e-03	-6.728814e-03
1.890000e+01	6.631949e-04	2.454120e-03	6.575003e-04	1.000546e-02	-6.317651e-03
1.895000e+01	5.986664e-04	2.285194e-03	6.620708e-04	9.325377e-03	-7.215548e-03
1.900000e+01	5.394966e-04	2.202305e-03	5.694819e-04	7.859971e-03	-8.577508e-03
1.905000e+01	4.935563e-04	2.173713e-03	4.935418e-04	7.329268e-03	-8.226806e-03
1.910000e+01	4.510783e-04	2.159348e-03	4.604459e-04	8.750817e-03	-6.629011e-03
1.915000e+01	3.991792e-04	2.169959e-03	3.714900e-04	8.482744e-03	-6.562331e-03
1.920000e+01	3.253452e-04	2.237464e-03	2.911024e-04	8.247249e-03	-6.970454e-03
1.925000e+01	2.208447e-04	2.347536e-03	2.148504e-04	9.026755e-03	-7.597967e-03
1.930000e+01	8.229109e-05	2.441826e-03	7.618808e-05	1.024056e-02	-8.084051e-03
1.935000e+01	-8.779792e-05	2.485228e-03	-1.274358e-04	9.303069e-03	-8.485906e-03
1.940000e+01	-2.805840e-04	2.506979e-03	-2.782601e-04	8.523530e-03	-8.915863e-03
1.945000e+01	-4.804899e-04	2.573642e-03	-5.158444e-04	9.153953e-03	-9.166722e-03
1.950000e+01	-6.654951e-04	2.717472e-03	-6.859595e-04	8.374993e-03	-9.800461e-03
1.955000e+01	-8.092380e-04	2.896990e-03	-8.059303e-04	9.577962e-03	-9.627348e-03
1.960000e+01	-8.855477e-04	3.029682e-03	-8.127225e-04	9.555804e-03	-1.081219e-02
1.965000e+01	-8.748755e-04	3.044948e-03	-7.760685e-04	8.825155e-03	-1.258305e-02
1.970000e+01	-7.708174e-04	2.919581e-03	-6.845287e-04	9.040162e-03	-1.173966e-02
1.975000e+01	-5.842383e-04	2.701953e-03	-6.118706e-04	9.150504e-03	-9.227943e-03
1.980000e+01	-3.428906e-04	2.514980e-03	-4.110624e-04	8.007997e-03	-8.791196e-03
1.985000e+01	-8.585430e-05	2.481885e-03	-1.815049e-04	8.227681e-03	-8.128330e-03
1.990000e+01	1.459291e-04	2.585929e-03	5.427822e-05	1.084508e-02	-7.507423e-03
1.995000e+01	3.201224e-04	2.673653e-03	2.309402e-04	1.176427e-02	-8.814376e-03
2.000000e+01	4.209687e-04	2.613676e-03	3.762381e-04	1.026108e-02	-8.645744e-03
