# k	<chi>	std	chi_median	chi_max	chi_min
0.000000e+00	5.165493e-02	8.684639e-02	0.000000e+00	2.891225e-01	-2.913722e-01
5.000000e-02	1.005020e-01	9.160420e-02	1.058113e-01	3.107433e-01	-2.929434e-01
1.000000e-01	9.065940e-02	9.097414e-02	9.603148e-02	3.018639e-01	-2.945389e-01
1.500000e-01	6.056287e-02	8.905177e-02	6.548993e-02	2.741147e-01	-2.995113e-01
2.000000e-01	2.942081e-02	8.708257e-02	3.394296e-02	2.444958e-01	-3.046515e-01
2.500000e-01	-2.393456e-02	8.381163e-02	-1.898354e-02	1.918999e-01	-3.134850e-01
3.000000e-01	-7.942674e-02	8.065508e-02	-7.578688e-02	1.349869e-01	-3.225244e-01
3.500000e-01	-1.584301e-01	7.682631e-02	-1.569157e-01	5.056824e-02	-3.707214e-01
4.000000e-01	-2.393357e-01	7.404577e-02	-2.409858e-01	0.000000e+00	-4.516537e-01
4.500000e-01	-3.416977e-01	7.272256e-02	-3.448800e-01	0.000000e+00	-5.494383e-01
5.000000e-01	-4.423873e-01	7.430265e-02	-4.463653e-01	0.000000e+00	-6.408394e-01
5.500000e-01	-5.563021e-01	7.975491e-02	-5.643869e-01	0.000000e+00	-7.377760e-01
6.000000e-01	-6.600800e-01	8.806033e-02	-6.721390e-01	0.000000e+00	-8.244035e-01
6.500000e-01	-7.615713e-01	9.901935e-02	-7.779759e-01	0.000000e+00	-9.091037e-01
7.000000e-01	-8.402086e-01	1.097495e-01	-8.565246e-01	0.000000e+00	-9.665680e-01
7.500000e-01	-8.966104e-01	1.194703e-01	-9.136718e-01	0.000000e+00	-1.021726e+00
8.000000e-01	-9.174941e-01	1.257658e-01	-9.375163e-01	0.000000e+00	-1.032003e+00
8.500000e-01	-8.993584e-01	1.278206e-01	-9.210535e-01	0.000000e+00	-1.000860e+00
9.000000e-01	-8.406833e-01	1.248629e-01	-8.641764e-01	0.000000e+00	-9.654861e-01
9.500000e-01	-7.392994e-01	1.166554e-01	-7.598801e-01	0.000000e+00	-8.766280e-01
1.000000e+00	-6.070832e-01	1.045087e-01	-6.247589e-01	0.000000e+00	-7.494408e-01
1.050000e+00	-4.475840e-01	8.939080e-02	-4.605477e-01	0.000000e+00	-5.944543e-01
1.100000e+00	-2.822160e-01	7.424256e-02	-2.901884e-01	0.000000e+00	-4.240671e-01
1.150000e+00	-1.197248e-01	6.093944e-02	-1.196028e-01	3.639275e-02	-2.527939e-01
1.200000e+00	1.827477e-02	5.173048e-02	1.990881e-02	1.562681e-01	-9.728971e-02
1.250000e+00	1.239210e-01	4.612595e-02	1.265736e-01	2.345641e-01	0.000000e+00
1.300000e+00	1.859053e-01	4.219072e-02	1.894862e-01	2.697550e-01	0.000000e+00
1.350000e+00	2.046590e-01	3.770911e-02	2.097442e-01	2.693887e-01	0.000000e+00
1.400000e+00	1.839262e-01	3.182668e-02	1.875529e-01	2.343495e-01	0.000000e+00
1.450000e+00	1.343350e-01	2.507386e-02	1.369038e-01	1.832809e-01	0.000000e+00
1.500000e+00	6.969178e-02	1.887149e-02	7.125028e-02	1.131502e-01	-1.731003e-02
1.550000e+00	4.246504e-03	1.537375e-02	5.623922e-03	4.712733e-02	-5.893937e-02
1.600000e+00	-4.914799e-02	1.592151e-02	-4.787681e-02	0.000000e+00	-1.003070e-01
1.650000e+00	-8.164595e-02	1.934711e-02	-8.158796e-02	0.000000e+00	-1.388705e-01
1.700000e+00	-8.960948e-02	2.337956e-02	-9.079910e-02	0.000000e+00	-1.708024e-01
1.750000e+00	-7.339859e-02	2.674444e-02	-7.467188e-02	0.000000e+00	-1.791972e-01
1.800000e+00	-3.773253e-02	2.844377e-02	-3.904054e-02	2.512801e-02	-1.605807e-01
1.850000e+00	1.217513e-02	2.813700e-02	1.374749e-02	7.042028e-02	-1.140878e-01
1.900000e+00	6.874090e-02	2.620370e-02	7.320098e-02	1.151945e-01	-5.554278e-02
1.950000e+00	1.282262e-01	2.395697e-02	1.328342e-01	1.670942e-01	0.000000e+00
2.000000e+00	1.822621e-01	2.301120e-02	1.849773e-01	2.166753e-01	0.000000e+00
2.050000e+00	2.337434e-01	2.460661e-02	2.353893e-01	2.689064e-01	0.000000e+00
2.100000e+00	2.688166e-01	2.709057e-02	2.721838e-01	3.002929e-01	0.000000e+00
2.150000e+00	2.805158e-01	2.869940e-02	2.841484e-01	3.092720e-01	0.000000e+00
2.200000e+00	2.653671e-01	2.854047e-02	2.677521e-01	3.085928e-01	0.000000e+00
2.250000e+00	2.279055e-01	2.733874e-02	2.296507e-01	2.862289e-01	0.000000e+00
2.300000e+00	1.617585e-01	2.461352e-02	1.621546e-01	2.302056e-01	0.000000e+00
2.350000e+00	7.878519e-02	2.140545e-02	7.783170e-02	1.542233e-01	0.000000e+00
2.400000e+00	-4.958802e-03	1.870278e-02	-7.261272e-03	7.464480e-02	-4.672514e-02
2.450000e+00	-7.424472e-02	1.702022e-02	-7.708218e-02	5.748387e-03	-1.066376e-01
2.500000e+00	-1.196116e-01	1.653895e-02	-1.229273e-01	0.000000e+00	-1.418849e-01
2.550000e+00	-1.373131e-01	1.577072e-02	-1.403713e-01	0.000000e+00	-1.493476e-01
2.600000e+00	-1.307003e-01	1.391456e-02	-1.327892e-01	0.000000e+00	-1.396437e-01
2.650000e+00	-1.161367e-01	1.215396e-02	-1.176707e-01	0.000000e+00	-1.289760e-01
2.700000e+00	-9.134000e-02	1.012535e-02	-9.169527e-02	0.000000e+00	-1.074470e-01
2.750000e+00	-6.235245e-02	8.473690e-03	-6.242157e-02	0.000000e+00	-7.888935e-02
2.800000e+00	-3.472205e-02	7.709336e-03	-3.445121e-02	0.000000e+00	-6.296600e-02
2.850000e+00	-1.333752e-02	7.824949e-03	-1.253784e-02	1.211802e-03	-5.166836e-02
2.900000e+00	7.203412e-04	7.975099e-03	1.734408e-03	1.314306e-02	-4.185073e-02
2.950000e+00	7.144868e-03	7.676422e-03	8.304699e-03	1.851539e-02	-3.397307e-02
3.000000e+00	7.452582e-03	6.783703e-03	8.456443e-03	1.802590e-02	-2.840733e-02
3.050000e+00	4.241400e-03	5.427625e-03	4.906082e-03	1.331329e-02	-2.474188e-02
3.100000e+00	4.641347e-04	3.847349e-03	6.939847e-04	8.408564e-03	-1.994296e-02
3.150000e+00	-1.356567e-03	2.668213e-03	-1.312118e-03	6.110600e-03	-1.392094e-02
3.200000e+00	9.547468e-05	2.700727e-03	6.618409e-05	6.464721e-03	-5.923654e-03
3.250000e+00	5.493673e-03	3.650783e-03	5.484290e-03	1.617882e-02	-3.154864e-03
3.300000e+00	1.299245e-02	4.514709e-03	1.301969e-02	2.609935e-02	0.000000e+00
3.350000e+00	2.026233e-02	4.937133e-03	2.011783e-02	3.327267e-02	0.000000e+00
3.400000e+00	2.495172e-02	4.875124e-03	2.501780e-02	3.615454e-02	0.000000e+00
3.450000e+00	2.616736e-02	4.520135e-03	2.630644e-02	3.568111e-02	0.000000e+00
3.500000e+00	2.219025e-02	3.939548e-03	2.236534e-02	3.052263e-02	0.000000e+00
3.550000e+00	1.394480e-02	3.365143e-03	1.403624e-02	2.181913e-02	0.000000e+00
3.600000e+00	3.611129e-03	2.968083e-03	3.637705e-03	1.153129e-02	-4.246403e-03
3.650000e+00	-6.420096e-03	2.882844e-03	-6.687114e-03	1.014326e-03	-1.530011e-02
3.700000e+00	-1.387105e-02	3.038211e-03	-1.374894e-02	0.000000e+00	-2.203171e-02
3.750000e+00	-1.709600e-02	3.349418e-03	-1.703024e-02	0.000000e+00	-2.385590e-02
3.800000e+00	-1.588852e-02	3.707607e-03	-1.586505e-02	0.000000e+00	-2.442800e-02
3.850000e+00	-1.114997e-02	4.189590e-03	-1.110651e-02	0.000000e+00	-2.141929e-02
3.900000e+00	-5.638809e-03	4.336126e-03	-5.441224e-03	5.272633e-03	-1.644309e-02
3.950000e+00	-1.508141e-03	4.069672e-03	-1.321822e-03	8.659090e-03	-1.192825e-02
4.000000e+00	-2.372181e-04	3.485041e-03	-3.367637e-04	8.810668e-03	-9.266287e-03
4.050000e+00	-2.350776e-03	2.725422e-03	-2.147312e-03	4.618802e-03	-9.484055e-03
4.100000e+00	-8.097199e-03	2.327958e-03	-8.069993e-03	0.000000e+00	-1.327912e-02
4.150000e+00	-1.494890e-02	2.785903e-03	-1.518859e-02	0.000000e+00	-2.018398e-02
4.200000e+00	-1.971544e-02	3.783697e-03	-2.011210e-02	0.000000e+00	-2.682425e-02
4.250000e+00	-2.174818e-02	4.931630e-03	-2.213814e-02	0.000000e+00	-3.054890e-02
4.300000e+00	-1.909716e-02	5.952389e-03	-1.950975e-02	0.000000e+00	-3.132287e-02
4.350000e+00	-1.185899e-02	6.698405e-03	-1.232537e-02	4.739709e-03	-2.629909e-02
4.400000e+00	-1.526519e-03	7.114845e-03	-1.476480e-03	1.662371e-02	-1.756569e-02
4.450000e+00	8.999182e-03	7.217740e-03	9.047559e-03	2.762367e-02	-1.149338e-02
4.500000e+00	1.771547e-02	7.016314e-03	1.815883e-02	3.645930e-02	-6.434994e-03
4.550000e+00	2.280508e-02	6.507285e-03	2.306098e-02	3.989792e-02	-1.689720e-03
4.600000e+00	2.360586e-02	5.660104e-03	2.372216e-02	3.836292e-02	0.000000e+00
4.650000e+00	2.049530e-02	4.462939e-03	2.018384e-02	3.128750e-02	0.000000e+00
4.700000e+00	1.556133e-02	3.216859e-03	1.531380e-02	2.294245e-02	0.000000e+00
4.750000e+00	1.095341e-02	2.920281e-03	1.110862e-02	1.877079e-02	0.000000e+00
4.800000e+00	8.552043e-03	4.120479e-03	8.569676e-03	2.015672e-02	-1.955442e-03
4.850000e+00	9.393883e-03	5.727432e-03	9.209010e-03	2.351838e-02	-6.350109e-03
4.900000e+00	1.370762e-02	6.997057e-03	1.338152e-02	2.923878e-02	-5.851294e-03
4.950000e+00	2.055791e-02	7.712571e-03	2.027955e-02	3.639939e-02	-1.088912e-03
5.000000e+00	2.835651e-02	8.033188e-03	2.892811e-02	4.441502e-02	0.000000e+00
5.050000e+00	3.547306e-02	8.364468e-03	3.577047e-02	5.482197e-02	0.000000e+00
5.100000e+00	4.034683e-02	9.082914e-03	4.025708e-02	6.211996e-02	0.000000e+00
5.150000e+00	4.192444e-02	1.015870e-02	4.229592e-02	6.588675e-02	0.000000e+00
5.200000e+00	3.970630e-02	1.124280e-02	4.034786e-02	6.844649e-02	0.000000e+00
5.250000e+00	3.351558e-02	1.202158e-02	3.367523e-02	6.495363e-02	0.000000e+00
5.300000e+00	2.347026e-02	1.245626e-02	2.342215e-02	5.492140e-02	-4.580960e-03
5.350000e+00	9.810756e-03	1.271341e-02	9.385041e-03	4.250909e-02	-1.937531e-02
5.400000e+00	-7.092656e-03	1.299101e-02	-7.402794e-03	2.513725e-02	-3.649900e-02
5.450000e+00	-2.659675e-02	1.323172e-02	-2.739283e-02	3.280231e-03	-6.514823e-02
5.500000e+00	-4.740357e-02	1.325415e-02	-4.753728e-02	0.000000e+00	-8.902588e-02
5.550000e+00	-6.778374e-02	1.279664e-02	-6.817535e-02	0.000000e+00	-1.047245e-01
5.600000e+00	-8.552605e-02	1.184242e-02	-8.602762e-02	0.000000e+00	-1.102472e-01
5.650000e+00	-9.794631e-02	1.083182e-02	-9.840928e-02	0.000000e+00	-1.138178e-01
5.700000e+00	-1.030946e-01	1.085519e-02	-1.044254e-01	0.000000e+00	-1.150940e-01
5.750000e+00	-9.967782e-02	1.272121e-02	-1.021547e-01	0.000000e+00	-1.175084e-01
5.800000e+00	-8.755578e-02	1.605645e-02	-9.000856e-02	0.000000e+00	-1.148620e-01
5.850000e+00	-6.752214e-02	1.985885e-02	-6.848677e-02	0.000000e+00	-1.021891e-01
5.900000e+00	-4.207509e-02	2.325330e-02	-4.195325e-02	1.554590e-02	-8.401830e-02
5.950000e+00	-1.388878e-02	2.552059e-02	-1.274236e-02	4.675316e-02	-6.203429e-02
6.000000e+00	1.443248e-02	2.613054e-02	1.422075e-02	7.260548e-02	-3.693921e-02
6.050000e+00	4.090419e-02	2.474540e-02	4.112109e-02	9.023985e-02	-1.151923e-02
6.100000e+00	6.381635e-02	2.169182e-02	6.506315e-02	1.025894e-01	0.000000e+00
6.150000e+00	8.237697e-02	1.788647e-02	8.401160e-02	1.144384e-01	0.000000e+00
6.200000e+00	9.604653e-02	1.503982e-02	9.727955e-02	1.228608e-01	0.000000e+00
6.250000e+00	1.041671e-01	1.487833e-02	1.052539e-01	1.311181e-01	0.000000e+00
6.300000e+00	1.057836e-01	1.703930e-02	1.074740e-01	1.352198e-01	0.000000e+00
6.350000e+00	9.979255e-02	1.973934e-02	1.015330e-01	1.343865e-01	0.000000e+00
6.400000e+00	8.540916e-02	2.188375e-02	8.612398e-02	1.262779e-01	0.000000e+00
6.450000e+00	6.279390e-02	2.318357e-02	6.244404e-02	1.097520e-01	0.000000e+00
6.500000e+00	3.357694e-02	2.364491e-02	3.286507e-02	8.345186e-02	-2.103741e-02
6.550000e+00	7.888826e-04	2.319252e-02	1.425523e-03	4.909223e-02	-5.423441e-02
6.600000e+00	-3.059805e-02	2.195835e-02	-3.057320e-02	1.861265e-02	-8.105361e-02
6.650000e+00	-5.562556e-02	2.033805e-02	-5.582737e-02	0.000000e+00	-1.030034e-01
6.700000e+00	-7.021114e-02	1.908289e-02	-7.120865e-02	0.000000e+00	-1.112695e-01
6.750000e+00	-7.227435e-02	1.873536e-02	-7.391606e-02	0.000000e+00	-1.124885e-01
6.800000e+00	-6.240417e-02	1.890010e-02	-6.320049e-02	0.000000e+00	-1.007534e-01
6.850000e+00	-4.381714e-02	1.849713e-02	-4.490190e-02	7.518957e-03	-8.399058e-02
6.900000e+00	-2.157838e-02	1.666700e-02	-2.066998e-02	2.231790e-02	-6.163002e-02
6.950000e+00	-1.298061e-03	1.330194e-02	4.032580e-04	2.824240e-02	-3.776551e-02
7.000000e+00	1.230915e-02	9.253926e-03	1.412566e-02	3.226576e-02	-1.588287e-02
7.050000e+00	1.650111e-02	6.810031e-03	1.658446e-02	3.402904e-02	-1.515821e-04
7.100000e+00	1.116809e-02	8.168479e-03	1.095373e-02	3.351476e-02	-1.181413e-02
7.150000e+00	-1.383221e-03	1.079901e-02	-1.246145e-03	2.826109e-02	-3.466028e-02
7.200000e+00	-1.737918e-02	1.256646e-02	-1.662859e-02	1.772180e-02	-5.639470e-02
7.250000e+00	-3.276702e-02	1.323282e-02	-3.195885e-02	4.401412e-03	-7.155585e-02
7.300000e+00	-4.429252e-02	1.353847e-02	-4.423965e-02	0.000000e+00	-7.801529e-02
7.350000e+00	-5.013963e-02	1.444398e-02	-5.025927e-02	0.000000e+00	-8.456516e-02
7.400000e+00	-4.999350e-02	1.610311e-02	-4.967066e-02	0.000000e+00	-8.433579e-02
7.450000e+00	-4.461251e-02	1.775144e-02	-4.495816e-02	1.238475e-02	-7.804373e-02
7.500000e+00	-3.516797e-02	1.870942e-02	-3.583006e-02	2.488284e-02	-7.595774e-02
7.550000e+00	-2.255628e-02	1.912764e-02	-2.348261e-02	3.252499e-02	-7.116164e-02
7.600000e+00	-7.549440e-03	2.019809e-02	-9.474480e-03	4.713657e-02	-5.928722e-02
7.650000e+00	9.512127e-03	2.266043e-02	7.543757e-03	7.127840e-02	-4.565599e-02
7.700000e+00	2.812394e-02	2.553458e-02	2.840215e-02	9.258743e-02	-2.954313e-02
7.750000e+00	4.715967e-02	2.689635e-02	4.828652e-02	1.083204e-01	-1.237116e-02
7.800000e+00	6.467018e-02	2.535683e-02	6.556517e-02	1.239087e-01	0.000000e+00
7.850000e+00	7.810430e-02	2.107279e-02	7.908632e-02	1.274123e-01	0.000000e+00
7.900000e+00	8.492720e-02	1.690336e-02	8.491814e-02	1.166995e-01	0.000000e+00
7.950000e+00	8.342477e-02	1.819080e-02	8.769939e-02	1.128444e-01	0.000000e+00
8.000000e+00	7.337801e-02	2.441771e-02	7.834688e-02	1.143082e-01	0.000000e+00
8.050000e+00	5.616367e-02	3.022738e-02	5.889030e-02	1.098406e-01	-2.060250e-02
8.100000e+00	3.509916e-02	3.273665e-02	3.652442e-02	1.032602e-01	-3.843617e-02
8.150000e+00	1.378120e-02	3.123789e-02	1.223597e-02	8.797205e-02	-5.398161e-02
8.200000e+00	-4.691630e-03	2.654437e-02	-8.345843e-03	6.796710e-02	-6.514515e-02
8.250000e+00	-1.858478e-02	2.045818e-02	-2.227688e-02	4.995100e-02	-6.414367e-02
8.300000e+00	-2.789048e-02	1.512215e-02	-3.000966e-02	2.811368e-02	-5.570249e-02
8.350000e+00	-3.405675e-02	1.203063e-02	-3.480097e-02	3.736587e-03	-5.897777e-02
8.400000e+00	-3.919337e-02	1.090904e-02	-4.014817e-02	0.000000e+00	-7.087317e-02
8.450000e+00	-4.506602e-02	1.052611e-02	-4.583588e-02	0.000000e+00	-7.943973e-02
8.500000e+00	-5.226944e-02	1.031021e-02	-5.321848e-02	0.000000e+00	-8.126930e-02
8.550000e+00	-5.994260e-02	1.009530e-02	-5.960109e-02	0.000000e+00	-8.996988e-02
8.600000e+00	-6.586032e-02	9.940662e-03	-6.506254e-02	0.000000e+00	-9.308599e-02
8.650000e+00	-6.746301e-02	1.073162e-02	-6.773886e-02	0.000000e+00	-9.435442e-02
8.700000e+00	-6.281401e-02	1.372714e-02	-6.304240e-02	0.000000e+00	-8.836614e-02
8.750000e+00	-5.140294e-02	1.857520e-02	-5.247469e-02	0.000000e+00	-8.469616e-02
8.800000e+00	-3.442442e-02	2.370932e-02	-3.792971e-02	2.838569e-02	-7.766478e-02
8.850000e+00	-1.443276e-02	2.763436e-02	-1.541789e-02	5.327403e-02	-6.327638e-02
8.900000e+00	5.480265e-03	2.935096e-02	3.963416e-03	7.046981e-02	-4.930172e-02
8.950000e+00	2.265508e-02	2.847152e-02	2.321813e-02	7.767038e-02	-3.401450e-02
9.000000e+00	3.560334e-02	2.525855e-02	3.704751e-02	9.461021e-02	-2.213913e-02
9.050000e+00	4.428308e-02	2.064291e-02	4.520718e-02	1.005806e-01	-1.462551e-02
9.100000e+00	4.961228e-02	1.636159e-02	5.091574e-02	9.339541e-02	-3.713307e-03
9.150000e+00	5.293785e-02	1.450775e-02	5.465736e-02	8.005675e-02	0.000000e+00
9.200000e+00	5.513808e-02	1.538995e-02	5.520707e-02	8.558569e-02	0.000000e+00
9.250000e+00	5.609260e-02	1.698123e-02	5.453884e-02	8.968444e-02	0.000000e+00
9.300000e+00	5.467462e-02	1.782562e-02	5.441566e-02	8.838105e-02	0.000000e+00
9.350000e+00	4.927928e-02	1.799739e-02	4.858756e-02	8.478315e-02	0.000000e+00
9.400000e+00	3.867397e-02	1.837373e-02	4.038628e-02	7.577114e-02	0.000000e+00
9.450000e+00	2.281528e-02	1.936294e-02	2.446474e-02	6.150572e-02	-1.882356e-02
9.500000e+00	3.278904e-03	2.026878e-02	5.117106e-03	4.600264e-02	-4.303684e-02
9.550000e+00	-1.696441e-02	2.009552e-02	-1.532042e-02	2.601031e-02	-6.645044e-02
9.600000e+00	-3.411522e-02	1.850950e-02	-3.408285e-02	9.344490e-03	-8.017560e-02
9.650000e+00	-4.478504e-02	1.624969e-02	-4.610599e-02	0.000000e+00	-8.245184e-02
9.700000e+00	-4.700790e-02	1.472595e-02	-4.901477e-02	0.000000e+00	-8.118881e-02
9.750000e+00	-4.087776e-02	1.458013e-02	-4.183560e-02	1.758812e-03	-7.053007e-02
9.800000e+00	-2.854876e-02	1.473553e-02	-2.852606e-02	1.275292e-02	-6.147811e-02
9.850000e+00	-1.360300e-02	1.377113e-02	-1.211906e-02	2.000029e-02	-4.818644e-02
9.900000e+00	-1.014896e-05	1.120055e-02	1.143246e-03	2.381681e-02	-3.251764e-02
9.950000e+00	8.967358e-03	7.734832e-03	9.969173e-03	2.442642e-02	-1.662911e-02
1.000000e+01	1.157445e-02	5.773027e-03	1.195472e-02	2.452338e-02	-5.549096e-03
1.005000e+01	7.857741e-03	7.551286e-03	8.508568e-03	2.455883e-02	-2.188676e-02
1.010000e+01	-6.743702e-04	1.041384e-02	0.000000e+00	2.557364e-02	-3.971303e-02
1.015000e+01	-1.151299e-02	1.251286e-02	-1.142165e-02	2.663173e-02	-5.311251e-02
1.020000e+01	-2.199103e-02	1.373017e-02	-2.183047e-02	2.389747e-02	-6.229389e-02
1.025000e+01	-2.991427e-02	1.457710e-02	-3.000192e-02	1.745070e-02	-6.736044e-02
1.030000e+01	-3.388979e-02	1.548824e-02	-3.475957e-02	1.001078e-02	-6.574214e-02
1.035000e+01	-3.333914e-02	1.642423e-02	-3.333567e-02	1.631662e-02	-6.965602e-02
1.040000e+01	-2.831130e-02	1.712895e-02	-2.842369e-02	2.022757e-02	-6.950075e-02
1.045000e+01	-1.926339e-02	1.764308e-02	-1.930473e-02	2.260777e-02	-6.904640e-02
1.050000e+01	-6.941742e-03	1.835682e-02	-7.683708e-03	3.874747e-02	-5.979291e-02
1.055000e+01	7.602159e-03	1.941403e-02	7.629380e-03	5.719423e-02	-4.522536e-02
1.060000e+01	2.293274e-02	2.020984e-02	2.182647e-02	7.485580e-02	-3.085863e-02
1.065000e+01	3.722061e-02	1.977713e-02	3.636845e-02	8.389870e-02	-1.185090e-02
1.070000e+01	4.841653e-02	1.765821e-02	4.811668e-02	8.705250e-02	0.000000e+00
1.075000e+01	5.463503e-02	1.472607e-02	5.388557e-02	8.950339e-02	0.000000e+00
1.080000e+01	5.465538e-02	1.362894e-02	5.700353e-02	7.933044e-02	0.000000e+00
1.085000e+01	4.835746e-02	1.612254e-02	5.213462e-02	7.413402e-02	-1.888072e-03
1.090000e+01	3.689559e-02	1.992204e-02	4.035186e-02	7.088918e-02	-2.102098e-02
1.095000e+01	2.248923e-02	2.237119e-02	2.392448e-02	6.821069e-02	-3.577963e-02
1.100000e+01	7.850499e-03	2.236450e-02	7.580264e-03	5.898146e-02	-4.258834e-02
1.105000e+01	-4.608914e-03	2.006292e-02	-5.888674e-03	4.548175e-02	-5.381277e-02
1.110000e+01	-1.340031e-02	1.633776e-02	-1.489740e-02	3.286352e-02	-5.722921e-02
1.115000e+01	-1.839322e-02	1.238839e-02	-1.898205e-02	2.199584e-02	-5.104482e-02
1.120000e+01	-2.070832e-02	9.318260e-03	-2.113368e-02	1.047992e-02	-4.451548e-02
1.125000e+01	-2.215033e-02	7.984951e-03	-2.282705e-02	0.000000e+00	-4.444965e-02
1.130000e+01	-2.438954e-02	8.392868e-03	-2.485704e-02	0.000000e+00	-5.157044e-02
1.135000e+01	-2.820535e-02	9.253267e-03	-2.908944e-02	0.000000e+00	-5.512765e-02
1.140000e+01	-3.309075e-02	9.211572e-03	-3.407172e-02	0.000000e+00	-5.569755e-02
1.145000e+01	-3.738313e-02	7.978491e-03	-3.837770e-02	0.000000e+00	-5.619151e-02
1.150000e+01	-3.888551e-02	7.585218e-03	-3.964263e-02	0.000000e+00	-5.282540e-02
1.155000e+01	-3.574912e-02	1.094014e-02	-3.798597e-02	1.296858e-03	-5.368540e-02
1.160000e+01	-2.728102e-02	1.621253e-02	-3.017053e-02	2.582125e-02	-5.488830e-02
1.165000e+01	-1.436117e-02	2.065454e-02	-1.711987e-02	4.679443e-02	-5.006207e-02
1.170000e+01	7.037054e-04	2.273134e-02	-4.224163e-04	5.984502e-02	-4.489657e-02
1.175000e+01	1.485163e-02	2.200983e-02	1.489224e-02	6.406981e-02	-3.303158e-02
1.180000e+01	2.522632e-02	1.911646e-02	2.672484e-02	6.152389e-02	-1.810628e-02
1.185000e+01	3.008211e-02	1.550431e-02	3.182170e-02	6.486517e-02	-6.355659e-03
1.190000e+01	2.930796e-02	1.280206e-02	3.015467e-02	6.607890e-02	-4.659211e-04
1.195000e+01	2.438660e-02	1.161677e-02	2.454892e-02	5.711912e-02	0.000000e+00
1.200000e+01	1.781306e-02	1.119005e-02	1.871724e-02	4.579176e-02	-8.841351e-03
1.205000e+01	1.226612e-02	1.091919e-02	1.323428e-02	3.552889e-02	-1.680055e-02
1.210000e+01	9.456229e-03	1.079321e-02	8.934623e-03	3.037165e-02	-2.259373e-02
1.215000e+01	9.841773e-03	1.072133e-02	8.899133e-03	3.132293e-02	-1.932298e-02
1.220000e+01	1.246178e-02	1.022051e-02	1.173649e-02	3.472274e-02	-1.953502e-02
1.225000e+01	1.538438e-02	9.148264e-03	1.529659e-02	3.702316e-02	-1.723864e-02
1.230000e+01	1.648449e-02	8.442368e-03	1.662545e-02	3.632199e-02	-1.154506e-02
1.235000e+01	1.425652e-02	9.436278e-03	1.496580e-02	3.366798e-02	-8.285698e-03
1.240000e+01	8.370466e-03	1.159136e-02	9.410361e-03	3.366530e-02	-2.388755e-02
1.245000e+01	-2.125115e-04	1.327468e-02	5.222926e-04	2.977161e-02	-3.848917e-02
1.250000e+01	-9.581069e-03	1.350948e-02	-9.998547e-03	2.148111e-02	-4.758359e-02
1.255000e+01	-1.752442e-02	1.221613e-02	-1.772115e-02	1.071036e-02	-4.906702e-02
1.260000e+01	-2.224785e-02	1.007429e-02	-2.271321e-02	1.539589e-03	-4.960257e-02
1.265000e+01	-2.290521e-02	8.264865e-03	-2.319338e-02	0.000000e+00	-4.725660e-02
1.270000e+01	-1.978622e-02	7.692576e-03	-1.978515e-02	1.412668e-03	-3.885248e-02
1.275000e+01	-1.413168e-02	7.930822e-03	-1.399981e-02	4.361739e-03	-3.378935e-02
1.280000e+01	-7.679113e-03	7.992836e-03	-7.805612e-03	1.465531e-02	-2.618179e-02
1.285000e+01	-2.119573e-03	7.540867e-03	-2.627623e-03	2.182816e-02	-1.885091e-02
1.290000e+01	1.350505e-03	6.948007e-03	5.750589e-04	2.396336e-02	-1.372778e-02
1.295000e+01	2.260328e-03	6.899790e-03	1.711413e-03	2.199457e-02	-1.553954e-02
1.300000e+01	8.516124e-04	7.663167e-03	8.282725e-04	1.997576e-02	-2.069014e-02
1.305000e+01	-2.144568e-03	8.838909e-03	-1.522268e-03	2.217306e-02	-2.541600e-02
1.310000e+01	-5.781119e-03	9.839466e-03	-4.853380e-03	2.214247e-02	-3.081217e-02
1.315000e+01	-9.046554e-03	1.034853e-02	-8.317340e-03	1.952420e-02	-3.512955e-02
1.320000e+01	-1.108117e-02	1.032085e-02	-1.065342e-02	1.474082e-02	-3.543774e-02
1.325000e+01	-1.126437e-02	9.959919e-03	-1.043366e-02	9.336336e-03	-3.604741e-02
1.330000e+01	-9.254227e-03	9.679627e-03	-7.695277e-03	1.018397e-02	-3.554691e-02
1.335000e+01	-5.018697e-03	9.886937e-03	-3.927234e-03	1.391488e-02	-3.592022e-02
1.340000e+01	1.126279e-03	1.056648e-02	1.562193e-03	2.802433e-02	-3.309260e-02
1.345000e+01	8.492349e-03	1.119070e-02	8.200866e-03	3.882086e-02	-2.537625e-02
1.350000e+01	1.605237e-02	1.113463e-02	1.611280e-02	4.448995e-02	-1.361475e-02
1.355000e+01	2.257156e-02	1.012692e-02	2.225575e-02	4.441031e-02	0.000000e+00
1.360000e+01	2.684031e-02	8.612878e-03	2.647754e-02	4.651315e-02	0.000000e+00
1.365000e+01	2.796234e-02	7.992008e-03	2.855714e-02	4.400830e-02	0.000000e+00
1.370000e+01	2.561035e-02	9.369685e-03	2.702231e-02	4.196973e-02	-3.024724e-03
1.375000e+01	2.015264e-02	1.171142e-02	2.145141e-02	4.432364e-02	-1.216554e-02
1.380000e+01	1.258661e-02	1.353969e-02	1.301411e-02	4.172390e-02	-2.324066e-02
1.385000e+01	4.280409e-03	1.414491e-02	4.578011e-03	3.474501e-02	-3.215047e-02
1.390000e+01	-3.402758e-03	1.348695e-02	-2.805823e-03	2.710613e-02	-3.569061e-02
1.395000e+01	-9.472620e-03	1.194191e-02	-9.686798e-03	1.884302e-02	-3.424660e-02
1.400000e+01	-1.354272e-02	1.001688e-02	-1.418679e-02	1.475283e-02	-3.370795e-02
1.405000e+01	-1.594214e-02	8.133009e-03	-1.644221e-02	1.087689e-02	-3.712301e-02
1.410000e+01	-1.717163e-02	6.602882e-03	-1.740977e-02	6.244460e-03	-3.621907e-02
1.415000e+01	-1.789975e-02	5.807090e-03	-1.824378e-02	0.000000e+00	-3.311918e-02
1.420000e+01	-1.851712e-02	5.926374e-03	-1.845856e-02	0.000000e+00	-3.650517e-02
1.425000e+01	-1.893007e-02	6.632051e-03	-1.899324e-02	0.000000e+00	-3.715130e-02
1.430000e+01	-1.858329e-02	7.632984e-03	-1.935426e-02	3.171877e-03	-3.711797e-02
1.435000e+01	-1.670938e-02	9.035668e-03	-1.749734e-02	7.736025e-03	-3.718574e-02
1.440000e+01	-1.271076e-02	1.086693e-02	-1.424481e-02	1.817509e-02	-3.574612e-02
1.445000e+01	-6.520744e-03	1.263108e-02	-8.164295e-03	2.828198e-02	-3.096171e-02
1.450000e+01	1.208080e-03	1.354466e-02	4.482912e-04	3.606953e-02	-2.381413e-02
1.455000e+01	9.179262e-03	1.304042e-02	9.723439e-03	3.997595e-02	-1.747231e-02
1.460000e+01	1.578438e-02	1.115879e-02	1.641271e-02	3.976372e-02	-1.193274e-02
1.465000e+01	1.958545e-02	8.814593e-03	2.013194e-02	3.649645e-02	-4.882179e-03
1.470000e+01	1.978105e-02	7.715012e-03	2.005708e-02	3.921450e-02	0.000000e+00
1.475000e+01	1.648981e-02	8.442341e-03	1.636574e-02	3.638851e-02	-5.247141e-03
1.480000e+01	1.074645e-02	9.311705e-03	1.027870e-02	3.169922e-02	-1.057108e-02
1.485000e+01	4.205582e-03	8.997200e-03	3.384079e-03	2.506591e-02	-1.926928e-02
1.490000e+01	-1.349924e-03	7.442590e-03	-1.757309e-03	1.598114e-02	-2.264193e-02
1.495000e+01	-4.533712e-03	5.707610e-03	-4.388504e-03	8.537077e-03	-2.026489e-02
1.500000e+01	-4.743676e-03	5.442807e-03	-4.669888e-03	9.375642e-03	-1.885528e-02
1.505000e+01	-2.302697e-03	6.436435e-03	-1.933375e-03	1.506336e-02	-2.129727e-02
1.510000e+01	1.698567e-03	7.059803e-03	2.141133e-03	1.981146e-02	-1.806077e-02
1.515000e+01	5.795571e-03	6.807438e-03	5.676679e-03	2.229109e-02	-1.101688e-02
1.520000e+01	8.592808e-03	6.337102e-03	8.596908e-03	2.688335e-02	-7.799708e-03
1.525000e+01	9.161158e-03	6.741408e-03	9.718888e-03	2.871271e-02	-8.288624e-03
1.530000e+01	7.258558e-03	7.988086e-03	7.998986e-03	2.539077e-02	-1.626447e-02
1.535000e+01	3.327839e-03	9.035765e-03	3.763729e-03	2.141049e-02	-2.183690e-02
1.540000e+01	-1.698586e-03	9.140500e-03	-1.475859e-03	2.027925e-02	-2.353671e-02
1.545000e+01	-6.701582e-03	8.158755e-03	-7.069936e-03	1.639295e-02	-2.493120e-02
1.550000e+01	-1.068071e-02	6.464509e-03	-1.100711e-02	1.044649e-02	-2.787989e-02
1.555000e+01	-1.297531e-02	4.910459e-03	-1.335133e-02	3.694772e-03	-2.593061e-02
1.560000e+01	-1.335740e-02	4.592132e-03	-1.366451e-02	1.186730e-03	-2.299003e-02
1.565000e+01	-1.200072e-02	5.458220e-03	-1.229525e-02	7.735670e-03	-2.390108e-02
1.570000e+01	-9.365554e-03	6.457355e-03	-1.027185e-02	1.226807e-02	-2.320578e-02
1.575000e+01	-6.051715e-03	7.044266e-03	-7.568087e-03	1.461304e-02	-2.002010e-02
1.580000e+01	-2.663527e-03	7.169290e-03	-4.028505e-03	1.504059e-02	-1.475493e-02
1.585000e+01	2.900406e-04	7.002057e-03	-8.770532e-04	1.775548e-02	-1.236925e-02
1.590000e+01	2.456999e-03	6.745157e-03	1.468785e-03	1.835041e-02	-1.245405e-02
1.595000e+01	3.673538e-03	6.499304e-03	3.561031e-03	1.678445e-02	-1.401587e-02
1.600000e+01	3.972070e-03	6.233433e-03	4.616828e-03	2.004715e-02	-1.464215e-02
1.605000e+01	3.576628e-03	5.916621e-03	4.533298e-03	2.295139e-02	-1.396823e-02
1.610000e+01	2.860393e-03	5.500242e-03	3.066479e-03	2.173257e-02	-1.306297e-02
1.615000e+01	2.221549e-03	5.074809e-03	2.063197e-03	1.702508e-02	-1.197832e-02
1.620000e+01	2.004530e-03	4.791059e-03	1.927266e-03	1.535390e-02	-1.149800e-02
1.625000e+01	2.408547e-03	4.741188e-03	2.592110e-03	1.999480e-02	-9.033848e-03
1.630000e+01	3.424340e-03	4.869492e-03	3.308813e-03	2.257015e-02	-7.703359e-03
1.635000e+01	4.823951e-03	5.017691e-03	5.070263e-03	2.248965e-02	-6.753705e-03
1.640000e+01	6.215706e-03	5.045306e-03	6.343643e-03	1.963077e-02	-8.308922e-03
1.645000e+01	7.155101e-03	4.930627e-03	7.212602e-03	1.916190e-02	-7.832913e-03
1.650000e+01	7.279971e-03	4.836916e-03	7.405940e-03	1.897075e-02	-5.441137e-03
1.655000e+01	6.425152e-03	5.060856e-03	6.583291e-03	1.798002e-02	-6.710595e-03
1.660000e+01	4.675180e-03	5.740411e-03	5.033669e-03	1.677701e-02	-1.038598e-02
1.665000e+01	2.333834e-03	6.647359e-03	2.773304e-03	1.698904e-02	-1.819058e-02
1.670000e+01	-1.800531e-04	7.390760e-03	-8.394389e-05	1.667580e-02	-2.338809e-02
1.675000e+01	-2.472293e-03	7.666761e-03	-2.292875e-03	1.493508e-02	-2.471283e-02
1.680000e+01	-4.295331e-03	7.361750e-03	-4.150756e-03	1.276070e-02	-2.554984e-02
1.685000e+01	-5.605248e-03	6.575914e-03	-5.589164e-03	1.164489e-02	-2.480496e-02
1.690000e+01	-6.531942e-03	5.604035e-03	-6.472073e-03	8.912204e-03	-2.049913e-02
1.695000e+01	-7.275891e-03	4.862844e-03	-6.995995e-03	7.845128e-03	-1.938017e-02
1.700000e+01	-7.975746e-03	4.691502e-03	-8.045038e-03	5.509974e-03	-1.914863e-02
1.705000e+01	-8.661799e-03	5.105102e-03	-9.094123e-03	7.104399e-03	-1.935998e-02
1.710000e+01	-9.001853e-03	5.872018e-03	-9.662879e-03	9.474479e-03	-1.954117e-02
1.715000e+01	-8.643155e-03	6.758115e-03	-9.389913e-03	1.086659e-02	-2.327002e-02
1.720000e+01	-7.263676e-03	7.545686e-03	-8.027806e-03	1.282808e-02	-2.372417e-02
1.725000e+01	-4.723618e-03	8.023659e-03	-5.104347e-03	1.397794e-02	-2.112374e-02
1.730000e+01	-1.171463e-03	8.044235e-03	-6.136110e-04	1.582639e-02	-1.876711e-02
1.735000e+01	2.940379e-03	7.586983e-03	3.867931e-03	2.003984e-02	-1.717735e-02
1.740000e+01	6.943170e-03	6.781210e-03	7.855198e-03	2.349417e-02	-1.263207e-02
1.745000e+01	1.011796e-02	5.886606e-03	1.093169e-02	2.338042e-02	-6.354957e-03
1.750000e+01	1.188677e-02	5.243564e-03	1.281613e-02	2.406979e-02	-8.423036e-04
1.755000e+01	1.196640e-02	5.135407e-03	1.230319e-02	2.423899e-02	-1.861467e-03
1.760000e+01	1.043592e-02	5.547242e-03	1.099378e-02	2.310637e-02	-3.851605e-03
1.765000e+01	7.699952e-03	6.153912e-03	8.172924e-03	2.122846e-02	-7.864167e-03
1.770000e+01	4.365267e-03	6.577412e-03	4.200709e-03	1.768581e-02	-1.232262e-02
1.775000e+01	1.075530e-03	6.565056e-03	1.412993e-03	1.524965e-02	-1.511575e-02
1.780000e+01	-1.641564e-03	6.069229e-03	-1.459086e-03	1.241087e-02	-1.621832e-02
1.785000e+01	-3.471404e-03	5.292213e-03	-3.286971e-03	1.069372e-02	-1.622668e-02
1.790000e+01	-4.335203e-03	4.646490e-03	-4.297731e-03	1.152258e-02	-1.450369e-02
1.795000e+01	-4.347833e-03	4.461487e-03	-4.739349e-03	1.187142e-02	-1.362536e-02
1.800000e+01	-3.740276e-03	4.584415e-03	-3.778972e-03	1.034038e-02	-1.432115e-02
1.805000e+01	-2.766723e-03	4.604997e-03	-2.782240e-03	1.102230e-02	-1.471296e-02
1.810000e+01	-1.672057e-03	4.322097e-03	-1.713500e-03	1.190180e-02	-1.270562e-02
1.815000e+01	-6.930234e-04	3.849012e-03	-6.916304e-04	1.059594e-02	-1.083569e-02
1.820000e+01	-2.957612e-05	3.472956e-03	-5.254773e-05	8.381989e-03	-1.126338e-02
1.825000e+01	1.677355e-04	3.373166e-03	7.144848e-05	7.933175e-03	-1.117655e-02
1.830000e+01	-1.788118e-04	3.450879e-03	-2.019728e-04	8.624950e-03	-1.089351e-02
1.835000e+01	-1.042724e-03	3.537862e-03	-1.052714e-03	9.068189e-03	-1.104173e-02
1.840000e+01	-2.269467e-03	3.599244e-03	-2.272020e-03	9.965675e-03	-1.055088e-02
1.845000e+01	-3.580795e-03	3.693017e-03	-3.656620e-03	9.319503e-03	-1.416463e-02
1.850000e+01	-4.621244e-03	3.864359e-03	-4.807184e-03	7.212934e-03	-1.572520e-02
1.855000e+01	-5.044303e-03	4.115788e-03	-5.154454e-03	4.557411e-03	-1.594139e-02
1.860000e+01	-4.616291e-03	4.420828e-03	-5.226164e-03	7.091588e-03	-1.473214e-02
1.865000e+01	-3.302619e-03	4.710123e-03	-3.839886e-03	1.057830e-02	-1.299430e-02
1.870000e+01	-1.301169e-03	4.869226e-03	-1.577302e-03	1.287409e-02	-1.290403e-02
1.875000e+01	9.971985e-04	4.796149e-03	6.827408e-04	1.275015e-02	-1.231715e-02
1.880000e+01	3.115265e-03	4.477958e-03	3.246021e-03	1.472956e-02	-1.039990e-02
1.885000e+01	4.631084e-03	4.019020e-03	5.017733e-03	1.456665e-02	-8.432440e-03
1.890000e+01	5.306412e-03	3.584603e-03	5.606712e-03	1.550649e-02	-6.501658e-03
1.895000e+01	5.155330e-03	3.282252e-03	5.283755e-03	1.442073e-02	-4.863592e-03
1.900000e+01	4.426330e-03	3.107727e-03	4.688190e-03	1.192757e-02	-5.215932e-03
1.905000e+01	3.519790e-03	3.038380e-03	4.098504e-03	9.607218e-03	-5.896338e-03
1.910000e+01	2.778077e-03	3.111212e-03	3.232314e-03	9.770055e-03	-6.560253e-03
1.915000e+01	2.419223e-03	3.327597e-03	3.196514e-03	1.006984e-02	-6.337238e-03
1.920000e+01	2.435631e-03	3.588602e-03	3.029653e-03	9.841406e-03	-8.166561e-03
1.925000e+01	2.604567e-03	3.798677e-03	2.967773e-03	1.121250e-02	-8.596440e-03
1.930000e+01	2.583823e-03	3.964121e-03	2.964616e-03	1.152315e-02	-7.833284e-03
1.935000e+01	2.055996e-03	4.149818e-03	2.207039e-03	1.192198e-02	-8.307188e-03
1.940000e+01	8.660237e-04	4.350047e-03	8.395763e-04	1.087216e-02	-9.767442e-03
1.945000e+01	-9.009560e-04	4.448414e-03	-1.502010e-03	9.828201e-03	-1.130410e-02
1.950000e+01	-2.931655e-03	4.321296e-03	-3.792178e-03	9.668734e-03	-1.163355e-02
1.955000e+01	-4.782597e-03	3.956695e-03	-5.412925e-03	8.479849e-03	-1.331328e-02
1.960000e+01	-6.027525e-03	3.499738e-03	-6.169017e-03	5.946569e-03	-1.669177e-02
1.965000e+01	-6.399518e-03	3.203054e-03	-6.538775e-03	2.592861e-03	-1.687339e-02
1.970000e+01	-5.875761e-03	3.242531e-03	-6.478613e-03	3.971584e-03	-1.405315e-02
1.975000e+01	-4.675245e-03	3.542518e-03	-5.485838e-03	7.191453e-03	-1.170878e-02
1.980000e+01	-3.172671e-03	3.895966e-03	-4.273458e-03	9.825205e-03	-1.065399e-02
1.985000e+01	-1.762752e-03	4.144477e-03	-2.581300e-03	1.037611e-02	-1.015624e-02
1.990000e+01	-7.262246e-04	4.213648e-03	-9.524605e-04	9.275942e-03	-9.466109e-03
1.995000e+01	-1.462300e-04	4.107057e-03	-1.492099e-04	9.045926e-03	-9.343546e-03
2.000000e+01	9.707377e-05	3.899979e-03	2.193156e-04	8.078918e-03	-1.001782e-02
