# k	<chi>	std	chi_median	chi_max	chi_min
0.000000e+00	6.035255e-02	2.658190e-01	0.000000e+00	7.282059e-01	-4.592897e-01
5.000000e-02	1.089387e-01	3.527919e-01	1.708464e-01	7.307527e-01	-4.556660e-01
1.000000e-01	9.793576e-02	3.438763e-01	1.544878e-01	7.107015e-01	-4.535035e-01
1.500000e-01	6.442642e-02	3.165040e-01	1.027648e-01	6.485918e-01	-4.504640e-01
2.000000e-01	2.970927e-02	2.888012e-01	5.187593e-02	5.828546e-01	-4.462602e-01
2.500000e-01	-2.888857e-02	2.420544e-01	-3.633144e-02	4.679689e-01	-4.561669e-01
3.000000e-01	-8.926110e-02	1.963755e-01	-1.215412e-01	3.511336e-01	-4.771968e-01
3.500000e-01	-1.724756e-01	1.402527e-01	-1.948982e-01	1.978474e-01	-5.005845e-01
4.000000e-01	-2.563204e-01	1.069893e-01	-2.489256e-01	3.861575e-02	-5.554590e-01
4.500000e-01	-3.572981e-01	1.273517e-01	-3.304060e-01	-1.220523e-01	-7.022026e-01
5.000000e-01	-4.524414e-01	1.890095e-01	-4.852275e-01	-1.313206e-01	-8.548793e-01
5.500000e-01	-5.523458e-01	2.697117e-01	-6.750539e-01	-1.357791e-01	-1.026330e+00
6.000000e-01	-6.350431e-01	3.430181e-01	-8.288285e-01	-1.194055e-01	-1.175312e+00
6.500000e-01	-7.036537e-01	4.091283e-01	-9.583972e-01	-7.456731e-02	-1.289776e+00
7.000000e-01	-7.418835e-01	4.538160e-01	-1.024561e+00	-3.685206e-02	-1.364502e+00
7.500000e-01	-7.470459e-01	4.753316e-01	-1.042256e+00	-5.845716e-03	-1.381747e+00
8.000000e-01	-7.145441e-01	4.690863e-01	-9.993205e-01	1.612986e-02	-1.320279e+00
8.500000e-01	-6.411781e-01	4.323692e-01	-8.902768e-01	3.053086e-02	-1.228368e+00
9.000000e-01	-5.375982e-01	3.715635e-01	-7.367236e-01	3.899573e-02	-1.078870e+00
9.500000e-01	-4.057565e-01	2.864978e-01	-5.447618e-01	3.938987e-02	-8.620264e-01
1.000000e+00	-2.685824e-01	1.925058e-01	-3.463923e-01	4.337437e-02	-6.071180e-01
1.050000e+00	-1.338624e-01	9.534261e-02	-1.368791e-01	5.243683e-02	-3.494479e-01
1.100000e+00	-2.600961e-02	4.277501e-02	-3.208031e-02	1.522388e-01	-1.326052e-01
1.150000e+00	4.725321e-02	9.444682e-02	6.720429e-02	2.733944e-01	-1.352234e-01
1.200000e+00	7.440070e-02	1.433706e-01	1.379982e-01	3.447521e-01	-1.866837e-01
1.250000e+00	5.666149e-02	1.689764e-01	1.399672e-01	3.444098e-01	-2.411963e-01
1.300000e+00	3.082195e-03	1.695749e-01	9.117224e-02	2.906483e-01	-2.893831e-01
1.350000e+00	-7.320951e-02	1.496911e-01	4.657003e-03	1.851843e-01	-3.288253e-01
1.400000e+00	-1.494166e-01	1.185205e-01	-8.815525e-02	5.216646e-02	-3.548073e-01
1.450000e+00	-2.086984e-01	8.411380e-02	-1.659503e-01	-7.982737e-02	-3.671264e-01
1.500000e+00	-2.329585e-01	5.760657e-02	-2.089626e-01	-1.381051e-01	-3.450292e-01
1.550000e+00	-2.155679e-01	4.504714e-02	-2.098991e-01	-1.235578e-01	-3.192676e-01
1.600000e+00	-1.585527e-01	4.723493e-02	-1.582455e-01	-5.129555e-02	-2.626201e-01
1.650000e+00	-7.161375e-02	5.888890e-02	-6.678358e-02	5.578138e-02	-1.843753e-01
1.700000e+00	2.519473e-02	7.396278e-02	4.358342e-02	1.700870e-01	-1.093352e-01
1.750000e+00	1.156363e-01	8.849799e-02	1.527992e-01	2.654841e-01	-4.480557e-02
1.800000e+00	1.797837e-01	9.468039e-02	2.324167e-01	3.137260e-01	1.123988e-02
1.850000e+00	2.116058e-01	9.032818e-02	2.712125e-01	3.217432e-01	4.995859e-02
1.900000e+00	2.072947e-01	7.345102e-02	2.499696e-01	2.941360e-01	6.298597e-02
1.950000e+00	1.768394e-01	4.855154e-02	1.882860e-01	2.510888e-01	6.521994e-02
2.000000e+00	1.305759e-01	2.506458e-02	1.283686e-01	1.830915e-01	6.268520e-02
2.050000e+00	8.342961e-02	2.824265e-02	8.889353e-02	1.478067e-01	1.184580e-02
2.100000e+00	4.600855e-02	4.491860e-02	3.348898e-02	1.293680e-01	-3.357334e-02
2.150000e+00	2.412179e-02	5.309699e-02	-4.428116e-03	1.186938e-01	-5.094575e-02
2.200000e+00	1.641005e-02	5.110302e-02	-1.815365e-02	1.059206e-01	-4.883786e-02
2.250000e+00	1.670237e-02	4.576170e-02	-1.223657e-02	9.546350e-02	-3.669660e-02
2.300000e+00	1.663334e-02	3.809070e-02	-2.172043e-03	8.086761e-02	-3.293667e-02
2.350000e+00	1.239780e-02	3.054203e-02	1.959149e-03	6.240397e-02	-3.194144e-02
2.400000e+00	3.598895e-03	2.448615e-02	-2.691413e-03	4.394981e-02	-3.280466e-02
2.450000e+00	-3.688852e-03	1.918950e-02	-6.710297e-03	2.826845e-02	-3.704534e-02
2.500000e+00	-1.082888e-02	1.448778e-02	-1.183620e-02	1.265497e-02	-4.114372e-02
2.550000e+00	-1.646126e-02	1.050283e-02	-1.669741e-02	1.093989e-03	-4.241590e-02
2.600000e+00	-1.948713e-02	7.276023e-03	-1.928636e-02	-4.070895e-03	-3.995999e-02
2.650000e+00	-2.139621e-02	5.334026e-03	-2.161167e-02	-5.906682e-03	-3.624485e-02
2.700000e+00	-2.128445e-02	4.518173e-03	-2.162493e-02	-4.761687e-03	-3.112291e-02
2.750000e+00	-1.931703e-02	4.586961e-03	-1.938502e-02	-1.899008e-03	-3.238866e-02
2.800000e+00	-1.598164e-02	4.855416e-03	-1.557073e-02	1.640137e-03	-3.060313e-02
2.850000e+00	-1.305955e-02	4.894382e-03	-1.241560e-02	4.281109e-03	-2.851167e-02
2.900000e+00	-9.631555e-03	4.495667e-03	-9.135710e-03	6.065501e-03	-2.784678e-02
2.950000e+00	-6.136494e-03	3.827457e-03	-5.794897e-03	6.637675e-03	-2.579306e-02
3.000000e+00	-2.865107e-03	3.409036e-03	-2.848019e-03	6.019926e-03	-2.206375e-02
3.050000e+00	1.165092e-04	3.631536e-03	2.175524e-04	9.883674e-03	-1.732867e-02
3.100000e+00	2.622693e-03	4.536288e-03	2.853497e-03	1.654334e-02	-1.109015e-02
3.150000e+00	4.683779e-03	5.672278e-03	4.978927e-03	2.226497e-02	-1.117574e-02
3.200000e+00	6.410780e-03	6.687454e-03	6.943253e-03	2.652731e-02	-1.050932e-02
3.250000e+00	7.438776e-03	7.349491e-03	8.411534e-03	2.777761e-02	-1.058626e-02
3.300000e+00	8.377564e-03	7.721242e-03	1.037837e-02	2.704959e-02	-1.122148e-02
3.350000e+00	9.452359e-03	7.819943e-03	1.230832e-02	2.464470e-02	-1.223897e-02
3.400000e+00	1.075763e-02	7.673575e-03	1.367010e-02	2.362930e-02	-1.128987e-02
3.450000e+00	1.201959e-02	7.223756e-03	1.404883e-02	2.486607e-02	-8.233953e-03
3.500000e+00	1.346983e-02	6.598885e-03	1.448908e-02	2.824298e-02	-2.718021e-03
3.550000e+00	1.490507e-02	5.907643e-03	1.530489e-02	3.058865e-02	1.861032e-03
3.600000e+00	1.606281e-02	5.418603e-03	1.565523e-02	3.222690e-02	9.487320e-04
3.650000e+00	1.669407e-02	5.532314e-03	1.681407e-02	3.327973e-02	-8.376537e-04
3.700000e+00	1.651404e-02	6.380843e-03	1.699906e-02	3.267494e-02	-1.019538e-03
3.750000e+00	1.525901e-02	7.544006e-03	1.579908e-02	3.162508e-02	-6.060280e-03
3.800000e+00	1.271158e-02	8.460719e-03	1.346908e-02	2.942381e-02	-1.140011e-02
3.850000e+00	8.816053e-03	8.802262e-03	9.722275e-03	2.665952e-02	-1.549271e-02
3.900000e+00	3.343580e-03	8.267906e-03	4.277696e-03	2.174870e-02	-2.029271e-02
3.950000e+00	-3.479453e-03	6.931133e-03	-3.152918e-03	1.579672e-02	-2.415235e-02
4.000000e+00	-1.109087e-02	5.205807e-03	-1.187900e-02	7.084562e-03	-2.603193e-02
4.050000e+00	-1.884721e-02	4.043468e-03	-1.936454e-02	-3.733772e-03	-2.876951e-02
4.100000e+00	-2.568030e-02	4.195271e-03	-2.561203e-02	-1.521931e-02	-3.802100e-02
4.150000e+00	-3.039303e-02	5.201098e-03	-3.080219e-02	-1.425974e-02	-4.258699e-02
4.200000e+00	-3.201238e-02	6.293589e-03	-3.251851e-02	-1.243960e-02	-4.567244e-02
4.250000e+00	-3.052660e-02	7.258498e-03	-2.972817e-02	-1.034120e-02	-4.743896e-02
4.300000e+00	-2.570524e-02	8.388790e-03	-2.305377e-02	-7.329366e-03	-4.507122e-02
4.350000e+00	-1.831012e-02	9.761541e-03	-1.551890e-02	4.779165e-03	-3.962564e-02
4.400000e+00	-9.618909e-03	1.113253e-02	-8.424075e-03	1.778219e-02	-3.410717e-02
4.450000e+00	-1.353635e-03	1.216541e-02	-1.358946e-03	2.812260e-02	-2.806243e-02
4.500000e+00	5.603524e-03	1.273267e-02	5.012862e-03	3.513224e-02	-2.208582e-02
4.550000e+00	1.051317e-02	1.284269e-02	1.000741e-02	3.793301e-02	-1.692847e-02
4.600000e+00	1.328066e-02	1.267752e-02	1.295540e-02	3.860913e-02	-1.279284e-02
4.650000e+00	1.439906e-02	1.249179e-02	1.478299e-02	3.721268e-02	-1.373756e-02
4.700000e+00	1.477953e-02	1.228211e-02	1.607661e-02	3.585323e-02	-1.460148e-02
4.750000e+00	1.525824e-02	1.181827e-02	1.767938e-02	3.676027e-02	-1.453035e-02
4.800000e+00	1.634462e-02	1.074370e-02	1.942009e-02	3.714310e-02	-1.601698e-02
4.850000e+00	1.802881e-02	8.992606e-03	1.973395e-02	3.565308e-02	-1.430846e-02
4.900000e+00	1.986077e-02	7.217885e-03	2.016654e-02	4.032470e-02	-9.169305e-03
4.950000e+00	2.109234e-02	8.051850e-03	2.149223e-02	4.666930e-02	-2.082150e-03
5.000000e+00	2.101335e-02	1.246457e-02	1.929263e-02	5.279491e-02	-1.062600e-02
5.050000e+00	1.924454e-02	1.814653e-02	1.438503e-02	6.232261e-02	-1.950797e-02
5.100000e+00	1.596688e-02	2.334730e-02	8.351073e-03	6.848106e-02	-2.722157e-02
5.150000e+00	1.176269e-02	2.693637e-02	2.043138e-03	6.991749e-02	-3.302659e-02
5.200000e+00	7.434490e-03	2.831724e-02	-4.801708e-03	6.633964e-02	-3.718116e-02
5.250000e+00	3.618976e-03	2.743930e-02	-1.001478e-02	5.768760e-02	-3.920503e-02
5.300000e+00	6.640207e-04	2.492453e-02	-1.104506e-02	5.218750e-02	-3.966982e-02
5.350000e+00	-1.673625e-03	2.168134e-02	-9.480433e-03	4.827598e-02	-4.274789e-02
5.400000e+00	-4.083383e-03	1.851766e-02	-8.454108e-03	4.346825e-02	-4.420491e-02
5.450000e+00	-7.330905e-03	1.566058e-02	-9.213015e-03	3.624364e-02	-4.340511e-02
5.500000e+00	-1.200358e-02	1.307606e-02	-1.265750e-02	2.983192e-02	-4.453588e-02
5.550000e+00	-1.812670e-02	1.068653e-02	-1.802914e-02	2.043588e-02	-4.371215e-02
5.600000e+00	-2.501577e-02	9.119144e-03	-2.473284e-02	7.521990e-03	-5.107266e-02
5.650000e+00	-3.125477e-02	9.679833e-03	-3.007386e-02	-8.228258e-03	-6.007846e-02
5.700000e+00	-3.545150e-02	1.263358e-02	-3.424199e-02	-2.446557e-03	-6.773450e-02
5.750000e+00	-3.635803e-02	1.679607e-02	-3.367305e-02	5.065106e-03	-7.238927e-02
5.800000e+00	-3.337905e-02	2.098622e-02	-2.692039e-02	1.279954e-02	-7.675608e-02
5.850000e+00	-2.668533e-02	2.417069e-02	-1.658089e-02	1.919350e-02	-7.854015e-02
5.900000e+00	-1.753056e-02	2.566173e-02	-6.287226e-03	2.736802e-02	-7.238916e-02
5.950000e+00	-7.512226e-03	2.515099e-02	3.086430e-03	4.047035e-02	-6.161063e-02
6.000000e+00	1.760180e-03	2.291166e-02	9.645056e-03	4.827119e-02	-4.638389e-02
6.050000e+00	9.104621e-03	1.969608e-02	1.455924e-02	5.121044e-02	-3.035042e-02
6.100000e+00	1.402621e-02	1.661538e-02	1.730132e-02	5.029749e-02	-2.399675e-02
6.150000e+00	1.682831e-02	1.443500e-02	1.892502e-02	4.789037e-02	-1.935767e-02
6.200000e+00	1.831660e-02	1.332005e-02	2.024723e-02	4.588597e-02	-1.852203e-02
6.250000e+00	1.941937e-02	1.298256e-02	2.142847e-02	4.612989e-02	-1.718619e-02
6.300000e+00	2.080974e-02	1.286003e-02	2.212295e-02	4.874387e-02	-1.340579e-02
6.350000e+00	2.266192e-02	1.216095e-02	2.336469e-02	5.037785e-02	-1.156091e-02
6.400000e+00	2.461456e-02	1.043498e-02	2.456388e-02	5.303306e-02	-9.167936e-03
6.450000e+00	2.593334e-02	9.213419e-03	2.593057e-02	5.034607e-02	-2.450490e-03
6.500000e+00	2.579518e-02	1.245705e-02	2.391594e-02	6.108793e-02	-8.033275e-03
6.550000e+00	2.354155e-02	1.950456e-02	1.818329e-02	7.346525e-02	-2.147310e-02
6.600000e+00	1.896121e-02	2.679069e-02	8.263510e-03	7.977203e-02	-3.486449e-02
6.650000e+00	1.233188e-02	3.187586e-02	-2.120706e-03	7.862016e-02	-4.493429e-02
6.700000e+00	4.318149e-03	3.338110e-02	-1.123910e-02	7.739218e-02	-4.972508e-02
6.750000e+00	-4.209164e-03	3.104266e-02	-1.837355e-02	6.898194e-02	-4.875189e-02
6.800000e+00	-1.236279e-02	2.573494e-02	-2.210746e-02	5.433628e-02	-5.191034e-02
6.850000e+00	-1.937623e-02	1.928919e-02	-2.554161e-02	3.632836e-02	-5.461435e-02
6.900000e+00	-2.466537e-02	1.410681e-02	-2.718138e-02	2.174242e-02	-5.412931e-02
6.950000e+00	-2.783212e-02	1.193519e-02	-2.828936e-02	1.071855e-02	-5.458093e-02
7.000000e+00	-2.865041e-02	1.178086e-02	-2.858098e-02	6.578487e-03	-6.251347e-02
7.050000e+00	-2.702267e-02	1.164930e-02	-2.587363e-02	9.661757e-03	-6.257485e-02
7.100000e+00	-2.316675e-02	1.133125e-02	-2.191421e-02	1.063980e-02	-5.436203e-02
7.150000e+00	-1.752209e-02	1.168755e-02	-1.647356e-02	1.080308e-02	-5.112456e-02
7.200000e+00	-1.078586e-02	1.303277e-02	-8.848302e-03	1.711151e-02	-5.589868e-02
7.250000e+00	-3.846618e-03	1.473357e-02	-1.159498e-03	2.396507e-02	-6.008990e-02
7.300000e+00	2.364989e-03	1.618049e-02	5.775264e-03	3.056106e-02	-5.999804e-02
7.350000e+00	7.078495e-03	1.728076e-02	1.079991e-02	3.568273e-02	-5.534434e-02
7.400000e+00	9.874479e-03	1.826480e-02	1.403701e-02	4.256522e-02	-4.811390e-02
7.450000e+00	1.079025e-02	1.929152e-02	1.550117e-02	4.758751e-02	-4.719704e-02
7.500000e+00	1.028985e-02	2.020940e-02	1.508612e-02	4.733902e-02	-4.837921e-02
7.550000e+00	9.059638e-03	2.058941e-02	1.418882e-02	4.831063e-02	-4.651630e-02
7.600000e+00	7.879918e-03	2.013215e-02	1.315038e-02	4.661621e-02	-4.695099e-02
7.650000e+00	7.245529e-03	1.872643e-02	1.119517e-02	4.455164e-02	-4.205598e-02
7.700000e+00	7.263822e-03	1.657432e-02	8.634711e-03	4.391860e-02	-3.618954e-02
7.750000e+00	7.666606e-03	1.415118e-02	6.467907e-03	4.184627e-02	-2.934407e-02
7.800000e+00	7.971629e-03	1.211804e-02	6.669362e-03	3.746935e-02	-2.802668e-02
7.850000e+00	7.726077e-03	1.116725e-02	7.379248e-03	3.536681e-02	-2.733653e-02
7.900000e+00	6.729356e-03	1.163558e-02	5.959697e-03	3.356835e-02	-2.497148e-02
7.950000e+00	5.139054e-03	1.318551e-02	3.990944e-03	3.829200e-02	-2.255620e-02
8.000000e+00	3.411236e-03	1.514834e-02	1.497868e-03	4.324494e-02	-2.401328e-02
8.050000e+00	2.085672e-03	1.695102e-02	-7.195766e-04	4.642951e-02	-2.979725e-02
8.100000e+00	1.561655e-03	1.834925e-02	-2.086966e-03	4.871102e-02	-3.312486e-02
8.150000e+00	1.826281e-03	1.929901e-02	-3.092697e-03	5.029564e-02	-3.568367e-02
8.200000e+00	2.424390e-03	1.987033e-02	-2.643258e-03	5.163520e-02	-3.642693e-02
8.250000e+00	2.596427e-03	2.010632e-02	-2.145046e-03	5.261437e-02	-3.419969e-02
8.300000e+00	1.565491e-03	1.996177e-02	-2.031025e-03	5.369669e-02	-3.463658e-02
8.350000e+00	-1.133181e-03	1.934208e-02	-3.482818e-03	4.980821e-02	-4.711164e-02
8.400000e+00	-5.409989e-03	1.817563e-02	-5.729701e-03	4.061210e-02	-5.729074e-02
8.450000e+00	-1.056728e-02	1.650222e-02	-8.257553e-03	2.691530e-02	-6.281357e-02
8.500000e+00	-1.546587e-02	1.465908e-02	-1.328278e-02	1.621919e-02	-6.176773e-02
8.550000e+00	-1.885747e-02	1.352334e-02	-1.725260e-02	1.690406e-02	-6.112987e-02
8.600000e+00	-1.976873e-02	1.425179e-02	-1.997859e-02	2.552273e-02	-5.536777e-02
8.650000e+00	-1.781918e-02	1.675014e-02	-1.762506e-02	3.473893e-02	-5.538083e-02
8.700000e+00	-1.332520e-02	1.961064e-02	-8.041976e-03	3.933094e-02	-5.866197e-02
8.750000e+00	-7.182552e-03	2.146095e-02	9.934925e-05	3.823921e-02	-5.655447e-02
8.800000e+00	-5.716957e-04	2.157653e-02	5.342638e-03	3.979194e-02	-5.006691e-02
8.850000e+00	5.400492e-03	1.995355e-02	8.818088e-03	4.748222e-02	-4.154534e-02
8.900000e+00	9.991849e-03	1.721188e-02	1.135010e-02	4.915591e-02	-3.273558e-02
8.950000e+00	1.295177e-02	1.435815e-02	1.306062e-02	4.579081e-02	-2.342154e-02
9.000000e+00	1.445644e-02	1.237038e-02	1.483239e-02	4.328057e-02	-2.019640e-02
9.050000e+00	1.490981e-02	1.162675e-02	1.541966e-02	4.266506e-02	-2.110070e-02
9.100000e+00	1.466131e-02	1.166365e-02	1.567338e-02	4.116371e-02	-2.208638e-02
9.150000e+00	1.386866e-02	1.177212e-02	1.558157e-02	4.111673e-02	-2.077334e-02
9.200000e+00	1.244294e-02	1.148313e-02	1.333702e-02	3.909223e-02	-2.047501e-02
9.250000e+00	1.015707e-02	1.071852e-02	1.045974e-02	3.931069e-02	-1.969970e-02
9.300000e+00	6.843950e-03	9.947188e-03	6.687691e-03	3.707945e-02	-2.071361e-02
9.350000e+00	2.587562e-03	1.005559e-02	2.341847e-03	3.094801e-02	-2.479462e-02
9.400000e+00	-2.186037e-03	1.132771e-02	-3.571184e-03	3.947813e-02	-2.652866e-02
9.450000e+00	-6.766884e-03	1.292061e-02	-8.457657e-03	4.593064e-02	-3.489051e-02
9.500000e+00	-1.035358e-02	1.387218e-02	-1.202364e-02	4.699655e-02	-4.078770e-02
9.550000e+00	-1.230920e-02	1.384848e-02	-1.407877e-02	4.200380e-02	-4.476756e-02
9.600000e+00	-1.236683e-02	1.316349e-02	-1.391236e-02	3.284753e-02	-4.675778e-02
9.650000e+00	-1.074409e-02	1.246881e-02	-1.156659e-02	2.457053e-02	-4.261861e-02
9.700000e+00	-8.061133e-03	1.209888e-02	-8.321054e-03	2.551476e-02	-3.914896e-02
9.750000e+00	-5.131300e-03	1.177629e-02	-5.490940e-03	3.051118e-02	-3.832564e-02
9.800000e+00	-2.692936e-03	1.113625e-02	-2.618193e-03	3.384440e-02	-3.364825e-02
9.850000e+00	-1.181607e-03	1.034938e-02	-8.026991e-04	3.293067e-02	-2.696360e-02
9.900000e+00	-6.238277e-04	1.011913e-02	1.359110e-04	2.757378e-02	-3.024429e-02
9.950000e+00	-6.842540e-04	1.086026e-02	3.143561e-04	2.230373e-02	-3.220296e-02
1.000000e+01	-8.390393e-04	1.204952e-02	-5.254692e-04	2.538149e-02	-3.159816e-02
1.005000e+01	-5.934112e-04	1.283092e-02	-1.922509e-03	2.916354e-02	-3.155963e-02
1.010000e+01	3.065034e-04	1.273663e-02	-1.365980e-03	3.085022e-02	-2.648252e-02
1.015000e+01	1.793132e-03	1.187919e-02	2.201728e-03	2.956493e-02	-2.875266e-02
1.020000e+01	3.521325e-03	1.093977e-02	4.203139e-03	2.715201e-02	-3.203825e-02
1.025000e+01	5.016112e-03	1.082363e-02	5.130578e-03	3.113708e-02	-3.046337e-02
1.030000e+01	5.859313e-03	1.171211e-02	5.344349e-03	3.750294e-02	-2.518566e-02
1.035000e+01	5.841008e-03	1.277229e-02	4.910209e-03	3.851936e-02	-2.371953e-02
1.040000e+01	5.022128e-03	1.313044e-02	4.299178e-03	4.059644e-02	-2.542795e-02
1.045000e+01	3.693618e-03	1.261160e-02	3.363078e-03	3.826345e-02	-2.736267e-02
1.050000e+01	2.258402e-03	1.189326e-02	2.127067e-03	3.467022e-02	-2.697643e-02
1.055000e+01	1.088441e-03	1.194820e-02	2.550182e-05	3.319016e-02	-2.960945e-02
1.060000e+01	4.116566e-04	1.273247e-02	-2.937954e-04	3.197157e-02	-3.124581e-02
1.065000e+01	2.642008e-04	1.305591e-02	5.248269e-04	3.234912e-02	-3.130273e-02
1.070000e+01	5.131396e-04	1.190356e-02	5.843452e-04	3.194804e-02	-2.997255e-02
1.075000e+01	9.270534e-04	9.396510e-03	6.057801e-04	3.108564e-02	-2.533077e-02
1.080000e+01	1.258630e-03	7.684046e-03	8.444029e-04	2.626574e-02	-2.404849e-02
1.085000e+01	1.307596e-03	9.726192e-03	9.010292e-04	3.284486e-02	-2.663612e-02
1.090000e+01	9.495834e-04	1.356635e-02	-2.547003e-04	4.458714e-02	-3.047090e-02
1.095000e+01	1.365889e-04	1.638762e-02	-2.272046e-03	5.018525e-02	-3.628339e-02
1.100000e+01	-1.112831e-03	1.704439e-02	-3.340462e-03	4.852745e-02	-3.966240e-02
1.105000e+01	-2.724370e-03	1.552573e-02	-4.929872e-03	3.958003e-02	-3.824622e-02
1.110000e+01	-4.530961e-03	1.262255e-02	-5.829949e-03	3.616239e-02	-3.583656e-02
1.115000e+01	-6.292853e-03	9.794502e-03	-6.409753e-03	2.954014e-02	-3.237761e-02
1.120000e+01	-7.691034e-03	8.562170e-03	-8.250077e-03	2.089432e-02	-3.341816e-02
1.125000e+01	-8.369044e-03	8.953147e-03	-8.811564e-03	1.963971e-02	-3.999560e-02
1.130000e+01	-8.016006e-03	9.669228e-03	-8.253362e-03	2.688031e-02	-4.018654e-02
1.135000e+01	-6.472283e-03	1.000211e-02	-6.233059e-03	3.035740e-02	-3.438447e-02
1.140000e+01	-3.820366e-03	9.965361e-03	-3.953268e-03	3.023237e-02	-2.636519e-02
1.145000e+01	-4.190494e-04	9.729006e-03	-7.152576e-04	2.612971e-02	-2.229525e-02
1.150000e+01	3.146883e-03	9.348070e-03	3.414568e-03	2.310604e-02	-1.629222e-02
1.155000e+01	6.199939e-03	8.862791e-03	6.393249e-03	2.553827e-02	-1.481543e-02
1.160000e+01	8.151419e-03	8.467704e-03	8.197289e-03	2.842218e-02	-1.475483e-02
1.165000e+01	8.672973e-03	8.424578e-03	9.228923e-03	2.893331e-02	-1.673294e-02
1.170000e+01	7.797435e-03	8.768251e-03	8.100599e-03	2.785462e-02	-1.954756e-02
1.175000e+01	5.909057e-03	9.253815e-03	6.041388e-03	2.901077e-02	-2.127854e-02
1.180000e+01	3.621175e-03	9.630137e-03	3.950912e-03	2.828354e-02	-2.122465e-02
1.185000e+01	1.580111e-03	9.824541e-03	1.772925e-03	2.581011e-02	-2.626838e-02
1.190000e+01	2.620108e-04	9.890279e-03	2.687444e-04	2.524955e-02	-2.887276e-02
1.195000e+01	-1.669614e-04	9.854019e-03	-3.861155e-04	2.656922e-02	-2.776492e-02
1.200000e+01	1.209262e-04	9.635550e-03	-5.201998e-05	2.856949e-02	-2.316574e-02
1.205000e+01	6.918585e-04	9.118109e-03	9.738464e-04	2.792973e-02	-2.344026e-02
1.210000e+01	1.063210e-03	8.230160e-03	1.467901e-03	2.420952e-02	-2.217132e-02
1.215000e+01	8.591360e-04	7.113096e-03	1.254528e-03	2.153393e-02	-1.887638e-02
1.220000e+01	-4.306349e-05	6.154259e-03	5.246186e-04	1.795818e-02	-1.825277e-02
1.225000e+01	-1.474233e-03	5.871262e-03	-1.164456e-03	1.323998e-02	-1.753849e-02
1.230000e+01	-3.045246e-03	6.413096e-03	-3.324461e-03	1.623924e-02	-2.281937e-02
1.235000e+01	-4.298167e-03	7.340348e-03	-4.740930e-03	1.646730e-02	-2.710439e-02
1.240000e+01	-4.876803e-03	8.139096e-03	-5.418881e-03	1.740203e-02	-2.820609e-02
1.245000e+01	-4.651938e-03	8.538393e-03	-5.107729e-03	1.702875e-02	-2.628689e-02
1.250000e+01	-3.756520e-03	8.524074e-03	-4.154794e-03	1.604453e-02	-2.492193e-02
1.255000e+01	-2.522168e-03	8.280941e-03	-3.112621e-03	2.117104e-02	-2.148594e-02
1.260000e+01	-1.346217e-03	8.063151e-03	-1.766327e-03	2.390318e-02	-2.158340e-02
1.265000e+01	-5.432580e-04	7.985346e-03	-1.068710e-03	2.334218e-02	-2.283030e-02
1.270000e+01	-2.380251e-04	7.906308e-03	-2.801523e-04	2.171460e-02	-2.461033e-02
1.275000e+01	-3.373600e-04	7.569071e-03	-5.317779e-04	2.264705e-02	-2.467547e-02
1.280000e+01	-5.865275e-04	6.855472e-03	-8.489281e-04	2.107573e-02	-2.261574e-02
1.285000e+01	-6.826376e-04	5.968211e-03	-7.040248e-04	1.763354e-02	-1.891167e-02
1.290000e+01	-3.980156e-04	5.450145e-03	-4.785635e-04	1.908361e-02	-1.537022e-02
1.295000e+01	3.340291e-04	5.740201e-03	6.346295e-05	1.936118e-02	-1.738760e-02
1.300000e+01	1.400570e-03	6.551559e-03	1.569285e-03	1.713273e-02	-1.837813e-02
1.305000e+01	2.561487e-03	7.306021e-03	3.304898e-03	1.759059e-02	-1.684942e-02
1.310000e+01	3.532611e-03	7.686513e-03	4.059438e-03	2.277846e-02	-1.626682e-02
1.315000e+01	4.102508e-03	7.731025e-03	4.241892e-03	2.561880e-02	-1.590494e-02
1.320000e+01	4.185478e-03	7.679982e-03	4.376712e-03	2.480230e-02	-1.488321e-02
1.325000e+01	3.828582e-03	7.733475e-03	4.234514e-03	2.299026e-02	-1.549723e-02
1.330000e+01	3.169031e-03	7.861406e-03	3.474670e-03	2.619204e-02	-1.786185e-02
1.335000e+01	2.365670e-03	7.863412e-03	2.077222e-03	2.774149e-02	-1.862862e-02
1.340000e+01	1.536078e-03	7.572540e-03	9.476759e-04	2.616114e-02	-1.723847e-02
1.345000e+01	7.251815e-04	6.970457e-03	4.613994e-04	2.188218e-02	-1.638922e-02
1.350000e+01	-8.466808e-05	6.178457e-03	4.353482e-05	1.631537e-02	-1.781453e-02
1.355000e+01	-9.310779e-04	5.405036e-03	-8.224373e-04	1.412581e-02	-1.730644e-02
1.360000e+01	-1.819333e-03	4.908452e-03	-1.706768e-03	1.140334e-02	-1.489701e-02
1.365000e+01	-2.686894e-03	4.912112e-03	-2.666000e-03	1.168767e-02	-1.697399e-02
1.370000e+01	-3.403173e-03	5.399208e-03	-3.556051e-03	1.370362e-02	-1.935426e-02
1.375000e+01	-3.807226e-03	6.069790e-03	-4.275231e-03	1.416328e-02	-2.132355e-02
1.380000e+01	-3.769042e-03	6.567795e-03	-4.341664e-03	1.504108e-02	-2.302753e-02
1.385000e+01	-3.248974e-03	6.665545e-03	-3.828471e-03	1.506189e-02	-2.171890e-02
1.390000e+01	-2.329454e-03	6.338202e-03	-2.957591e-03	1.395315e-02	-1.771757e-02
1.395000e+01	-1.203517e-03	5.780326e-03	-1.637003e-03	1.351163e-02	-1.744088e-02
1.400000e+01	-1.217533e-04	5.348368e-03	-1.847097e-04	1.270816e-02	-1.762618e-02
1.405000e+01	6.921771e-04	5.362533e-03	7.599016e-04	1.453422e-02	-1.661262e-02
1.410000e+01	1.109682e-03	5.789517e-03	1.530168e-03	1.896668e-02	-1.753335e-02
1.415000e+01	1.107847e-03	6.328752e-03	1.555905e-03	2.172003e-02	-1.987991e-02
1.420000e+01	7.826044e-04	6.668377e-03	9.626167e-04	2.205908e-02	-1.971582e-02
1.425000e+01	3.104757e-04	6.610514e-03	5.618767e-04	1.977926e-02	-1.731857e-02
1.430000e+01	-1.115770e-04	6.101014e-03	1.404724e-05	1.580783e-02	-1.728535e-02
1.435000e+01	-3.264047e-04	5.290651e-03	-3.860605e-05	1.530642e-02	-1.653485e-02
1.440000e+01	-2.573978e-04	4.635203e-03	-7.408656e-05	1.320313e-02	-1.395251e-02
1.445000e+01	8.093922e-05	4.742162e-03	2.394773e-04	1.306511e-02	-1.185594e-02
1.450000e+01	6.014383e-04	5.606828e-03	4.844347e-04	1.753325e-02	-1.487742e-02
1.455000e+01	1.180844e-03	6.594291e-03	1.465771e-03	2.256585e-02	-1.606170e-02
1.460000e+01	1.699211e-03	7.184956e-03	2.040208e-03	2.493196e-02	-1.514549e-02
1.465000e+01	2.068698e-03	7.179763e-03	2.383780e-03	2.413484e-02	-1.514589e-02
1.470000e+01	2.244843e-03	6.650918e-03	2.121777e-03	2.028472e-02	-1.500334e-02
1.475000e+01	2.221356e-03	5.858233e-03	1.707892e-03	1.630001e-02	-1.322433e-02
1.480000e+01	2.015449e-03	5.122140e-03	1.730499e-03	1.567178e-02	-1.124806e-02
1.485000e+01	1.652787e-03	4.649763e-03	1.372730e-03	1.556150e-02	-1.256472e-02
1.490000e+01	1.158979e-03	4.427583e-03	1.001359e-03	1.421124e-02	-1.269491e-02
1.495000e+01	5.597871e-04	4.328614e-03	5.838472e-04	1.343909e-02	-1.406475e-02
1.500000e+01	-1.126579e-04	4.281282e-03	-2.151957e-04	1.285945e-02	-1.509286e-02
1.505000e+01	-8.104408e-04	4.302983e-03	-6.231108e-04	1.138764e-02	-1.355984e-02
1.510000e+01	-1.476050e-03	4.393379e-03	-1.492454e-03	9.357347e-03	-1.558310e-02
1.515000e+01	-2.043826e-03	4.531028e-03	-1.997922e-03	1.010922e-02	-1.654881e-02
1.520000e+01	-2.452875e-03	4.694858e-03	-2.481845e-03	1.007610e-02	-1.683592e-02
1.525000e+01	-2.659528e-03	4.881157e-03	-2.781572e-03	9.397975e-03	-1.649971e-02
1.530000e+01	-2.645538e-03	5.076031e-03	-2.821586e-03	1.043214e-02	-1.594826e-02
1.535000e+01	-2.419273e-03	5.226708e-03	-2.224166e-03	1.043226e-02	-1.560852e-02
1.540000e+01	-2.010494e-03	5.254661e-03	-1.169123e-03	9.189106e-03	-1.489498e-02
1.545000e+01	-1.462071e-03	5.100193e-03	-7.202979e-04	9.262576e-03	-1.478716e-02
1.550000e+01	-8.227793e-04	4.763275e-03	-3.772705e-04	9.613209e-03	-1.382589e-02
1.555000e+01	-1.439083e-04	4.318963e-03	2.426760e-04	1.067071e-02	-1.258778e-02
1.560000e+01	5.204067e-04	3.896530e-03	7.453122e-04	1.041699e-02	-1.254855e-02
1.565000e+01	1.111924e-03	3.614696e-03	1.197468e-03	9.503766e-03	-1.200532e-02
1.570000e+01	1.569986e-03	3.506326e-03	1.551948e-03	1.225314e-02	-1.084090e-02
1.575000e+01	1.838893e-03	3.525631e-03	1.772049e-03	1.350949e-02	-8.948469e-03
1.580000e+01	1.880677e-03	3.637774e-03	1.813643e-03	1.381242e-02	-7.669078e-03
1.585000e+01	1.689559e-03	3.856572e-03	1.601844e-03	1.251575e-02	-8.380194e-03
1.590000e+01	1.302106e-03	4.183273e-03	1.345148e-03	1.202154e-02	-1.000201e-02
1.595000e+01	7.973207e-04	4.546807e-03	9.011771e-04	1.240163e-02	-1.093213e-02
1.600000e+01	2.837808e-04	4.829978e-03	7.347347e-05	1.297953e-02	-1.150721e-02
1.605000e+01	-1.159228e-04	4.954934e-03	-6.722118e-04	1.330023e-02	-1.318796e-02
1.610000e+01	-3.235041e-04	4.879088e-03	-9.841502e-04	1.327523e-02	-1.431891e-02
1.615000e+01	-3.022895e-04	4.660416e-03	-8.348971e-04	1.182854e-02	-1.401575e-02
1.620000e+01	-7.659434e-05	4.411856e-03	-3.946815e-04	1.123517e-02	-1.426281e-02
1.625000e+01	2.730003e-04	4.236335e-03	1.069626e-04	1.377197e-02	-1.287493e-02
1.630000e+01	6.309976e-04	4.152249e-03	3.155077e-04	1.691805e-02	-1.010216e-02
1.635000e+01	8.789758e-04	4.084893e-03	3.504398e-04	1.829574e-02	-7.823356e-03
1.640000e+01	9.285847e-04	3.949877e-03	5.842479e-04	1.753554e-02	-8.429550e-03
1.645000e+01	7.454988e-04	3.752514e-03	6.900106e-04	1.453538e-02	-8.789353e-03
1.650000e+01	3.572527e-04	3.621965e-03	2.911855e-04	1.007237e-02	-1.031642e-02
1.655000e+01	-1.568343e-04	3.714223e-03	-1.216287e-05	8.997595e-03	-1.187499e-02
1.660000e+01	-6.897253e-04	4.023321e-03	-5.166382e-04	9.857458e-03	-1.160299e-02
1.665000e+01	-1.136643e-03	4.364190e-03	-1.061312e-03	1.007377e-02	-1.382973e-02
1.670000e+01	-1.421584e-03	4.546021e-03	-1.542767e-03	9.072483e-03	-1.487152e-02
1.675000e+01	-1.512857e-03	4.488576e-03	-1.383640e-03	8.526150e-03	-1.386462e-02
1.680000e+01	-1.424271e-03	4.228877e-03	-1.125538e-03	9.365420e-03	-1.233721e-02
1.685000e+01	-1.203475e-03	3.867023e-03	-9.165690e-04	9.540391e-03	-1.200898e-02
1.690000e+01	-9.128161e-04	3.494899e-03	-7.878386e-04	9.594495e-03	-1.040502e-02
1.695000e+01	-6.097795e-04	3.161670e-03	-5.199138e-04	8.147158e-03	-8.295209e-03
1.700000e+01	-3.332472e-04	2.903227e-03	-2.255099e-04	7.781794e-03	-8.112157e-03
1.705000e+01	-1.068915e-04	2.778773e-03	-6.054890e-05	7.150411e-03	-7.993430e-03
1.710000e+01	7.175517e-05	2.823206e-03	1.555118e-04	7.939278e-03	-8.769134e-03
1.715000e+01	2.235385e-04	2.981783e-03	3.066957e-04	8.692497e-03	-9.168218e-03
1.720000e+01	3.670750e-04	3.150783e-03	5.194935e-04	8.205909e-03	-9.335615e-03
1.725000e+01	5.075919e-04	3.265792e-03	6.701290e-04	8.834468e-03	-8.468219e-03
1.730000e+01	6.337114e-04	3.320799e-03	8.994365e-04	1.043583e-02	-7.874229e-03
1.735000e+01	7.230126e-04	3.330654e-03	8.595041e-04	1.176151e-02	-8.150089e-03
1.740000e+01	7.536112e-04	3.302315e-03	9.064093e-04	1.142005e-02	-7.692926e-03
1.745000e+01	7.165597e-04	3.246390e-03	6.901162e-04	9.271890e-03	-7.358969e-03
1.750000e+01	6.234918e-04	3.194472e-03	4.450432e-04	1.070323e-02	-8.332720e-03
1.755000e+01	5.057729e-04	3.176726e-03	3.127134e-04	1.163112e-02	-1.008803e-02
1.760000e+01	4.047773e-04	3.183116e-03	3.197246e-04	1.085793e-02	-1.125765e-02
1.765000e+01	3.565375e-04	3.176499e-03	4.038604e-04	1.016803e-02	-1.106221e-02
1.770000e+01	3.765028e-04	3.149868e-03	4.132155e-04	9.620061e-03	-9.882833e-03
1.775000e+01	4.505057e-04	3.142617e-03	4.416186e-04	1.004407e-02	-7.992732e-03
1.780000e+01	5.360611e-04	3.178954e-03	5.657569e-04	9.445406e-03	-7.701783e-03
1.785000e+01	5.744635e-04	3.212693e-03	6.591515e-04	9.494443e-03	-7.444411e-03
1.790000e+01	5.101448e-04	3.179839e-03	6.328064e-04	9.543628e-03	-8.138025e-03
1.795000e+01	3.108765e-04	3.108664e-03	4.102781e-04	8.765873e-03	-8.549529e-03
1.800000e+01	-1.823725e-05	3.148124e-03	1.468328e-04	1.066102e-02	-1.045014e-02
1.805000e+01	-4.388279e-04	3.420111e-03	-3.801037e-04	1.141024e-02	-1.266754e-02
1.810000e+01	-8.677896e-04	3.827011e-03	-5.510916e-04	1.052093e-02	-1.329710e-02
1.815000e+01	-1.217233e-03	4.143629e-03	-6.748744e-04	8.382752e-03	-1.203131e-02
1.820000e+01	-1.413041e-03	4.209573e-03	-6.382417e-04	7.649355e-03	-1.302051e-02
1.825000e+01	-1.415560e-03	4.008377e-03	-7.123369e-04	8.420843e-03	-1.346600e-02
1.830000e+01	-1.230029e-03	3.653576e-03	-7.508522e-04	8.311621e-03	-1.274999e-02
1.835000e+01	-9.035409e-04	3.314629e-03	-6.816523e-04	8.646773e-03	-1.100450e-02
1.840000e+01	-5.099069e-04	3.104661e-03	-2.265674e-04	1.134120e-02	-1.000914e-02
1.845000e+01	-1.277389e-04	3.016302e-03	-1.199238e-05	1.218576e-02	-1.107483e-02
1.850000e+01	1.808382e-04	2.985617e-03	1.488469e-04	1.217242e-02	-1.210941e-02
1.855000e+01	3.840961e-04	2.982701e-03	2.550043e-04	1.063473e-02	-1.182824e-02
1.860000e+01	4.834534e-04	3.013193e-03	4.118341e-04	8.799679e-03	-1.026591e-02
1.865000e+01	5.054485e-04	3.070374e-03	5.495486e-04	8.885941e-03	-7.999980e-03
1.870000e+01	4.870660e-04	3.118989e-03	5.890307e-04	1.042281e-02	-6.894342e-03
1.875000e+01	4.605109e-04	3.119624e-03	4.303967e-04	1.089886e-02	-7.268488e-03
1.880000e+01	4.430580e-04	3.050819e-03	3.286352e-04	1.018395e-02	-8.116999e-03
1.885000e+01	4.350433e-04	2.910924e-03	2.664515e-04	8.457791e-03	-8.154204e-03
1.890000e+01	4.255269e-04	2.714315e-03	2.473856e-04	8.746625e-03	-7.063633e-03
1.895000e+01	4.021092e-04	2.494332e-03	1.521449e-04	9.539859e-03	-5.818904e-03
1.900000e+01	3.599961e-04	2.305207e-03	2.727877e-04	9.646520e-03	-6.103240e-03
1.905000e+01	3.081295e-04	2.206668e-03	2.735863e-04	8.715654e-03	-7.193368e-03
1.910000e+01	2.598097e-04	2.219880e-03	3.463695e-04	7.152886e-03	-7.983115e-03
1.915000e+01	2.316187e-04	2.318655e-03	3.410794e-04	6.223784e-03	-7.701901e-03
1.920000e+01	2.327593e-04	2.451966e-03	4.279893e-04	5.873801e-03	-6.501786e-03
1.925000e+01	2.584236e-04	2.572626e-03	4.845753e-04	6.241058e-03	-7.659350e-03
1.930000e+01	2.886773e-04	2.646031e-03	5.507236e-04	6.126454e-03	-8.484847e-03
1.935000e+01	2.936880e-04	2.653390e-03	5.113894e-04	6.400686e-03	-8.176297e-03
1.940000e+01	2.435411e-04	2.599409e-03	5.046554e-04	7.170202e-03	-7.587308e-03
1.945000e+01	1.190609e-04	2.517176e-03	3.473572e-04	7.460433e-03	-7.341900e-03
1.950000e+01	-8.029060e-05	2.457512e-03	-2.915025e-05	7.247667e-03	-8.232691e-03
1.955000e+01	-3.341977e-04	2.459782e-03	-2.595951e-04	6.813163e-03	-8.724082e-03
1.960000e+01	-6.055713e-04	2.524337e-03	-3.857570e-04	6.765129e-03	-8.163799e-03
1.965000e+01	-8.493350e-04	2.614573e-03	-6.017496e-04	6.360812e-03	-9.499591e-03
1.970000e+01	-1.022906e-03	2.682858e-03	-9.306149e-04	5.561007e-03	-1.012016e-02
1.975000e+01	-1.095190e-03	2.693000e-03	-1.027287e-03	5.531309e-03	-9.869374e-03
1.980000e+01	-1.051896e-03	2.630575e-03	-9.428975e-04	6.236059e-03	-9.902890e-03
1.985000e+01	-8.965494e-04	2.506814e-03	-8.292889e-04	7.281632e-03	-9.216550e-03
1.990000e+01	-6.480541e-04	2.358795e-03	-5.142729e-04	7.368627e-03	-8.638649e-03
1.995000e+01	-3.363985e-04	2.241894e-03	-3.307776e-04	7.646187e-03	-7.854923e-03
2.000000e+01	1.991656e-06	2.207394e-03	-7.243307e-05	7.544016e-03	-7.500377e-03
