# k	<chi>	std	chi_median	chi_max	chi_min
0.000000e+00	-1.990398e-01	2.160893e-01	0.000000e+00	0.000000e+00	-5.906966e-01
5.000000e-02	-4.151253e-01	5.541912e-02	-4.183910e-01	-2.897299e-01	-5.838588e-01
1.000000e-01	-4.107013e-01	5.457702e-02	-4.134387e-01	-2.884321e-01	-5.769354e-01
1.500000e-01	-3.974502e-01	5.217226e-02	-3.996031e-01	-2.802462e-01	-5.559278e-01
2.000000e-01	-3.841291e-01	4.994396e-02	-3.860617e-01	-2.698042e-01	-5.343246e-01
2.500000e-01	-3.621863e-01	4.675977e-02	-3.631897e-01	-2.532770e-01	-4.977643e-01
3.000000e-01	-3.404002e-01	4.430104e-02	-3.382905e-01	-2.311278e-01	-4.717346e-01
3.500000e-01	-3.111009e-01	4.222058e-02	-3.049990e-01	-2.011408e-01	-4.504416e-01
4.000000e-01	-2.829824e-01	4.162789e-02	-2.804235e-01	-1.741355e-01	-4.274020e-01
4.500000e-01	-2.501290e-01	4.240571e-02	-2.478279e-01	-1.453709e-01	-3.964248e-01
5.000000e-01	-2.205194e-01	4.406129e-02	-2.161149e-01	-1.223479e-01	-3.640451e-01
5.500000e-01	-1.905037e-01	4.579007e-02	-1.858837e-01	-9.740095e-02	-3.246964e-01
6.000000e-01	-1.661727e-01	4.651709e-02	-1.613506e-01	-6.566588e-02	-2.878938e-01
6.500000e-01	-1.455188e-01	4.542028e-02	-1.396189e-01	-4.328297e-02	-2.574972e-01
7.000000e-01	-1.318449e-01	4.247598e-02	-1.267778e-01	-2.845615e-02	-2.457349e-01
7.500000e-01	-1.234759e-01	3.768566e-02	-1.185970e-01	-2.644432e-02	-2.305515e-01
8.000000e-01	-1.210139e-01	3.274084e-02	-1.178630e-01	-3.707023e-02	-2.203287e-01
8.500000e-01	-1.220292e-01	2.922330e-02	-1.195941e-01	-5.846847e-02	-2.159908e-01
9.000000e-01	-1.261373e-01	2.874125e-02	-1.281603e-01	-5.445645e-02	-2.093477e-01
9.500000e-01	-1.309634e-01	3.057027e-02	-1.330420e-01	-4.600490e-02	-1.983840e-01
1.000000e+00	-1.362782e-01	3.254087e-02	-1.412385e-01	-4.576042e-02	-1.954779e-01
1.050000e+00	-1.405506e-01	3.317939e-02	-1.451772e-01	-4.347549e-02	-2.064293e-01
1.100000e+00	-1.439920e-01	3.239950e-02	-1.499313e-01	-5.274266e-02	-2.121963e-01
1.150000e+00	-1.462144e-01	3.131734e-02	-1.486870e-01	-4.562248e-02	-2.164107e-01
1.200000e+00	-1.468164e-01	3.151813e-02	-1.479108e-01	-3.223516e-02	-2.187809e-01
1.250000e+00	-1.457744e-01	3.334912e-02	-1.493726e-01	-2.639636e-02	-2.143118e-01
1.300000e+00	-1.413209e-01	3.507050e-02	-1.473277e-01	-2.796334e-02	-2.078754e-01
1.350000e+00	-1.331615e-01	3.495809e-02	-1.357519e-01	-3.569421e-02	-1.996173e-01
1.400000e+00	-1.186505e-01	3.198779e-02	-1.192153e-01	-4.476780e-02	-1.793732e-01
1.450000e+00	-9.738286e-02	2.735302e-02	-9.716690e-02	-2.299900e-02	-1.551931e-01
1.500000e+00	-6.750902e-02	2.461481e-02	-6.831213e-02	2.549580e-02	-1.253419e-01
1.550000e+00	-2.934341e-02	2.735575e-02	-2.877230e-02	7.653742e-02	-9.485075e-02
1.600000e+00	1.607534e-02	3.314795e-02	1.686993e-02	1.238761e-01	-7.778163e-02
1.650000e+00	6.679232e-02	3.774721e-02	6.985343e-02	1.671204e-01	-4.602289e-02
1.700000e+00	1.176075e-01	3.797039e-02	1.218736e-01	2.028437e-01	2.028255e-03
1.750000e+00	1.649049e-01	3.332739e-02	1.692821e-01	2.353738e-01	6.372196e-02
1.800000e+00	2.009785e-01	2.470594e-02	2.033676e-01	2.557242e-01	1.295959e-01
1.850000e+00	2.230434e-01	1.559604e-02	2.243869e-01	2.648541e-01	1.908964e-01
1.900000e+00	2.256259e-01	1.355697e-02	2.271864e-01	2.530979e-01	1.675440e-01
1.950000e+00	2.104351e-01	1.962761e-02	2.112724e-01	2.553932e-01	1.326874e-01
2.000000e+00	1.782996e-01	2.493867e-02	1.777633e-01	2.443088e-01	9.447031e-02
2.050000e+00	1.359564e-01	2.708961e-02	1.351456e-01	2.123116e-01	5.441844e-02
2.100000e+00	8.899124e-02	2.496524e-02	8.835171e-02	1.614414e-01	2.050668e-02
2.150000e+00	4.541003e-02	1.965046e-02	4.539886e-02	1.035383e-01	-3.126734e-03
2.200000e+00	1.118273e-02	1.296172e-02	1.170775e-02	5.009697e-02	-1.680419e-02
2.250000e+00	-1.132731e-02	7.002064e-03	-1.121100e-02	9.671885e-03	-2.717091e-02
2.300000e+00	-2.151676e-02	4.683684e-03	-2.181063e-02	-9.044016e-03	-3.134530e-02
2.350000e+00	-2.193587e-02	6.111173e-03	-2.208421e-02	-4.339053e-03	-3.585834e-02
2.400000e+00	-1.709883e-02	7.010527e-03	-1.706731e-02	3.384599e-03	-3.377022e-02
2.450000e+00	-1.139844e-02	7.092694e-03	-1.130870e-02	7.336562e-03	-2.875056e-02
2.500000e+00	-5.224490e-03	6.324603e-03	-5.062934e-03	9.558791e-03	-2.060779e-02
2.550000e+00	-2.746219e-04	5.112094e-03	-5.463054e-04	1.037146e-02	-1.201609e-02
2.600000e+00	2.507824e-03	4.038073e-03	2.301122e-03	1.089510e-02	-5.892608e-03
2.650000e+00	1.638065e-03	3.587085e-03	1.551794e-03	1.098153e-02	-6.848186e-03
2.700000e+00	-1.272273e-03	3.450405e-03	-1.492184e-03	8.458018e-03	-1.170785e-02
2.750000e+00	-5.579805e-03	3.448551e-03	-5.988368e-03	3.624422e-03	-1.669541e-02
2.800000e+00	-1.042184e-02	3.404144e-03	-1.037100e-02	-2.503635e-03	-2.079579e-02
2.850000e+00	-1.605152e-02	3.264740e-03	-1.570839e-02	-1.015408e-02	-2.445518e-02
2.900000e+00	-2.023736e-02	3.098936e-03	-1.983113e-02	-1.417926e-02	-2.813730e-02
2.950000e+00	-2.255497e-02	2.956253e-03	-2.240293e-02	-1.566061e-02	-3.073522e-02
3.000000e+00	-2.295516e-02	2.836090e-03	-2.302428e-02	-1.600058e-02	-3.080649e-02
3.050000e+00	-2.151520e-02	2.728696e-03	-2.161102e-02	-1.490949e-02	-2.808343e-02
3.100000e+00	-1.853351e-02	2.571283e-03	-1.871469e-02	-1.167437e-02	-2.441113e-02
3.150000e+00	-1.471701e-02	2.411463e-03	-1.490263e-02	-6.863636e-03	-2.117555e-02
3.200000e+00	-1.074642e-02	2.337691e-03	-1.081783e-02	-3.236973e-03	-1.694528e-02
3.250000e+00	-6.385241e-03	2.426867e-03	-6.242243e-03	-2.734996e-04	-1.219542e-02
3.300000e+00	-2.529935e-03	2.611318e-03	-2.320431e-03	4.365946e-03	-8.334332e-03
3.350000e+00	4.866665e-04	2.792833e-03	1.387431e-05	7.892691e-03	-6.176374e-03
3.400000e+00	2.503090e-03	2.913043e-03	2.300567e-03	9.795371e-03	-4.274276e-03
3.450000e+00	4.382210e-03	2.964733e-03	4.502407e-03	1.074109e-02	-2.245467e-03
3.500000e+00	5.163646e-03	2.910562e-03	5.489504e-03	1.067994e-02	-2.750433e-03
3.550000e+00	4.800934e-03	2.749877e-03	5.189981e-03	1.041501e-02	-3.410335e-03
3.600000e+00	3.404809e-03	2.506641e-03	3.690570e-03	9.225445e-03	-4.115862e-03
3.650000e+00	1.739153e-03	2.226577e-03	1.591219e-03	7.357606e-03	-4.270251e-03
3.700000e+00	-7.268963e-04	2.062479e-03	-1.046738e-03	4.101925e-03	-4.601677e-03
3.750000e+00	-3.487345e-03	2.042132e-03	-4.008867e-03	6.954286e-04	-7.471079e-03
3.800000e+00	-5.910512e-03	2.039062e-03	-6.255710e-03	-5.031876e-04	-9.907193e-03
3.850000e+00	-7.628413e-03	1.997406e-03	-7.905318e-03	-1.156819e-03	-1.187148e-02
3.900000e+00	-8.269368e-03	1.825237e-03	-8.540711e-03	-2.250104e-03	-1.227732e-02
3.950000e+00	-7.607136e-03	1.688696e-03	-7.395784e-03	-3.330934e-03	-1.114257e-02
4.000000e+00	-5.775641e-03	1.765792e-03	-5.649332e-03	-1.657156e-03	-1.016605e-02
4.050000e+00	-3.668146e-03	1.994171e-03	-3.643581e-03	1.278483e-03	-8.616058e-03
4.100000e+00	-1.455588e-03	2.191287e-03	-1.446942e-03	3.912705e-03	-6.271418e-03
4.150000e+00	3.123248e-04	2.246389e-03	5.269424e-04	5.616986e-03	-4.712398e-03
4.200000e+00	1.284242e-03	2.209298e-03	1.579394e-03	5.940244e-03	-3.771617e-03
4.250000e+00	1.169670e-03	2.230769e-03	1.366744e-03	5.606489e-03	-3.229401e-03
4.300000e+00	7.044832e-04	2.425063e-03	8.338311e-04	5.776222e-03	-4.445969e-03
4.350000e+00	5.677188e-04	2.746778e-03	5.930678e-04	6.208448e-03	-5.211378e-03
4.400000e+00	1.500763e-03	3.054343e-03	1.230419e-03	7.435300e-03	-4.770156e-03
4.450000e+00	3.880222e-03	3.246900e-03	3.462709e-03	1.092919e-02	-2.573347e-03
4.500000e+00	8.074652e-03	3.291799e-03	7.556469e-03	1.581026e-02	1.722546e-03
4.550000e+00	1.364529e-02	3.209190e-03	1.339957e-02	2.132691e-02	7.681653e-03
4.600000e+00	1.963013e-02	3.051940e-03	1.958199e-02	2.653047e-02	1.354312e-02
4.650000e+00	2.486996e-02	2.923810e-03	2.472623e-02	3.105787e-02	1.844683e-02
4.700000e+00	2.816833e-02	2.911391e-03	2.808071e-02	3.386042e-02	2.191359e-02
4.750000e+00	2.855548e-02	3.125782e-03	2.865204e-02	3.608848e-02	2.094239e-02
4.800000e+00	2.560834e-02	3.596027e-03	2.573778e-02	3.489162e-02	1.517955e-02
4.850000e+00	1.982950e-02	4.218619e-03	1.992358e-02	3.009206e-02	7.128242e-03
4.900000e+00	1.176568e-02	4.855630e-03	1.195583e-02	2.228222e-02	-2.357908e-03
4.950000e+00	2.527688e-03	5.370868e-03	3.206826e-03	1.442845e-02	-1.185250e-02
5.000000e+00	-6.706486e-03	5.678378e-03	-6.041099e-03	5.874469e-03	-2.024939e-02
5.050000e+00	-1.488464e-02	5.783848e-03	-1.434468e-02	-2.888369e-03	-2.792202e-02
5.100000e+00	-2.157902e-02	5.753018e-03	-2.073608e-02	-1.131382e-02	-3.446232e-02
5.150000e+00	-2.666357e-02	5.712372e-03	-2.681799e-02	-1.477645e-02	-3.809485e-02
5.200000e+00	-3.032755e-02	5.769947e-03	-3.073793e-02	-1.604321e-02	-4.407372e-02
5.250000e+00	-3.282829e-02	5.920339e-03	-3.314761e-02	-1.695074e-02	-4.958375e-02
5.300000e+00	-3.444578e-02	6.066956e-03	-3.490861e-02	-1.808014e-02	-5.271158e-02
5.350000e+00	-3.516162e-02	6.100832e-03	-3.542618e-02	-1.887074e-02	-5.415720e-02
5.400000e+00	-3.471142e-02	6.004601e-03	-3.520725e-02	-1.833995e-02	-5.273955e-02
5.450000e+00	-3.259222e-02	5.882322e-03	-3.352093e-02	-1.744546e-02	-4.821776e-02
5.500000e+00	-2.857022e-02	5.946812e-03	-2.917031e-02	-1.514385e-02	-4.138224e-02
5.550000e+00	-2.251752e-02	6.311792e-03	-2.272826e-02	-9.150743e-03	-3.711314e-02
5.600000e+00	-1.464036e-02	6.906709e-03	-1.494072e-02	7.607739e-04	-3.000593e-02
5.650000e+00	-5.442459e-03	7.560249e-03	-5.189997e-03	1.223053e-02	-2.111368e-02
5.700000e+00	4.253526e-03	8.200524e-03	5.119282e-03	2.417658e-02	-1.404917e-02
5.750000e+00	1.367084e-02	8.823172e-03	1.369608e-02	3.520798e-02	-7.136672e-03
5.800000e+00	2.218281e-02	9.430548e-03	2.196986e-02	4.415455e-02	7.132654e-04
5.850000e+00	2.936399e-02	9.922034e-03	2.871793e-02	5.127405e-02	9.629671e-03
5.900000e+00	3.508359e-02	1.019977e-02	3.405001e-02	5.808975e-02	1.541660e-02
5.950000e+00	3.935895e-02	1.017420e-02	3.834843e-02	6.285346e-02	2.026400e-02
6.000000e+00	4.219640e-02	9.868125e-03	4.093137e-02	6.511708e-02	2.303528e-02
6.050000e+00	4.320951e-02	9.367369e-03	4.241286e-02	6.427851e-02	2.347329e-02
6.100000e+00	4.226566e-02	8.948309e-03	4.204558e-02	6.183117e-02	2.108832e-02
6.150000e+00	3.898401e-02	8.764050e-03	3.908802e-02	5.635686e-02	1.075053e-02
6.200000e+00	3.305278e-02	8.837097e-03	3.381243e-02	4.794963e-02	6.666777e-04
6.250000e+00	2.442542e-02	9.081383e-03	2.623491e-02	3.901143e-02	-8.937170e-03
6.300000e+00	1.347418e-02	9.370152e-03	1.399977e-02	2.989309e-02	-1.795416e-02
6.350000e+00	1.036329e-03	9.589255e-03	7.769312e-04	1.913168e-02	-2.622360e-02
6.400000e+00	-1.167689e-02	9.678214e-03	-1.227386e-02	6.804921e-03	-3.341480e-02
6.450000e+00	-2.329219e-02	9.657450e-03	-2.337376e-02	-5.340724e-03	-4.151825e-02
6.500000e+00	-3.254919e-02	9.600419e-03	-3.211558e-02	-1.209461e-02	-5.001735e-02
6.550000e+00	-3.845798e-02	9.506602e-03	-3.776881e-02	-1.640030e-02	-5.807862e-02
6.600000e+00	-4.074861e-02	9.314016e-03	-4.051703e-02	-1.896337e-02	-6.222661e-02
6.650000e+00	-3.968590e-02	8.879649e-03	-3.917608e-02	-2.067682e-02	-6.161531e-02
6.700000e+00	-3.597902e-02	8.210307e-03	-3.570364e-02	-2.129143e-02	-5.655648e-02
6.750000e+00	-3.057805e-02	7.632636e-03	-3.026020e-02	-1.624241e-02	-5.480267e-02
6.800000e+00	-2.444399e-02	7.688998e-03	-2.369745e-02	-8.288254e-03	-5.395183e-02
6.850000e+00	-1.835366e-02	8.566311e-03	-1.745627e-02	1.180138e-03	-5.039860e-02
6.900000e+00	-1.278284e-02	9.824585e-03	-1.193402e-02	1.007826e-02	-4.353003e-02
6.950000e+00	-7.883180e-03	1.090678e-02	-7.052418e-03	1.820856e-02	-3.332932e-02
7.000000e+00	-3.540953e-03	1.152667e-02	-2.479793e-03	2.457767e-02	-3.160745e-02
7.050000e+00	6.056282e-04	1.167167e-02	1.677077e-03	2.914672e-02	-2.780809e-02
7.100000e+00	4.729268e-03	1.160197e-02	6.663491e-03	3.198446e-02	-2.232589e-02
7.150000e+00	9.030320e-03	1.161335e-02	9.171070e-03	3.332016e-02	-1.647537e-02
7.200000e+00	1.356213e-02	1.189612e-02	1.257677e-02	4.407454e-02	-1.481056e-02
7.250000e+00	1.819955e-02	1.244388e-02	1.801757e-02	5.343194e-02	-1.169613e-02
7.300000e+00	2.264457e-02	1.305960e-02	2.351973e-02	5.867227e-02	-6.715816e-03
7.350000e+00	2.646518e-02	1.342799e-02	2.690160e-02	5.961307e-02	-6.004361e-04
7.400000e+00	2.916264e-02	1.323436e-02	2.934238e-02	5.750902e-02	2.175334e-03
7.450000e+00	3.026025e-02	1.232171e-02	3.018776e-02	5.337991e-02	4.709713e-03
7.500000e+00	2.940134e-02	1.085360e-02	2.934216e-02	5.287804e-02	3.566418e-03
7.550000e+00	2.638906e-02	9.378708e-03	2.648280e-02	4.779425e-02	-5.826566e-03
7.600000e+00	2.145093e-02	8.712047e-03	2.165214e-02	4.015838e-02	-1.578842e-02
7.650000e+00	1.497966e-02	9.035601e-03	1.570687e-02	3.266784e-02	-2.392854e-02
7.700000e+00	7.570098e-03	9.686938e-03	8.592707e-03	2.960194e-02	-2.936484e-02
7.750000e+00	-8.728143e-05	1.006965e-02	4.833944e-04	2.431632e-02	-3.178843e-02
7.800000e+00	-7.336257e-03	1.018611e-02	-7.531497e-03	1.634093e-02	-3.154180e-02
7.850000e+00	-1.367185e-02	1.043458e-02	-1.354069e-02	6.878152e-03	-3.193984e-02
7.900000e+00	-1.880860e-02	1.101868e-02	-1.930555e-02	5.185856e-03	-4.058940e-02
7.950000e+00	-2.267822e-02	1.159770e-02	-2.330628e-02	5.310326e-03	-4.933164e-02
8.000000e+00	-2.535809e-02	1.162621e-02	-2.593431e-02	4.939854e-03	-5.224184e-02
8.050000e+00	-2.691941e-02	1.082451e-02	-2.764974e-02	2.666233e-03	-5.169917e-02
8.100000e+00	-2.741878e-02	9.535113e-03	-2.758608e-02	-2.338959e-03	-5.415343e-02
8.150000e+00	-2.674270e-02	8.614740e-03	-2.653774e-02	-6.911180e-03	-5.315056e-02
8.200000e+00	-2.467123e-02	8.908195e-03	-2.411545e-02	1.324693e-03	-4.838669e-02
8.250000e+00	-2.097149e-02	1.031347e-02	-2.127601e-02	6.546214e-03	-4.401788e-02
8.300000e+00	-1.553947e-02	1.211627e-02	-1.689533e-02	1.399173e-02	-4.263398e-02
8.350000e+00	-8.542366e-03	1.380159e-02	-8.694876e-03	2.750517e-02	-4.523244e-02
8.400000e+00	-5.011326e-04	1.507959e-02	9.058679e-04	4.002945e-02	-4.686925e-02
8.450000e+00	7.734850e-03	1.569716e-02	8.601325e-03	5.048102e-02	-4.360178e-02
8.500000e+00	1.513329e-02	1.542210e-02	1.584543e-02	5.617134e-02	-3.568318e-02
8.550000e+00	2.071692e-02	1.416002e-02	2.133822e-02	5.508945e-02	-2.397683e-02
8.600000e+00	2.376543e-02	1.222883e-02	2.379115e-02	4.934033e-02	-1.008139e-02
8.650000e+00	2.405516e-02	1.043203e-02	2.306647e-02	4.815066e-02	4.039464e-03
8.700000e+00	2.187988e-02	9.842553e-03	2.039149e-02	4.869606e-02	1.105505e-03
8.750000e+00	1.796845e-02	1.071082e-02	1.635279e-02	4.740207e-02	-6.918862e-03
8.800000e+00	1.329083e-02	1.208204e-02	1.291290e-02	4.346219e-02	-1.599177e-02
8.850000e+00	8.807848e-03	1.298235e-02	8.120982e-03	4.191628e-02	-2.681960e-02
8.900000e+00	5.236091e-03	1.298974e-02	4.203312e-03	4.059363e-02	-3.301876e-02
8.950000e+00	2.894647e-03	1.217793e-02	1.625116e-03	3.531585e-02	-3.461531e-02
9.000000e+00	1.673957e-03	1.100120e-02	3.835407e-04	2.707527e-02	-3.245356e-02
9.050000e+00	1.125962e-03	1.010656e-02	5.881133e-04	2.423639e-02	-2.790579e-02
9.100000e+00	6.590789e-04	9.931206e-03	2.286477e-04	2.226313e-02	-2.288734e-02
9.150000e+00	-2.846975e-04	1.025665e-02	-2.382297e-04	2.037112e-02	-2.528063e-02
9.200000e+00	-2.050056e-03	1.050997e-02	-1.705778e-03	2.102073e-02	-2.943052e-02
9.250000e+00	-4.675564e-03	1.035794e-02	-4.004360e-03	2.072370e-02	-3.124220e-02
9.300000e+00	-7.893889e-03	9.906682e-03	-8.512077e-03	1.705690e-02	-3.119831e-02
9.350000e+00	-1.121322e-02	9.523278e-03	-1.196579e-02	1.036021e-02	-3.020413e-02
9.400000e+00	-1.404764e-02	9.433634e-03	-1.400201e-02	9.786114e-03	-3.709300e-02
9.450000e+00	-1.585647e-02	9.494751e-03	-1.519064e-02	9.120511e-03	-4.112058e-02
9.500000e+00	-1.625756e-02	9.486609e-03	-1.584627e-02	8.811143e-03	-4.124266e-02
9.550000e+00	-1.508427e-02	9.524447e-03	-1.593639e-02	8.360042e-03	-3.714953e-02
9.600000e+00	-1.240937e-02	1.000626e-02	-1.332791e-02	1.253978e-02	-3.479170e-02
9.650000e+00	-8.530086e-03	1.108569e-02	-9.829733e-03	1.997452e-02	-3.604503e-02
9.700000e+00	-3.899232e-03	1.235433e-02	-4.619942e-03	2.904048e-02	-3.418214e-02
9.750000e+00	9.472939e-04	1.321134e-02	1.586831e-03	3.612993e-02	-3.758175e-02
9.800000e+00	5.466532e-03	1.329356e-02	5.666756e-03	3.986063e-02	-3.754891e-02
9.850000e+00	9.179947e-03	1.261428e-02	9.159096e-03	4.091754e-02	-3.326244e-02
9.900000e+00	1.173388e-02	1.149074e-02	1.093646e-02	3.929472e-02	-2.545152e-02
9.950000e+00	1.294243e-02	1.034450e-02	1.246718e-02	3.554757e-02	-1.537602e-02
1.000000e+01	1.280593e-02	9.470499e-03	1.255106e-02	3.346253e-02	-1.021799e-02
1.005000e+01	1.148156e-02	8.956330e-03	1.175856e-02	3.118739e-02	-1.356539e-02
1.010000e+01	9.297426e-03	8.809005e-03	9.402868e-03	2.786269e-02	-1.450480e-02
1.015000e+01	6.652181e-03	9.049882e-03	6.166101e-03	2.354353e-02	-1.739267e-02
1.020000e+01	3.939340e-03	9.606156e-03	3.537104e-03	2.631468e-02	-2.359374e-02
1.025000e+01	1.476897e-03	1.022956e-02	1.092307e-03	2.801748e-02	-2.799556e-02
1.030000e+01	-5.352628e-04	1.061518e-02	-1.011783e-03	2.789713e-02	-3.151888e-02
1.035000e+01	-2.021530e-03	1.056738e-02	-2.504658e-03	2.600397e-02	-3.279898e-02
1.040000e+01	-3.004391e-03	1.006965e-02	-3.657351e-03	2.281180e-02	-3.232693e-02
1.045000e+01	-3.560784e-03	9.261416e-03	-4.685203e-03	2.020074e-02	-3.048906e-02
1.050000e+01	-3.780248e-03	8.370852e-03	-4.874794e-03	1.591977e-02	-2.744921e-02
1.055000e+01	-3.740268e-03	7.641376e-03	-4.051734e-03	1.382147e-02	-2.317492e-02
1.060000e+01	-3.504044e-03	7.260437e-03	-3.116781e-03	1.124052e-02	-1.909030e-02
1.065000e+01	-3.134054e-03	7.291570e-03	-2.734694e-03	1.295492e-02	-2.225307e-02
1.070000e+01	-2.706840e-03	7.656598e-03	-1.864706e-03	1.670865e-02	-2.302304e-02
1.075000e+01	-2.314192e-03	8.203268e-03	-1.688387e-03	1.867652e-02	-2.226688e-02
1.080000e+01	-2.043697e-03	8.789675e-03	-8.147568e-04	1.825909e-02	-2.667951e-02
1.085000e+01	-1.943915e-03	9.316534e-03	-1.561930e-03	2.084606e-02	-2.835606e-02
1.090000e+01	-1.990411e-03	9.716748e-03	-2.316104e-03	2.412844e-02	-2.815698e-02
1.095000e+01	-2.072823e-03	9.940449e-03	-1.852428e-03	2.501320e-02	-2.971148e-02
1.100000e+01	-2.017270e-03	9.956654e-03	-9.949469e-04	2.416525e-02	-3.114193e-02
1.105000e+01	-1.634627e-03	9.774181e-03	-6.223878e-04	2.319706e-02	-2.978380e-02
1.110000e+01	-8.387937e-04	9.405999e-03	2.208726e-04	2.173622e-02	-2.578648e-02
1.115000e+01	3.426304e-04	8.891111e-03	5.482648e-04	2.063635e-02	-2.078922e-02
1.120000e+01	1.724995e-03	8.267674e-03	2.444523e-03	2.053618e-02	-2.072417e-02
1.125000e+01	2.995164e-03	7.592218e-03	3.059039e-03	2.137454e-02	-1.845065e-02
1.130000e+01	3.796764e-03	6.991138e-03	3.670822e-03	2.099940e-02	-1.405538e-02
1.135000e+01	3.848911e-03	6.676097e-03	3.337484e-03	1.910569e-02	-1.285397e-02
1.140000e+01	3.057720e-03	6.813584e-03	2.267304e-03	1.742672e-02	-1.485464e-02
1.145000e+01	1.576766e-03	7.325450e-03	1.040903e-03	1.913244e-02	-1.649015e-02
1.150000e+01	-2.131261e-04	7.925316e-03	-1.815582e-04	2.007775e-02	-1.792804e-02
1.155000e+01	-1.806700e-03	8.345264e-03	-1.085733e-03	1.966167e-02	-2.339895e-02
1.160000e+01	-2.730399e-03	8.476895e-03	-3.043797e-03	1.865832e-02	-2.598227e-02
1.165000e+01	-2.699860e-03	8.376559e-03	-3.259553e-03	1.942137e-02	-2.523121e-02
1.170000e+01	-1.722333e-03	8.181148e-03	-1.829087e-03	1.854966e-02	-2.336477e-02
1.175000e+01	-1.042716e-04	7.988422e-03	-4.284083e-04	1.655320e-02	-2.116954e-02
1.180000e+01	1.643058e-03	7.790481e-03	1.094908e-03	1.880620e-02	-1.839703e-02
1.185000e+01	2.970278e-03	7.515398e-03	2.346455e-03	2.099914e-02	-1.637173e-02
1.190000e+01	3.472000e-03	7.116614e-03	2.679922e-03	2.088922e-02	-1.494926e-02
1.195000e+01	3.020447e-03	6.622167e-03	2.183494e-03	1.850198e-02	-1.350634e-02
1.200000e+01	1.803118e-03	6.136761e-03	1.650909e-03	1.535043e-02	-1.165602e-02
1.205000e+01	2.558133e-04	5.854051e-03	6.312525e-04	1.524378e-02	-1.403805e-02
1.210000e+01	-1.132476e-03	5.969294e-03	-8.949670e-04	1.361709e-02	-1.538556e-02
1.215000e+01	-1.925096e-03	6.577384e-03	-1.415504e-03	1.383862e-02	-1.822668e-02
1.220000e+01	-1.914855e-03	7.505990e-03	-1.705756e-03	1.552926e-02	-2.189716e-02
1.225000e+01	-1.190293e-03	8.402474e-03	-1.083179e-03	1.962131e-02	-2.399920e-02
1.230000e+01	-9.586245e-05	8.923087e-03	-3.250459e-04	2.660944e-02	-2.341225e-02
1.235000e+01	8.980310e-04	8.861682e-03	1.089490e-03	3.061588e-02	-2.013202e-02
1.240000e+01	1.366813e-03	8.214213e-03	2.040129e-03	3.048089e-02	-1.597973e-02
1.245000e+01	1.082760e-03	7.189510e-03	1.834015e-03	2.602399e-02	-1.525588e-02
1.250000e+01	9.154486e-05	6.152880e-03	-3.726678e-04	1.812235e-02	-1.393593e-02
1.255000e+01	-1.310918e-03	5.462052e-03	-1.789959e-03	1.187650e-02	-1.196402e-02
1.260000e+01	-2.689493e-03	5.219497e-03	-2.876069e-03	1.235060e-02	-1.389615e-02
1.265000e+01	-3.625167e-03	5.243472e-03	-3.399928e-03	1.166403e-02	-1.633128e-02
1.270000e+01	-3.856613e-03	5.350358e-03	-3.597892e-03	1.007724e-02	-1.701060e-02
1.275000e+01	-3.357390e-03	5.504490e-03	-3.321183e-03	1.048806e-02	-1.683622e-02
1.280000e+01	-2.324285e-03	5.722260e-03	-2.551935e-03	1.346607e-02	-1.521091e-02
1.285000e+01	-1.086524e-03	5.964625e-03	-1.663494e-03	1.636646e-02	-1.285496e-02
1.290000e+01	2.533507e-05	6.156823e-03	-6.522164e-04	1.878796e-02	-1.215453e-02
1.295000e+01	7.989299e-04	6.264610e-03	1.644127e-04	1.954941e-02	-1.272856e-02
1.300000e+01	1.203322e-03	6.311343e-03	9.425763e-04	1.873066e-02	-1.277515e-02
1.305000e+01	1.389682e-03	6.340909e-03	1.559574e-03	1.688123e-02	-1.256083e-02
1.310000e+01	1.555605e-03	6.316777e-03	2.450460e-03	1.408117e-02	-1.418124e-02
1.315000e+01	1.896827e-03	6.200150e-03	2.017058e-03	1.442709e-02	-1.365941e-02
1.320000e+01	2.494176e-03	5.997280e-03	2.083736e-03	1.629298e-02	-1.207479e-02
1.325000e+01	3.266194e-03	5.787196e-03	2.456006e-03	1.691070e-02	-1.212876e-02
1.330000e+01	3.989061e-03	5.668868e-03	3.679629e-03	1.660544e-02	-1.105210e-02
1.335000e+01	4.375658e-03	5.674812e-03	4.833062e-03	1.602786e-02	-1.033498e-02
1.340000e+01	4.183196e-03	5.759491e-03	4.273344e-03	1.691686e-02	-1.015041e-02
1.345000e+01	3.308721e-03	5.879710e-03	3.445745e-03	1.914256e-02	-1.198021e-02
1.350000e+01	1.837050e-03	6.052834e-03	1.461809e-03	1.950781e-02	-1.354267e-02
1.355000e+01	2.393992e-05	6.315236e-03	-2.814106e-04	1.740352e-02	-1.415451e-02
1.360000e+01	-1.778822e-03	6.632865e-03	-1.103194e-03	1.383564e-02	-1.451046e-02
1.365000e+01	-3.229204e-03	6.876923e-03	-2.729394e-03	1.301904e-02	-1.838646e-02
1.370000e+01	-4.094410e-03	6.889897e-03	-4.073169e-03	1.513051e-02	-2.043776e-02
1.375000e+01	-4.310651e-03	6.568851e-03	-4.633303e-03	1.597236e-02	-2.006885e-02
1.380000e+01	-3.985128e-03	5.914458e-03	-4.395519e-03	1.528716e-02	-1.745499e-02
1.385000e+01	-3.343006e-03	5.049203e-03	-3.465263e-03	1.298590e-02	-1.316337e-02
1.390000e+01	-2.640846e-03	4.223777e-03	-2.918439e-03	9.226736e-03	-1.169653e-02
1.395000e+01	-2.078050e-03	3.775958e-03	-1.961716e-03	7.422711e-03	-1.062726e-02
1.400000e+01	-1.736498e-03	3.887562e-03	-1.577534e-03	6.803550e-03	-1.272657e-02
1.405000e+01	-1.572072e-03	4.365427e-03	-1.196848e-03	8.695822e-03	-1.372446e-02
1.410000e+01	-1.423430e-03	4.846088e-03	-1.227417e-03	1.050463e-02	-1.331430e-02
1.415000e+01	-1.118129e-03	5.114661e-03	-8.680972e-04	1.122398e-02	-1.192817e-02
1.420000e+01	-5.288676e-04	5.125103e-03	-4.510061e-04	1.094833e-02	-1.258190e-02
1.425000e+01	3.718300e-04	4.965126e-03	5.228304e-04	1.074099e-02	-1.222264e-02
1.430000e+01	1.492480e-03	4.790557e-03	1.456652e-03	1.247459e-02	-1.093015e-02
1.435000e+01	2.644451e-03	4.710451e-03	3.440739e-03	1.443572e-02	-1.115823e-02
1.440000e+01	3.596660e-03	4.692494e-03	4.677739e-03	1.518547e-02	-1.085422e-02
1.445000e+01	4.144981e-03	4.609052e-03	4.627278e-03	1.449401e-02	-9.264697e-03
1.450000e+01	4.174116e-03	4.382199e-03	4.475370e-03	1.311938e-02	-7.780178e-03
1.455000e+01	3.692665e-03	4.089350e-03	3.422774e-03	1.268254e-02	-6.401887e-03
1.460000e+01	2.830713e-03	3.949554e-03	2.810575e-03	1.224579e-02	-5.912045e-03
1.465000e+01	1.800805e-03	4.129555e-03	1.849400e-03	1.245203e-02	-6.932698e-03
1.470000e+01	8.342414e-04	4.538917e-03	5.796540e-04	1.198898e-02	-8.643391e-03
1.475000e+01	1.120578e-04	4.946663e-03	-2.167625e-04	1.217440e-02	-1.094852e-02
1.480000e+01	-2.881296e-04	5.207945e-03	-7.255326e-04	1.292035e-02	-1.309440e-02
1.485000e+01	-4.126522e-04	5.325977e-03	-8.222185e-04	1.264961e-02	-1.444898e-02
1.490000e+01	-4.123968e-04	5.380790e-03	-1.959208e-04	1.203041e-02	-1.438448e-02
1.495000e+01	-4.882446e-04	5.411765e-03	-5.997679e-05	1.112919e-02	-1.318711e-02
1.500000e+01	-8.173060e-04	5.362232e-03	1.535483e-05	1.100109e-02	-1.280461e-02
1.505000e+01	-1.486087e-03	5.153030e-03	-9.304540e-04	1.258159e-02	-1.206289e-02
1.510000e+01	-2.444823e-03	4.745798e-03	-2.164111e-03	1.257629e-02	-1.269662e-02
1.515000e+01	-3.503728e-03	4.227793e-03	-3.293009e-03	1.211104e-02	-1.305635e-02
1.520000e+01	-4.379207e-03	3.760579e-03	-4.403650e-03	9.622702e-03	-1.276145e-02
1.525000e+01	-4.774368e-03	3.470143e-03	-4.869776e-03	6.695980e-03	-1.322873e-02
1.530000e+01	-4.472611e-03	3.369392e-03	-4.586132e-03	3.644122e-03	-1.259841e-02
1.535000e+01	-3.414929e-03	3.423989e-03	-3.533901e-03	5.079816e-03	-1.049440e-02
1.540000e+01	-1.734514e-03	3.634231e-03	-1.777720e-03	7.704263e-03	-1.000974e-02
1.545000e+01	2.656458e-04	3.973580e-03	3.403076e-04	1.210687e-02	-8.790400e-03
1.550000e+01	2.188607e-03	4.314400e-03	1.999923e-03	1.551562e-02	-6.967562e-03
1.555000e+01	3.651241e-03	4.490160e-03	3.203219e-03	1.689331e-02	-5.626923e-03
1.560000e+01	4.390819e-03	4.413075e-03	4.361464e-03	1.582658e-02	-5.084621e-03
1.565000e+01	4.336368e-03	4.138872e-03	4.504948e-03	1.245207e-02	-5.031665e-03
1.570000e+01	3.621518e-03	3.839931e-03	3.950159e-03	1.091855e-02	-6.298569e-03
1.575000e+01	2.534581e-03	3.669852e-03	2.655452e-03	1.020805e-02	-8.412117e-03
1.580000e+01	1.422610e-03	3.613729e-03	1.462599e-03	9.328718e-03	-9.828555e-03
1.585000e+01	5.816151e-04	3.535224e-03	7.403550e-04	8.389666e-03	-9.616611e-03
1.590000e+01	1.694869e-04	3.362423e-03	3.588349e-04	7.538014e-03	-9.280001e-03
1.595000e+01	1.697953e-04	3.175591e-03	2.307662e-04	7.436602e-03	-9.512267e-03
1.600000e+01	4.164285e-04	3.132959e-03	5.097752e-04	8.053673e-03	-8.631118e-03
1.605000e+01	6.703581e-04	3.309347e-03	7.033150e-04	8.198339e-03	-7.315642e-03
1.610000e+01	7.065753e-04	3.615656e-03	3.642703e-04	8.883424e-03	-7.427141e-03
1.615000e+01	3.967704e-04	3.927568e-03	-2.384789e-04	1.060507e-02	-7.614925e-03
1.620000e+01	-2.451484e-04	4.168199e-03	-6.672718e-04	1.148258e-02	-9.522070e-03
1.625000e+01	-1.073760e-03	4.286759e-03	-1.351582e-03	1.086347e-02	-1.064472e-02
1.630000e+01	-1.870447e-03	4.231860e-03	-1.911240e-03	9.014601e-03	-1.077499e-02
1.635000e+01	-2.425388e-03	3.976527e-03	-2.220034e-03	6.381256e-03	-1.021163e-02
1.640000e+01	-2.611514e-03	3.572305e-03	-2.856283e-03	5.112048e-03	-1.041802e-02
1.645000e+01	-2.423133e-03	3.174936e-03	-2.350196e-03	5.663791e-03	-9.488057e-03
1.650000e+01	-1.966562e-03	2.971040e-03	-1.877436e-03	7.174426e-03	-8.751807e-03
1.655000e+01	-1.409111e-03	2.998912e-03	-1.330302e-03	8.000092e-03	-8.928128e-03
1.660000e+01	-9.086029e-04	3.112615e-03	-9.935860e-04	7.684933e-03	-9.123089e-03
1.665000e+01	-5.524030e-04	3.178839e-03	-4.887471e-04	7.906538e-03	-7.795382e-03
1.670000e+01	-3.300456e-04	3.197353e-03	-4.398007e-04	7.834737e-03	-7.461475e-03
1.675000e+01	-1.493680e-04	3.249656e-03	-4.158946e-04	7.866879e-03	-6.650065e-03
1.680000e+01	1.117857e-04	3.373683e-03	-7.852804e-05	8.433331e-03	-6.079984e-03
1.685000e+01	5.405337e-04	3.507269e-03	1.147870e-04	9.519010e-03	-6.420903e-03
1.690000e+01	1.138065e-03	3.555841e-03	4.448826e-04	1.017159e-02	-6.296870e-03
1.695000e+01	1.804543e-03	3.475393e-03	1.419507e-03	1.035794e-02	-5.680819e-03
1.700000e+01	2.367057e-03	3.291259e-03	2.303153e-03	9.731985e-03	-5.963543e-03
1.705000e+01	2.647202e-03	3.077642e-03	2.698522e-03	1.135999e-02	-5.613778e-03
1.710000e+01	2.505256e-03	2.883688e-03	2.496464e-03	1.227254e-02	-4.441845e-03
1.715000e+01	1.926350e-03	2.748565e-03	1.855067e-03	1.172991e-02	-3.756790e-03
1.720000e+01	1.024757e-03	2.701844e-03	9.106992e-04	9.669163e-03	-5.198400e-03
1.725000e+01	1.414502e-05	2.759945e-03	9.564720e-05	6.351363e-03	-8.726681e-03
1.730000e+01	-8.580408e-04	2.904436e-03	-7.238649e-04	6.469135e-03	-1.100349e-02
1.735000e+01	-1.389184e-03	3.084424e-03	-1.549043e-03	6.644183e-03	-1.164989e-02
1.740000e+01	-1.485495e-03	3.249767e-03	-1.321741e-03	7.497804e-03	-1.064209e-02
1.745000e+01	-1.189271e-03	3.373417e-03	-1.021636e-03	7.805983e-03	-9.474915e-03
1.750000e+01	-6.605663e-04	3.443022e-03	-5.585731e-04	7.475538e-03	-9.063953e-03
1.755000e+01	-1.205147e-04	3.441102e-03	8.851373e-05	7.115574e-03	-8.660404e-03
1.760000e+01	2.234912e-04	3.342945e-03	3.550108e-04	7.406811e-03	-7.714706e-03
1.765000e+01	2.450907e-04	3.139129e-03	2.749998e-04	6.946100e-03	-7.016899e-03
1.770000e+01	-6.323576e-05	2.861865e-03	-1.312064e-04	6.618102e-03	-6.792953e-03
1.775000e+01	-5.927962e-04	2.586708e-03	-8.157496e-04	5.864425e-03	-5.965873e-03
1.780000e+01	-1.158653e-03	2.391741e-03	-1.446884e-03	6.032927e-03	-5.616182e-03
1.785000e+01	-1.561768e-03	2.297992e-03	-1.722824e-03	5.438488e-03	-6.429511e-03
1.790000e+01	-1.652035e-03	2.270741e-03	-1.749870e-03	4.238342e-03	-7.433194e-03
1.795000e+01	-1.372338e-03	2.292461e-03	-1.366530e-03	4.140232e-03	-7.410120e-03
1.800000e+01	-7.714772e-04	2.396151e-03	-5.785028e-04	6.227525e-03	-6.570923e-03
1.805000e+01	1.798450e-05	2.605467e-03	1.294763e-04	7.901285e-03	-5.663400e-03
1.810000e+01	8.199444e-04	2.855377e-03	7.042807e-04	8.820177e-03	-5.998862e-03
1.815000e+01	1.460924e-03	3.036471e-03	1.236252e-03	8.759346e-03	-5.699936e-03
1.820000e+01	1.817386e-03	3.069702e-03	1.550226e-03	7.937532e-03	-4.953043e-03
1.825000e+01	1.841911e-03	2.954355e-03	1.665150e-03	9.160979e-03	-5.723883e-03
1.830000e+01	1.566210e-03	2.764258e-03	1.365978e-03	9.304100e-03	-5.761023e-03
1.835000e+01	1.083415e-03	2.590933e-03	8.083203e-04	8.247828e-03	-5.295398e-03
1.840000e+01	5.174639e-04	2.463642e-03	1.917910e-04	7.214145e-03	-5.210562e-03
1.845000e+01	-1.043533e-05	2.336464e-03	-3.533074e-04	7.035112e-03	-5.608527e-03
1.850000e+01	-4.092452e-04	2.173676e-03	-4.130880e-04	5.916747e-03	-6.634108e-03
1.855000e+01	-6.336397e-04	2.031573e-03	-6.390688e-04	4.059602e-03	-7.352036e-03
1.860000e+01	-6.858952e-04	2.029783e-03	-4.930339e-04	3.695103e-03	-6.957176e-03
1.865000e+01	-6.060493e-04	2.197327e-03	-4.346300e-04	4.443578e-03	-5.666131e-03
1.870000e+01	-4.547059e-04	2.415248e-03	-3.860370e-04	5.603570e-03	-6.431948e-03
1.875000e+01	-2.938525e-04	2.554810e-03	-8.957353e-05	6.749438e-03	-6.956788e-03
1.880000e+01	-1.706887e-04	2.579129e-03	1.938885e-04	7.081204e-03	-6.387656e-03
1.885000e+01	-1.080774e-04	2.539264e-03	3.904304e-04	6.391515e-03	-5.354432e-03
1.890000e+01	-1.032161e-04	2.506368e-03	-2.834821e-06	5.420610e-03	-7.025920e-03
1.895000e+01	-1.339076e-04	2.493470e-03	-1.202975e-04	5.158167e-03	-7.935291e-03
1.900000e+01	-1.698156e-04	2.450818e-03	-2.815746e-04	5.389999e-03	-7.839903e-03
1.905000e+01	-1.835848e-04	2.342103e-03	-2.816038e-04	5.055833e-03	-6.709933e-03
1.910000e+01	-1.651998e-04	2.190981e-03	-1.632996e-04	5.386410e-03	-5.887193e-03
1.915000e+01	-1.190573e-04	2.078469e-03	-3.112313e-04	5.257782e-03	-4.999953e-03
1.920000e+01	-6.177554e-05	2.056412e-03	-4.199490e-04	5.044134e-03	-5.009822e-03
1.925000e+01	-1.334594e-05	2.088468e-03	-3.736123e-04	5.802950e-03	-4.893417e-03
1.930000e+01	1.316512e-05	2.105273e-03	-4.357348e-05	5.517849e-03	-5.067667e-03
1.935000e+01	1.895648e-05	2.088224e-03	2.154910e-04	4.642171e-03	-5.035134e-03
1.940000e+01	2.037903e-05	2.078417e-03	2.971249e-05	5.046883e-03	-4.777708e-03
1.945000e+01	4.231828e-05	2.115552e-03	1.529340e-04	5.163598e-03	-4.098855e-03
1.950000e+01	1.061620e-04	2.180431e-03	1.402214e-04	5.260902e-03	-4.901451e-03
1.955000e+01	2.170642e-04	2.213416e-03	5.290018e-05	5.694119e-03	-5.678046e-03
1.960000e+01	3.561477e-04	2.172957e-03	1.989368e-04	5.895190e-03	-5.680764e-03
1.965000e+01	4.819421e-04	2.063083e-03	4.417280e-04	5.766259e-03	-4.762516e-03
1.970000e+01	5.420283e-04	1.921723e-03	4.390410e-04	5.121994e-03	-4.011651e-03
1.975000e+01	4.917182e-04	1.796795e-03	4.396282e-04	5.339788e-03	-3.915702e-03
1.980000e+01	3.132699e-04	1.733529e-03	2.478775e-04	6.045910e-03	-3.716597e-03
1.985000e+01	2.807474e-05	1.766799e-03	-1.841513e-05	5.953061e-03	-4.357165e-03
1.990000e+01	-3.038822e-04	1.895737e-03	-1.717739e-04	5.072451e-03	-5.599390e-03
1.995000e+01	-5.986731e-04	2.066686e-03	-3.892226e-04	4.329419e-03	-6.492214e-03
2.000000e+01	-7.733223e-04	2.203417e-03	-4.429674e-04	4.405568e-03	-6.742319e-03
