# k	<chi>	std	chi_median	chi_max	chi_min
0.000000e+00	3.596749e-02	2.071589e-01	0.000000e+00	7.252680e-01	-6.107404e-01
5.000000e-02	5.978223e-02	2.818301e-01	7.371158e-02	7.912649e-01	-6.559052e-01
1.000000e-01	4.937922e-02	2.770172e-01	6.839898e-02	7.696189e-01	-6.665442e-01
1.500000e-01	1.786677e-02	2.631993e-01	4.510960e-02	7.023402e-01	-6.968844e-01
2.000000e-01	-1.442193e-02	2.505180e-01	1.654440e-02	6.315427e-01	-7.255857e-01
2.500000e-01	-6.827075e-02	2.329496e-01	-5.494766e-02	5.089175e-01	-7.683130e-01
3.000000e-01	-1.233171e-01	2.205000e-01	-1.141163e-01	3.802526e-01	-8.061875e-01
3.500000e-01	-1.980554e-01	2.145362e-01	-1.827109e-01	2.056120e-01	-8.487281e-01
4.000000e-01	-2.721859e-01	2.207034e-01	-2.708206e-01	1.146629e-01	-8.813440e-01
4.500000e-01	-3.600393e-01	2.435564e-01	-3.386204e-01	9.413070e-02	-9.132605e-01
5.000000e-01	-4.416081e-01	2.744928e-01	-3.816823e-01	7.736404e-02	-9.910479e-01
5.500000e-01	-5.256964e-01	3.135792e-01	-4.693334e-01	4.838914e-02	-1.089224e+00
6.000000e-01	-5.945253e-01	3.470397e-01	-5.554233e-01	4.087419e-02	-1.154445e+00
6.500000e-01	-6.507150e-01	3.732583e-01	-6.522687e-01	1.431548e-02	-1.236344e+00
7.000000e-01	-6.821992e-01	3.833016e-01	-6.363720e-01	-2.828670e-02	-1.262974e+00
7.500000e-01	-6.870929e-01	3.740936e-01	-6.015491e-01	-6.912184e-02	-1.229914e+00
8.000000e-01	-6.629206e-01	3.451520e-01	-5.644094e-01	-1.145089e-01	-1.147095e+00
8.500000e-01	-6.072230e-01	2.941707e-01	-4.960267e-01	-1.295529e-01	-1.055386e+00
9.000000e-01	-5.289203e-01	2.301286e-01	-4.398908e-01	-1.246560e-01	-9.275108e-01
9.500000e-01	-4.289979e-01	1.558679e-01	-4.063984e-01	-1.316445e-01	-7.519815e-01
1.000000e+00	-3.248250e-01	9.383513e-02	-3.334761e-01	-5.954277e-02	-5.473009e-01
1.050000e+00	-2.212867e-01	7.928457e-02	-2.308726e-01	6.528728e-03	-4.016854e-01
1.100000e+00	-1.359231e-01	1.124537e-01	-1.606229e-01	1.132489e-01	-3.562676e-01
1.150000e+00	-7.343273e-02	1.444658e-01	-7.382830e-02	2.065626e-01	-3.428822e-01
1.200000e+00	-4.124909e-02	1.557487e-01	-2.272620e-02	2.389722e-01	-3.220868e-01
1.250000e+00	-3.775767e-02	1.445173e-01	-3.021419e-02	2.203237e-01	-3.126818e-01
1.300000e+00	-5.564047e-02	1.163166e-01	-3.331591e-02	1.853598e-01	-3.215121e-01
1.350000e+00	-8.541054e-02	8.220417e-02	-6.085043e-02	1.009422e-01	-3.096753e-01
1.400000e+00	-1.111558e-01	6.637389e-02	-1.269335e-01	8.822277e-02	-2.741866e-01
1.450000e+00	-1.220349e-01	7.857198e-02	-1.391108e-01	1.123100e-01	-2.579161e-01
1.500000e+00	-1.077412e-01	9.416807e-02	-1.167597e-01	1.250531e-01	-2.815379e-01
1.550000e+00	-6.567366e-02	9.694897e-02	-4.732138e-02	1.298853e-01	-2.419152e-01
1.600000e+00	-1.486906e-03	8.384594e-02	9.675652e-03	1.374700e-01	-1.704397e-01
1.650000e+00	7.641237e-02	6.194674e-02	7.508639e-02	2.181573e-01	-7.461772e-02
1.700000e+00	1.502835e-01	5.007582e-02	1.432198e-01	2.817085e-01	5.015530e-02
1.750000e+00	2.095680e-01	6.176026e-02	2.332079e-01	3.158904e-01	6.729939e-02
1.800000e+00	2.396244e-01	7.819743e-02	2.587588e-01	3.624527e-01	6.670764e-02
1.850000e+00	2.399579e-01	8.589715e-02	2.513876e-01	3.644152e-01	5.293173e-02
1.900000e+00	2.103009e-01	8.002829e-02	2.190977e-01	3.296575e-01	3.482141e-02
1.950000e+00	1.621866e-01	6.491295e-02	1.734775e-01	2.743830e-01	1.581030e-02
2.000000e+00	1.060977e-01	4.648069e-02	1.160649e-01	2.058060e-01	1.016322e-03
2.050000e+00	5.435450e-02	3.447069e-02	5.162521e-02	1.590098e-01	-1.403972e-02
2.100000e+00	1.696499e-02	3.226574e-02	6.665485e-03	1.097796e-01	-3.905179e-02
2.150000e+00	-1.918114e-03	3.166904e-02	-6.127571e-03	7.342751e-02	-5.827620e-02
2.200000e+00	-5.052704e-03	2.745345e-02	-3.685001e-03	5.218390e-02	-5.821153e-02
2.250000e+00	-6.446150e-04	2.333511e-02	2.495377e-03	6.176096e-02	-4.617969e-02
2.300000e+00	4.406778e-03	1.985207e-02	4.409030e-03	6.283326e-02	-3.746874e-02
2.350000e+00	5.295248e-03	1.768562e-02	2.232221e-03	5.475457e-02	-4.083020e-02
2.400000e+00	5.534889e-04	1.665505e-02	-4.292997e-03	4.174949e-02	-4.068942e-02
2.450000e+00	-4.694247e-03	1.590679e-02	-1.082028e-02	3.498591e-02	-3.799010e-02
2.500000e+00	-1.096721e-02	1.514138e-02	-1.616632e-02	2.618646e-02	-3.560624e-02
2.550000e+00	-1.669354e-02	1.387506e-02	-2.030668e-02	1.696866e-02	-4.084181e-02
2.600000e+00	-2.041002e-02	1.188115e-02	-2.221146e-02	8.090479e-03	-4.572284e-02
2.650000e+00	-2.337296e-02	9.441458e-03	-2.360844e-02	-4.608361e-04	-4.667483e-02
2.700000e+00	-2.424591e-02	7.206324e-03	-2.292956e-02	-7.655195e-03	-4.621574e-02
2.750000e+00	-2.293555e-02	6.091303e-03	-2.142015e-02	-1.097249e-02	-4.230750e-02
2.800000e+00	-1.977621e-02	6.348014e-03	-1.887991e-02	-4.012954e-03	-4.042621e-02
2.850000e+00	-1.649017e-02	7.139523e-03	-1.521104e-02	7.631116e-04	-3.799454e-02
2.900000e+00	-1.200769e-02	7.599459e-03	-1.033660e-02	3.887685e-03	-3.278838e-02
2.950000e+00	-7.019853e-03	7.436473e-03	-4.571703e-03	5.557672e-03	-2.539820e-02
3.000000e+00	-2.162129e-03	6.817350e-03	3.583155e-04	8.470793e-03	-1.776158e-02
3.050000e+00	2.441343e-03	6.262091e-03	4.284701e-03	1.443731e-02	-1.171550e-02
3.100000e+00	6.140844e-03	5.857488e-03	7.125567e-03	1.811452e-02	-9.338849e-03
3.150000e+00	8.740113e-03	5.624320e-03	9.606603e-03	2.007243e-02	-7.820000e-03
3.200000e+00	1.028847e-02	5.317000e-03	1.083646e-02	2.125845e-02	-6.517659e-03
3.250000e+00	1.095487e-02	4.851497e-03	1.119281e-02	2.329614e-02	-4.529329e-03
3.300000e+00	1.101302e-02	4.397026e-03	1.091942e-02	2.521116e-02	-2.211756e-03
3.350000e+00	1.079813e-02	4.283609e-03	1.070717e-02	2.553402e-02	-3.559900e-03
3.400000e+00	1.053326e-02	4.656719e-03	1.148510e-02	2.389144e-02	-6.943951e-03
3.450000e+00	1.034639e-02	5.282944e-03	1.184434e-02	2.158737e-02	-8.358219e-03
3.500000e+00	1.014300e-02	5.660301e-03	1.106047e-02	2.549019e-02	-7.336246e-03
3.550000e+00	9.730754e-03	5.730574e-03	9.682254e-03	2.689859e-02	-5.851653e-03
3.600000e+00	8.907289e-03	5.662627e-03	8.582868e-03	2.525586e-02	-2.397930e-03
3.650000e+00	7.625387e-03	5.660963e-03	7.561142e-03	2.098501e-02	-4.731661e-03
3.700000e+00	5.693724e-03	5.856259e-03	5.993219e-03	1.904988e-02	-6.845487e-03
3.750000e+00	3.150113e-03	6.044526e-03	3.685920e-03	1.572351e-02	-9.874180e-03
3.800000e+00	1.027076e-04	5.957781e-03	4.164163e-04	1.399615e-02	-1.314969e-02
3.850000e+00	-3.252191e-03	5.470323e-03	-3.176108e-03	9.580581e-03	-1.567382e-02
3.900000e+00	-6.983900e-03	4.813714e-03	-6.916929e-03	5.607710e-03	-2.146993e-02
3.950000e+00	-1.093107e-02	4.580395e-03	-1.135546e-02	2.143033e-03	-2.551534e-02
4.000000e+00	-1.483452e-02	5.185448e-03	-1.470742e-02	-2.528923e-03	-2.725915e-02
4.050000e+00	-1.851400e-02	6.370306e-03	-1.762796e-02	-6.572176e-03	-3.288521e-02
4.100000e+00	-2.150358e-02	7.385010e-03	-2.034461e-02	-7.875957e-03	-3.902633e-02
4.150000e+00	-2.319034e-02	7.765543e-03	-2.286593e-02	-7.542072e-03	-4.098372e-02
4.200000e+00	-2.301319e-02	7.454131e-03	-2.427842e-02	-4.561085e-03	-3.920331e-02
4.250000e+00	-2.110353e-02	7.043199e-03	-2.169941e-02	-1.716702e-04	-3.494816e-02
4.300000e+00	-1.705920e-02	7.345274e-03	-1.696488e-02	3.538526e-03	-3.495640e-02
4.350000e+00	-1.118877e-02	8.918605e-03	-1.151933e-02	8.390443e-03	-3.193895e-02
4.400000e+00	-4.147532e-03	1.110618e-02	-6.044407e-03	2.032317e-02	-2.611483e-02
4.450000e+00	2.961372e-03	1.293006e-02	-3.690507e-04	3.105268e-02	-2.077129e-02
4.500000e+00	9.721492e-03	1.374980e-02	6.098974e-03	3.898547e-02	-1.606553e-02
4.550000e+00	1.556698e-02	1.328594e-02	1.218767e-02	4.401378e-02	-1.039889e-02
4.600000e+00	2.023164e-02	1.163370e-02	1.712747e-02	4.483931e-02	-2.813747e-03
4.650000e+00	2.370535e-02	9.289000e-03	2.107586e-02	4.428842e-02	4.928105e-03
4.700000e+00	2.630847e-02	6.793915e-03	2.490304e-02	4.156286e-02	1.125685e-02
4.750000e+00	2.820068e-02	5.029408e-03	2.788124e-02	3.841884e-02	1.486508e-02
4.800000e+00	2.937617e-02	5.020644e-03	2.977318e-02	4.327205e-02	1.414225e-02
4.850000e+00	2.964630e-02	6.577886e-03	3.014344e-02	4.771934e-02	8.037518e-03
4.900000e+00	2.861955e-02	8.734489e-03	2.955506e-02	4.956988e-02	2.324338e-03
4.950000e+00	2.590367e-02	1.104581e-02	2.771154e-02	4.798603e-02	-3.317020e-03
5.000000e+00	2.130285e-02	1.331211e-02	2.376752e-02	4.543362e-02	-1.101658e-02
5.050000e+00	1.496153e-02	1.529511e-02	1.785622e-02	4.047952e-02	-2.019227e-02
5.100000e+00	7.430756e-03	1.662881e-02	1.089378e-02	3.776080e-02	-2.980898e-02
5.150000e+00	-5.127820e-04	1.687884e-02	3.991042e-03	3.619394e-02	-3.644360e-02
5.200000e+00	-8.043591e-03	1.574235e-02	-4.392090e-03	3.205510e-02	-4.199776e-02
5.250000e+00	-1.450630e-02	1.332872e-02	-1.332182e-02	2.493130e-02	-4.570017e-02
5.300000e+00	-1.960231e-02	1.056369e-02	-1.915034e-02	1.510529e-02	-4.563392e-02
5.350000e+00	-2.344682e-02	9.241326e-03	-2.265992e-02	4.549043e-03	-5.615141e-02
5.400000e+00	-2.642920e-02	1.019546e-02	-2.481361e-02	-3.011381e-03	-6.466836e-02
5.450000e+00	-2.884582e-02	1.165088e-02	-2.691792e-02	-3.942892e-03	-6.904118e-02
5.500000e+00	-3.103421e-02	1.194419e-02	-2.945605e-02	-6.245040e-03	-6.934710e-02
5.550000e+00	-3.289419e-02	1.078117e-02	-3.186730e-02	-8.113268e-03	-6.438039e-02
5.600000e+00	-3.396992e-02	9.193060e-03	-3.447607e-02	4.340666e-04	-5.867180e-02
5.650000e+00	-3.347293e-02	8.935080e-03	-3.419232e-02	8.646558e-03	-5.576440e-02
5.700000e+00	-3.096503e-02	1.026422e-02	-3.122729e-02	1.653937e-02	-5.525472e-02
5.750000e+00	-2.619164e-02	1.156813e-02	-2.753281e-02	2.418201e-02	-5.494630e-02
5.800000e+00	-1.936735e-02	1.188546e-02	-2.183265e-02	3.127126e-02	-4.609545e-02
5.850000e+00	-1.106752e-02	1.158055e-02	-1.354349e-02	3.700297e-02	-3.384703e-02
5.900000e+00	-2.343469e-03	1.199391e-02	-4.217089e-03	4.050063e-02	-2.709442e-02
5.950000e+00	5.898875e-03	1.384444e-02	4.228585e-03	4.071173e-02	-2.319696e-02
6.000000e+00	1.304012e-02	1.634480e-02	9.496790e-03	5.069337e-02	-1.884014e-02
6.050000e+00	1.889699e-02	1.829624e-02	1.446619e-02	5.898523e-02	-1.395913e-02
6.100000e+00	2.358274e-02	1.906041e-02	1.859352e-02	6.628111e-02	-1.187449e-02
6.150000e+00	2.746300e-02	1.849764e-02	2.333807e-02	6.909535e-02	-1.146069e-02
6.200000e+00	3.082113e-02	1.679573e-02	2.824247e-02	6.725073e-02	-8.002665e-03
6.250000e+00	3.364661e-02	1.435253e-02	3.309016e-02	6.368422e-02	-6.232564e-03
6.300000e+00	3.557026e-02	1.184578e-02	3.610433e-02	6.202656e-02	-1.081336e-02
6.350000e+00	3.597765e-02	1.042004e-02	3.609930e-02	6.326504e-02	-1.308225e-02
6.400000e+00	3.425628e-02	1.117728e-02	3.421485e-02	6.591699e-02	-1.444036e-02
6.450000e+00	3.007424e-02	1.376365e-02	3.053375e-02	6.372426e-02	-1.548584e-02
6.500000e+00	2.357310e-02	1.695254e-02	2.513727e-02	5.689988e-02	-1.684372e-02
6.550000e+00	1.527880e-02	1.979158e-02	1.839817e-02	4.797209e-02	-2.979521e-02
6.600000e+00	6.286304e-03	2.169331e-02	1.065950e-02	4.492047e-02	-4.354586e-02
6.650000e+00	-2.359720e-03	2.229957e-02	3.102851e-03	4.016574e-02	-5.326224e-02
6.700000e+00	-9.868802e-03	2.149252e-02	-4.311954e-03	3.318718e-02	-5.757238e-02
6.750000e+00	-1.589495e-02	1.946668e-02	-1.160544e-02	2.402296e-02	-5.590595e-02
6.800000e+00	-2.054549e-02	1.676998e-02	-1.793841e-02	1.465775e-02	-5.693853e-02
6.850000e+00	-2.421221e-02	1.423744e-02	-2.371144e-02	1.129437e-02	-6.028598e-02
6.900000e+00	-2.730186e-02	1.269452e-02	-2.824972e-02	7.106890e-03	-6.180662e-02
6.950000e+00	-2.998313e-02	1.238669e-02	-3.060754e-02	5.297337e-03	-6.484343e-02
7.000000e+00	-3.205832e-02	1.280870e-02	-3.208984e-02	7.351801e-03	-6.941567e-02
7.050000e+00	-3.298145e-02	1.333075e-02	-3.308034e-02	7.125951e-03	-6.834837e-02
7.100000e+00	-3.213508e-02	1.378512e-02	-3.243897e-02	1.282760e-02	-6.668855e-02
7.150000e+00	-2.907163e-02	1.438345e-02	-3.144233e-02	1.943862e-02	-6.213625e-02
7.200000e+00	-2.374519e-02	1.548322e-02	-2.721818e-02	2.214549e-02	-5.180225e-02
7.250000e+00	-1.659290e-02	1.718182e-02	-2.069945e-02	3.560634e-02	-4.964010e-02
7.300000e+00	-8.433928e-03	1.911705e-02	-1.266787e-02	5.018399e-02	-4.954709e-02
7.350000e+00	-2.278620e-04	2.067638e-02	-3.348421e-03	5.686902e-02	-4.566221e-02
7.400000e+00	7.208089e-03	2.133844e-02	5.832312e-03	5.577727e-02	-4.156416e-02
7.450000e+00	1.340820e-02	2.088932e-02	1.500264e-02	6.041401e-02	-3.839352e-02
7.500000e+00	1.831257e-02	1.947058e-02	2.225049e-02	5.930500e-02	-3.758220e-02
7.550000e+00	2.208736e-02	1.743968e-02	2.656796e-02	6.225765e-02	-3.320654e-02
7.600000e+00	2.507863e-02	1.535835e-02	2.751995e-02	6.411807e-02	-2.574668e-02
7.650000e+00	2.743242e-02	1.363410e-02	2.836628e-02	6.520079e-02	-1.601237e-02
7.700000e+00	2.900222e-02	1.249691e-02	2.953426e-02	6.381502e-02	-4.669303e-03
7.750000e+00	2.937723e-02	1.203555e-02	3.087244e-02	5.836561e-02	5.071268e-04
7.800000e+00	2.806035e-02	1.226107e-02	2.853423e-02	5.833849e-02	-2.895699e-03
7.850000e+00	2.471958e-02	1.309104e-02	2.437759e-02	6.390106e-02	-9.723629e-03
7.900000e+00	1.940257e-02	1.430439e-02	1.776259e-02	6.500455e-02	-1.691263e-02
7.950000e+00	1.261766e-02	1.557203e-02	1.084944e-02	6.093257e-02	-2.329240e-02
8.000000e+00	5.239190e-03	1.655810e-02	3.857575e-03	5.675016e-02	-3.098253e-02
8.050000e+00	-1.748413e-03	1.699740e-02	-2.677136e-03	5.175479e-02	-3.854953e-02
8.100000e+00	-7.455917e-03	1.680780e-02	-8.810576e-03	4.411819e-02	-4.668486e-02
8.150000e+00	-1.146925e-02	1.599645e-02	-1.351100e-02	3.382564e-02	-5.189367e-02
8.200000e+00	-1.386476e-02	1.465495e-02	-1.586695e-02	2.954217e-02	-5.137614e-02
8.250000e+00	-1.510849e-02	1.305315e-02	-1.736421e-02	2.384521e-02	-4.522946e-02
8.300000e+00	-1.582384e-02	1.185563e-02	-1.715448e-02	1.989194e-02	-4.300620e-02
8.350000e+00	-1.652435e-02	1.195914e-02	-1.656965e-02	1.562763e-02	-5.464436e-02
8.400000e+00	-1.741770e-02	1.339118e-02	-1.663421e-02	9.410331e-03	-6.253364e-02
8.450000e+00	-1.835239e-02	1.497024e-02	-1.648286e-02	1.525209e-02	-7.123037e-02
8.500000e+00	-1.891676e-02	1.546291e-02	-1.626098e-02	2.276459e-02	-7.065466e-02
8.550000e+00	-1.863136e-02	1.440464e-02	-1.709936e-02	2.611511e-02	-5.702123e-02
8.600000e+00	-1.716656e-02	1.270565e-02	-1.647772e-02	2.545449e-02	-4.955459e-02
8.650000e+00	-1.447527e-02	1.262850e-02	-1.406468e-02	2.123286e-02	-5.048681e-02
8.700000e+00	-1.079427e-02	1.534989e-02	-1.295546e-02	3.418267e-02	-4.784441e-02
8.750000e+00	-6.533035e-03	1.906757e-02	-1.189578e-02	5.413093e-02	-4.944215e-02
8.800000e+00	-2.107702e-03	2.175063e-02	-7.969308e-03	6.331342e-02	-4.733359e-02
8.850000e+00	2.198274e-03	2.243858e-02	-5.367023e-03	6.573455e-02	-4.036761e-02
8.900000e+00	6.282312e-03	2.110091e-02	-5.175726e-04	6.291301e-02	-3.338329e-02
8.950000e+00	1.016199e-02	1.836290e-02	6.095970e-03	5.468698e-02	-2.946409e-02
9.000000e+00	1.384167e-02	1.520497e-02	1.286048e-02	5.038383e-02	-2.337022e-02
9.050000e+00	1.721068e-02	1.263566e-02	1.822236e-02	4.763853e-02	-1.604229e-02
9.100000e+00	1.987848e-02	1.125786e-02	2.143092e-02	4.733248e-02	-1.606522e-02
9.150000e+00	2.135650e-02	1.097117e-02	2.202677e-02	4.693463e-02	-1.130818e-02
9.200000e+00	2.118156e-02	1.132046e-02	2.141431e-02	5.135289e-02	-4.585016e-03
9.250000e+00	1.911701e-02	1.212677e-02	1.929818e-02	5.161037e-02	-9.557196e-03
9.300000e+00	1.530264e-02	1.349355e-02	1.686920e-02	4.675893e-02	-1.783989e-02
9.350000e+00	1.028025e-02	1.531857e-02	1.375152e-02	4.697813e-02	-3.002962e-02
9.400000e+00	4.870217e-03	1.704962e-02	8.177966e-03	4.669904e-02	-3.927497e-02
9.450000e+00	-6.334514e-05	1.797140e-02	2.272148e-03	4.391053e-02	-4.298038e-02
9.500000e+00	-3.873094e-03	1.764702e-02	-3.010016e-03	4.087650e-02	-4.580915e-02
9.550000e+00	-6.328185e-03	1.620759e-02	-8.201821e-03	3.951977e-02	-4.736911e-02
9.600000e+00	-7.613953e-03	1.431589e-02	-1.030865e-02	3.599053e-02	-4.431640e-02
9.650000e+00	-8.241838e-03	1.277906e-02	-1.000017e-02	2.920329e-02	-3.774713e-02
9.700000e+00	-8.802402e-03	1.178301e-02	-8.714895e-03	1.973210e-02	-3.787114e-02
9.750000e+00	-9.708781e-03	1.081970e-02	-1.011217e-02	1.752411e-02	-3.624373e-02
9.800000e+00	-1.102355e-02	9.630771e-03	-1.162780e-02	1.437578e-02	-3.500394e-02
9.850000e+00	-1.243662e-02	8.878291e-03	-1.298082e-02	1.458956e-02	-3.946768e-02
9.900000e+00	-1.340009e-02	9.405823e-03	-1.335839e-02	1.220152e-02	-4.531721e-02
9.950000e+00	-1.336246e-02	1.071717e-02	-1.241078e-02	1.225806e-02	-4.725939e-02
1.000000e+01	-1.200517e-02	1.167194e-02	-1.068273e-02	1.573714e-02	-4.553851e-02
1.005000e+01	-9.380072e-03	1.187861e-02	-8.635875e-03	1.863327e-02	-4.083854e-02
1.010000e+01	-5.917901e-03	1.190376e-02	-5.545360e-03	2.104639e-02	-3.654533e-02
1.015000e+01	-2.262767e-03	1.258563e-02	-1.843683e-03	2.399541e-02	-3.210233e-02
1.020000e+01	9.578372e-04	1.390128e-02	9.636831e-04	3.348178e-02	-3.257583e-02
1.025000e+01	3.348264e-03	1.498352e-02	1.982360e-03	4.271336e-02	-2.998843e-02
1.030000e+01	4.857495e-03	1.508473e-02	3.070578e-03	5.026611e-02	-2.476712e-02
1.035000e+01	5.748081e-03	1.405810e-02	3.477737e-03	4.944851e-02	-2.215413e-02
1.040000e+01	6.439956e-03	1.230140e-02	5.166779e-03	4.245455e-02	-1.958099e-02
1.045000e+01	7.298610e-03	1.047177e-02	6.968177e-03	3.298226e-02	-1.511185e-02
1.050000e+01	8.457723e-03	9.128553e-03	8.677156e-03	2.943504e-02	-1.542577e-02
1.055000e+01	9.749389e-03	8.489158e-03	9.505526e-03	3.057582e-02	-1.326292e-02
1.060000e+01	1.076843e-02	8.497250e-03	1.003727e-02	3.288601e-02	-9.330302e-03
1.065000e+01	1.104129e-02	9.025474e-03	1.045729e-02	3.634579e-02	-8.374988e-03
1.070000e+01	1.022762e-02	9.910024e-03	9.607405e-03	3.643929e-02	-1.034339e-02
1.075000e+01	8.271375e-03	1.094195e-02	8.587642e-03	3.501503e-02	-1.599773e-02
1.080000e+01	5.440756e-03	1.191901e-02	6.520371e-03	3.460867e-02	-2.122235e-02
1.085000e+01	2.243416e-03	1.265983e-02	3.102358e-03	3.195301e-02	-2.744638e-02
1.090000e+01	-7.463506e-04	1.297921e-02	8.911474e-04	2.950277e-02	-3.337829e-02
1.095000e+01	-3.077793e-03	1.271263e-02	-1.476165e-03	2.817997e-02	-3.550070e-02
1.100000e+01	-4.556884e-03	1.180990e-02	-4.532208e-03	2.367653e-02	-3.343293e-02
1.105000e+01	-5.288440e-03	1.043953e-02	-5.952941e-03	2.074982e-02	-3.015652e-02
1.110000e+01	-5.558473e-03	8.981920e-03	-6.359929e-03	1.892953e-02	-3.219894e-02
1.115000e+01	-5.715449e-03	7.939822e-03	-5.940196e-03	1.458357e-02	-3.213247e-02
1.120000e+01	-6.003416e-03	7.582235e-03	-6.175916e-03	1.103186e-02	-2.843146e-02
1.125000e+01	-6.466546e-03	7.710524e-03	-6.006394e-03	1.462852e-02	-2.979324e-02
1.130000e+01	-6.947242e-03	7.941045e-03	-6.649568e-03	1.541892e-02	-3.024204e-02
1.135000e+01	-7.170936e-03	8.059277e-03	-6.844828e-03	1.456740e-02	-2.944469e-02
1.140000e+01	-6.875691e-03	8.070591e-03	-6.761389e-03	2.111200e-02	-2.731022e-02
1.145000e+01	-5.929518e-03	8.113757e-03	-6.606799e-03	2.476894e-02	-2.578936e-02
1.150000e+01	-4.387838e-03	8.347014e-03	-5.198764e-03	2.465468e-02	-2.325362e-02
1.155000e+01	-2.472119e-03	8.817305e-03	-3.290250e-03	2.372196e-02	-1.980044e-02
1.160000e+01	-4.850836e-04	9.393715e-03	-1.517549e-03	2.485019e-02	-2.175269e-02
1.165000e+01	1.296959e-03	9.839759e-03	4.433626e-04	2.691721e-02	-2.377204e-02
1.170000e+01	2.708073e-03	9.949427e-03	2.094042e-03	2.991951e-02	-2.396164e-02
1.175000e+01	3.720749e-03	9.642056e-03	3.334978e-03	2.961226e-02	-2.224851e-02
1.180000e+01	4.412951e-03	8.987954e-03	4.572785e-03	2.654332e-02	-1.964909e-02
1.185000e+01	4.896214e-03	8.176294e-03	5.665728e-03	2.307492e-02	-2.112806e-02
1.190000e+01	5.242171e-03	7.440481e-03	5.639284e-03	2.288377e-02	-1.991154e-02
1.195000e+01	5.442381e-03	6.967046e-03	5.291350e-03	2.374502e-02	-1.983106e-02
1.200000e+01	5.418178e-03	6.847329e-03	5.458533e-03	2.225339e-02	-1.977998e-02
1.205000e+01	5.082684e-03	7.131295e-03	5.494838e-03	2.346288e-02	-1.723331e-02
1.210000e+01	4.369051e-03	7.793662e-03	5.483409e-03	2.725824e-02	-1.645163e-02
1.215000e+01	3.322944e-03	8.725615e-03	3.879858e-03	2.980298e-02	-1.683007e-02
1.220000e+01	2.090215e-03	9.677725e-03	2.350026e-03	3.067789e-02	-1.935224e-02
1.225000e+01	8.726625e-04	1.032952e-02	9.140658e-04	2.935911e-02	-2.100909e-02
1.230000e+01	-1.446189e-04	1.042003e-02	-2.197138e-04	2.619742e-02	-2.285090e-02
1.235000e+01	-8.615156e-04	9.862088e-03	-1.194019e-03	2.454317e-02	-2.759248e-02
1.240000e+01	-1.295731e-03	8.804628e-03	-9.891211e-04	2.062758e-02	-2.902913e-02
1.245000e+01	-1.565054e-03	7.625203e-03	-1.303114e-03	1.646790e-02	-2.720269e-02
1.250000e+01	-1.826758e-03	6.802660e-03	-1.448441e-03	1.625704e-02	-2.276101e-02
1.255000e+01	-2.201124e-03	6.599407e-03	-1.776145e-03	1.350649e-02	-2.284277e-02
1.260000e+01	-2.713150e-03	6.826980e-03	-2.704298e-03	1.185348e-02	-2.430475e-02
1.265000e+01	-3.278274e-03	7.108675e-03	-3.168204e-03	1.324382e-02	-2.442777e-02
1.270000e+01	-3.738146e-03	7.210694e-03	-3.884279e-03	1.511867e-02	-2.346582e-02
1.275000e+01	-3.930089e-03	7.094944e-03	-4.206333e-03	1.678645e-02	-2.165887e-02
1.280000e+01	-3.758944e-03	6.869079e-03	-3.667437e-03	1.690861e-02	-1.778057e-02
1.285000e+01	-3.239090e-03	6.729503e-03	-3.755946e-03	1.536588e-02	-1.732423e-02
1.290000e+01	-2.488029e-03	6.840383e-03	-3.659904e-03	1.535299e-02	-1.639649e-02
1.295000e+01	-1.674781e-03	7.167318e-03	-3.147286e-03	2.205166e-02	-1.710169e-02
1.300000e+01	-9.467930e-04	7.469534e-03	-2.261832e-03	2.587554e-02	-1.789906e-02
1.305000e+01	-3.662826e-04	7.505607e-03	-1.621653e-03	2.612882e-02	-1.815059e-02
1.310000e+01	1.061340e-04	7.145975e-03	-4.690957e-04	2.511077e-02	-1.672555e-02
1.315000e+01	5.818770e-04	6.514366e-03	2.662174e-04	2.324653e-02	-1.380146e-02
1.320000e+01	1.180552e-03	5.915372e-03	8.989255e-04	2.051937e-02	-1.166734e-02
1.325000e+01	1.954995e-03	5.628217e-03	1.707545e-03	1.613252e-02	-1.515347e-02
1.330000e+01	2.842610e-03	5.648744e-03	2.526088e-03	1.651842e-02	-1.604220e-02
1.335000e+01	3.667491e-03	5.743695e-03	3.760486e-03	1.831910e-02	-1.413639e-02
1.340000e+01	4.196252e-03	5.758400e-03	4.564126e-03	1.877026e-02	-1.174417e-02
1.345000e+01	4.226952e-03	5.759221e-03	4.666385e-03	2.018557e-02	-1.133006e-02
1.350000e+01	3.675155e-03	5.922682e-03	4.251840e-03	1.943815e-02	-1.542494e-02
1.355000e+01	2.620853e-03	6.303155e-03	3.139994e-03	1.651537e-02	-1.819598e-02
1.360000e+01	1.294937e-03	6.742660e-03	1.787439e-03	1.482393e-02	-1.930008e-02
1.365000e+01	8.112189e-06	7.015713e-03	9.691587e-04	1.375350e-02	-2.336029e-02
1.370000e+01	-9.516454e-04	6.991517e-03	-1.855368e-04	1.441791e-02	-2.410971e-02
1.375000e+01	-1.414204e-03	6.685662e-03	-6.939753e-04	1.510782e-02	-2.155502e-02
1.380000e+01	-1.379077e-03	6.223351e-03	-1.111765e-03	1.501809e-02	-1.767471e-02
1.385000e+01	-1.005249e-03	5.754791e-03	-1.120992e-03	1.379592e-02	-1.784569e-02
1.390000e+01	-5.446445e-04	5.373145e-03	-7.413491e-04	1.414860e-02	-1.629790e-02
1.395000e+01	-2.462011e-04	5.097792e-03	-1.870982e-04	1.591185e-02	-1.335530e-02
1.400000e+01	-2.675603e-04	4.926221e-03	2.056396e-04	1.538630e-02	-1.389509e-02
1.405000e+01	-6.302775e-04	4.887708e-03	-4.558280e-04	1.273213e-02	-1.440946e-02
1.410000e+01	-1.214436e-03	4.980228e-03	-9.255094e-04	1.248332e-02	-1.481028e-02
1.415000e+01	-1.823861e-03	5.166579e-03	-1.800965e-03	1.308240e-02	-1.474175e-02
1.420000e+01	-2.261211e-03	5.379886e-03	-2.685581e-03	1.296041e-02	-1.641106e-02
1.425000e+01	-2.398042e-03	5.565320e-03	-3.071320e-03	1.345470e-02	-1.687106e-02
1.430000e+01	-2.210409e-03	5.690021e-03	-2.724938e-03	1.467027e-02	-1.531170e-02
1.435000e+01	-1.770299e-03	5.726402e-03	-2.564524e-03	1.435622e-02	-1.311383e-02
1.440000e+01	-1.202023e-03	5.647428e-03	-1.998696e-03	1.452315e-02	-1.293351e-02
1.445000e+01	-6.261146e-04	5.445480e-03	-1.341515e-03	1.437534e-02	-1.315547e-02
1.450000e+01	-1.160244e-04	5.149870e-03	-4.736012e-04	1.576004e-02	-1.403197e-02
1.455000e+01	3.154441e-04	4.819503e-03	2.186127e-04	1.514686e-02	-1.442406e-02
1.460000e+01	6.980349e-04	4.518406e-03	7.613997e-04	1.373540e-02	-1.372512e-02
1.465000e+01	1.067016e-03	4.300556e-03	1.179521e-03	1.436891e-02	-1.204209e-02
1.470000e+01	1.427791e-03	4.206328e-03	1.409675e-03	1.446162e-02	-9.807092e-03
1.475000e+01	1.740547e-03	4.243411e-03	1.412723e-03	1.284009e-02	-1.032461e-02
1.480000e+01	1.932725e-03	4.363270e-03	1.796652e-03	1.239540e-02	-9.839837e-03
1.485000e+01	1.933201e-03	4.487583e-03	2.055487e-03	1.447890e-02	-1.003455e-02
1.490000e+01	1.711388e-03	4.575540e-03	1.651490e-03	1.470340e-02	-1.030805e-02
1.495000e+01	1.301865e-03	4.654430e-03	1.146198e-03	1.422954e-02	-1.111068e-02
1.500000e+01	8.015461e-04	4.766593e-03	7.202163e-04	1.422698e-02	-1.334137e-02
1.505000e+01	3.364107e-04	4.897016e-03	4.847320e-04	1.272035e-02	-1.481903e-02
1.510000e+01	2.239776e-05	4.919807e-03	2.948796e-04	1.102652e-02	-1.505837e-02
1.515000e+01	-8.316838e-05	4.730339e-03	8.656196e-05	1.105709e-02	-1.358214e-02
1.520000e+01	-4.690589e-06	4.333593e-03	-2.124495e-04	1.035636e-02	-1.230339e-02
1.525000e+01	1.610607e-04	3.883473e-03	1.488021e-04	9.257652e-03	-1.004809e-02
1.530000e+01	2.832534e-04	3.617208e-03	4.296710e-04	9.886541e-03	-9.864549e-03
1.535000e+01	2.487141e-04	3.654479e-03	4.177819e-04	9.908334e-03	-1.163760e-02
1.540000e+01	6.136060e-06	3.868761e-03	3.509692e-04	9.989354e-03	-1.238199e-02
1.545000e+01	-4.146416e-04	4.051861e-03	-1.170834e-04	9.667109e-03	-1.182321e-02
1.550000e+01	-9.150227e-04	4.092173e-03	-8.407039e-04	9.965080e-03	-1.116686e-02
1.555000e+01	-1.365375e-03	3.997610e-03	-1.509871e-03	8.992533e-03	-1.103560e-02
1.560000e+01	-1.651879e-03	3.851263e-03	-1.904661e-03	9.065087e-03	-1.030284e-02
1.565000e+01	-1.713687e-03	3.753293e-03	-2.079142e-03	9.664538e-03	-1.046618e-02
1.570000e+01	-1.556867e-03	3.762013e-03	-1.777128e-03	1.004641e-02	-1.009225e-02
1.575000e+01	-1.242204e-03	3.863394e-03	-1.372326e-03	1.034377e-02	-1.106465e-02
1.580000e+01	-8.548797e-04	3.994895e-03	-7.861218e-04	1.119969e-02	-1.136195e-02
1.585000e+01	-4.706932e-04	4.092144e-03	-3.069153e-04	1.174821e-02	-1.092169e-02
1.590000e+01	-1.333100e-04	4.112853e-03	1.191802e-04	1.103478e-02	-1.032961e-02
1.595000e+01	1.495055e-04	4.035882e-03	2.555279e-04	1.050515e-02	-9.508868e-03
1.600000e+01	3.921147e-04	3.859265e-03	1.401706e-04	1.072590e-02	-9.314664e-03
1.605000e+01	6.123907e-04	3.617248e-03	4.856705e-04	1.089725e-02	-7.940388e-03
1.610000e+01	8.063996e-04	3.378350e-03	8.277613e-04	1.052458e-02	-6.589482e-03
1.615000e+01	9.485482e-04	3.243756e-03	9.650828e-04	9.381941e-03	-7.360249e-03
1.620000e+01	1.000318e-03	3.275739e-03	1.179414e-03	1.079063e-02	-7.819821e-03
1.625000e+01	9.324426e-04	3.441018e-03	1.012041e-03	1.180048e-02	-7.572121e-03
1.630000e+01	7.468724e-04	3.646168e-03	7.082667e-04	1.224312e-02	-7.716807e-03
1.635000e+01	4.866840e-04	3.809338e-03	5.005712e-04	1.126713e-02	-8.670845e-03
1.640000e+01	2.273881e-04	3.885069e-03	4.420599e-04	9.899953e-03	-9.738624e-03
1.645000e+01	5.165255e-05	3.853408e-03	4.142854e-04	1.142007e-02	-1.013948e-02
1.650000e+01	1.734535e-05	3.713698e-03	4.025771e-04	1.349033e-02	-1.123259e-02
1.655000e+01	1.324317e-04	3.496325e-03	3.824984e-04	1.388073e-02	-1.260843e-02
1.660000e+01	3.479337e-04	3.272855e-03	4.382622e-04	1.268603e-02	-1.273750e-02
1.665000e+01	5.728689e-04	3.131296e-03	5.778312e-04	1.303120e-02	-1.137365e-02
1.670000e+01	7.059781e-04	3.112471e-03	6.202110e-04	1.198086e-02	-9.373002e-03
1.675000e+01	6.720632e-04	3.176016e-03	6.627463e-04	9.452521e-03	-1.036042e-02
1.680000e+01	4.488566e-04	3.249437e-03	5.380090e-04	8.816231e-03	-1.046114e-02
1.685000e+01	7.427924e-05	3.292132e-03	1.575422e-04	8.975667e-03	-1.117234e-02
1.690000e+01	-3.680553e-04	3.305328e-03	-3.454559e-04	9.148136e-03	-1.277286e-02
1.695000e+01	-7.785986e-04	3.301975e-03	-8.332992e-04	1.173332e-02	-1.304396e-02
1.700000e+01	-1.074752e-03	3.282402e-03	-1.129219e-03	1.257313e-02	-1.164549e-02
1.705000e+01	-1.220397e-03	3.242695e-03	-1.334515e-03	1.168464e-02	-1.073394e-02
1.710000e+01	-1.212617e-03	3.186067e-03	-1.422152e-03	1.020901e-02	-1.097401e-02
1.715000e+01	-1.088712e-03	3.137242e-03	-1.280872e-03	9.603140e-03	-1.028167e-02
1.720000e+01	-8.999280e-04	3.116005e-03	-1.140901e-03	9.668204e-03	-9.044524e-03
1.725000e+01	-6.895897e-04	3.118343e-03	-8.679756e-04	8.071038e-03	-9.235946e-03
1.730000e+01	-4.798113e-04	3.122458e-03	-6.586641e-04	7.791779e-03	-8.497155e-03
1.735000e+01	-2.711520e-04	3.107913e-03	-2.588467e-04	7.834465e-03	-8.892589e-03
1.740000e+01	-5.334400e-05	3.065848e-03	-1.371794e-04	8.211661e-03	-8.293362e-03
1.745000e+01	1.796345e-04	2.999459e-03	1.741169e-04	8.479623e-03	-7.343052e-03
1.750000e+01	4.182875e-04	2.925955e-03	6.061919e-04	8.642067e-03	-6.765546e-03
1.755000e+01	6.358573e-04	2.877848e-03	6.805503e-04	8.245089e-03	-6.137932e-03
1.760000e+01	7.969175e-04	2.886765e-03	8.045389e-04	8.465916e-03	-6.739751e-03
1.765000e+01	8.720541e-04	2.951119e-03	1.024793e-03	8.122221e-03	-7.042701e-03
1.770000e+01	8.515070e-04	3.026025e-03	1.008952e-03	7.461258e-03	-7.438958e-03
1.775000e+01	7.511552e-04	3.057319e-03	9.098279e-04	7.245003e-03	-7.851308e-03
1.780000e+01	6.077779e-04	3.026454e-03	8.578147e-04	8.338870e-03	-8.866870e-03
1.785000e+01	4.654099e-04	2.965406e-03	7.138664e-04	8.313877e-03	-8.976650e-03
1.790000e+01	3.585975e-04	2.927073e-03	6.056902e-04	8.994920e-03	-8.143330e-03
1.795000e+01	2.997088e-04	2.930828e-03	4.103718e-04	9.421615e-03	-7.780483e-03
1.800000e+01	2.756174e-04	2.939457e-03	2.605128e-04	8.470965e-03	-8.496777e-03
1.805000e+01	2.569044e-04	2.900329e-03	3.663921e-04	7.787473e-03	-8.361409e-03
1.810000e+01	2.052919e-04	2.787668e-03	2.974905e-04	7.978524e-03	-7.879700e-03
1.815000e+01	9.681112e-05	2.640439e-03	8.998146e-05	7.307413e-03	-7.533011e-03
1.820000e+01	-7.001700e-05	2.539983e-03	-2.243742e-04	7.274619e-03	-7.197234e-03
1.825000e+01	-2.734251e-04	2.549559e-03	-3.168322e-04	8.116845e-03	-8.051309e-03
1.830000e+01	-4.770460e-04	2.658162e-03	-5.639882e-04	8.345727e-03	-9.381223e-03
1.835000e+01	-6.438018e-04	2.794545e-03	-8.822772e-04	7.580509e-03	-9.546234e-03
1.840000e+01	-7.488885e-04	2.883163e-03	-9.536914e-04	8.804225e-03	-8.540181e-03
1.845000e+01	-7.864721e-04	2.876379e-03	-8.469928e-04	1.002384e-02	-8.055425e-03
1.850000e+01	-7.677841e-04	2.761045e-03	-8.271349e-04	9.887251e-03	-8.337189e-03
1.855000e+01	-7.122455e-04	2.561318e-03	-8.599505e-04	8.444108e-03	-7.793929e-03
1.860000e+01	-6.362871e-04	2.341914e-03	-7.371923e-04	6.239359e-03	-6.630689e-03
1.865000e+01	-5.453430e-04	2.194181e-03	-5.715604e-04	6.495231e-03	-6.584339e-03
1.870000e+01	-4.327745e-04	2.182217e-03	-3.490904e-04	7.479482e-03	-7.631510e-03
1.875000e+01	-2.860793e-04	2.286909e-03	-2.314804e-04	7.971983e-03	-7.601827e-03
1.880000e+01	-9.722295e-05	2.432520e-03	-1.387550e-05	7.643230e-03	-6.730458e-03
1.885000e+01	1.280760e-04	2.555718e-03	-5.734745e-05	8.493913e-03	-6.854845e-03
1.890000e+01	3.668864e-04	2.629624e-03	8.043825e-05	8.713082e-03	-6.802065e-03
1.895000e+01	5.835907e-04	2.647664e-03	4.608183e-04	9.041155e-03	-6.539381e-03
1.900000e+01	7.409179e-04	2.606280e-03	7.655977e-04	9.152694e-03	-6.519614e-03
1.905000e+01	8.145533e-04	2.510702e-03	9.000138e-04	8.119357e-03	-6.102428e-03
1.910000e+01	7.977971e-04	2.383639e-03	1.056894e-03	7.496694e-03	-6.426878e-03
1.915000e+01	7.080935e-04	2.276826e-03	9.736609e-04	6.568259e-03	-6.930256e-03
1.920000e+01	5.790300e-04	2.237448e-03	8.404629e-04	7.431776e-03	-6.980225e-03
1.925000e+01	4.477968e-04	2.264817e-03	6.852101e-04	7.613287e-03	-6.546303e-03
1.930000e+01	3.417655e-04	2.311877e-03	4.685247e-04	6.831471e-03	-6.504095e-03
1.935000e+01	2.694865e-04	2.334966e-03	2.401407e-04	6.917045e-03	-6.896978e-03
1.940000e+01	2.194752e-04	2.332332e-03	3.186872e-04	7.217338e-03	-7.429973e-03
1.945000e+01	1.669161e-04	2.338080e-03	1.130321e-04	7.079729e-03	-7.219779e-03
1.950000e+01	8.526252e-05	2.379336e-03	-7.679730e-05	6.658490e-03	-6.712869e-03
1.955000e+01	-4.205032e-05	2.437370e-03	-2.242806e-04	7.513207e-03	-5.942296e-03
1.960000e+01	-2.142822e-04	2.457885e-03	-3.281883e-04	7.171225e-03	-6.807131e-03
1.965000e+01	-4.128925e-04	2.399339e-03	-3.792476e-04	6.623357e-03	-7.277692e-03
1.970000e+01	-6.074390e-04	2.274955e-03	-5.882527e-04	6.073854e-03	-6.641486e-03
1.975000e+01	-7.650162e-04	2.160190e-03	-8.095001e-04	5.437523e-03	-6.834804e-03
1.980000e+01	-8.593734e-04	2.141697e-03	-9.484263e-04	5.464628e-03	-7.306410e-03
1.985000e+01	-8.765395e-04	2.224571e-03	-7.894717e-04	5.711077e-03	-8.158373e-03
1.990000e+01	-8.156874e-04	2.317465e-03	-7.758106e-04	5.401553e-03	-7.957416e-03
1.995000e+01	-6.861274e-04	2.323232e-03	-5.887349e-04	6.064728e-03	-7.295927e-03
2.000000e+01	-5.027463e-04	2.216105e-03	-4.266997e-04	6.335302e-03	-7.499676e-03
