# k	<chi>	std	chi_median	chi_max	chi_min
0.000000e+00	-3.796347e-02	2.020815e-01	0.000000e+00	4.972527e-01	-9.746003e-01
5.000000e-02	-1.150231e-01	2.784984e-01	-1.120202e-01	4.841682e-01	-9.758919e-01
1.000000e-01	-1.195266e-01	2.728114e-01	-1.125816e-01	4.689586e-01	-9.770657e-01
1.500000e-01	-1.336360e-01	2.560704e-01	-1.164064e-01	4.210274e-01	-9.799244e-01
2.000000e-01	-1.485331e-01	2.399381e-01	-1.216626e-01	3.699109e-01	-9.817101e-01
2.500000e-01	-1.745912e-01	2.155949e-01	-1.295716e-01	2.788854e-01	-9.823862e-01
3.000000e-01	-2.019318e-01	1.957053e-01	-1.488357e-01	1.816895e-01	-9.800381e-01
3.500000e-01	-2.404150e-01	1.795480e-01	-1.722662e-01	4.120211e-02	-9.718031e-01
4.000000e-01	-2.789860e-01	1.795381e-01	-2.251047e-01	-2.957107e-04	-9.576728e-01
4.500000e-01	-3.247756e-01	2.007972e-01	-2.800064e-01	-7.570120e-03	-9.311921e-01
5.000000e-01	-3.665696e-01	2.363935e-01	-3.496845e-01	-1.762939e-02	-9.648219e-01
5.500000e-01	-4.071981e-01	2.837367e-01	-3.625130e-01	-2.154740e-02	-1.004871e+00
6.000000e-01	-4.371970e-01	3.280935e-01	-3.530088e-01	-1.875934e-02	-1.073177e+00
6.500000e-01	-4.552243e-01	3.673168e-01	-3.284308e-01	-1.068627e-02	-1.156484e+00
7.000000e-01	-4.560827e-01	3.918535e-01	-2.978960e-01	1.670581e-02	-1.212801e+00
7.500000e-01	-4.363541e-01	3.985197e-01	-2.743635e-01	4.834913e-02	-1.213826e+00
8.000000e-01	-3.976270e-01	3.852995e-01	-2.538193e-01	7.237569e-02	-1.158604e+00
8.500000e-01	-3.376498e-01	3.493234e-01	-2.220835e-01	8.736166e-02	-1.050585e+00
9.000000e-01	-2.656971e-01	2.971277e-01	-1.716386e-01	9.205660e-02	-9.052162e-01
9.500000e-01	-1.832139e-01	2.295020e-01	-1.122844e-01	1.303411e-01	-7.055502e-01
1.000000e+00	-1.043838e-01	1.617612e-01	-7.662957e-02	1.785310e-01	-4.817971e-01
1.050000e+00	-3.384275e-02	1.081189e-01	-5.007203e-02	2.079737e-01	-2.484566e-01
1.100000e+00	1.592275e-02	9.968500e-02	-1.469648e-02	2.158120e-01	-1.543780e-01
1.150000e+00	4.112714e-02	1.266988e-01	5.627701e-02	2.140529e-01	-1.884604e-01
1.200000e+00	3.837561e-02	1.527410e-01	5.030370e-02	2.636351e-01	-2.250730e-01
1.250000e+00	9.455149e-03	1.644996e-01	1.935911e-02	2.568864e-01	-2.737624e-01
1.300000e+00	-3.719587e-02	1.600051e-01	-5.641473e-03	2.065908e-01	-3.185815e-01
1.350000e+00	-9.346464e-02	1.426727e-01	-4.807623e-02	1.111017e-01	-3.580060e-01
1.400000e+00	-1.445119e-01	1.201844e-01	-9.928573e-02	2.938115e-02	-3.884598e-01
1.450000e+00	-1.812573e-01	9.715302e-02	-1.454128e-01	-2.775766e-02	-3.924095e-01
1.500000e+00	-1.933345e-01	7.765907e-02	-1.711496e-01	-5.634649e-02	-3.683272e-01
1.550000e+00	-1.782846e-01	6.073424e-02	-1.617284e-01	-5.414958e-02	-3.185005e-01
1.600000e+00	-1.380874e-01	4.974902e-02	-1.217693e-01	-1.951509e-02	-2.567906e-01
1.650000e+00	-7.943640e-02	5.284095e-02	-7.977672e-02	6.503593e-02	-1.880799e-01
1.700000e+00	-1.430144e-02	6.814923e-02	-3.909904e-02	1.395702e-01	-1.148504e-01
1.750000e+00	4.751943e-02	8.480233e-02	1.050753e-02	2.222383e-01	-4.457075e-02
1.800000e+00	9.465417e-02	9.208951e-02	5.648623e-02	2.740670e-01	-8.553622e-03
1.850000e+00	1.234993e-01	8.812622e-02	9.303830e-02	2.949010e-01	6.300789e-03
1.900000e+00	1.315841e-01	7.264260e-02	1.177361e-01	2.712290e-01	1.605417e-02
1.950000e+00	1.243669e-01	5.292179e-02	1.333220e-01	2.127021e-01	1.567105e-02
2.000000e+00	1.065505e-01	3.963057e-02	1.188960e-01	1.598804e-01	1.360632e-02
2.050000e+00	8.707256e-02	4.225409e-02	9.735768e-02	1.562590e-01	1.519066e-02
2.100000e+00	6.946864e-02	4.863152e-02	9.107122e-02	1.530798e-01	-1.361933e-02
2.150000e+00	5.655110e-02	4.841365e-02	6.753338e-02	1.434672e-01	-3.139059e-02
2.200000e+00	4.806587e-02	4.153568e-02	4.958866e-02	1.282753e-01	-2.562773e-02
2.250000e+00	4.171225e-02	3.554213e-02	3.594001e-02	1.125511e-01	-1.370783e-02
2.300000e+00	3.437902e-02	3.190688e-02	2.994570e-02	9.175646e-02	-1.128050e-02
2.350000e+00	2.527321e-02	2.851017e-02	2.955363e-02	6.819368e-02	-2.153999e-02
2.400000e+00	1.507190e-02	2.363746e-02	2.161589e-02	4.946159e-02	-2.352127e-02
2.450000e+00	7.357965e-03	1.802612e-02	8.856529e-03	3.641887e-02	-2.858702e-02
2.500000e+00	9.053250e-04	1.362751e-02	-7.210574e-04	2.540018e-02	-2.987501e-02
2.550000e+00	-3.678058e-03	1.216597e-02	-2.891294e-03	1.785484e-02	-3.007089e-02
2.600000e+00	-6.070434e-03	1.250145e-02	-3.392787e-03	1.459920e-02	-3.094599e-02
2.650000e+00	-7.236470e-03	1.331946e-02	-4.878771e-03	1.298912e-02	-3.093965e-02
2.700000e+00	-6.980923e-03	1.322723e-02	-5.447169e-03	1.214123e-02	-2.951148e-02
2.750000e+00	-5.663472e-03	1.206323e-02	-5.058480e-03	1.198227e-02	-2.534993e-02
2.800000e+00	-3.756041e-03	1.010854e-02	-2.595317e-03	1.162050e-02	-2.060355e-02
2.850000e+00	-2.753878e-03	7.997539e-03	-1.508978e-03	9.490701e-03	-1.798191e-02
2.900000e+00	-1.631148e-03	5.689773e-03	-1.332213e-03	8.565389e-03	-1.475348e-02
2.950000e+00	-5.602494e-04	3.685563e-03	-4.169464e-04	7.951129e-03	-1.070848e-02
3.000000e+00	3.560757e-04	3.041274e-03	-3.535817e-05	7.725473e-03	-5.998614e-03
3.050000e+00	5.907704e-04	4.319489e-03	1.341944e-03	8.582626e-03	-9.692773e-03
3.100000e+00	6.384798e-04	6.468627e-03	2.397672e-03	1.069850e-02	-1.467388e-02
3.150000e+00	4.687725e-04	8.235916e-03	2.863959e-03	1.399585e-02	-1.823868e-02
3.200000e+00	5.405253e-05	9.098095e-03	2.427291e-03	1.613490e-02	-1.975400e-02
3.250000e+00	-1.238465e-03	8.885466e-03	5.629800e-04	1.561810e-02	-1.940474e-02
3.300000e+00	-2.476987e-03	7.632743e-03	-1.759198e-03	1.431317e-02	-1.674193e-02
3.350000e+00	-3.378771e-03	5.933708e-03	-3.656727e-03	1.404538e-02	-1.377159e-02
3.400000e+00	-3.688654e-03	4.979120e-03	-3.876727e-03	1.339093e-02	-1.484654e-02
3.450000e+00	-3.460300e-03	5.585973e-03	-2.738521e-03	1.232252e-02	-1.696911e-02
3.500000e+00	-2.030922e-03	6.894459e-03	-1.961925e-03	1.212002e-02	-1.633355e-02
3.550000e+00	5.367207e-04	7.730988e-03	-2.620980e-04	1.671197e-02	-1.311548e-02
3.600000e+00	3.928533e-03	7.715769e-03	2.501334e-03	2.003286e-02	-8.418884e-03
3.650000e+00	7.860877e-03	6.989702e-03	7.055097e-03	2.166271e-02	-6.461921e-03
3.700000e+00	1.153894e-02	5.782299e-03	1.083745e-02	2.209049e-02	-3.356131e-03
3.750000e+00	1.415305e-02	4.431499e-03	1.456034e-02	2.211299e-02	1.239912e-03
3.800000e+00	1.499904e-02	3.229766e-03	1.557742e-02	2.203325e-02	6.286637e-03
3.850000e+00	1.385366e-02	2.666394e-03	1.403976e-02	1.933832e-02	4.542988e-03
3.900000e+00	1.029151e-02	3.466363e-03	1.066048e-02	1.830292e-02	-1.738270e-03
3.950000e+00	4.650749e-03	5.063258e-03	4.579197e-03	1.547540e-02	-1.072914e-02
4.000000e+00	-2.249724e-03	6.614333e-03	-2.312008e-03	1.279323e-02	-1.945040e-02
4.050000e+00	-9.494668e-03	7.744587e-03	-8.753219e-03	7.511591e-03	-2.702126e-02
4.100000e+00	-1.586365e-02	8.050283e-03	-1.463407e-02	9.851374e-05	-3.613973e-02
4.150000e+00	-2.027365e-02	7.538823e-03	-1.847755e-02	-7.054562e-03	-4.079930e-02
4.200000e+00	-2.201983e-02	6.586818e-03	-2.178178e-02	-9.839113e-03	-3.915139e-02
4.250000e+00	-2.116570e-02	6.188605e-03	-2.244828e-02	-8.644641e-03	-3.196746e-02
4.300000e+00	-1.783832e-02	7.078871e-03	-1.859198e-02	-5.099877e-03	-3.120717e-02
4.350000e+00	-1.286302e-02	9.079198e-03	-1.181294e-02	3.523651e-03	-2.992390e-02
4.400000e+00	-7.317485e-03	1.138972e-02	-9.093337e-03	1.470511e-02	-2.749373e-02
4.450000e+00	-2.358927e-03	1.333177e-02	-6.493273e-03	2.445046e-02	-2.438688e-02
4.500000e+00	1.382905e-03	1.455584e-02	-2.990540e-03	3.154679e-02	-2.033104e-02
4.550000e+00	3.562322e-03	1.492605e-02	-9.426258e-04	3.456161e-02	-1.604057e-02
4.600000e+00	4.314963e-03	1.457499e-02	2.493474e-04	3.476332e-02	-1.600750e-02
4.650000e+00	4.121346e-03	1.389331e-02	1.281082e-03	3.311065e-02	-1.887667e-02
4.700000e+00	3.699115e-03	1.324876e-02	2.545082e-03	3.055519e-02	-2.098811e-02
4.750000e+00	3.659143e-03	1.266400e-02	4.588825e-03	2.756202e-02	-2.059514e-02
4.800000e+00	4.362551e-03	1.169875e-02	6.923000e-03	2.458319e-02	-1.909180e-02
4.850000e+00	5.831736e-03	9.911516e-03	8.165295e-03	2.066402e-02	-1.534595e-02
4.900000e+00	7.859268e-03	7.409691e-03	9.031578e-03	2.231618e-02	-9.000452e-03
4.950000e+00	1.005350e-02	6.568719e-03	8.525121e-03	2.655641e-02	-3.545872e-03
5.000000e+00	1.203693e-02	1.017782e-02	1.132657e-02	4.313708e-02	-8.287110e-03
5.050000e+00	1.361264e-02	1.564751e-02	1.284100e-02	5.806721e-02	-1.764372e-02
5.100000e+00	1.472172e-02	2.062928e-02	1.378765e-02	6.816611e-02	-2.596311e-02
5.150000e+00	1.543831e-02	2.386428e-02	1.580022e-02	7.174342e-02	-3.134960e-02
5.200000e+00	1.583620e-02	2.477260e-02	1.707844e-02	6.836786e-02	-3.230989e-02
5.250000e+00	1.581747e-02	2.343699e-02	1.789061e-02	5.896675e-02	-2.839282e-02
5.300000e+00	1.511152e-02	2.058494e-02	1.791277e-02	5.411434e-02	-2.090982e-02
5.350000e+00	1.325791e-02	1.731965e-02	1.621599e-02	5.419614e-02	-2.251054e-02
5.400000e+00	9.766827e-03	1.464228e-02	8.758551e-03	5.157152e-02	-2.584738e-02
5.450000e+00	4.341314e-03	1.281683e-02	2.952188e-03	4.561639e-02	-2.883458e-02
5.500000e+00	-2.848502e-03	1.156636e-02	-2.322862e-03	3.603762e-02	-3.152735e-02
5.550000e+00	-1.116874e-02	1.058173e-02	-1.014824e-02	2.266526e-02	-3.610878e-02
5.600000e+00	-1.952334e-02	9.967830e-03	-1.911115e-02	5.907739e-03	-4.206311e-02
5.650000e+00	-2.648956e-02	9.866730e-03	-2.739986e-02	-1.141180e-03	-4.764974e-02
5.700000e+00	-3.084192e-02	1.025971e-02	-3.258582e-02	1.002544e-03	-4.875708e-02
5.750000e+00	-3.175124e-02	1.116360e-02	-3.376516e-02	5.656793e-03	-4.959761e-02
5.800000e+00	-2.905171e-02	1.279505e-02	-2.964001e-02	1.012634e-02	-6.181296e-02
5.850000e+00	-2.322244e-02	1.505310e-02	-2.154089e-02	1.366711e-02	-6.827195e-02
5.900000e+00	-1.554894e-02	1.743192e-02	-1.063398e-02	1.679994e-02	-6.824123e-02
5.950000e+00	-7.495000e-03	1.924755e-02	-1.243846e-03	2.252693e-02	-6.252432e-02
6.000000e+00	-4.338751e-04	2.010949e-02	3.607460e-03	3.232499e-02	-5.297945e-02
6.050000e+00	4.715681e-03	2.007083e-02	5.577276e-03	3.957766e-02	-4.201670e-02
6.100000e+00	7.516535e-03	1.981266e-02	4.702381e-03	4.383820e-02	-3.239940e-02
6.150000e+00	8.245772e-03	2.013682e-02	3.689199e-03	4.736570e-02	-2.495391e-02
6.200000e+00	7.613215e-03	2.138614e-02	1.123149e-04	5.091235e-02	-2.662071e-02
6.250000e+00	6.485179e-03	2.305493e-02	5.045448e-04	5.379139e-02	-3.406733e-02
6.300000e+00	5.608986e-03	2.413327e-02	1.261777e-03	5.420560e-02	-3.818672e-02
6.350000e+00	5.423798e-03	2.371322e-02	3.774124e-03	5.153649e-02	-3.983631e-02
6.400000e+00	6.003788e-03	2.144699e-02	5.662107e-03	4.512224e-02	-3.749827e-02
6.450000e+00	7.128537e-03	1.796244e-02	1.015268e-02	3.814528e-02	-3.105746e-02
6.500000e+00	8.432336e-03	1.538203e-02	1.123036e-02	3.954575e-02	-2.206652e-02
6.550000e+00	9.543783e-03	1.648647e-02	7.741465e-03	4.946516e-02	-2.930099e-02
6.600000e+00	1.021248e-02	2.082802e-02	8.994031e-03	5.583174e-02	-3.659167e-02
6.650000e+00	1.036874e-02	2.566334e-02	1.624696e-02	6.080216e-02	-4.041937e-02
6.700000e+00	1.005681e-02	2.935783e-02	1.868159e-02	6.321781e-02	-4.227634e-02
6.750000e+00	9.347645e-03	3.147540e-02	1.895748e-02	5.950445e-02	-5.035350e-02
6.800000e+00	8.264545e-03	3.225593e-02	1.355018e-02	6.282191e-02	-5.357202e-02
6.850000e+00	6.759606e-03	3.213904e-02	9.005562e-03	6.544054e-02	-5.248256e-02
6.900000e+00	4.751235e-03	3.136187e-02	5.124440e-03	6.453614e-02	-4.913712e-02
6.950000e+00	2.202209e-03	2.978817e-02	2.727223e-03	5.900601e-02	-5.374008e-02
7.000000e+00	-8.018521e-04	2.705196e-02	-8.298732e-04	4.922830e-02	-5.577151e-02
7.050000e+00	-4.019922e-03	2.284300e-02	-2.300768e-03	4.118145e-02	-5.579734e-02
7.100000e+00	-7.047116e-03	1.761450e-02	-6.205377e-03	3.068636e-02	-5.242187e-02
7.150000e+00	-9.460040e-03	1.309203e-02	-8.653131e-03	1.953363e-02	-4.339914e-02
7.200000e+00	-1.091133e-02	1.282672e-02	-1.190665e-02	2.133070e-02	-4.515582e-02
7.250000e+00	-1.123603e-02	1.701652e-02	-1.247255e-02	2.509525e-02	-5.620097e-02
7.300000e+00	-1.050556e-02	2.185653e-02	-1.164661e-02	3.708868e-02	-6.065660e-02
7.350000e+00	-9.009616e-03	2.513334e-02	-9.290962e-03	4.320241e-02	-5.840847e-02
7.400000e+00	-7.172980e-03	2.619703e-02	-7.467813e-03	4.272118e-02	-5.582334e-02
7.450000e+00	-5.436665e-03	2.532095e-02	-5.479613e-03	3.879261e-02	-5.834018e-02
7.500000e+00	-4.142593e-03	2.335593e-02	-3.726006e-03	3.634560e-02	-5.630792e-02
7.550000e+00	-3.467600e-03	2.136272e-02	-1.655893e-03	3.516219e-02	-5.324839e-02
7.600000e+00	-3.367329e-03	2.032166e-02	-3.434008e-03	3.146802e-02	-5.279547e-02
7.650000e+00	-3.623058e-03	2.053591e-02	-4.547515e-03	3.500364e-02	-5.087219e-02
7.700000e+00	-3.907966e-03	2.145105e-02	-7.174245e-03	4.765623e-02	-4.705475e-02
7.750000e+00	-3.865647e-03	2.201406e-02	-7.711525e-03	5.671094e-02	-4.423046e-02
7.800000e+00	-3.181259e-03	2.126991e-02	-9.040332e-03	6.102313e-02	-4.021433e-02
7.850000e+00	-1.636892e-03	1.884224e-02	-5.579399e-03	5.980501e-02	-3.400286e-02
7.900000e+00	8.478364e-04	1.537667e-02	-8.288266e-04	5.291369e-02	-3.487276e-02
7.950000e+00	4.185904e-03	1.312205e-02	5.347579e-03	4.118887e-02	-3.815253e-02
8.000000e+00	8.104108e-03	1.485581e-02	7.107850e-03	4.347825e-02	-3.953669e-02
8.050000e+00	1.209900e-02	1.962437e-02	1.015217e-02	5.775368e-02	-3.606827e-02
8.100000e+00	1.559695e-02	2.482243e-02	1.237787e-02	6.846802e-02	-2.874425e-02
8.150000e+00	1.793108e-02	2.898904e-02	1.418258e-02	7.859018e-02	-2.899835e-02
8.200000e+00	1.849676e-02	3.151857e-02	1.411848e-02	8.475223e-02	-3.777713e-02
8.250000e+00	1.690064e-02	3.225227e-02	1.285722e-02	8.351041e-02	-4.482380e-02
8.300000e+00	1.309438e-02	3.134139e-02	1.246780e-02	7.455684e-02	-5.007985e-02
8.350000e+00	7.447534e-03	2.917248e-02	7.758154e-03	6.617729e-02	-5.145384e-02
8.400000e+00	7.238438e-04	2.619864e-02	3.892314e-03	5.459589e-02	-4.776345e-02
8.450000e+00	-6.049182e-03	2.271756e-02	-1.681998e-03	3.951959e-02	-5.257930e-02
8.500000e+00	-1.179377e-02	1.891669e-02	-6.908142e-03	2.359499e-02	-5.816285e-02
8.550000e+00	-1.561278e-02	1.548225e-02	-1.403713e-02	1.937900e-02	-5.688674e-02
8.600000e+00	-1.701048e-02	1.453991e-02	-1.638969e-02	1.879527e-02	-5.463924e-02
8.650000e+00	-1.601643e-02	1.743972e-02	-1.428553e-02	2.346102e-02	-5.794692e-02
8.700000e+00	-1.314449e-02	2.207204e-02	-1.266357e-02	3.471809e-02	-5.909780e-02
8.750000e+00	-9.237123e-03	2.584323e-02	-9.313708e-03	4.037885e-02	-6.286988e-02
8.800000e+00	-5.231858e-03	2.742803e-02	-4.265904e-03	4.000338e-02	-6.672485e-02
8.850000e+00	-1.920874e-03	2.668641e-02	3.226363e-04	4.229366e-02	-6.948061e-02
8.900000e+00	2.266551e-04	2.435606e-02	3.593197e-03	4.148190e-02	-6.743495e-02
8.950000e+00	1.133830e-03	2.153644e-02	4.420826e-03	4.265407e-02	-6.106907e-02
9.000000e+00	1.068851e-03	1.906110e-02	4.632675e-03	4.336316e-02	-5.135279e-02
9.050000e+00	5.095798e-04	1.721368e-02	2.649506e-03	4.147239e-02	-3.955884e-02
9.100000e+00	-1.290492e-05	1.601399e-02	2.234284e-03	3.700487e-02	-3.382153e-02
9.150000e+00	-8.460962e-05	1.544346e-02	1.037778e-03	3.041939e-02	-4.248992e-02
9.200000e+00	5.069879e-04	1.515495e-02	6.865379e-04	2.710178e-02	-4.454837e-02
9.250000e+00	1.758377e-03	1.456462e-02	1.857006e-03	2.885448e-02	-3.923240e-02
9.300000e+00	3.495417e-03	1.373650e-02	4.373892e-03	3.240314e-02	-3.133541e-02
9.350000e+00	5.447163e-03	1.408598e-02	6.996687e-03	3.585220e-02	-3.046634e-02
9.400000e+00	7.315675e-03	1.696661e-02	6.410924e-03	4.672121e-02	-2.963042e-02
9.450000e+00	8.821779e-03	2.138812e-02	5.097324e-03	5.514191e-02	-2.636645e-02
9.500000e+00	9.724788e-03	2.532019e-02	4.084740e-03	6.207228e-02	-3.357860e-02
9.550000e+00	9.833089e-03	2.737371e-02	3.259759e-03	6.885474e-02	-3.572937e-02
9.600000e+00	8.994396e-03	2.701019e-02	3.394459e-03	7.023449e-02	-3.249429e-02
9.650000e+00	7.141777e-03	2.454905e-02	4.178556e-03	6.571982e-02	-3.414161e-02
9.700000e+00	4.323876e-03	2.084964e-02	1.149939e-03	5.468681e-02	-3.576931e-02
9.750000e+00	7.409212e-04	1.697430e-02	-1.360574e-03	4.752451e-02	-3.563605e-02
9.800000e+00	-3.244705e-03	1.389363e-02	-4.759932e-03	3.702008e-02	-3.357163e-02
9.850000e+00	-7.141065e-03	1.220112e-02	-7.960951e-03	2.684845e-02	-3.067739e-02
9.900000e+00	-1.040501e-02	1.181154e-02	-1.038303e-02	2.274884e-02	-3.424507e-02
9.950000e+00	-1.255026e-02	1.212747e-02	-1.383116e-02	1.742871e-02	-4.057002e-02
1.000000e+01	-1.325527e-02	1.271215e-02	-1.266110e-02	1.289130e-02	-4.384867e-02
1.005000e+01	-1.243926e-02	1.364314e-02	-1.081014e-02	1.509206e-02	-4.595235e-02
1.010000e+01	-1.025421e-02	1.512012e-02	-7.543449e-03	1.939796e-02	-4.635420e-02
1.015000e+01	-7.095288e-03	1.701438e-02	-2.434959e-03	2.278761e-02	-5.286036e-02
1.020000e+01	-3.483234e-03	1.878489e-02	1.231374e-03	2.599189e-02	-5.554263e-02
1.025000e+01	5.223356e-05	1.982962e-02	3.964624e-03	2.758700e-02	-5.429710e-02
1.030000e+01	3.075492e-03	1.977920e-02	6.730901e-03	3.263911e-02	-4.950212e-02
1.035000e+01	5.309043e-03	1.855461e-02	8.256119e-03	3.315490e-02	-4.178833e-02
1.040000e+01	6.649289e-03	1.628708e-02	1.010126e-02	3.114716e-02	-3.441575e-02
1.045000e+01	7.141873e-03	1.327019e-02	1.001051e-02	3.054725e-02	-2.778430e-02
1.050000e+01	6.935069e-03	1.010216e-02	8.461980e-03	3.017079e-02	-2.009318e-02
1.055000e+01	6.230913e-03	8.060429e-03	5.696863e-03	2.948840e-02	-1.261122e-02
1.060000e+01	5.246701e-03	8.539503e-03	5.160074e-03	2.720933e-02	-1.568508e-02
1.065000e+01	4.189049e-03	1.066270e-02	4.858925e-03	2.636557e-02	-2.209101e-02
1.070000e+01	3.234800e-03	1.272617e-02	3.914046e-03	3.190187e-02	-2.654753e-02
1.075000e+01	2.511495e-03	1.405591e-02	1.454607e-03	3.570507e-02	-2.610332e-02
1.080000e+01	2.075240e-03	1.478372e-02	-1.055503e-03	4.185970e-02	-2.062589e-02
1.085000e+01	1.891882e-03	1.536488e-02	-2.667005e-03	4.501945e-02	-2.405234e-02
1.090000e+01	1.833372e-03	1.604394e-02	-2.180067e-03	4.728125e-02	-3.083710e-02
1.095000e+01	1.700489e-03	1.659078e-02	-1.606023e-03	4.613818e-02	-3.398263e-02
1.100000e+01	1.274859e-03	1.654718e-02	-1.686184e-03	4.088063e-02	-3.404384e-02
1.105000e+01	3.814116e-04	1.563907e-02	-1.236434e-03	3.291998e-02	-3.105451e-02
1.110000e+01	-1.014658e-03	1.389280e-02	-2.240609e-03	2.759347e-02	-2.835991e-02
1.115000e+01	-2.798756e-03	1.168103e-02	-2.964354e-03	2.493484e-02	-2.747088e-02
1.120000e+01	-4.704266e-03	9.543732e-03	-5.572308e-03	2.083835e-02	-2.456176e-02
1.125000e+01	-6.372086e-03	7.993669e-03	-7.417030e-03	1.610369e-02	-2.070204e-02
1.130000e+01	-7.447715e-03	7.318160e-03	-8.179790e-03	1.415430e-02	-2.301335e-02
1.135000e+01	-7.685309e-03	7.510073e-03	-8.848921e-03	1.141548e-02	-2.623419e-02
1.140000e+01	-7.022814e-03	8.407125e-03	-7.677296e-03	1.222093e-02	-2.858166e-02
1.145000e+01	-5.600646e-03	9.778484e-03	-5.746806e-03	1.828014e-02	-2.984852e-02
1.150000e+01	-3.715935e-03	1.130171e-02	-3.306064e-03	2.526445e-02	-3.678497e-02
1.155000e+01	-1.727897e-03	1.261507e-02	7.084548e-04	3.003900e-02	-4.155571e-02
1.160000e+01	5.186298e-05	1.342685e-02	3.533902e-03	3.230455e-02	-4.238572e-02
1.165000e+01	1.444676e-03	1.358545e-02	5.661776e-03	3.208632e-02	-3.921712e-02
1.170000e+01	2.435890e-03	1.307664e-02	6.279122e-03	2.985423e-02	-3.442061e-02
1.175000e+01	3.142886e-03	1.197354e-02	5.750179e-03	2.570076e-02	-3.002724e-02
1.180000e+01	3.735608e-03	1.040315e-02	5.263884e-03	2.067751e-02	-2.584826e-02
1.185000e+01	4.343194e-03	8.593609e-03	5.577057e-03	2.087209e-02	-1.951678e-02
1.190000e+01	4.984819e-03	7.014850e-03	5.718876e-03	2.084668e-02	-1.256539e-02
1.195000e+01	5.552286e-03	6.410935e-03	5.768782e-03	1.972968e-02	-9.573845e-03
1.200000e+01	5.850562e-03	7.099549e-03	5.852362e-03	2.112891e-02	-1.231618e-02
1.205000e+01	5.678390e-03	8.456203e-03	5.570105e-03	2.576012e-02	-1.586718e-02
1.210000e+01	4.911055e-03	9.723645e-03	4.173309e-03	3.101098e-02	-2.097069e-02
1.215000e+01	3.580463e-03	1.055374e-02	2.799643e-03	3.307422e-02	-2.440711e-02
1.220000e+01	1.870525e-03	1.087334e-02	1.068749e-03	3.570973e-02	-2.593353e-02
1.225000e+01	6.606837e-05	1.072684e-02	-1.572075e-03	3.562574e-02	-2.580275e-02
1.230000e+01	-1.534621e-03	1.019530e-02	-2.938641e-03	3.215881e-02	-2.396254e-02
1.235000e+01	-2.709931e-03	9.399846e-03	-3.622772e-03	2.590167e-02	-2.265470e-02
1.240000e+01	-3.374191e-03	8.535076e-03	-4.423487e-03	1.868040e-02	-2.208875e-02
1.245000e+01	-3.585752e-03	7.841255e-03	-4.438699e-03	1.487480e-02	-2.266129e-02
1.250000e+01	-3.504285e-03	7.472257e-03	-3.937114e-03	1.385428e-02	-2.169850e-02
1.255000e+01	-3.317129e-03	7.372590e-03	-3.098580e-03	1.636599e-02	-2.111040e-02
1.260000e+01	-3.165255e-03	7.333874e-03	-2.553358e-03	1.905515e-02	-2.181254e-02
1.265000e+01	-3.097356e-03	7.159755e-03	-2.494823e-03	1.999884e-02	-2.184823e-02
1.270000e+01	-3.067388e-03	6.784904e-03	-2.289983e-03	1.871092e-02	-2.233696e-02
1.275000e+01	-2.972315e-03	6.363439e-03	-2.222900e-03	1.544546e-02	-2.364941e-02
1.280000e+01	-2.710657e-03	6.302372e-03	-2.217107e-03	1.079056e-02	-2.340085e-02
1.285000e+01	-2.235216e-03	6.953285e-03	-8.889760e-04	1.226074e-02	-2.463181e-02
1.290000e+01	-1.577484e-03	8.108078e-03	1.755054e-06	1.318925e-02	-2.708135e-02
1.295000e+01	-8.345998e-04	9.160169e-03	1.699035e-04	1.764661e-02	-2.739980e-02
1.300000e+01	-1.263092e-04	9.585610e-03	4.062306e-04	2.065676e-02	-2.487019e-02
1.305000e+01	4.677045e-04	9.187514e-03	1.155238e-03	2.046962e-02	-2.285759e-02
1.310000e+01	9.110592e-04	8.097354e-03	1.536478e-03	1.735657e-02	-1.847507e-02
1.315000e+01	1.259096e-03	6.789534e-03	1.710332e-03	1.462171e-02	-1.534284e-02
1.320000e+01	1.617375e-03	5.864754e-03	2.149644e-03	1.570922e-02	-1.642353e-02
1.325000e+01	2.087766e-03	5.597370e-03	2.275122e-03	1.784147e-02	-1.654395e-02
1.330000e+01	2.712966e-03	5.704035e-03	2.303974e-03	1.943811e-02	-1.551641e-02
1.335000e+01	3.443002e-03	5.834381e-03	3.913763e-03	1.942400e-02	-1.324492e-02
1.340000e+01	4.138284e-03	5.907722e-03	4.353045e-03	1.791837e-02	-1.158672e-02
1.345000e+01	4.608968e-03	5.964183e-03	4.861987e-03	1.829319e-02	-1.318900e-02
1.350000e+01	4.676050e-03	5.983262e-03	5.275314e-03	1.939105e-02	-1.310431e-02
1.355000e+01	4.231511e-03	5.917799e-03	4.814916e-03	1.951906e-02	-1.361590e-02
1.360000e+01	3.275932e-03	5.819158e-03	3.278243e-03	1.953481e-02	-1.208823e-02
1.365000e+01	1.921337e-03	5.825988e-03	1.326812e-03	1.910302e-02	-1.144754e-02
1.370000e+01	3.603443e-04	5.992368e-03	-3.078899e-04	1.743339e-02	-1.441617e-02
1.375000e+01	-1.185583e-03	6.189628e-03	-2.120350e-03	1.460046e-02	-1.775147e-02
1.380000e+01	-2.520207e-03	6.230319e-03	-3.211998e-03	1.170159e-02	-1.966131e-02
1.385000e+01	-3.512032e-03	6.033037e-03	-3.543407e-03	9.071291e-03	-1.984078e-02
1.390000e+01	-4.109894e-03	5.671320e-03	-3.944589e-03	7.644527e-03	-1.829043e-02
1.395000e+01	-4.334698e-03	5.311528e-03	-4.526988e-03	7.810806e-03	-1.553902e-02
1.400000e+01	-4.254996e-03	5.083880e-03	-4.468686e-03	8.871306e-03	-1.530843e-02
1.405000e+01	-3.974870e-03	4.988361e-03	-4.251994e-03	1.018442e-02	-1.500504e-02
1.410000e+01	-3.556331e-03	4.895610e-03	-3.626203e-03	1.028567e-02	-1.526399e-02
1.415000e+01	-3.047418e-03	4.725447e-03	-2.722749e-03	9.283345e-03	-1.472874e-02
1.420000e+01	-2.470641e-03	4.551791e-03	-2.045301e-03	7.547331e-03	-1.370123e-02
1.425000e+01	-1.830517e-03	4.607600e-03	-1.943782e-03	1.123593e-02	-1.249665e-02
1.430000e+01	-1.123591e-03	5.059983e-03	-1.531954e-03	1.422764e-02	-1.294938e-02
1.435000e+01	-3.473376e-04	5.759181e-03	-8.476359e-04	1.619900e-02	-1.341005e-02
1.440000e+01	4.927393e-04	6.361591e-03	-1.189746e-04	1.707812e-02	-1.308466e-02
1.445000e+01	1.376755e-03	6.588670e-03	1.027753e-03	1.740373e-02	-1.410981e-02
1.450000e+01	2.264183e-03	6.346524e-03	1.955037e-03	1.677782e-02	-1.325131e-02
1.455000e+01	3.089235e-03	5.741956e-03	3.069373e-03	1.571218e-02	-1.060395e-02
1.460000e+01	3.761665e-03	5.037907e-03	3.690922e-03	1.628543e-02	-7.428791e-03
1.465000e+01	4.177114e-03	4.537157e-03	3.968622e-03	1.518324e-02	-5.948608e-03
1.470000e+01	4.238531e-03	4.388292e-03	3.866762e-03	1.662805e-02	-5.394447e-03
1.475000e+01	3.885289e-03	4.486963e-03	3.811353e-03	1.616442e-02	-6.162531e-03
1.480000e+01	3.121456e-03	4.630213e-03	3.425209e-03	1.492389e-02	-7.819201e-03
1.485000e+01	2.031981e-03	4.676724e-03	2.422838e-03	1.322850e-02	-9.106514e-03
1.490000e+01	7.772861e-04	4.566427e-03	9.543811e-04	1.310151e-02	-1.173138e-02
1.495000e+01	-4.369156e-04	4.306806e-03	-4.928948e-04	1.108429e-02	-1.312533e-02
1.500000e+01	-1.408760e-03	3.986781e-03	-1.575241e-03	9.724361e-03	-1.279691e-02
1.505000e+01	-2.001600e-03	3.788491e-03	-2.010934e-03	8.080267e-03	-1.507032e-02
1.510000e+01	-2.160592e-03	3.860442e-03	-2.004761e-03	7.590377e-03	-1.650361e-02
1.515000e+01	-1.950867e-03	4.177745e-03	-2.069111e-03	8.297444e-03	-1.646333e-02
1.520000e+01	-1.530351e-03	4.535736e-03	-1.763927e-03	9.664737e-03	-1.651831e-02
1.525000e+01	-1.098264e-03	4.727200e-03	-1.175927e-03	1.005650e-02	-1.507538e-02
1.530000e+01	-8.294807e-04	4.653229e-03	-1.043900e-03	1.026611e-02	-1.255277e-02
1.535000e+01	-8.172243e-04	4.344802e-03	-1.032425e-03	1.120949e-02	-1.107513e-02
1.540000e+01	-1.044425e-03	3.939106e-03	-1.344797e-03	1.025638e-02	-9.669673e-03
1.545000e+01	-1.394120e-03	3.608227e-03	-1.677324e-03	1.041271e-02	-9.865733e-03
1.550000e+01	-1.695097e-03	3.441998e-03	-1.728028e-03	9.948414e-03	-9.769479e-03
1.555000e+01	-1.785973e-03	3.390991e-03	-1.867727e-03	8.638422e-03	-1.095455e-02
1.560000e+01	-1.574144e-03	3.366339e-03	-1.559973e-03	6.967728e-03	-1.195366e-02
1.565000e+01	-1.068223e-03	3.360463e-03	-1.364482e-03	6.042191e-03	-1.128857e-02
1.570000e+01	-3.728677e-04	3.438736e-03	-3.594969e-04	8.443990e-03	-8.955005e-03
1.575000e+01	3.508065e-04	3.627545e-03	3.123901e-04	1.114666e-02	-8.870457e-03
1.580000e+01	9.432033e-04	3.847714e-03	5.574609e-04	1.289584e-02	-8.262130e-03
1.585000e+01	1.300345e-03	3.977883e-03	1.119876e-03	1.337250e-02	-8.437552e-03
1.590000e+01	1.404217e-03	3.953293e-03	1.545386e-03	1.279377e-02	-1.008690e-02
1.595000e+01	1.319417e-03	3.816907e-03	1.344795e-03	1.140696e-02	-1.039215e-02
1.600000e+01	1.159422e-03	3.711725e-03	1.355864e-03	9.692103e-03	-9.255801e-03
1.605000e+01	1.045292e-03	3.797118e-03	1.028078e-03	1.004587e-02	-7.273632e-03
1.610000e+01	1.034427e-03	4.086653e-03	1.055846e-03	1.111536e-02	-9.334769e-03
1.615000e+01	1.122195e-03	4.427355e-03	1.056328e-03	1.168776e-02	-1.011590e-02
1.620000e+01	1.237926e-03	4.622600e-03	1.116656e-03	1.132232e-02	-1.120661e-02
1.625000e+01	1.276591e-03	4.548821e-03	1.363826e-03	1.012565e-02	-1.114979e-02
1.630000e+01	1.143901e-03	4.208270e-03	1.511412e-03	1.071801e-02	-9.921482e-03
1.635000e+01	7.968825e-04	3.741000e-03	8.775089e-04	1.082330e-02	-9.331237e-03
1.640000e+01	2.645058e-04	3.382188e-03	3.167758e-04	1.078841e-02	-7.878999e-03
1.645000e+01	-3.587621e-04	3.309624e-03	-3.119015e-04	9.751222e-03	-8.958461e-03
1.650000e+01	-9.431287e-04	3.480227e-03	-9.167196e-04	7.381561e-03	-1.213714e-02
1.655000e+01	-1.365399e-03	3.728451e-03	-1.444457e-03	9.477369e-03	-1.401336e-02
1.660000e+01	-1.547124e-03	3.958993e-03	-1.890648e-03	1.122937e-02	-1.415159e-02
1.665000e+01	-1.475882e-03	4.166225e-03	-1.759784e-03	1.215685e-02	-1.247423e-02
1.670000e+01	-1.203674e-03	4.354470e-03	-1.269164e-03	1.161238e-02	-1.275841e-02
1.675000e+01	-8.250397e-04	4.489599e-03	-6.320586e-04	1.049093e-02	-1.279689e-02
1.680000e+01	-4.443843e-04	4.520775e-03	1.589309e-04	1.137565e-02	-1.408167e-02
1.685000e+01	-1.446845e-04	4.422423e-03	5.532990e-05	1.099148e-02	-1.371006e-02
1.690000e+01	3.225525e-05	4.204974e-03	1.003612e-05	1.027878e-02	-1.183332e-02
1.695000e+01	8.926818e-05	3.897731e-03	2.826150e-06	9.863635e-03	-1.007575e-02
1.700000e+01	6.266455e-05	3.541349e-03	1.586773e-04	8.878981e-03	-7.815112e-03
1.705000e+01	8.848377e-07	3.210712e-03	1.425523e-04	8.809973e-03	-8.669025e-03
1.710000e+01	-4.672610e-05	3.034370e-03	-3.868169e-05	8.698716e-03	-8.992451e-03
1.715000e+01	-5.188460e-05	3.099297e-03	-2.475167e-04	7.618804e-03	-8.051876e-03
1.720000e+01	-9.171070e-06	3.334544e-03	-4.125634e-04	9.067107e-03	-7.116108e-03
1.725000e+01	6.856377e-05	3.563452e-03	-3.419545e-04	1.035203e-02	-8.532605e-03
1.730000e+01	1.595280e-04	3.651895e-03	-1.676778e-04	1.281143e-02	-9.120977e-03
1.735000e+01	2.424029e-04	3.575462e-03	-2.422174e-04	1.370676e-02	-8.976153e-03
1.740000e+01	3.025262e-04	3.404363e-03	-1.530058e-04	1.263187e-02	-8.010406e-03
1.745000e+01	3.338593e-04	3.239604e-03	-2.882733e-05	1.278815e-02	-7.141418e-03
1.750000e+01	3.378102e-04	3.136872e-03	2.690300e-04	1.264374e-02	-8.001416e-03
1.755000e+01	3.208671e-04	3.083280e-03	4.288997e-05	1.098990e-02	-8.130269e-03
1.760000e+01	2.925696e-04	3.044555e-03	5.862205e-06	1.024958e-02	-8.008286e-03
1.765000e+01	2.641488e-04	3.008876e-03	9.137322e-06	9.501250e-03	-7.486864e-03
1.770000e+01	2.471097e-04	2.980111e-03	2.315483e-04	7.222012e-03	-7.928395e-03
1.775000e+01	2.507923e-04	2.956197e-03	1.923428e-04	8.020904e-03	-7.346654e-03
1.780000e+01	2.787049e-04	2.937342e-03	1.709629e-04	8.150124e-03	-6.928083e-03
1.785000e+01	3.246882e-04	2.948390e-03	7.650848e-05	7.914970e-03	-6.865996e-03
1.790000e+01	3.709541e-04	3.023890e-03	1.384902e-04	8.057488e-03	-6.921239e-03
1.795000e+01	3.900135e-04	3.154762e-03	4.306270e-06	9.138828e-03	-7.733427e-03
1.800000e+01	3.512634e-04	3.270725e-03	1.200830e-05	1.030426e-02	-8.272130e-03
1.805000e+01	2.270359e-04	3.294995e-03	-5.598380e-06	1.027373e-02	-8.299483e-03
1.810000e+01	1.511218e-05	3.208551e-03	-7.636191e-05	9.683703e-03	-9.216759e-03
1.815000e+01	-2.663143e-04	3.083792e-03	-1.782029e-04	8.950885e-03	-9.499477e-03
1.820000e+01	-5.761807e-04	3.031448e-03	-3.730064e-04	8.537424e-03	-9.919127e-03
1.825000e+01	-8.583509e-04	3.102037e-03	-9.627995e-04	7.212227e-03	-1.012937e-02
1.830000e+01	-1.055096e-03	3.245127e-03	-1.102654e-03	7.750678e-03	-1.119873e-02
1.835000e+01	-1.122243e-03	3.379885e-03	-1.012202e-03	8.783618e-03	-1.121291e-02
1.840000e+01	-1.041120e-03	3.465132e-03	-6.219971e-04	8.617020e-03	-1.011503e-02
1.845000e+01	-8.234449e-04	3.496912e-03	-6.813733e-04	7.960209e-03	-1.120904e-02
1.850000e+01	-5.077126e-04	3.472551e-03	-5.094666e-04	8.786095e-03	-1.152374e-02
1.855000e+01	-1.485944e-04	3.380626e-03	-1.475650e-04	8.631243e-03	-1.032437e-02
1.860000e+01	1.968973e-04	3.230684e-03	3.015283e-04	9.118726e-03	-7.723654e-03
1.865000e+01	4.819836e-04	3.081101e-03	6.851685e-04	8.422259e-03	-7.217619e-03
1.870000e+01	6.779197e-04	3.011152e-03	8.068609e-04	7.869138e-03	-8.641457e-03
1.875000e+01	7.756587e-04	3.038582e-03	9.302405e-04	9.217716e-03	-8.968261e-03
1.880000e+01	7.823755e-04	3.084329e-03	7.375302e-04	1.019128e-02	-8.267840e-03
1.885000e+01	7.154115e-04	3.043437e-03	4.072945e-04	1.023725e-02	-6.904648e-03
1.890000e+01	5.964400e-04	2.872440e-03	2.864950e-04	9.428766e-03	-5.844062e-03
1.895000e+01	4.476440e-04	2.624087e-03	1.986375e-04	8.138896e-03	-5.369211e-03
1.900000e+01	2.901074e-04	2.427928e-03	2.229249e-04	6.831384e-03	-5.089389e-03
1.905000e+01	1.448015e-04	2.409062e-03	9.273287e-05	8.506227e-03	-5.446462e-03
1.910000e+01	2.824429e-05	2.563671e-03	-1.599445e-04	9.154023e-03	-6.062559e-03
1.915000e+01	-4.854080e-05	2.769226e-03	-4.245676e-04	8.641042e-03	-7.051725e-03
1.920000e+01	-8.254415e-05	2.898148e-03	-5.408013e-04	7.073388e-03	-8.301215e-03
1.925000e+01	-8.057351e-05	2.881506e-03	-3.148684e-04	6.827358e-03	-8.421033e-03
1.930000e+01	-5.869593e-05	2.722223e-03	-1.231281e-04	6.274359e-03	-7.367786e-03
1.935000e+01	-3.843524e-05	2.496063e-03	-1.211948e-04	6.571148e-03	-6.311065e-03
1.940000e+01	-4.030645e-05	2.328736e-03	-7.855504e-05	7.533563e-03	-5.623228e-03
1.945000e+01	-7.676230e-05	2.310524e-03	-1.148059e-04	7.460805e-03	-6.307510e-03
1.950000e+01	-1.473539e-04	2.402206e-03	-2.011755e-04	6.769961e-03	-6.205605e-03
1.955000e+01	-2.383760e-04	2.481818e-03	-8.559336e-05	7.543231e-03	-6.865414e-03
1.960000e+01	-3.275769e-04	2.467405e-03	-7.779008e-06	6.908754e-03	-7.195106e-03
1.965000e+01	-3.923448e-04	2.372706e-03	-1.568324e-04	5.021464e-03	-7.520425e-03
1.970000e+01	-4.181151e-04	2.287848e-03	-3.754444e-04	4.570407e-03	-7.080965e-03
1.975000e+01	-4.034103e-04	2.298120e-03	-3.320585e-04	4.850941e-03	-6.675906e-03
1.980000e+01	-3.591985e-04	2.394057e-03	-2.429129e-04	5.938803e-03	-7.024029e-03
1.985000e+01	-3.026743e-04	2.486556e-03	-1.316127e-04	6.585901e-03	-6.713811e-03
1.990000e+01	-2.481216e-04	2.499007e-03	2.123050e-05	6.383125e-03	-7.238768e-03
1.995000e+01	-1.990307e-04	2.422126e-03	-1.690871e-04	5.959048e-03	-7.110570e-03
2.000000e+01	-1.453737e-04	2.312058e-03	-1.744474e-04	6.961042e-03	-6.010003e-03
