# k	<chi>	std	chi_median	chi_max	chi_min
0.000000e+00	-4.217963e-02	1.572498e-01	0.000000e+00	4.308274e-01	-5.916735e-01
5.000000e-02	-9.479068e-02	2.202723e-01	-4.732761e-02	4.079027e-01	-6.183275e-01
1.000000e-01	-1.046305e-01	2.204967e-01	-5.004935e-02	3.848582e-01	-6.332539e-01
1.500000e-01	-1.341068e-01	2.230177e-01	-5.981847e-02	3.155551e-01	-6.760268e-01
2.000000e-01	-1.640130e-01	2.280644e-01	-7.612534e-02	2.453669e-01	-7.170458e-01
2.500000e-01	-2.130962e-01	2.406737e-01	-1.200811e-01	1.393994e-01	-7.850594e-01
3.000000e-01	-2.625583e-01	2.568574e-01	-1.841299e-01	6.080037e-02	-8.501324e-01
3.500000e-01	-3.286788e-01	2.827431e-01	-2.712935e-01	7.947464e-02	-9.294642e-01
4.000000e-01	-3.929980e-01	3.092762e-01	-3.326348e-01	9.387743e-02	-1.001738e+00
4.500000e-01	-4.677868e-01	3.419252e-01	-4.126447e-01	9.736244e-02	-1.081332e+00
5.000000e-01	-5.353840e-01	3.695785e-01	-4.673054e-01	8.593322e-02	-1.152065e+00
5.500000e-01	-6.024748e-01	3.954352e-01	-5.786311e-01	5.519451e-02	-1.219766e+00
6.000000e-01	-6.540393e-01	4.100791e-01	-6.721674e-01	5.188116e-03	-1.251180e+00
6.500000e-01	-6.905875e-01	4.134134e-01	-7.518811e-01	-4.980605e-02	-1.252319e+00
7.000000e-01	-7.030481e-01	4.014361e-01	-7.326125e-01	-9.491137e-02	-1.266552e+00
7.500000e-01	-6.876310e-01	3.721946e-01	-6.740519e-01	-1.268341e-01	-1.250485e+00
8.000000e-01	-6.447672e-01	3.294702e-01	-5.851388e-01	-1.640688e-01	-1.175307e+00
8.500000e-01	-5.704605e-01	2.726478e-01	-4.976997e-01	-1.896971e-01	-1.049474e+00
9.000000e-01	-4.762710e-01	2.135197e-01	-4.281600e-01	-1.615639e-01	-9.136599e-01
9.500000e-01	-3.622231e-01	1.575997e-01	-3.483430e-01	-1.016155e-01	-7.442719e-01
1.000000e+00	-2.477613e-01	1.238198e-01	-2.727533e-01	-4.003425e-02	-5.544722e-01
1.050000e+00	-1.375642e-01	1.177269e-01	-1.171044e-01	6.985406e-02	-4.041988e-01
1.100000e+00	-5.023623e-02	1.259847e-01	-1.829837e-02	1.624558e-01	-3.527238e-01
1.150000e+00	9.266424e-03	1.296533e-01	5.533416e-02	2.108287e-01	-2.818368e-01
1.200000e+00	3.390373e-02	1.193825e-01	6.507196e-02	2.146474e-01	-2.340959e-01
1.250000e+00	2.506804e-02	9.587929e-02	2.725883e-02	2.067517e-01	-1.982857e-01
1.300000e+00	-7.975830e-03	6.824311e-02	-1.724588e-02	1.540264e-01	-1.684861e-01
1.350000e+00	-5.551076e-02	5.543284e-02	-5.112487e-02	6.977817e-02	-1.918879e-01
1.400000e+00	-9.882823e-02	6.887827e-02	-1.006755e-01	4.998457e-02	-2.509593e-01
1.450000e+00	-1.265958e-01	8.645843e-02	-1.464657e-01	4.016321e-02	-2.699652e-01
1.500000e+00	-1.261635e-01	9.163458e-02	-1.578647e-01	3.731917e-02	-2.777563e-01
1.550000e+00	-9.480849e-02	7.997362e-02	-1.151575e-01	4.327967e-02	-2.343074e-01
1.600000e+00	-3.732724e-02	5.470649e-02	-4.372050e-02	7.281366e-02	-1.424579e-01
1.650000e+00	3.724080e-02	3.074362e-02	4.005997e-02	1.028046e-01	-3.676376e-02
1.700000e+00	1.107385e-01	4.556246e-02	1.052966e-01	2.013406e-01	1.959278e-03
1.750000e+00	1.715873e-01	7.550638e-02	1.621450e-01	2.930217e-01	4.381164e-02
1.800000e+00	2.046640e-01	9.478980e-02	1.899691e-01	3.434821e-01	7.171995e-02
1.850000e+00	2.087490e-01	9.911647e-02	2.008515e-01	3.516689e-01	6.982790e-02
1.900000e+00	1.838055e-01	8.742023e-02	1.790246e-01	3.192034e-01	5.290920e-02
1.950000e+00	1.409538e-01	6.503213e-02	1.384165e-01	2.465104e-01	3.435672e-02
2.000000e+00	9.096652e-02	3.889089e-02	9.357449e-02	1.676923e-01	1.738574e-02
2.050000e+00	4.563132e-02	1.996740e-02	4.627088e-02	9.875831e-02	5.841828e-03
2.100000e+00	1.442125e-02	2.195817e-02	9.402824e-03	6.628678e-02	-3.898316e-02
2.150000e+00	4.419624e-04	2.665639e-02	1.137061e-03	4.802762e-02	-5.766715e-02
2.200000e+00	1.844545e-04	2.502977e-02	2.746658e-03	5.095521e-02	-5.127577e-02
2.250000e+00	4.788248e-03	2.181242e-02	2.902369e-03	5.771097e-02	-3.617862e-02
2.300000e+00	8.422474e-03	1.961914e-02	4.233952e-03	5.752270e-02	-2.444877e-02
2.350000e+00	7.533436e-03	1.846956e-02	9.302884e-04	5.155214e-02	-2.570218e-02
2.400000e+00	1.846313e-03	1.741973e-02	-5.995572e-03	4.081714e-02	-2.643026e-02
2.450000e+00	-2.537492e-03	1.656317e-02	-9.451125e-03	3.673388e-02	-2.699146e-02
2.500000e+00	-7.128079e-03	1.523606e-02	-1.229852e-02	2.953954e-02	-2.990408e-02
2.550000e+00	-1.086139e-02	1.346489e-02	-1.318922e-02	2.088897e-02	-3.534422e-02
2.600000e+00	-1.287743e-02	1.137434e-02	-1.259442e-02	1.058740e-02	-3.535783e-02
2.650000e+00	-1.477719e-02	1.025833e-02	-1.633881e-02	7.271378e-03	-3.370989e-02
2.700000e+00	-1.539201e-02	1.008185e-02	-1.943606e-02	1.028635e-02	-2.984853e-02
2.750000e+00	-1.472423e-02	1.051185e-02	-1.858364e-02	1.245543e-02	-3.134600e-02
2.800000e+00	-1.303689e-02	1.090263e-02	-1.528390e-02	1.371893e-02	-3.536301e-02
2.850000e+00	-1.182434e-02	1.102510e-02	-1.221881e-02	1.346242e-02	-3.720617e-02
2.900000e+00	-9.835985e-03	1.020776e-02	-8.628401e-03	1.151068e-02	-3.491167e-02
2.950000e+00	-7.393478e-03	8.714112e-03	-5.334934e-03	8.213738e-03	-2.953525e-02
3.000000e+00	-4.785992e-03	7.166150e-03	-2.274401e-03	6.579950e-03	-2.317441e-02
3.050000e+00	-2.037977e-03	6.707763e-03	-1.253462e-03	1.086101e-02	-1.678448e-02
3.100000e+00	5.120738e-04	7.449208e-03	6.540419e-04	1.626260e-02	-1.503333e-02
3.150000e+00	2.727151e-03	8.351697e-03	3.524420e-03	1.915139e-02	-1.656798e-02
3.200000e+00	4.589314e-03	8.572434e-03	6.070294e-03	1.948244e-02	-1.546448e-02
3.250000e+00	6.014291e-03	7.789420e-03	7.340819e-03	1.867335e-02	-1.277181e-02
3.300000e+00	7.281436e-03	6.185373e-03	8.418343e-03	1.904140e-02	-9.148760e-03
3.350000e+00	8.539970e-03	4.609972e-03	8.577998e-03	2.026463e-02	-5.041507e-03
3.400000e+00	9.840676e-03	4.366605e-03	9.860385e-03	2.131739e-02	-1.844208e-03
3.450000e+00	1.121173e-02	5.515875e-03	1.174954e-02	2.207354e-02	-1.955968e-03
3.500000e+00	1.245654e-02	6.583066e-03	1.273180e-02	2.658950e-02	-2.565294e-03
3.550000e+00	1.327678e-02	6.968920e-03	1.291025e-02	3.040418e-02	-1.827878e-03
3.600000e+00	1.337278e-02	6.817804e-03	1.347290e-02	3.064353e-02	-4.709091e-04
3.650000e+00	1.264563e-02	6.767926e-03	1.180810e-02	3.083285e-02	-8.165542e-04
3.700000e+00	1.075069e-02	7.316926e-03	9.337885e-03	3.286470e-02	-5.414059e-03
3.750000e+00	7.665415e-03	8.165100e-03	5.931382e-03	3.171952e-02	-9.408450e-03
3.800000e+00	3.493579e-03	8.573642e-03	9.741779e-04	2.854542e-02	-1.254253e-02
3.850000e+00	-1.529556e-03	8.045013e-03	-3.873940e-03	2.158260e-02	-1.627316e-02
3.900000e+00	-7.286145e-03	6.306888e-03	-8.459261e-03	1.289533e-02	-2.179169e-02
3.950000e+00	-1.333237e-02	3.930785e-03	-1.344467e-02	1.247172e-03	-2.509572e-02
4.000000e+00	-1.906697e-02	3.402870e-03	-1.945298e-02	-7.956278e-03	-2.719629e-02
4.050000e+00	-2.401774e-02	6.014169e-03	-2.432682e-02	-1.128907e-02	-3.692206e-02
4.100000e+00	-2.740752e-02	8.706866e-03	-2.638633e-02	-1.081056e-02	-4.719330e-02
4.150000e+00	-2.851264e-02	1.017053e-02	-2.663734e-02	-9.975892e-03	-5.206003e-02
4.200000e+00	-2.686226e-02	1.000490e-02	-2.506262e-02	-7.958492e-03	-5.017273e-02
4.250000e+00	-2.290067e-02	8.613849e-03	-2.119461e-02	-4.173137e-03	-4.327104e-02
4.300000e+00	-1.658344e-02	6.775130e-03	-1.573910e-02	-7.651272e-04	-3.156265e-02
4.350000e+00	-8.681828e-03	6.524827e-03	-8.698051e-03	6.229393e-03	-2.922605e-02
4.400000e+00	-2.511221e-04	8.532304e-03	6.658944e-04	1.858454e-02	-2.734588e-02
4.450000e+00	7.411418e-03	1.093014e-02	8.303479e-03	2.903092e-02	-2.381643e-02
4.500000e+00	1.384750e-02	1.256572e-02	1.511942e-02	3.683135e-02	-1.866743e-02
4.550000e+00	1.866693e-02	1.300710e-02	2.025196e-02	4.123719e-02	-1.218119e-02
4.600000e+00	2.192922e-02	1.228996e-02	2.348796e-02	4.279678e-02	-5.714640e-03
4.650000e+00	2.402923e-02	1.078727e-02	2.482147e-02	4.287651e-02	-2.406125e-04
4.700000e+00	2.552362e-02	8.864021e-03	2.588404e-02	4.189324e-02	1.730703e-03
4.750000e+00	2.672200e-02	6.993855e-03	2.761503e-02	3.956428e-02	3.510013e-03
4.800000e+00	2.760207e-02	5.821565e-03	2.892686e-02	3.780859e-02	4.973935e-03
4.850000e+00	2.779767e-02	5.957194e-03	2.913898e-02	3.999533e-02	6.040665e-03
4.900000e+00	2.674643e-02	7.235011e-03	2.758233e-02	4.096440e-02	6.683944e-03
4.950000e+00	2.392856e-02	9.121431e-03	2.502459e-02	4.454630e-02	-1.179953e-03
5.000000e+00	1.914370e-02	1.128136e-02	2.042187e-02	4.596114e-02	-1.260706e-02
5.050000e+00	1.264882e-02	1.342466e-02	1.446659e-02	4.482652e-02	-2.391836e-02
5.100000e+00	5.257071e-03	1.516282e-02	8.210853e-03	4.117549e-02	-3.341599e-02
5.150000e+00	-2.024663e-03	1.602342e-02	1.205294e-03	3.518735e-02	-3.958679e-02
5.200000e+00	-8.257121e-03	1.571018e-02	-4.620621e-03	2.723062e-02	-4.101195e-02
5.250000e+00	-1.288064e-02	1.430529e-02	-9.773233e-03	1.793891e-02	-4.094119e-02
5.300000e+00	-1.589652e-02	1.240865e-02	-1.445122e-02	1.768611e-02	-4.081996e-02
5.350000e+00	-1.789628e-02	1.078913e-02	-1.822429e-02	1.716792e-02	-4.069770e-02
5.400000e+00	-1.978658e-02	9.726929e-03	-2.001401e-02	1.258861e-02	-4.090552e-02
5.450000e+00	-2.226685e-02	8.793263e-03	-2.273736e-02	5.171340e-03	-4.633143e-02
5.500000e+00	-2.580821e-02	7.931052e-03	-2.669484e-02	4.280622e-03	-4.878530e-02
5.550000e+00	-3.013093e-02	8.270768e-03	-3.110892e-02	3.543565e-03	-4.842659e-02
5.600000e+00	-3.429928e-02	1.064472e-02	-3.509272e-02	3.004586e-03	-5.479758e-02
5.650000e+00	-3.685622e-02	1.373897e-02	-3.718044e-02	2.499849e-03	-6.665629e-02
5.700000e+00	-3.667567e-02	1.600610e-02	-3.647738e-02	6.523396e-03	-7.172721e-02
5.750000e+00	-3.299504e-02	1.661991e-02	-3.293895e-02	9.353720e-03	-6.858924e-02
5.800000e+00	-2.582209e-02	1.567219e-02	-2.592456e-02	1.260265e-02	-6.120269e-02
5.850000e+00	-1.586476e-02	1.413127e-02	-1.580393e-02	2.002889e-02	-4.758418e-02
5.900000e+00	-4.619115e-03	1.353069e-02	-4.660606e-03	2.859922e-02	-3.439556e-02
5.950000e+00	6.402424e-03	1.446661e-02	5.344758e-03	4.349390e-02	-2.667232e-02
6.000000e+00	1.597379e-02	1.609658e-02	1.372337e-02	5.504260e-02	-1.671357e-02
6.050000e+00	2.345811e-02	1.744369e-02	2.034945e-02	6.071363e-02	-1.293668e-02
6.100000e+00	2.871890e-02	1.831932e-02	2.648506e-02	6.266515e-02	-1.379240e-02
6.150000e+00	3.215835e-02	1.896273e-02	3.218154e-02	6.737517e-02	-1.625799e-02
6.200000e+00	3.429658e-02	1.956963e-02	3.736282e-02	6.810897e-02	-1.884449e-02
6.250000e+00	3.546177e-02	2.002151e-02	4.209707e-02	6.465284e-02	-2.114375e-02
6.300000e+00	3.562401e-02	2.001162e-02	4.263817e-02	6.353936e-02	-2.265662e-02
6.350000e+00	3.443555e-02	1.934357e-02	3.960437e-02	6.534204e-02	-2.279470e-02
6.400000e+00	3.144776e-02	1.816505e-02	3.327404e-02	6.423894e-02	-2.096881e-02
6.450000e+00	2.639877e-02	1.706319e-02	2.543329e-02	6.231511e-02	-1.675860e-02
6.500000e+00	1.943713e-02	1.685480e-02	1.821129e-02	5.733167e-02	-1.927781e-02
6.550000e+00	1.108345e-02	1.786690e-02	1.231814e-02	4.911398e-02	-3.377929e-02
6.600000e+00	2.370003e-03	1.954468e-02	7.184483e-03	4.660892e-02	-4.712499e-02
6.650000e+00	-5.717976e-03	2.090703e-02	-2.282320e-03	3.962374e-02	-5.592957e-02
6.700000e+00	-1.246790e-02	2.129457e-02	-9.590083e-03	3.100927e-02	-6.002130e-02
6.750000e+00	-1.763327e-02	2.060322e-02	-1.581500e-02	3.603161e-02	-5.978525e-02
6.800000e+00	-2.143133e-02	1.921766e-02	-2.186698e-02	3.832600e-02	-5.443879e-02
6.850000e+00	-2.434747e-02	1.776856e-02	-2.726423e-02	3.799632e-02	-5.658885e-02
6.900000e+00	-2.683335e-02	1.675621e-02	-3.006691e-02	3.468862e-02	-5.820265e-02
6.950000e+00	-2.903226e-02	1.622262e-02	-3.150453e-02	2.898134e-02	-6.805177e-02
7.000000e+00	-3.065492e-02	1.579038e-02	-3.266837e-02	2.217088e-02	-7.415899e-02
7.050000e+00	-3.101167e-02	1.501012e-02	-3.269428e-02	1.482211e-02	-7.369280e-02
7.100000e+00	-2.942536e-02	1.387028e-02	-3.005878e-02	7.714643e-03	-6.927789e-02
7.150000e+00	-2.544418e-02	1.288376e-02	-2.493567e-02	2.912104e-03	-7.002580e-02
7.200000e+00	-1.913191e-02	1.291634e-02	-1.808795e-02	1.389061e-02	-6.364585e-02
7.250000e+00	-1.114036e-02	1.424806e-02	-1.144547e-02	2.696100e-02	-5.119030e-02
7.300000e+00	-2.556106e-03	1.611916e-02	-3.715111e-03	3.889041e-02	-4.059785e-02
7.350000e+00	5.422092e-03	1.758582e-02	4.239319e-03	4.750605e-02	-3.884797e-02
7.400000e+00	1.184871e-02	1.821137e-02	1.063843e-02	5.210645e-02	-3.852357e-02
7.450000e+00	1.629551e-02	1.811018e-02	1.445569e-02	5.322360e-02	-3.643920e-02
7.500000e+00	1.891254e-02	1.763846e-02	1.776390e-02	5.393818e-02	-3.256545e-02
7.550000e+00	2.021011e-02	1.696190e-02	2.066365e-02	6.214482e-02	-3.279207e-02
7.600000e+00	2.092982e-02	1.608291e-02	2.179096e-02	6.461914e-02	-3.314129e-02
7.650000e+00	2.155292e-02	1.502613e-02	2.161856e-02	6.307811e-02	-3.247595e-02
7.700000e+00	2.215540e-02	1.417571e-02	2.270796e-02	5.810544e-02	-2.980880e-02
7.750000e+00	2.240854e-02	1.405253e-02	2.307708e-02	5.632804e-02	-2.510964e-02
7.800000e+00	2.176887e-02	1.469213e-02	2.269245e-02	5.485381e-02	-2.353716e-02
7.850000e+00	1.976676e-02	1.557228e-02	2.055242e-02	5.050941e-02	-2.588300e-02
7.900000e+00	1.626147e-02	1.622128e-02	1.724536e-02	4.826465e-02	-2.918847e-02
7.950000e+00	1.154754e-02	1.658055e-02	1.113072e-02	4.712923e-02	-3.231448e-02
8.000000e+00	6.264639e-03	1.686729e-02	4.893345e-03	4.656210e-02	-3.305476e-02
8.050000e+00	1.106399e-03	1.719194e-02	1.994490e-04	4.074870e-02	-3.544362e-02
8.100000e+00	-3.322742e-03	1.747944e-02	-2.641093e-03	3.880200e-02	-4.000209e-02
8.150000e+00	-6.869824e-03	1.740863e-02	-6.510756e-03	4.074015e-02	-4.966445e-02
8.200000e+00	-9.792926e-03	1.668350e-02	-9.662580e-03	4.228383e-02	-5.387500e-02
8.250000e+00	-1.258076e-02	1.532759e-02	-1.243838e-02	4.037640e-02	-5.217911e-02
8.300000e+00	-1.565321e-02	1.406306e-02	-1.696935e-02	3.484877e-02	-4.628426e-02
8.350000e+00	-1.907639e-02	1.430470e-02	-2.192250e-02	2.630180e-02	-4.319845e-02
8.400000e+00	-2.242502e-02	1.662262e-02	-2.449077e-02	1.763016e-02	-5.636996e-02
8.450000e+00	-2.486589e-02	1.965941e-02	-2.400864e-02	2.058062e-02	-7.266485e-02
8.500000e+00	-2.544266e-02	2.161592e-02	-2.273670e-02	2.070983e-02	-8.080838e-02
8.550000e+00	-2.342078e-02	2.140042e-02	-2.140256e-02	1.867947e-02	-7.780668e-02
8.600000e+00	-1.870505e-02	1.915175e-02	-1.900122e-02	2.471976e-02	-6.634031e-02
8.650000e+00	-1.188401e-02	1.632684e-02	-1.188042e-02	3.157677e-02	-5.091672e-02
8.700000e+00	-4.105578e-03	1.532128e-02	-3.573428e-03	3.869631e-02	-4.417626e-02
8.750000e+00	3.271693e-03	1.696512e-02	1.624842e-03	4.339233e-02	-4.304744e-02
8.800000e+00	9.106264e-03	1.933619e-02	7.352421e-03	5.362113e-02	-3.861194e-02
8.850000e+00	1.281606e-02	2.060611e-02	1.314904e-02	5.969519e-02	-3.803468e-02
8.900000e+00	1.450465e-02	2.026634e-02	1.609468e-02	5.807628e-02	-3.964334e-02
8.950000e+00	1.482660e-02	1.876683e-02	1.761306e-02	5.078415e-02	-4.037338e-02
9.000000e+00	1.465186e-02	1.694699e-02	1.902865e-02	4.530053e-02	-3.694554e-02
9.050000e+00	1.470496e-02	1.547951e-02	1.859145e-02	4.209856e-02	-3.923562e-02
9.100000e+00	1.515846e-02	1.447215e-02	1.848233e-02	4.113020e-02	-4.090665e-02
9.150000e+00	1.566648e-02	1.363645e-02	1.849153e-02	4.019002e-02	-3.716969e-02
9.200000e+00	1.551474e-02	1.272635e-02	1.714640e-02	4.329983e-02	-2.811771e-02
9.250000e+00	1.397325e-02	1.189939e-02	1.443408e-02	4.281316e-02	-2.062306e-02
9.300000e+00	1.066957e-02	1.176249e-02	1.043051e-02	4.242986e-02	-2.055127e-02
9.350000e+00	5.823371e-03	1.274827e-02	6.108410e-03	4.281503e-02	-2.617095e-02
9.400000e+00	2.399281e-04	1.434220e-02	1.634092e-03	4.037182e-02	-3.399031e-02
9.450000e+00	-4.940968e-03	1.549635e-02	-4.179874e-03	3.765928e-02	-3.951890e-02
9.500000e+00	-8.644070e-03	1.550871e-02	-9.378486e-03	3.405056e-02	-4.053798e-02
9.550000e+00	-1.026077e-02	1.445986e-02	-1.148056e-02	3.248233e-02	-3.907764e-02
9.600000e+00	-9.826712e-03	1.316225e-02	-9.596991e-03	2.966127e-02	-3.849322e-02
9.650000e+00	-8.055050e-03	1.251205e-02	-7.310975e-03	2.459115e-02	-4.169516e-02
9.700000e+00	-6.041045e-03	1.241176e-02	-5.731199e-03	2.788581e-02	-3.855292e-02
9.750000e+00	-4.846739e-03	1.201914e-02	-5.364179e-03	3.247075e-02	-3.043678e-02
9.800000e+00	-5.104724e-03	1.110988e-02	-5.146740e-03	3.373142e-02	-2.901999e-02
9.850000e+00	-6.790825e-03	1.066702e-02	-7.378523e-03	3.318403e-02	-3.332801e-02
9.900000e+00	-9.247530e-03	1.169988e-02	-9.084358e-03	2.819437e-02	-3.729816e-02
9.950000e+00	-1.144218e-02	1.344299e-02	-1.032613e-02	2.312280e-02	-4.672425e-02
1.000000e+01	-1.235530e-02	1.440550e-02	-1.048603e-02	2.159437e-02	-4.849226e-02
1.005000e+01	-1.133918e-02	1.396746e-02	-9.892641e-03	2.593926e-02	-4.498805e-02
1.010000e+01	-8.360779e-03	1.279386e-02	-8.070532e-03	2.679166e-02	-4.008806e-02
1.015000e+01	-3.970822e-03	1.240529e-02	-4.015841e-03	2.731999e-02	-3.511445e-02
1.020000e+01	9.104899e-04	1.348260e-02	-1.273936e-03	3.440200e-02	-3.276028e-02
1.025000e+01	5.321707e-03	1.491149e-02	2.457860e-03	3.892410e-02	-3.112087e-02
1.030000e+01	8.567683e-03	1.541288e-02	6.051720e-03	4.445844e-02	-2.752173e-02
1.035000e+01	1.039479e-02	1.464765e-02	9.125081e-03	4.507576e-02	-2.561919e-02
1.040000e+01	1.098304e-02	1.316968e-02	1.156630e-02	4.192598e-02	-2.668442e-02
1.045000e+01	1.078013e-02	1.192739e-02	1.187089e-02	3.543621e-02	-2.464187e-02
1.050000e+01	1.026166e-02	1.143946e-02	1.194096e-02	3.212121e-02	-2.558847e-02
1.055000e+01	9.722655e-03	1.134647e-02	1.104149e-02	3.122235e-02	-3.024332e-02
1.060000e+01	9.181602e-03	1.104293e-02	9.745338e-03	3.103417e-02	-3.036957e-02
1.065000e+01	8.424258e-03	1.036645e-02	8.955724e-03	2.940742e-02	-2.665447e-02
1.070000e+01	7.153550e-03	9.659587e-03	7.181704e-03	2.930572e-02	-2.068642e-02
1.075000e+01	5.170446e-03	9.449440e-03	4.746630e-03	2.900810e-02	-1.745558e-02
1.080000e+01	2.503890e-03	9.943879e-03	2.589334e-03	2.804481e-02	-2.153680e-02
1.085000e+01	-5.640560e-04	1.081781e-02	2.502754e-04	2.997905e-02	-2.837141e-02
1.090000e+01	-3.583218e-03	1.154541e-02	-2.801664e-03	3.239141e-02	-3.450619e-02
1.095000e+01	-6.088719e-03	1.174424e-02	-6.470550e-03	3.108029e-02	-3.623232e-02
1.100000e+01	-7.755094e-03	1.129441e-02	-8.081691e-03	2.668978e-02	-3.402794e-02
1.105000e+01	-8.507980e-03	1.035583e-02	-9.155923e-03	2.152322e-02	-3.066347e-02
1.110000e+01	-8.461021e-03	9.261840e-03	-9.715418e-03	1.931521e-02	-2.858683e-02
1.115000e+01	-7.889156e-03	8.408037e-03	-8.837378e-03	1.896585e-02	-2.893380e-02
1.120000e+01	-7.077401e-03	8.013615e-03	-7.580902e-03	1.982066e-02	-2.736010e-02
1.125000e+01	-6.210077e-03	8.009367e-03	-6.306844e-03	2.125876e-02	-2.469416e-02
1.130000e+01	-5.324942e-03	8.164855e-03	-5.406458e-03	2.695951e-02	-2.273288e-02
1.135000e+01	-4.344809e-03	8.265896e-03	-5.114546e-03	2.936933e-02	-2.400839e-02
1.140000e+01	-3.163195e-03	8.193549e-03	-4.125203e-03	2.801384e-02	-2.701176e-02
1.145000e+01	-1.737494e-03	7.966488e-03	-2.164486e-03	2.331494e-02	-2.960581e-02
1.150000e+01	-1.429024e-04	7.761488e-03	-1.688537e-05	2.043557e-02	-2.891064e-02
1.155000e+01	1.438468e-03	7.821224e-03	2.008065e-03	2.191931e-02	-2.639727e-02
1.160000e+01	2.786597e-03	8.233048e-03	3.094142e-03	2.149888e-02	-2.634167e-02
1.165000e+01	3.736154e-03	8.820316e-03	3.601644e-03	2.065450e-02	-2.428610e-02
1.170000e+01	4.247188e-03	9.294308e-03	4.031561e-03	2.326221e-02	-2.336390e-02
1.175000e+01	4.419041e-03	9.439637e-03	4.478938e-03	2.294333e-02	-2.238808e-02
1.180000e+01	4.439453e-03	9.180257e-03	4.208695e-03	2.317190e-02	-2.101708e-02
1.185000e+01	4.491311e-03	8.574194e-03	4.745081e-03	2.389988e-02	-1.774620e-02
1.190000e+01	4.659689e-03	7.798040e-03	5.074764e-03	2.377813e-02	-1.620832e-02
1.195000e+01	4.882581e-03	7.123599e-03	5.220311e-03	2.448895e-02	-1.703420e-02
1.200000e+01	4.969730e-03	6.827780e-03	5.700580e-03	2.163365e-02	-1.810559e-02
1.205000e+01	4.688106e-03	7.025265e-03	5.350489e-03	1.951561e-02	-1.765012e-02
1.210000e+01	3.856017e-03	7.541654e-03	3.942627e-03	2.399271e-02	-2.104938e-02
1.215000e+01	2.450074e-03	8.095535e-03	2.468813e-03	2.636964e-02	-2.249077e-02
1.220000e+01	6.346025e-04	8.448798e-03	4.285326e-04	2.442625e-02	-2.174665e-02
1.225000e+01	-1.279213e-03	8.469255e-03	-9.130209e-04	1.932752e-02	-1.981334e-02
1.230000e+01	-2.934888e-03	8.155227e-03	-2.396392e-03	1.894817e-02	-2.170526e-02
1.235000e+01	-4.052468e-03	7.646902e-03	-3.669536e-03	1.919255e-02	-2.169762e-02
1.240000e+01	-4.521509e-03	7.177572e-03	-4.719074e-03	1.801074e-02	-2.116372e-02
1.245000e+01	-4.428080e-03	6.924166e-03	-4.909623e-03	1.793271e-02	-1.937040e-02
1.250000e+01	-4.006001e-03	6.869996e-03	-4.981452e-03	1.887212e-02	-1.962488e-02
1.255000e+01	-3.533626e-03	6.880947e-03	-4.348464e-03	1.831903e-02	-2.078063e-02
1.260000e+01	-3.219251e-03	6.899545e-03	-3.906713e-03	1.939559e-02	-1.976533e-02
1.265000e+01	-3.121807e-03	6.982899e-03	-3.489693e-03	2.092968e-02	-2.332880e-02
1.270000e+01	-3.137754e-03	7.154604e-03	-3.541727e-03	2.019804e-02	-2.782753e-02
1.275000e+01	-3.057076e-03	7.302435e-03	-3.157816e-03	1.711378e-02	-2.877478e-02
1.280000e+01	-2.662859e-03	7.287146e-03	-2.821114e-03	1.308422e-02	-2.528175e-02
1.285000e+01	-1.831991e-03	7.118242e-03	-2.156153e-03	1.564388e-02	-2.080133e-02
1.290000e+01	-5.955694e-04	6.979152e-03	-4.731272e-04	2.007659e-02	-2.277262e-02
1.295000e+01	8.642572e-04	7.034788e-03	8.603821e-04	2.151036e-02	-2.349585e-02
1.300000e+01	2.277396e-03	7.214961e-03	2.317835e-03	1.992472e-02	-2.239102e-02
1.305000e+01	3.395900e-03	7.296340e-03	3.250831e-03	2.187297e-02	-1.947217e-02
1.310000e+01	4.037610e-03	7.094872e-03	3.955678e-03	2.319941e-02	-1.562165e-02
1.315000e+01	4.169988e-03	6.650787e-03	3.557294e-03	2.150924e-02	-1.383417e-02
1.320000e+01	3.893001e-03	6.167075e-03	4.036643e-03	2.051028e-02	-1.407548e-02
1.325000e+01	3.381792e-03	5.844093e-03	3.767116e-03	1.930075e-02	-1.468972e-02
1.330000e+01	2.808458e-03	5.713715e-03	3.297650e-03	1.670191e-02	-1.557641e-02
1.335000e+01	2.277379e-03	5.649053e-03	2.734296e-03	1.779815e-02	-1.623810e-02
1.340000e+01	1.799993e-03	5.531249e-03	2.060474e-03	1.970150e-02	-1.595226e-02
1.345000e+01	1.315837e-03	5.383072e-03	1.671686e-03	2.080074e-02	-1.530116e-02
1.350000e+01	7.458537e-04	5.377168e-03	8.759876e-04	1.973539e-02	-1.587243e-02
1.355000e+01	5.065165e-05	5.677858e-03	-3.460270e-06	1.693368e-02	-1.469755e-02
1.360000e+01	-7.340585e-04	6.217452e-03	-7.506139e-04	1.641654e-02	-1.773018e-02
1.365000e+01	-1.500747e-03	6.715960e-03	-1.113468e-03	1.543352e-02	-1.863665e-02
1.370000e+01	-2.109655e-03	6.913392e-03	-1.728012e-03	1.703203e-02	-1.736100e-02
1.375000e+01	-2.445957e-03	6.742656e-03	-2.172856e-03	2.153147e-02	-1.710775e-02
1.380000e+01	-2.468503e-03	6.357660e-03	-2.588882e-03	2.341699e-02	-1.749366e-02
1.385000e+01	-2.228558e-03	6.002893e-03	-2.484312e-03	2.283037e-02	-1.791244e-02
1.390000e+01	-1.850614e-03	5.777180e-03	-1.909712e-03	2.034064e-02	-1.628768e-02
1.395000e+01	-1.483761e-03	5.556444e-03	-1.779762e-03	1.642683e-02	-1.438218e-02
1.400000e+01	-1.244211e-03	5.216874e-03	-1.255033e-03	1.357742e-02	-1.392720e-02
1.405000e+01	-1.175003e-03	4.872684e-03	-1.248107e-03	1.346948e-02	-1.430990e-02
1.410000e+01	-1.226069e-03	4.776229e-03	-1.529783e-03	1.333079e-02	-1.512153e-02
1.415000e+01	-1.283260e-03	5.001528e-03	-1.792550e-03	1.222785e-02	-1.736109e-02
1.420000e+01	-1.215282e-03	5.293344e-03	-1.478400e-03	1.595359e-02	-1.778752e-02
1.425000e+01	-9.277521e-04	5.398160e-03	-1.076614e-03	1.744633e-02	-1.626464e-02
1.430000e+01	-4.004322e-04	5.308927e-03	-3.325231e-04	1.671035e-02	-1.487316e-02
1.435000e+01	3.057575e-04	5.205950e-03	6.465473e-04	1.470135e-02	-1.472127e-02
1.440000e+01	1.072198e-03	5.214291e-03	1.386807e-03	1.462891e-02	-1.524438e-02
1.445000e+01	1.764481e-03	5.245736e-03	1.534518e-03	1.653577e-02	-1.467042e-02
1.450000e+01	2.274575e-03	5.127544e-03	2.024743e-03	1.625811e-02	-1.433527e-02
1.455000e+01	2.547033e-03	4.803377e-03	2.506538e-03	1.410881e-02	-1.318649e-02
1.460000e+01	2.581729e-03	4.379766e-03	2.869183e-03	1.412617e-02	-1.120425e-02
1.465000e+01	2.416479e-03	4.034309e-03	2.629632e-03	1.435302e-02	-8.436920e-03
1.470000e+01	2.101091e-03	3.883686e-03	2.007829e-03	1.243032e-02	-7.073277e-03
1.475000e+01	1.676388e-03	3.923767e-03	1.385110e-03	1.174533e-02	-9.276693e-03
1.480000e+01	1.167246e-03	4.068175e-03	9.163315e-04	1.115775e-02	-1.083683e-02
1.485000e+01	5.904028e-04	4.200037e-03	4.232616e-04	1.071811e-02	-1.171297e-02
1.490000e+01	-3.002945e-05	4.222244e-03	-3.989262e-04	1.052667e-02	-1.203722e-02
1.495000e+01	-6.501220e-04	4.133135e-03	-9.680437e-04	9.426698e-03	-1.099465e-02
1.500000e+01	-1.205468e-03	4.068122e-03	-1.284040e-03	1.161037e-02	-1.018899e-02
1.505000e+01	-1.631361e-03	4.202800e-03	-1.967082e-03	1.442867e-02	-1.167440e-02
1.510000e+01	-1.866977e-03	4.506577e-03	-2.437428e-03	1.633879e-02	-1.207629e-02
1.515000e+01	-1.889237e-03	4.759872e-03	-2.580399e-03	1.699714e-02	-1.349201e-02
1.520000e+01	-1.721656e-03	4.763296e-03	-2.402780e-03	1.618736e-02	-1.481434e-02
1.525000e+01	-1.428818e-03	4.485062e-03	-2.007752e-03	1.363511e-02	-1.456111e-02
1.530000e+01	-1.094924e-03	4.064707e-03	-1.559385e-03	1.137264e-02	-1.271975e-02
1.535000e+01	-7.949306e-04	3.712941e-03	-1.067848e-03	9.677759e-03	-1.074994e-02
1.540000e+01	-5.702523e-04	3.555462e-03	-7.713162e-04	9.533253e-03	-1.138644e-02
1.545000e+01	-4.189979e-04	3.561464e-03	-4.513412e-04	1.001241e-02	-1.113811e-02
1.550000e+01	-3.042534e-04	3.640745e-03	-3.002084e-04	1.097136e-02	-1.169518e-02
1.555000e+01	-1.759606e-04	3.735992e-03	-1.172524e-04	1.021303e-02	-1.243242e-02
1.560000e+01	3.801589e-06	3.815765e-03	6.446485e-05	1.130528e-02	-1.410838e-02
1.565000e+01	2.432983e-04	3.860362e-03	2.227872e-04	1.195489e-02	-1.464214e-02
1.570000e+01	5.184413e-04	3.879935e-03	5.480719e-04	1.127528e-02	-1.419317e-02
1.575000e+01	7.848423e-04	3.909115e-03	9.731301e-04	1.042124e-02	-1.293205e-02
1.580000e+01	9.978066e-04	3.952230e-03	1.185104e-03	1.051145e-02	-1.100189e-02
1.585000e+01	1.130238e-03	3.948498e-03	1.249515e-03	1.084382e-02	-1.126624e-02
1.590000e+01	1.180107e-03	3.819271e-03	1.275658e-03	1.199207e-02	-9.730313e-03
1.595000e+01	1.164735e-03	3.549862e-03	1.176976e-03	1.139045e-02	-6.958518e-03
1.600000e+01	1.105902e-03	3.228235e-03	1.091071e-03	1.079329e-02	-5.379571e-03
1.605000e+01	1.020399e-03	3.009071e-03	8.972638e-04	1.141639e-02	-5.939284e-03
1.610000e+01	8.901628e-04	2.969632e-03	9.387771e-04	1.006168e-02	-7.715248e-03
1.615000e+01	6.927775e-04	3.050513e-03	6.905043e-04	1.095613e-02	-9.636911e-03
1.620000e+01	4.082718e-04	3.133895e-03	3.507008e-04	1.159481e-02	-1.042323e-02
1.625000e+01	3.733429e-05	3.160430e-03	-1.862339e-04	1.016813e-02	-9.679798e-03
1.630000e+01	-3.869147e-04	3.149005e-03	-4.889791e-04	9.894791e-03	-8.217167e-03
1.635000e+01	-8.007228e-04	3.150031e-03	-6.810868e-04	8.946692e-03	-9.116678e-03
1.640000e+01	-1.126337e-03	3.185591e-03	-9.885545e-04	7.492761e-03	-1.068704e-02
1.645000e+01	-1.297849e-03	3.223807e-03	-1.222910e-03	6.477485e-03	-1.099821e-02
1.650000e+01	-1.285888e-03	3.208178e-03	-1.190839e-03	7.308071e-03	-1.020374e-02
1.655000e+01	-1.110458e-03	3.110577e-03	-1.071075e-03	8.248453e-03	-9.945380e-03
1.660000e+01	-8.356223e-04	2.963619e-03	-9.761529e-04	8.943784e-03	-9.769818e-03
1.665000e+01	-5.471892e-04	2.845251e-03	-7.281872e-04	9.461266e-03	-9.699306e-03
1.670000e+01	-3.217606e-04	2.813046e-03	-3.520346e-04	8.413322e-03	-9.223046e-03
1.675000e+01	-1.994229e-04	2.848413e-03	-8.933223e-05	7.047632e-03	-8.932776e-03
1.680000e+01	-1.711225e-04	2.886424e-03	3.195263e-05	6.646260e-03	-8.823205e-03
1.685000e+01	-1.858312e-04	2.885449e-03	-4.766974e-05	6.750705e-03	-9.625142e-03
1.690000e+01	-1.744552e-04	2.848883e-03	-6.409083e-05	8.732539e-03	-9.758559e-03
1.695000e+01	-8.052065e-05	2.799096e-03	1.933266e-05	9.621767e-03	-8.969643e-03
1.700000e+01	1.150550e-04	2.756015e-03	1.901728e-04	9.403491e-03	-8.068677e-03
1.705000e+01	3.838337e-04	2.751840e-03	4.154021e-04	1.000558e-02	-7.749223e-03
1.710000e+01	6.652088e-04	2.812579e-03	7.306791e-04	9.662940e-03	-7.105277e-03
1.715000e+01	8.864340e-04	2.935647e-03	1.004384e-03	9.606702e-03	-8.083400e-03
1.720000e+01	9.921752e-04	3.054236e-03	1.227695e-03	8.956737e-03	-8.443156e-03
1.725000e+01	9.644115e-04	3.078126e-03	1.168116e-03	9.171035e-03	-8.393203e-03
1.730000e+01	8.262977e-04	2.967189e-03	8.628012e-04	9.328054e-03	-8.715156e-03
1.735000e+01	6.292795e-04	2.770630e-03	6.067227e-04	9.448389e-03	-7.924733e-03
1.740000e+01	4.298803e-04	2.599434e-03	4.211139e-04	8.633971e-03	-6.275548e-03
1.745000e+01	2.666714e-04	2.531832e-03	4.771864e-04	8.310367e-03	-7.141879e-03
1.750000e+01	1.473470e-04	2.541189e-03	2.960859e-04	8.579570e-03	-6.922539e-03
1.755000e+01	5.094334e-05	2.553799e-03	-2.992409e-05	8.040858e-03	-6.325412e-03
1.760000e+01	-5.665193e-05	2.546806e-03	-2.419111e-04	7.108375e-03	-5.529519e-03
1.765000e+01	-2.015958e-04	2.557677e-03	-5.248130e-04	7.759908e-03	-5.825336e-03
1.770000e+01	-3.853564e-04	2.617728e-03	-5.920731e-04	8.924412e-03	-7.542771e-03
1.775000e+01	-5.801046e-04	2.702357e-03	-6.063961e-04	8.964340e-03	-8.510100e-03
1.780000e+01	-7.383852e-04	2.756946e-03	-7.129753e-04	7.895450e-03	-8.292027e-03
1.785000e+01	-8.127759e-04	2.748389e-03	-9.009187e-04	6.396083e-03	-8.995753e-03
1.790000e+01	-7.767791e-04	2.681699e-03	-9.302629e-04	6.260959e-03	-8.860002e-03
1.795000e+01	-6.376531e-04	2.584692e-03	-7.625152e-04	6.780328e-03	-8.023972e-03
1.800000e+01	-4.354102e-04	2.488970e-03	-4.636210e-04	7.783937e-03	-7.294567e-03
1.805000e+01	-2.279227e-04	2.424821e-03	-2.717391e-04	7.901824e-03	-7.785473e-03
1.810000e+01	-6.997037e-05	2.403084e-03	1.599389e-05	7.085136e-03	-8.671445e-03
1.815000e+01	8.175699e-06	2.419380e-03	2.206352e-04	6.392834e-03	-8.816484e-03
1.820000e+01	1.169905e-05	2.447493e-03	2.678795e-04	6.542712e-03	-8.147618e-03
1.825000e+01	-2.273254e-05	2.455443e-03	1.434545e-04	6.355947e-03	-7.422531e-03
1.830000e+01	-4.369962e-05	2.427068e-03	9.502600e-05	5.695209e-03	-7.237430e-03
1.835000e+01	-7.350701e-06	2.372656e-03	1.326060e-04	5.496617e-03	-6.869671e-03
1.840000e+01	1.039986e-04	2.324058e-03	3.455310e-04	5.035262e-03	-7.386678e-03
1.845000e+01	2.744762e-04	2.314627e-03	4.890381e-04	5.341072e-03	-7.615150e-03
1.850000e+01	4.610958e-04	2.349916e-03	5.898839e-04	6.194198e-03	-8.809852e-03
1.855000e+01	6.108790e-04	2.393103e-03	7.469634e-04	6.771448e-03	-8.926522e-03
1.860000e+01	6.812829e-04	2.386873e-03	7.522590e-04	7.665656e-03	-7.943366e-03
1.865000e+01	6.555707e-04	2.298034e-03	7.701351e-04	7.933204e-03	-6.803493e-03
1.870000e+01	5.472685e-04	2.154137e-03	6.954819e-04	7.606706e-03	-5.981009e-03
1.875000e+01	3.926281e-04	2.043066e-03	3.843207e-04	6.746566e-03	-5.235238e-03
1.880000e+01	2.349574e-04	2.044399e-03	2.047049e-04	5.434095e-03	-6.059066e-03
1.885000e+01	1.077162e-04	2.136545e-03	1.325746e-04	5.671681e-03	-5.993328e-03
1.890000e+01	2.327848e-05	2.219599e-03	5.614255e-05	6.921946e-03	-5.874886e-03
1.895000e+01	-2.857805e-05	2.221947e-03	-5.492005e-05	7.658070e-03	-5.924200e-03
1.900000e+01	-7.269767e-05	2.155236e-03	-1.441685e-04	7.598576e-03	-5.333890e-03
1.905000e+01	-1.350551e-04	2.097884e-03	-3.016607e-04	7.363547e-03	-5.228682e-03
1.910000e+01	-2.312691e-04	2.110340e-03	-4.776856e-04	7.036572e-03	-6.105260e-03
1.915000e+01	-3.576389e-04	2.175316e-03	-5.599856e-04	6.756140e-03	-6.683383e-03
1.920000e+01	-4.926653e-04	2.216815e-03	-6.136639e-04	6.811470e-03	-6.577289e-03
1.925000e+01	-6.052687e-04	2.174959e-03	-8.055888e-04	6.877722e-03	-5.756686e-03
1.930000e+01	-6.662519e-04	2.046482e-03	-7.763767e-04	7.387043e-03	-6.166461e-03
1.935000e+01	-6.581618e-04	1.883911e-03	-7.519519e-04	6.672592e-03	-6.987609e-03
1.940000e+01	-5.799218e-04	1.767916e-03	-6.108069e-04	4.913106e-03	-7.097966e-03
1.945000e+01	-4.451935e-04	1.752437e-03	-4.939974e-04	4.053229e-03	-6.548375e-03
1.950000e+01	-2.761176e-04	1.817262e-03	-2.895605e-04	4.155482e-03	-5.735056e-03
1.955000e+01	-9.569844e-05	1.892623e-03	-7.043727e-05	4.708422e-03	-5.509118e-03
1.960000e+01	7.792442e-05	1.922230e-03	1.808070e-04	5.087401e-03	-5.955910e-03
1.965000e+01	2.335170e-04	1.895466e-03	3.454928e-04	5.191527e-03	-5.725454e-03
1.970000e+01	3.653178e-04	1.842366e-03	5.444681e-04	5.297458e-03	-5.101654e-03
1.975000e+01	4.699226e-04	1.804276e-03	6.356428e-04	5.136458e-03	-5.202312e-03
1.980000e+01	5.437306e-04	1.799498e-03	7.159210e-04	5.263102e-03	-5.963030e-03
1.985000e+01	5.824353e-04	1.815867e-03	6.325110e-04	5.220663e-03	-7.128289e-03
1.990000e+01	5.826111e-04	1.834282e-03	6.599958e-04	5.428458e-03	-7.418783e-03
1.995000e+01	5.441349e-04	1.847533e-03	6.290893e-04	5.678638e-03	-6.735087e-03
2.000000e+01	4.717001e-04	1.855355e-03	5.424493e-04	6.221772e-03	-5.162980e-03
