# k	<chi>	std	chi_median	chi_max	chi_min
0.000000e+00	3.744348e-02	3.167054e-01	0.000000e+00	6.664858e-01	-4.347653e-01
5.000000e-02	5.071820e-02	4.270898e-01	-1.078988e-01	6.481253e-01	-4.404561e-01
1.000000e-01	4.262080e-02	4.173249e-01	-1.181855e-01	6.293916e-01	-4.371466e-01
1.500000e-01	1.789064e-02	3.870520e-01	-1.486657e-01	5.713699e-01	-4.263998e-01
2.000000e-01	-7.817980e-03	3.558605e-01	-1.796744e-01	5.107470e-01	-4.154512e-01
2.500000e-01	-5.131955e-02	3.018599e-01	-2.281120e-01	4.068676e-01	-3.955582e-01
3.000000e-01	-9.653955e-02	2.467935e-01	-2.747200e-01	3.123607e-01	-3.778456e-01
3.500000e-01	-1.588891e-01	1.715539e-01	-2.703103e-01	1.774341e-01	-4.169855e-01
4.000000e-01	-2.228263e-01	1.057227e-01	-2.684203e-01	3.443673e-02	-5.543456e-01
4.500000e-01	-3.003022e-01	9.097324e-02	-2.703368e-01	-1.480280e-01	-7.153855e-01
5.000000e-01	-3.744796e-01	1.619996e-01	-3.270181e-01	-1.771341e-01	-8.601609e-01
5.500000e-01	-4.536339e-01	2.632520e-01	-4.296022e-01	-1.253792e-01	-1.003475e+00
6.000000e-01	-5.204424e-01	3.567540e-01	-5.218244e-01	-7.780470e-02	-1.112142e+00
6.500000e-01	-5.776097e-01	4.440830e-01	-6.060018e-01	-3.103278e-02	-1.187466e+00
7.000000e-01	-6.111207e-01	5.067181e-01	-6.485041e-01	8.078863e-03	-1.233801e+00
7.500000e-01	-6.189776e-01	5.435437e-01	-6.658163e-01	4.030260e-02	-1.249986e+00
8.000000e-01	-5.958758e-01	5.466116e-01	-6.507004e-01	6.195028e-02	-1.226706e+00
8.500000e-01	-5.393623e-01	5.128992e-01	-5.554855e-01	7.172015e-02	-1.136886e+00
9.000000e-01	-4.567043e-01	4.476877e-01	-4.386457e-01	7.059673e-02	-9.881585e-01
9.500000e-01	-3.499351e-01	3.507076e-01	-3.016613e-01	6.518558e-02	-7.892351e-01
1.000000e+00	-2.373403e-01	2.390820e-01	-1.705948e-01	4.652167e-02	-5.705319e-01
1.050000e+00	-1.262526e-01	1.191646e-01	-5.867959e-02	4.436200e-02	-3.428166e-01
1.100000e+00	-3.730614e-02	4.622833e-02	-4.197228e-02	1.516237e-01	-1.343441e-01
1.150000e+00	2.194773e-02	1.152037e-01	6.333960e-03	2.530536e-01	-1.632753e-01
1.200000e+00	4.121372e-02	1.819165e-01	3.563046e-02	3.033885e-01	-2.196432e-01
1.250000e+00	2.089059e-02	2.199882e-01	2.856430e-02	3.139145e-01	-2.758173e-01
1.300000e+00	-3.141903e-02	2.254936e-01	-3.741215e-02	2.506216e-01	-3.216395e-01
1.350000e+00	-1.041515e-01	2.040078e-01	-1.289910e-01	1.488409e-01	-3.562198e-01
1.400000e+00	-1.770002e-01	1.651718e-01	-2.091441e-01	3.796983e-02	-3.809607e-01
1.450000e+00	-2.342547e-01	1.190877e-01	-2.627040e-01	-7.237661e-02	-3.838381e-01
1.500000e+00	-2.590251e-01	7.829573e-02	-2.724297e-01	-1.453833e-01	-3.724302e-01
1.550000e+00	-2.444041e-01	4.979045e-02	-2.420757e-01	-1.656416e-01	-3.309812e-01
1.600000e+00	-1.913473e-01	3.898441e-02	-1.920115e-01	-1.221203e-01	-2.672928e-01
1.650000e+00	-1.081006e-01	4.393717e-02	-1.108689e-01	-1.103182e-02	-1.853774e-01
1.700000e+00	-1.263395e-02	5.793724e-02	-1.739815e-02	1.134502e-01	-1.016450e-01
1.750000e+00	7.983324e-02	7.431606e-02	7.584989e-02	2.208432e-01	-2.905997e-02
1.800000e+00	1.502364e-01	8.405937e-02	1.496661e-01	2.852867e-01	3.039612e-02
1.850000e+00	1.918691e-01	8.331128e-02	1.925380e-01	3.065496e-01	7.140224e-02
1.900000e+00	1.995459e-01	6.883768e-02	2.057662e-01	2.918766e-01	9.467739e-02
1.950000e+00	1.814132e-01	4.413060e-02	1.918509e-01	2.466523e-01	1.044366e-01
2.000000e+00	1.454789e-01	1.591275e-02	1.441951e-01	1.816285e-01	1.041521e-01
2.050000e+00	1.057792e-01	2.171278e-02	1.083800e-01	1.721621e-01	5.846476e-02
2.100000e+00	7.116924e-02	4.332835e-02	7.315225e-02	1.591703e-01	6.789741e-03
2.150000e+00	4.788626e-02	5.397019e-02	4.634858e-02	1.414713e-01	-2.182151e-02
2.200000e+00	3.594860e-02	5.307693e-02	3.189174e-02	1.203136e-01	-2.834859e-02
2.250000e+00	3.147612e-02	4.823521e-02	2.675057e-02	1.003433e-01	-2.748859e-02
2.300000e+00	2.667734e-02	4.102028e-02	2.302249e-02	8.584374e-02	-2.462622e-02
2.350000e+00	1.857132e-02	3.397875e-02	1.615007e-02	6.843165e-02	-2.490453e-02
2.400000e+00	7.036870e-03	2.848910e-02	5.719860e-03	4.787938e-02	-2.880554e-02
2.450000e+00	-2.495068e-03	2.350172e-02	-3.237300e-03	2.982212e-02	-3.099735e-02
2.500000e+00	-1.132582e-02	1.880269e-02	-1.110874e-02	1.402553e-02	-3.677953e-02
2.550000e+00	-1.815921e-02	1.437070e-02	-1.785358e-02	2.023086e-03	-4.012231e-02
2.600000e+00	-2.198095e-02	1.014019e-02	-2.224932e-02	-5.985510e-03	-3.979687e-02
2.650000e+00	-2.455658e-02	6.805972e-03	-2.522785e-02	-1.036979e-02	-3.805247e-02
2.700000e+00	-2.482965e-02	4.125791e-03	-2.587741e-02	-1.272207e-02	-3.383263e-02
2.750000e+00	-2.293035e-02	2.957495e-03	-2.309630e-02	-1.325125e-02	-2.976755e-02
2.800000e+00	-1.930158e-02	3.490638e-03	-1.844810e-02	-1.212871e-02	-2.898903e-02
2.850000e+00	-1.598369e-02	4.225582e-03	-1.466643e-02	-8.980157e-03	-2.716132e-02
2.900000e+00	-1.175378e-02	4.392058e-03	-1.028934e-02	-4.703069e-03	-2.271927e-02
2.950000e+00	-7.046460e-03	3.936340e-03	-5.903992e-03	-8.997310e-04	-1.905580e-02
3.000000e+00	-2.213718e-03	3.117629e-03	-1.515205e-03	3.582037e-03	-1.559374e-02
3.050000e+00	2.508440e-03	2.813927e-03	2.830811e-03	8.295433e-03	-1.199950e-02
3.100000e+00	6.882256e-03	2.781500e-03	7.012789e-03	1.252542e-02	-7.432679e-03
3.150000e+00	1.068443e-02	2.964428e-03	1.086852e-02	1.621244e-02	-2.210513e-03
3.200000e+00	1.374657e-02	3.166399e-03	1.406863e-02	1.943377e-02	3.187556e-03
3.250000e+00	1.546134e-02	3.358614e-03	1.585477e-02	2.162458e-02	4.134533e-03
3.300000e+00	1.622719e-02	3.411445e-03	1.681785e-02	2.237775e-02	5.171180e-03
3.350000e+00	1.621129e-02	3.291089e-03	1.684920e-02	2.166941e-02	6.559219e-03
3.400000e+00	1.560949e-02	2.965703e-03	1.594142e-02	2.120037e-02	8.402760e-03
3.450000e+00	1.425440e-02	2.554538e-03	1.368549e-02	1.964445e-02	9.737881e-03
3.500000e+00	1.289848e-02	2.138091e-03	1.239929e-02	1.774499e-02	8.871361e-03
3.550000e+00	1.179181e-02	2.103141e-03	1.155566e-02	1.819130e-02	7.368745e-03
3.600000e+00	1.106997e-02	2.737008e-03	1.107365e-02	1.904432e-02	4.290904e-03
3.650000e+00	1.068998e-02	3.750702e-03	1.102238e-02	2.036873e-02	2.102328e-03
3.700000e+00	1.061628e-02	4.802972e-03	1.099813e-02	2.188536e-02	-1.709309e-03
3.750000e+00	1.045576e-02	5.638488e-03	1.111185e-02	2.333414e-02	-4.946332e-03
3.800000e+00	9.675228e-03	6.061204e-03	1.043121e-02	2.366349e-02	-7.322324e-03
3.850000e+00	7.893448e-03	6.112727e-03	8.949798e-03	2.234806e-02	-8.944641e-03
3.900000e+00	4.403617e-03	5.632392e-03	4.880275e-03	1.825183e-02	-1.002449e-02
3.950000e+00	-9.689615e-04	4.719947e-03	-9.742123e-04	1.105755e-02	-1.132647e-02
4.000000e+00	-7.915350e-03	3.649421e-03	-8.501231e-03	1.134724e-03	-1.530235e-02
4.050000e+00	-1.578443e-02	2.956983e-03	-1.583860e-02	-8.818019e-03	-2.316453e-02
4.100000e+00	-2.350522e-02	3.040543e-03	-2.347159e-02	-1.496632e-02	-3.170789e-02
4.150000e+00	-2.967502e-02	3.810505e-03	-2.999631e-02	-1.683708e-02	-3.790330e-02
4.200000e+00	-3.303919e-02	4.854660e-03	-3.359218e-02	-1.783286e-02	-4.187072e-02
4.250000e+00	-3.324439e-02	5.836566e-03	-3.312861e-02	-1.779646e-02	-4.649377e-02
4.300000e+00	-2.988889e-02	6.816157e-03	-2.931824e-02	-1.579344e-02	-4.700988e-02
4.350000e+00	-2.357369e-02	7.745292e-03	-2.344175e-02	-1.160988e-02	-4.364106e-02
4.400000e+00	-1.550343e-02	8.538717e-03	-1.572766e-02	-3.134382e-03	-3.732178e-02
4.450000e+00	-7.421761e-03	9.130999e-03	-8.152423e-03	6.894009e-03	-2.960238e-02
4.500000e+00	-2.841160e-04	9.639242e-03	-1.065777e-03	1.586953e-02	-2.154969e-02
4.550000e+00	5.101538e-03	1.015785e-02	5.325092e-03	2.221616e-02	-1.419449e-02
4.600000e+00	8.584484e-03	1.077159e-02	8.814701e-03	2.739955e-02	-1.236659e-02
4.650000e+00	1.062776e-02	1.153342e-02	9.535206e-03	3.116995e-02	-1.337263e-02
4.700000e+00	1.218187e-02	1.221121e-02	1.014068e-02	3.402690e-02	-1.429354e-02
4.750000e+00	1.410935e-02	1.234775e-02	1.215436e-02	3.625916e-02	-1.337678e-02
4.800000e+00	1.692813e-02	1.137480e-02	1.537052e-02	3.783985e-02	-9.143191e-03
4.850000e+00	2.060139e-02	9.012249e-03	2.141656e-02	3.823118e-02	-1.091428e-03
4.900000e+00	2.454338e-02	5.574225e-03	2.568743e-02	3.585098e-02	1.052875e-02
4.950000e+00	2.780680e-02	6.219475e-03	2.677652e-02	4.269515e-02	1.269303e-02
5.000000e+00	2.943061e-02	1.308765e-02	2.396724e-02	5.388996e-02	6.206666e-03
5.050000e+00	2.877817e-02	2.114668e-02	2.348176e-02	6.309256e-02	-3.499114e-03
5.100000e+00	2.583475e-02	2.834472e-02	2.158845e-02	6.945267e-02	-1.317402e-02
5.150000e+00	2.110017e-02	3.323692e-02	1.930584e-02	7.147448e-02	-2.101623e-02
5.200000e+00	1.544624e-02	3.490092e-02	1.580485e-02	6.837974e-02	-3.067555e-02
5.250000e+00	9.707616e-03	3.306689e-02	1.120156e-02	6.022332e-02	-3.660025e-02
5.300000e+00	4.570600e-03	2.836800e-02	5.685997e-03	4.813879e-02	-3.787047e-02
5.350000e+00	1.502207e-04	2.200440e-02	7.328111e-04	3.727162e-02	-3.775522e-02
5.400000e+00	-3.939977e-03	1.553175e-02	-1.727878e-03	2.688157e-02	-3.629924e-02
5.450000e+00	-8.314269e-03	1.052799e-02	-9.728876e-03	1.818261e-02	-3.300336e-02
5.500000e+00	-1.353246e-02	8.501018e-03	-1.410541e-02	8.679151e-03	-3.038095e-02
5.550000e+00	-1.978080e-02	9.136371e-03	-1.871016e-02	-2.001762e-03	-4.310033e-02
5.600000e+00	-2.664750e-02	1.096941e-02	-2.421873e-02	-6.345632e-03	-5.454365e-02
5.650000e+00	-3.300390e-02	1.347672e-02	-3.090349e-02	-8.831599e-03	-6.333793e-02
5.700000e+00	-3.769202e-02	1.666630e-02	-3.621134e-02	-5.359669e-03	-6.878806e-02
5.750000e+00	-3.955646e-02	2.037800e-02	-3.849401e-02	4.073163e-04	-7.330077e-02
5.800000e+00	-3.793378e-02	2.406266e-02	-3.770150e-02	5.945799e-03	-7.288129e-02
5.850000e+00	-3.280101e-02	2.679072e-02	-3.291216e-02	1.035371e-02	-7.113659e-02
5.900000e+00	-2.513453e-02	2.777546e-02	-2.513096e-02	1.337489e-02	-6.470602e-02
5.950000e+00	-1.626999e-02	2.654609e-02	-1.534275e-02	1.794526e-02	-5.727916e-02
6.000000e+00	-7.637599e-03	2.327808e-02	-7.460349e-03	2.685920e-02	-4.619456e-02
6.050000e+00	-3.262149e-04	1.875851e-02	-1.412019e-03	3.287045e-02	-3.363446e-02
6.100000e+00	5.136743e-03	1.445412e-02	4.331544e-03	3.561874e-02	-2.351181e-02
6.150000e+00	8.970061e-03	1.162326e-02	8.313102e-03	3.608934e-02	-1.826711e-02
6.200000e+00	1.189638e-02	1.052006e-02	1.174947e-02	3.696708e-02	-1.515758e-02
6.250000e+00	1.480217e-02	1.036048e-02	1.483022e-02	4.139485e-02	-1.227025e-02
6.300000e+00	1.836232e-02	1.034792e-02	1.839629e-02	4.533459e-02	-9.058319e-03
6.350000e+00	2.276042e-02	9.918594e-03	2.286328e-02	4.735164e-02	-2.650245e-03
6.400000e+00	2.759434e-02	8.975056e-03	2.810443e-02	4.674935e-02	4.699679e-03
6.450000e+00	3.198787e-02	9.412866e-03	3.162883e-02	5.926014e-02	8.553242e-03
6.500000e+00	3.485787e-02	1.412629e-02	3.326577e-02	7.187652e-02	8.472952e-03
6.550000e+00	3.520029e-02	2.187974e-02	3.264978e-02	8.123594e-02	4.749356e-05
6.600000e+00	3.239186e-02	2.983033e-02	2.946053e-02	8.430264e-02	-1.206986e-02
6.650000e+00	2.643276e-02	3.567322e-02	2.253075e-02	8.012500e-02	-2.715840e-02
6.700000e+00	1.787949e-02	3.785431e-02	1.569699e-02	7.328451e-02	-3.991251e-02
6.750000e+00	7.697075e-03	3.583777e-02	8.386694e-03	6.744364e-02	-4.831074e-02
6.800000e+00	-2.956847e-03	3.023758e-02	7.204550e-05	5.577808e-02	-5.182430e-02
6.850000e+00	-1.294461e-02	2.273843e-02	-1.288954e-02	4.277669e-02	-5.070067e-02
6.900000e+00	-2.130666e-02	1.597647e-02	-2.440551e-02	3.054147e-02	-4.933078e-02
6.950000e+00	-2.734800e-02	1.303795e-02	-2.972110e-02	1.756183e-02	-5.536377e-02
7.000000e+00	-3.066624e-02	1.403559e-02	-3.085820e-02	4.707551e-03	-6.725221e-02
7.050000e+00	-3.112702e-02	1.575075e-02	-3.003513e-02	5.164135e-03	-6.961394e-02
7.100000e+00	-2.889167e-02	1.675804e-02	-2.845731e-02	9.534246e-03	-6.316512e-02
7.150000e+00	-2.442201e-02	1.747962e-02	-2.349702e-02	1.109326e-02	-5.783621e-02
7.200000e+00	-1.841417e-02	1.871456e-02	-1.439680e-02	1.167466e-02	-5.954285e-02
7.250000e+00	-1.172822e-02	2.057654e-02	-7.191685e-03	1.900693e-02	-6.318523e-02
7.300000e+00	-5.272577e-03	2.241824e-02	-2.035146e-03	3.220535e-02	-6.411482e-02
7.350000e+00	1.470997e-04	2.344996e-02	2.449247e-03	4.146106e-02	-6.132407e-02
7.400000e+00	3.980700e-03	2.319756e-02	5.218808e-03	4.398291e-02	-5.432835e-02
7.450000e+00	6.040756e-03	2.162892e-02	7.200534e-03	4.412563e-02	-4.398769e-02
7.500000e+00	6.522545e-03	1.909036e-02	6.895807e-03	4.352531e-02	-3.176658e-02
7.550000e+00	5.911890e-03	1.608438e-02	5.568885e-03	3.982974e-02	-2.091154e-02
7.600000e+00	4.859578e-03	1.323424e-02	3.740291e-03	3.533320e-02	-2.046251e-02
7.650000e+00	3.937546e-03	1.092315e-02	2.514599e-03	3.086090e-02	-1.821313e-02
7.700000e+00	3.501185e-03	9.406479e-03	3.201197e-03	2.766741e-02	-2.065993e-02
7.750000e+00	3.626801e-03	8.901309e-03	3.521357e-03	2.394054e-02	-2.049183e-02
7.800000e+00	4.157892e-03	9.474765e-03	4.664829e-03	2.663649e-02	-1.794335e-02
7.850000e+00	4.835460e-03	1.089672e-02	5.141999e-03	3.714550e-02	-1.994272e-02
7.900000e+00	5.453441e-03	1.279277e-02	4.364712e-03	4.665263e-02	-1.947093e-02
7.950000e+00	5.969744e-03	1.480972e-02	4.410736e-03	5.305414e-02	-2.006564e-02
8.000000e+00	6.521701e-03	1.664003e-02	3.407040e-03	5.497102e-02	-2.035319e-02
8.050000e+00	7.341783e-03	1.801185e-02	7.250174e-03	5.316777e-02	-2.465945e-02
8.100000e+00	8.583871e-03	1.888345e-02	8.870262e-03	4.815421e-02	-3.168675e-02
8.150000e+00	1.016778e-02	1.930626e-02	1.060410e-02	4.711182e-02	-3.535636e-02
8.200000e+00	1.170761e-02	1.936417e-02	1.336809e-02	4.485831e-02	-3.522245e-02
8.250000e+00	1.256660e-02	1.904058e-02	1.547564e-02	4.722737e-02	-3.162205e-02
8.300000e+00	1.203792e-02	1.818636e-02	1.422201e-02	4.852774e-02	-2.546155e-02
8.350000e+00	9.595023e-03	1.661407e-02	1.102668e-02	4.412593e-02	-2.141646e-02
8.400000e+00	5.121300e-03	1.424813e-02	6.143617e-03	4.032839e-02	-2.496516e-02
8.450000e+00	-9.709267e-04	1.137143e-02	-2.497141e-04	3.162815e-02	-2.829512e-02
8.500000e+00	-7.786443e-03	9.271253e-03	-6.679645e-03	1.897846e-02	-3.342053e-02
8.550000e+00	-1.417733e-02	1.042606e-02	-1.486002e-02	1.405458e-02	-3.615727e-02
8.600000e+00	-1.896423e-02	1.471186e-02	-2.118896e-02	1.841468e-02	-4.696831e-02
8.650000e+00	-2.134309e-02	1.961228e-02	-2.219264e-02	2.043881e-02	-5.659523e-02
8.700000e+00	-2.105586e-02	2.333376e-02	-1.866221e-02	1.989881e-02	-6.094666e-02
8.750000e+00	-1.842316e-02	2.487195e-02	-1.576067e-02	2.040562e-02	-5.965358e-02
8.800000e+00	-1.420159e-02	2.394209e-02	-1.137072e-02	2.997440e-02	-5.432201e-02
8.850000e+00	-9.322344e-03	2.099551e-02	-8.193350e-03	3.519076e-02	-4.595857e-02
8.900000e+00	-4.607925e-03	1.709732e-02	-5.763282e-03	3.383968e-02	-3.628091e-02
8.950000e+00	-5.662818e-04	1.361264e-02	-3.380323e-03	3.600558e-02	-2.662472e-02
9.000000e+00	2.672169e-03	1.162911e-02	1.389915e-03	3.636772e-02	-2.128906e-02
9.050000e+00	5.279586e-03	1.122759e-02	6.217325e-03	3.474653e-02	-2.052345e-02
9.100000e+00	7.507870e-03	1.158040e-02	9.371610e-03	3.206502e-02	-2.511437e-02
9.150000e+00	9.508940e-03	1.184590e-02	1.195570e-02	2.906271e-02	-2.824627e-02
9.200000e+00	1.119632e-02	1.152340e-02	1.349366e-02	3.153915e-02	-2.747360e-02
9.250000e+00	1.224458e-02	1.074138e-02	1.260493e-02	3.678059e-02	-2.196824e-02
9.300000e+00	1.222088e-02	1.078955e-02	1.088645e-02	4.296112e-02	-1.147360e-02
9.350000e+00	1.079499e-02	1.315850e-02	9.307216e-03	4.633812e-02	-1.473795e-02
9.400000e+00	7.940244e-03	1.709110e-02	5.438846e-03	4.637993e-02	-2.403725e-02
9.450000e+00	4.039119e-03	2.061194e-02	1.221216e-03	4.840238e-02	-3.057169e-02
9.500000e+00	-1.588850e-04	2.224840e-02	-1.929161e-03	4.846003e-02	-3.659528e-02
9.550000e+00	-3.727666e-03	2.143159e-02	-6.658845e-03	4.532128e-02	-4.331684e-02
9.600000e+00	-5.827898e-03	1.849851e-02	-6.564360e-03	4.174492e-02	-4.501424e-02
9.650000e+00	-5.983348e-03	1.458550e-02	-5.897375e-03	3.543023e-02	-4.517108e-02
9.700000e+00	-4.251523e-03	1.128129e-02	-2.572430e-03	2.800329e-02	-3.990697e-02
9.750000e+00	-1.230592e-03	9.793785e-03	-9.196512e-04	2.079913e-02	-3.023957e-02
9.800000e+00	2.105278e-03	9.794963e-03	1.264316e-03	2.490612e-02	-1.782089e-02
9.850000e+00	4.692221e-03	1.026174e-02	4.632856e-03	3.098568e-02	-1.609901e-02
9.900000e+00	5.693868e-03	1.094577e-02	5.888984e-03	3.254478e-02	-1.627529e-02
9.950000e+00	4.748840e-03	1.205701e-02	4.933165e-03	3.018255e-02	-2.066468e-02
1.000000e+01	2.071468e-03	1.349786e-02	2.517178e-03	2.850727e-02	-2.793007e-02
1.005000e+01	-1.638527e-03	1.472715e-02	-1.216097e-03	2.647589e-02	-3.347659e-02
1.010000e+01	-5.356965e-03	1.505457e-02	-4.462142e-03	2.491327e-02	-3.559802e-02
1.015000e+01	-8.111416e-03	1.400743e-02	-7.787308e-03	2.024590e-02	-4.096397e-02
1.020000e+01	-9.239486e-03	1.163484e-02	-8.763245e-03	1.407328e-02	-4.310430e-02
1.025000e+01	-8.564008e-03	9.025234e-03	-7.588030e-03	1.192710e-02	-3.956097e-02
1.030000e+01	-6.413677e-03	8.569345e-03	-6.006424e-03	1.663599e-02	-3.111865e-02
1.035000e+01	-3.491392e-03	1.065473e-02	-5.542764e-03	2.466065e-02	-2.830256e-02
1.040000e+01	-6.393011e-04	1.254735e-02	-1.803170e-03	2.939045e-02	-2.857123e-02
1.045000e+01	1.421767e-03	1.242549e-02	1.747210e-03	2.892496e-02	-2.593272e-02
1.050000e+01	2.297815e-03	1.009224e-02	3.379941e-03	2.574229e-02	-2.152832e-02
1.055000e+01	2.013331e-03	7.272634e-03	2.426380e-03	2.230049e-02	-1.668919e-02
1.060000e+01	9.685610e-04	7.755595e-03	1.572981e-03	1.825019e-02	-1.595249e-02
1.065000e+01	-2.162437e-04	1.072052e-02	-8.380830e-05	2.095086e-02	-2.355808e-02
1.070000e+01	-9.154509e-04	1.237676e-02	6.432072e-04	2.256299e-02	-2.616013e-02
1.075000e+01	-7.029211e-04	1.129483e-02	1.865876e-03	1.978725e-02	-2.707241e-02
1.080000e+01	5.147940e-04	8.158479e-03	1.879052e-03	1.652351e-02	-2.226407e-02
1.085000e+01	2.474196e-03	7.151272e-03	1.371713e-03	2.604800e-02	-1.574170e-02
1.090000e+01	4.642504e-03	1.140434e-02	3.131930e-03	3.474189e-02	-2.122369e-02
1.095000e+01	6.386644e-03	1.622723e-02	6.760775e-03	4.012006e-02	-2.413615e-02
1.100000e+01	7.169810e-03	1.881264e-02	8.192057e-03	4.056590e-02	-2.499638e-02
1.105000e+01	6.715905e-03	1.831282e-02	7.590085e-03	3.537340e-02	-2.710384e-02
1.110000e+01	5.094604e-03	1.498765e-02	5.313911e-03	3.368516e-02	-2.658020e-02
1.115000e+01	2.692124e-03	1.014926e-02	3.025401e-03	2.703654e-02	-2.328397e-02
1.120000e+01	9.055103e-05	6.613969e-03	2.204768e-05	1.820745e-02	-1.740481e-02
1.125000e+01	-2.106249e-03	7.815583e-03	-2.619281e-03	1.438151e-02	-2.000763e-02
1.130000e+01	-3.447607e-03	1.077434e-02	-3.077207e-03	1.722232e-02	-2.509963e-02
1.135000e+01	-3.759145e-03	1.261288e-02	-4.744953e-03	1.811583e-02	-2.845857e-02
1.140000e+01	-3.178281e-03	1.286096e-02	-5.042161e-03	1.801960e-02	-2.835727e-02
1.145000e+01	-2.093971e-03	1.188398e-02	-3.568492e-03	1.831537e-02	-2.524845e-02
1.150000e+01	-1.012107e-03	1.036668e-02	-1.710834e-03	1.866461e-02	-1.940540e-02
1.155000e+01	-3.903298e-04	9.027654e-03	-7.524807e-04	1.812073e-02	-1.784992e-02
1.160000e+01	-4.944089e-04	8.295568e-03	-1.052065e-03	1.780215e-02	-1.972023e-02
1.165000e+01	-1.320188e-03	8.056735e-03	-1.732915e-03	1.752571e-02	-2.169183e-02
1.170000e+01	-2.603282e-03	7.889202e-03	-3.152950e-03	1.505404e-02	-2.295155e-02
1.175000e+01	-3.910411e-03	7.545928e-03	-4.248669e-03	1.382690e-02	-2.231870e-02
1.180000e+01	-4.780662e-03	7.167220e-03	-5.214186e-03	1.198218e-02	-2.210738e-02
1.185000e+01	-4.870304e-03	7.156519e-03	-5.237376e-03	1.393411e-02	-2.438804e-02
1.190000e+01	-4.055579e-03	7.729245e-03	-4.836372e-03	1.560693e-02	-2.362499e-02
1.195000e+01	-2.463326e-03	8.594224e-03	-2.426212e-03	1.685315e-02	-2.092817e-02
1.200000e+01	-4.238728e-04	9.236736e-03	-2.404246e-04	1.681121e-02	-1.785951e-02
1.205000e+01	1.638473e-03	9.285412e-03	1.051937e-03	1.865028e-02	-1.768929e-02
1.210000e+01	3.318855e-03	8.598834e-03	2.535697e-03	2.187358e-02	-1.647393e-02
1.215000e+01	4.351836e-03	7.349482e-03	3.512255e-03	2.199604e-02	-1.397792e-02
1.220000e+01	4.662264e-03	6.005984e-03	4.655068e-03	1.946792e-02	-1.076913e-02
1.225000e+01	4.357546e-03	5.235144e-03	4.528829e-03	1.868009e-02	-1.249268e-02
1.230000e+01	3.666373e-03	5.348586e-03	3.762363e-03	2.165133e-02	-1.348468e-02
1.235000e+01	2.850027e-03	5.874091e-03	2.706618e-03	2.194957e-02	-1.326718e-02
1.240000e+01	2.118525e-03	6.265617e-03	1.979249e-03	1.948465e-02	-1.318767e-02
1.245000e+01	1.578308e-03	6.384882e-03	1.303052e-03	1.689042e-02	-1.454886e-02
1.250000e+01	1.224027e-03	6.371279e-03	1.029583e-03	1.726963e-02	-1.436903e-02
1.255000e+01	9.700214e-04	6.356174e-03	9.860190e-04	1.563595e-02	-1.297083e-02
1.260000e+01	7.037795e-04	6.282724e-03	4.701927e-04	1.369797e-02	-1.357246e-02
1.265000e+01	3.384516e-04	6.009640e-03	1.609606e-04	1.165542e-02	-1.729996e-02
1.270000e+01	-1.546073e-04	5.552253e-03	-2.393644e-04	1.041659e-02	-1.850279e-02
1.275000e+01	-7.418104e-04	5.186141e-03	-6.484991e-04	1.000655e-02	-1.977298e-02
1.280000e+01	-1.348082e-03	5.225808e-03	-1.576897e-03	1.280609e-02	-1.949335e-02
1.285000e+01	-1.889544e-03	5.609509e-03	-2.458852e-03	1.685884e-02	-1.658929e-02
1.290000e+01	-2.302669e-03	5.965581e-03	-3.171658e-03	1.753649e-02	-1.814738e-02
1.295000e+01	-2.558481e-03	6.036066e-03	-3.271915e-03	1.464248e-02	-1.721086e-02
1.300000e+01	-2.658775e-03	5.851006e-03	-2.821613e-03	1.426050e-02	-1.531726e-02
1.305000e+01	-2.628950e-03	5.654395e-03	-2.530374e-03	1.227042e-02	-1.485662e-02
1.310000e+01	-2.475885e-03	5.647283e-03	-2.222850e-03	1.119687e-02	-1.514751e-02
1.315000e+01	-2.195345e-03	5.797818e-03	-2.120447e-03	1.252999e-02	-1.532239e-02
1.320000e+01	-1.772897e-03	5.937497e-03	-1.305554e-03	1.327641e-02	-1.746725e-02
1.325000e+01	-1.202596e-03	5.967640e-03	-8.877585e-04	1.307131e-02	-1.762140e-02
1.330000e+01	-5.088816e-04	5.915678e-03	-3.245105e-04	1.240327e-02	-1.591070e-02
1.335000e+01	2.404200e-04	5.860318e-03	1.607756e-04	1.318284e-02	-1.524749e-02
1.340000e+01	9.391583e-04	5.843512e-03	3.777198e-04	1.675597e-02	-1.279138e-02
1.345000e+01	1.467856e-03	5.843102e-03	1.754896e-03	1.924996e-02	-1.245193e-02
1.350000e+01	1.731751e-03	5.797962e-03	2.113952e-03	1.999179e-02	-1.332235e-02
1.355000e+01	1.698325e-03	5.648130e-03	1.820942e-03	1.836963e-02	-1.364720e-02
1.360000e+01	1.419102e-03	5.387008e-03	1.619814e-03	1.438625e-02	-1.443796e-02
1.365000e+01	1.024686e-03	5.118283e-03	1.204472e-03	1.341096e-02	-1.355070e-02
1.370000e+01	6.909986e-04	5.037346e-03	8.664901e-04	1.210828e-02	-1.171267e-02
1.375000e+01	5.851282e-04	5.244347e-03	7.731373e-04	1.275430e-02	-1.421355e-02
1.380000e+01	8.074640e-04	5.574259e-03	1.189893e-03	1.311944e-02	-1.536139e-02
1.385000e+01	1.349602e-03	5.731349e-03	2.033468e-03	1.192913e-02	-1.438893e-02
1.390000e+01	2.083598e-03	5.536158e-03	2.709644e-03	1.222363e-02	-1.143239e-02
1.395000e+01	2.788601e-03	5.043227e-03	3.020450e-03	1.376431e-02	-9.441863e-03
1.400000e+01	3.208866e-03	4.510928e-03	3.148365e-03	1.477853e-02	-7.119258e-03
1.405000e+01	3.133650e-03	4.224113e-03	3.444423e-03	1.449460e-02	-7.799489e-03
1.410000e+01	2.451007e-03	4.190907e-03	2.565424e-03	1.296426e-02	-9.022841e-03
1.415000e+01	1.182333e-03	4.252308e-03	9.922767e-04	1.128712e-02	-9.715435e-03
1.420000e+01	-5.108303e-04	4.341726e-03	-9.123988e-04	1.275477e-02	-9.984826e-03
1.425000e+01	-2.357991e-03	4.507086e-03	-2.420476e-03	1.239070e-02	-1.420023e-02
1.430000e+01	-4.037922e-03	4.695664e-03	-4.127076e-03	1.036652e-02	-1.714646e-02
1.435000e+01	-5.249098e-03	4.698166e-03	-4.706504e-03	7.154983e-03	-1.917817e-02
1.440000e+01	-5.775167e-03	4.370858e-03	-4.972463e-03	3.699980e-03	-1.871010e-02
1.445000e+01	-5.530266e-03	3.911021e-03	-4.989562e-03	2.421926e-03	-1.725681e-02
1.450000e+01	-4.574328e-03	3.925735e-03	-4.175970e-03	2.610568e-03	-1.537564e-02
1.455000e+01	-3.095879e-03	4.718548e-03	-3.101427e-03	8.100481e-03	-1.726944e-02
1.460000e+01	-1.367248e-03	5.748150e-03	-1.566922e-03	1.312588e-02	-1.683220e-02
1.465000e+01	3.167850e-04	6.393206e-03	6.690008e-05	1.650906e-02	-1.421574e-02
1.470000e+01	1.702319e-03	6.369973e-03	1.296511e-03	1.749605e-02	-1.022044e-02
1.475000e+01	2.626825e-03	5.738132e-03	2.236300e-03	1.579721e-02	-8.496017e-03
1.480000e+01	3.045143e-03	4.837107e-03	2.706315e-03	1.442699e-02	-8.196180e-03
1.485000e+01	3.025378e-03	4.132391e-03	2.734105e-03	1.516756e-02	-7.330984e-03
1.490000e+01	2.716771e-03	3.867772e-03	2.496316e-03	1.553058e-02	-6.310285e-03
1.495000e+01	2.299001e-03	3.834298e-03	2.100497e-03	1.526233e-02	-5.856420e-03
1.500000e+01	1.927527e-03	3.743511e-03	1.837871e-03	1.406575e-02	-8.752372e-03
1.505000e+01	1.704700e-03	3.578121e-03	1.854449e-03	1.154517e-02	-9.851133e-03
1.510000e+01	1.614617e-03	3.500955e-03	1.879840e-03	1.077991e-02	-1.005143e-02
1.515000e+01	1.582983e-03	3.594014e-03	1.816448e-03	9.750958e-03	-1.037724e-02
1.520000e+01	1.496519e-03	3.746611e-03	1.692271e-03	9.577732e-03	-9.610658e-03
1.525000e+01	1.250122e-03	3.836876e-03	1.282624e-03	9.339305e-03	-9.071473e-03
1.530000e+01	7.905184e-04	3.885121e-03	9.810470e-04	9.887846e-03	-9.810405e-03
1.535000e+01	1.414999e-04	3.999047e-03	4.838832e-04	9.525549e-03	-9.724490e-03
1.540000e+01	-5.983222e-04	4.201390e-03	-5.734491e-04	9.697048e-03	-9.384130e-03
1.545000e+01	-1.285139e-03	4.366496e-03	-1.418480e-03	8.681769e-03	-1.212882e-02
1.550000e+01	-1.777311e-03	4.342973e-03	-1.976086e-03	7.666248e-03	-1.343651e-02
1.555000e+01	-1.984296e-03	4.087822e-03	-2.173103e-03	6.835733e-03	-1.259744e-02
1.560000e+01	-1.899780e-03	3.702031e-03	-1.996479e-03	7.288180e-03	-1.090409e-02
1.565000e+01	-1.606616e-03	3.362779e-03	-1.973687e-03	9.297521e-03	-9.710430e-03
1.570000e+01	-1.250623e-03	3.179550e-03	-1.357960e-03	9.829512e-03	-1.136987e-02
1.575000e+01	-9.912308e-04	3.119288e-03	-1.028711e-03	8.849355e-03	-1.213901e-02
1.580000e+01	-9.452730e-04	3.126836e-03	-8.114612e-04	6.006471e-03	-1.129738e-02
1.585000e+01	-1.143214e-03	3.242400e-03	-6.566087e-04	6.779974e-03	-1.102907e-02
1.590000e+01	-1.513269e-03	3.515743e-03	-1.333588e-03	6.991031e-03	-1.111102e-02
1.595000e+01	-1.899717e-03	3.863246e-03	-1.999509e-03	7.417261e-03	-1.094658e-02
1.600000e+01	-2.110222e-03	4.111709e-03	-2.497020e-03	7.325156e-03	-1.129756e-02
1.605000e+01	-1.952108e-03	4.161337e-03	-2.266001e-03	9.123133e-03	-1.125655e-02
1.610000e+01	-1.368020e-03	4.026586e-03	-1.572496e-03	9.983403e-03	-1.022865e-02
1.615000e+01	-3.997881e-04	3.856406e-03	-5.518848e-04	9.992226e-03	-8.162469e-03
1.620000e+01	8.090309e-04	3.793065e-03	7.475653e-04	9.256760e-03	-7.793864e-03
1.625000e+01	2.050535e-03	3.829422e-03	2.123761e-03	1.046623e-02	-7.276090e-03
1.630000e+01	3.106328e-03	3.826870e-03	3.132610e-03	1.219555e-02	-7.394715e-03
1.635000e+01	3.801109e-03	3.658850e-03	3.718253e-03	1.413397e-02	-6.437626e-03
1.640000e+01	4.040605e-03	3.308922e-03	4.156339e-03	1.357843e-02	-4.933398e-03
1.645000e+01	3.824508e-03	2.909561e-03	3.804953e-03	1.160567e-02	-3.062791e-03
1.650000e+01	3.233627e-03	2.742578e-03	3.401783e-03	1.094330e-02	-3.632562e-03
1.655000e+01	2.398345e-03	3.032261e-03	2.825415e-03	9.654002e-03	-5.663749e-03
1.660000e+01	1.460288e-03	3.633260e-03	2.071158e-03	9.500797e-03	-8.035680e-03
1.665000e+01	5.395169e-04	4.208391e-03	1.106843e-03	8.893954e-03	-1.003287e-02
1.670000e+01	-2.841434e-04	4.499679e-03	3.239981e-04	9.752040e-03	-1.060372e-02
1.675000e+01	-9.730315e-04	4.391483e-03	-2.711840e-04	9.798180e-03	-1.049253e-02
1.680000e+01	-1.520317e-03	3.916972e-03	-1.043117e-03	9.401496e-03	-1.017887e-02
1.685000e+01	-1.932861e-03	3.250178e-03	-1.685861e-03	7.468446e-03	-9.759998e-03
1.690000e+01	-2.216449e-03	2.668593e-03	-2.088770e-03	4.490786e-03	-9.002271e-03
1.695000e+01	-2.369192e-03	2.421631e-03	-2.235599e-03	4.157295e-03	-8.948438e-03
1.700000e+01	-2.384545e-03	2.502176e-03	-2.156148e-03	4.114253e-03	-9.225844e-03
1.705000e+01	-2.273168e-03	2.705634e-03	-2.144396e-03	4.178834e-03	-8.420340e-03
1.710000e+01	-2.043098e-03	2.892490e-03	-2.020183e-03	4.955953e-03	-1.039660e-02
1.715000e+01	-1.723427e-03	3.021255e-03	-1.904960e-03	4.859970e-03	-1.171907e-02
1.720000e+01	-1.361310e-03	3.062314e-03	-1.362362e-03	5.715612e-03	-1.185758e-02
1.725000e+01	-1.010568e-03	2.986387e-03	-9.746699e-04	5.467652e-03	-1.060328e-02
1.730000e+01	-7.152076e-04	2.809862e-03	-9.136880e-04	5.011869e-03	-8.267961e-03
1.735000e+01	-4.940142e-04	2.623741e-03	-5.537969e-04	5.147820e-03	-6.297946e-03
1.740000e+01	-3.322267e-04	2.553383e-03	-5.223326e-04	6.375744e-03	-5.118327e-03
1.745000e+01	-1.840026e-04	2.649897e-03	-5.144013e-04	7.325292e-03	-6.048380e-03
1.750000e+01	1.415486e-05	2.837409e-03	-5.191590e-07	8.224060e-03	-7.058373e-03
1.755000e+01	3.224611e-04	2.990964e-03	4.761962e-04	8.381567e-03	-7.089542e-03
1.760000e+01	7.754127e-04	3.019388e-03	1.002597e-03	8.902087e-03	-6.286528e-03
1.765000e+01	1.364601e-03	2.896339e-03	1.282032e-03	9.477440e-03	-5.084630e-03
1.770000e+01	2.032290e-03	2.675081e-03	1.798078e-03	9.981649e-03	-5.355964e-03
1.775000e+01	2.678422e-03	2.485456e-03	2.507967e-03	1.014648e-02	-5.140479e-03
1.780000e+01	3.180054e-03	2.454353e-03	3.108227e-03	9.935910e-03	-4.291721e-03
1.785000e+01	3.418768e-03	2.565700e-03	3.218205e-03	1.014779e-02	-3.125588e-03
1.790000e+01	3.309288e-03	2.676243e-03	3.154766e-03	9.859486e-03	-2.397252e-03
1.795000e+01	2.821976e-03	2.685808e-03	2.649141e-03	9.485245e-03	-2.819762e-03
1.800000e+01	1.993337e-03	2.641769e-03	1.894324e-03	8.552204e-03	-4.882225e-03
1.805000e+01	9.133146e-04	2.709550e-03	9.700574e-04	7.455790e-03	-7.328630e-03
1.810000e+01	-2.674889e-04	2.988546e-03	-9.156830e-05	7.287156e-03	-8.834508e-03
1.815000e+01	-1.388469e-03	3.364667e-03	-1.087548e-03	6.449999e-03	-9.531224e-03
1.820000e+01	-2.304701e-03	3.639354e-03	-2.056527e-03	5.724206e-03	-1.122182e-02
1.825000e+01	-2.913634e-03	3.681779e-03	-2.637115e-03	5.384080e-03	-1.180869e-02
1.830000e+01	-3.171199e-03	3.471476e-03	-2.539488e-03	4.444433e-03	-1.085478e-02
1.835000e+01	-3.094167e-03	3.087891e-03	-2.649773e-03	3.158855e-03	-1.037243e-02
1.840000e+01	-2.749228e-03	2.687069e-03	-2.566339e-03	2.959335e-03	-9.134252e-03
1.845000e+01	-2.232613e-03	2.456387e-03	-2.090281e-03	4.139834e-03	-8.288585e-03
1.850000e+01	-1.646206e-03	2.495492e-03	-1.839196e-03	5.548925e-03	-7.392391e-03
1.855000e+01	-1.076442e-03	2.714849e-03	-1.442783e-03	6.545759e-03	-7.448450e-03
1.860000e+01	-5.808193e-04	2.938511e-03	-9.735813e-04	7.172929e-03	-6.876676e-03
1.865000e+01	-1.840719e-04	3.040745e-03	-2.911607e-04	7.920064e-03	-6.894436e-03
1.870000e+01	1.169099e-04	2.980232e-03	-1.127064e-04	7.743608e-03	-6.544732e-03
1.875000e+01	3.427338e-04	2.787585e-03	2.006864e-04	7.466603e-03	-6.276857e-03
1.880000e+01	5.199753e-04	2.536417e-03	6.122351e-04	8.699451e-03	-5.323598e-03
1.885000e+01	6.721397e-04	2.303562e-03	7.601425e-04	1.046657e-02	-4.527239e-03
1.890000e+01	8.150656e-04	2.136510e-03	8.406130e-04	1.124842e-02	-4.823134e-03
1.895000e+01	9.566256e-04	2.052341e-03	1.098760e-03	1.087246e-02	-5.124347e-03
1.900000e+01	1.098959e-03	2.056013e-03	1.289547e-03	9.469695e-03	-4.623428e-03
1.905000e+01	1.244446e-03	2.141021e-03	1.287681e-03	7.179231e-03	-3.755663e-03
1.910000e+01	1.387671e-03	2.261620e-03	1.562627e-03	6.687091e-03	-5.031528e-03
1.915000e+01	1.518620e-03	2.354382e-03	1.749653e-03	7.554378e-03	-5.694959e-03
1.920000e+01	1.621066e-03	2.373930e-03	1.896113e-03	7.581975e-03	-5.534615e-03
1.925000e+01	1.671725e-03	2.319353e-03	1.852525e-03	6.924841e-03	-5.208528e-03
1.930000e+01	1.641622e-03	2.236481e-03	1.809322e-03	6.470586e-03	-4.956544e-03
1.935000e+01	1.500551e-03	2.192605e-03	1.594930e-03	5.992390e-03	-4.833086e-03
1.940000e+01	1.224245e-03	2.226485e-03	1.145141e-03	6.170728e-03	-5.004009e-03
1.945000e+01	8.026853e-04	2.311754e-03	7.025137e-04	6.767194e-03	-6.195191e-03
1.950000e+01	2.471883e-04	2.378322e-03	2.987596e-05	6.821071e-03	-6.581295e-03
1.955000e+01	-4.060299e-04	2.366693e-03	-6.168243e-04	5.956412e-03	-6.627002e-03
1.960000e+01	-1.097396e-03	2.268140e-03	-1.304770e-03	5.793159e-03	-8.151167e-03
1.965000e+01	-1.750932e-03	2.135950e-03	-1.910950e-03	4.521186e-03	-8.727610e-03
1.970000e+01	-2.285571e-03	2.055339e-03	-2.234018e-03	2.544612e-03	-8.247981e-03
1.975000e+01	-2.628727e-03	2.068383e-03	-2.477511e-03	2.081985e-03	-8.160240e-03
1.980000e+01	-2.729433e-03	2.130882e-03	-2.546752e-03	3.370986e-03	-8.294973e-03
1.985000e+01	-2.568398e-03	2.173606e-03	-2.476603e-03	3.852351e-03	-9.053328e-03
1.990000e+01	-2.162902e-03	2.183265e-03	-2.132557e-03	3.585133e-03	-9.287185e-03
1.995000e+01	-1.565319e-03	2.210976e-03	-1.510101e-03	3.201788e-03	-8.316053e-03
2.000000e+01	-8.552547e-04	2.302299e-03	-8.055542e-04	5.653617e-03	-7.428009e-03
