# k	<chi>	std	chi_median	chi_max	chi_min
0.000000e+00	-6.009717e-02	2.805054e-01	0.000000e+00	7.864491e-01	-9.475375e-01
5.000000e-02	-1.348015e-01	3.732371e-01	-1.508063e-01	7.675657e-01	-9.529133e-01
1.000000e-01	-1.412055e-01	3.668903e-01	-1.522924e-01	7.482115e-01	-9.581835e-01
1.500000e-01	-1.609084e-01	3.477868e-01	-1.603580e-01	6.972615e-01	-9.732506e-01
2.000000e-01	-1.812961e-01	3.286419e-01	-1.664893e-01	6.437073e-01	-9.872972e-01
2.500000e-01	-2.161119e-01	2.977068e-01	-1.754882e-01	5.479782e-01	-1.007962e+00
3.000000e-01	-2.518373e-01	2.685287e-01	-1.898861e-01	4.446643e-01	-1.025465e+00
3.500000e-01	-3.011477e-01	2.342116e-01	-2.086402e-01	2.936565e-01	-1.043773e+00
4.000000e-01	-3.496588e-01	2.099100e-01	-2.938794e-01	1.354564e-01	-1.055185e+00
4.500000e-01	-4.065686e-01	1.987266e-01	-4.554402e-01	-6.517503e-02	-1.058803e+00
5.000000e-01	-4.578137e-01	2.086446e-01	-4.862525e-01	-1.162800e-01	-1.050440e+00
5.500000e-01	-5.073308e-01	2.373959e-01	-4.953249e-01	-1.317997e-01	-1.024137e+00
6.000000e-01	-5.435835e-01	2.723393e-01	-4.783327e-01	-1.467117e-01	-1.068788e+00
6.500000e-01	-5.652489e-01	3.075501e-01	-4.556268e-01	-1.579987e-01	-1.141058e+00
7.000000e-01	-5.662292e-01	3.326315e-01	-4.256513e-01	-1.602418e-01	-1.205162e+00
7.500000e-01	-5.422154e-01	3.442460e-01	-3.759438e-01	-1.587683e-01	-1.205171e+00
8.000000e-01	-4.953955e-01	3.392940e-01	-3.236847e-01	-1.467796e-01	-1.194883e+00
8.500000e-01	-4.221751e-01	3.160650e-01	-2.545764e-01	-1.038832e-01	-1.118101e+00
9.000000e-01	-3.339792e-01	2.789927e-01	-1.927734e-01	-2.164967e-02	-9.797746e-01
9.500000e-01	-2.311067e-01	2.295545e-01	-1.340254e-01	6.664360e-02	-7.841287e-01
1.000000e+00	-1.309758e-01	1.787052e-01	-9.748999e-02	1.390064e-01	-5.798253e-01
1.050000e+00	-3.761280e-02	1.335891e-01	-4.723493e-02	1.962613e-01	-3.776481e-01
1.100000e+00	3.303187e-02	1.084879e-01	-5.384609e-03	2.329540e-01	-1.997615e-01
1.150000e+00	7.724472e-02	1.050084e-01	6.177745e-02	2.612845e-01	-1.047260e-01
1.200000e+00	8.902681e-02	1.101529e-01	1.026906e-01	2.694786e-01	-1.172604e-01
1.250000e+00	7.012973e-02	1.110570e-01	1.016627e-01	2.446007e-01	-1.413174e-01
1.300000e+00	2.808818e-02	1.032655e-01	5.572176e-02	2.048788e-01	-1.708091e-01
1.350000e+00	-2.864433e-02	8.777351e-02	-2.185993e-02	1.473596e-01	-1.997021e-01
1.400000e+00	-8.427992e-02	6.939499e-02	-9.386764e-02	8.602626e-02	-2.205277e-01
1.450000e+00	-1.288620e-01	5.095216e-02	-1.398474e-01	2.782951e-02	-2.292553e-01
1.500000e+00	-1.500295e-01	3.520875e-02	-1.468655e-01	-1.428334e-02	-2.304735e-01
1.550000e+00	-1.443503e-01	2.557552e-02	-1.444152e-01	-3.748626e-02	-2.092514e-01
1.600000e+00	-1.121721e-01	3.343048e-02	-1.192139e-01	-5.609260e-03	-1.656469e-01
1.650000e+00	-5.983686e-02	5.472570e-02	-7.693660e-02	7.255345e-02	-1.407955e-01
1.700000e+00	9.308549e-04	7.636160e-02	-3.432860e-02	1.486479e-01	-9.991174e-02
1.750000e+00	5.984725e-02	9.261739e-02	5.449771e-03	2.363475e-01	-4.459280e-02
1.800000e+00	1.046743e-01	9.720128e-02	4.406081e-02	2.926208e-01	9.334617e-03
1.850000e+00	1.311052e-01	9.031368e-02	8.886559e-02	3.054902e-01	2.860982e-02
1.900000e+00	1.360465e-01	7.314417e-02	1.218508e-01	2.697583e-01	2.872439e-02
1.950000e+00	1.248847e-01	5.335931e-02	1.366606e-01	2.149062e-01	2.017336e-02
2.000000e+00	1.027817e-01	4.081816e-02	1.189044e-01	1.615264e-01	1.092280e-02
2.050000e+00	7.899205e-02	4.228985e-02	6.223311e-02	1.493911e-01	5.556880e-03
2.100000e+00	5.812186e-02	4.538210e-02	4.410778e-02	1.330151e-01	-9.893270e-03
2.150000e+00	4.359572e-02	4.125718e-02	4.229012e-02	1.093903e-01	-2.951597e-02
2.200000e+00	3.533771e-02	3.049398e-02	4.270466e-02	8.422665e-02	-2.288681e-02
2.250000e+00	3.031609e-02	1.947556e-02	3.434625e-02	7.042923e-02	-9.636516e-03
2.300000e+00	2.542360e-02	1.874997e-02	1.856428e-02	6.513729e-02	-7.923344e-03
2.350000e+00	1.908344e-02	2.187289e-02	1.255343e-02	5.681206e-02	-1.951547e-02
2.400000e+00	1.125705e-02	2.189718e-02	5.059437e-03	4.639997e-02	-2.694640e-02
2.450000e+00	5.330947e-03	1.952022e-02	-2.914776e-03	3.878846e-02	-3.464609e-02
2.500000e+00	2.450767e-04	1.678504e-02	-7.307647e-03	3.170640e-02	-3.765053e-02
2.550000e+00	-3.443526e-03	1.497609e-02	-5.856140e-03	2.479137e-02	-3.711783e-02
2.600000e+00	-5.369905e-03	1.384569e-02	-2.381174e-03	1.910045e-02	-3.556556e-02
2.650000e+00	-6.395798e-03	1.325710e-02	-1.446708e-03	1.586398e-02	-3.405144e-02
2.700000e+00	-6.253111e-03	1.212894e-02	-1.000109e-03	1.343805e-02	-2.913779e-02
2.750000e+00	-5.207384e-03	1.041865e-02	-1.346356e-03	1.164915e-02	-2.609591e-02
2.800000e+00	-3.651233e-03	8.407913e-03	-1.472393e-03	1.018869e-02	-2.170814e-02
2.850000e+00	-2.951521e-03	6.620338e-03	-2.074915e-03	8.607670e-03	-1.784894e-02
2.900000e+00	-2.093961e-03	4.974952e-03	-2.190112e-03	8.667185e-03	-1.371168e-02
2.950000e+00	-1.265477e-03	3.696635e-03	-1.585080e-03	8.910432e-03	-1.043839e-02
3.000000e+00	-6.046424e-04	3.179753e-03	-1.102155e-03	9.322408e-03	-9.736381e-03
3.050000e+00	-4.296733e-04	3.969826e-03	-3.872313e-04	9.523740e-03	-8.415397e-03
3.100000e+00	-4.935348e-04	5.702823e-03	6.338131e-04	9.501621e-03	-1.301709e-02
3.150000e+00	-8.927212e-04	7.234057e-03	7.471599e-04	1.111136e-02	-1.682848e-02
3.200000e+00	-1.668788e-03	7.892643e-03	2.927316e-04	1.411483e-02	-1.879637e-02
3.250000e+00	-3.179908e-03	7.510448e-03	-5.510605e-04	1.504473e-02	-2.001210e-02
3.300000e+00	-4.708040e-03	6.010104e-03	-2.433918e-03	1.442823e-02	-1.862360e-02
3.350000e+00	-5.913480e-03	4.067527e-03	-5.140899e-03	1.261992e-02	-1.461830e-02
3.400000e+00	-6.449792e-03	3.737345e-03	-6.228680e-03	1.019982e-02	-1.642650e-02
3.450000e+00	-6.119456e-03	5.920931e-03	-4.174590e-03	7.406251e-03	-2.010416e-02
3.500000e+00	-4.377633e-03	8.111445e-03	-1.932318e-03	9.814803e-03	-2.057810e-02
3.550000e+00	-1.290169e-03	9.255495e-03	1.612746e-04	1.636917e-02	-1.742929e-02
3.600000e+00	2.776544e-03	9.103745e-03	3.703511e-03	2.119888e-02	-1.146862e-02
3.650000e+00	7.482158e-03	7.825451e-03	7.608550e-03	2.403565e-02	-4.932813e-03
3.700000e+00	1.183894e-02	5.808415e-03	1.120247e-02	2.443445e-02	1.569193e-03
3.750000e+00	1.494829e-02	3.821112e-03	1.420448e-02	2.287125e-02	7.619430e-03
3.800000e+00	1.606428e-02	2.889205e-03	1.628697e-02	2.168607e-02	8.979396e-03
3.850000e+00	1.489295e-02	3.219088e-03	1.516546e-02	2.198591e-02	6.561780e-03
3.900000e+00	1.116058e-02	3.776890e-03	1.132131e-02	1.891508e-02	1.933721e-03
3.950000e+00	5.335610e-03	4.216960e-03	4.891690e-03	1.518542e-02	-4.025130e-03
4.000000e+00	-1.664925e-03	4.713619e-03	-2.474944e-03	9.953157e-03	-1.044459e-02
4.050000e+00	-8.948563e-03	5.320270e-03	-8.963609e-03	3.134832e-03	-1.979301e-02
4.100000e+00	-1.518294e-02	5.961368e-03	-1.408383e-02	-4.677569e-03	-2.915239e-02
4.150000e+00	-1.939783e-02	6.249791e-03	-1.820700e-02	-8.057775e-03	-3.412633e-02
4.200000e+00	-2.104608e-02	5.933987e-03	-2.071067e-02	-9.173769e-03	-3.420823e-02
4.250000e+00	-2.026707e-02	5.389727e-03	-2.102446e-02	-8.169200e-03	-3.062046e-02
4.300000e+00	-1.727471e-02	5.132445e-03	-1.734650e-02	-5.983753e-03	-3.055885e-02
4.350000e+00	-1.288256e-02	6.091917e-03	-1.061588e-02	-3.288432e-03	-2.966300e-02
4.400000e+00	-8.017676e-03	8.200099e-03	-7.821916e-03	9.192747e-03	-2.684822e-02
4.450000e+00	-3.557267e-03	1.051222e-02	-6.531540e-03	1.925584e-02	-2.288798e-02
4.500000e+00	7.616045e-05	1.238006e-02	-5.288121e-03	2.590033e-02	-1.858800e-02
4.550000e+00	2.747825e-03	1.341332e-02	-3.470906e-03	2.872806e-02	-1.511193e-02
4.600000e+00	4.667999e-03	1.348309e-02	-8.459040e-04	2.947586e-02	-1.566669e-02
4.650000e+00	6.200047e-03	1.270343e-02	1.978152e-03	2.935840e-02	-1.613543e-02
4.700000e+00	7.781107e-03	1.136390e-02	5.057282e-03	2.911150e-02	-1.613840e-02
4.750000e+00	9.597962e-03	9.783424e-03	8.406080e-03	2.876566e-02	-1.451314e-02
4.800000e+00	1.155145e-02	8.212010e-03	1.100748e-02	2.860695e-02	-1.135884e-02
4.850000e+00	1.333751e-02	6.732424e-03	1.365384e-02	2.857420e-02	-7.011207e-03
4.900000e+00	1.452769e-02	5.456598e-03	1.482430e-02	2.648805e-02	-2.017377e-03
4.950000e+00	1.477510e-02	4.807524e-03	1.477040e-02	2.601938e-02	3.063511e-03
5.000000e+00	1.398392e-02	5.581972e-03	1.379203e-02	3.082340e-02	3.441590e-03
5.050000e+00	1.242226e-02	7.761177e-03	1.302199e-02	3.576674e-02	-5.158592e-03
5.100000e+00	1.050294e-02	1.054784e-02	1.246703e-02	3.865488e-02	-1.350106e-02
5.150000e+00	8.736421e-03	1.322054e-02	1.189549e-02	3.873911e-02	-2.057221e-02
5.200000e+00	7.473737e-03	1.526910e-02	1.162588e-02	3.613238e-02	-2.489025e-02
5.250000e+00	6.702741e-03	1.636853e-02	1.168922e-02	3.741521e-02	-2.521441e-02
5.300000e+00	6.039197e-03	1.642227e-02	1.094576e-02	3.921811e-02	-2.326469e-02
5.350000e+00	4.802575e-03	1.553678e-02	9.038153e-03	3.773548e-02	-2.274329e-02
5.400000e+00	2.258550e-03	1.397255e-02	5.718844e-03	3.244599e-02	-2.767494e-02
5.450000e+00	-2.063057e-03	1.203889e-02	4.757774e-04	2.306796e-02	-3.483675e-02
5.500000e+00	-8.108127e-03	1.026198e-02	-6.162995e-03	1.155554e-02	-4.043592e-02
5.550000e+00	-1.523545e-02	9.122088e-03	-1.457118e-02	5.818408e-03	-4.338693e-02
5.600000e+00	-2.228492e-02	8.773086e-03	-2.408486e-02	4.273974e-03	-4.336830e-02
5.650000e+00	-2.777636e-02	8.793341e-03	-2.957352e-02	1.658380e-03	-4.296347e-02
5.700000e+00	-3.049302e-02	8.724950e-03	-3.205493e-02	-1.829568e-03	-4.530971e-02
5.750000e+00	-2.968180e-02	8.534909e-03	-3.062469e-02	-2.738356e-03	-4.516117e-02
5.800000e+00	-2.532140e-02	8.812440e-03	-2.544308e-02	2.669836e-03	-4.894565e-02
5.850000e+00	-1.807651e-02	1.009840e-02	-1.732432e-02	8.025343e-03	-4.855446e-02
5.900000e+00	-9.351097e-03	1.209355e-02	-6.747153e-03	1.306660e-02	-4.431977e-02
5.950000e+00	-6.698272e-04	1.393015e-02	3.107295e-03	2.364512e-02	-3.659102e-02
6.000000e+00	6.615397e-03	1.493423e-02	1.028827e-02	3.181897e-02	-3.098124e-02
6.050000e+00	1.165344e-02	1.489965e-02	1.493209e-02	3.972489e-02	-2.516668e-02
6.100000e+00	1.411832e-02	1.444207e-02	1.373858e-02	4.493866e-02	-1.866541e-02
6.150000e+00	1.435385e-02	1.470438e-02	1.038475e-02	4.708425e-02	-1.207366e-02
6.200000e+00	1.308118e-02	1.650120e-02	9.215856e-03	4.660827e-02	-1.837291e-02
6.250000e+00	1.112541e-02	1.932720e-02	1.052371e-02	4.439565e-02	-2.634530e-02
6.300000e+00	9.170901e-03	2.188065e-02	1.186312e-02	4.334968e-02	-3.190788e-02
6.350000e+00	7.618289e-03	2.297932e-02	1.340226e-02	4.275373e-02	-3.478292e-02
6.400000e+00	6.570044e-03	2.192234e-02	1.359782e-02	3.997519e-02	-3.671006e-02
6.450000e+00	5.921517e-03	1.862282e-02	1.171911e-02	3.543223e-02	-3.433478e-02
6.500000e+00	5.499413e-03	1.378996e-02	7.664385e-03	3.064731e-02	-2.781529e-02
6.550000e+00	5.151364e-03	9.644946e-03	5.513011e-03	3.409151e-02	-2.552033e-02
6.600000e+00	4.860200e-03	1.065195e-02	4.610627e-03	3.793139e-02	-3.124832e-02
6.650000e+00	4.683093e-03	1.580695e-02	2.456078e-03	4.021064e-02	-3.377316e-02
6.700000e+00	4.680413e-03	2.129466e-02	-1.314162e-03	4.599939e-02	-3.250796e-02
6.750000e+00	4.826571e-03	2.569539e-02	-1.881314e-03	5.306670e-02	-3.527038e-02
6.800000e+00	4.960269e-03	2.862576e-02	-9.969052e-04	5.868198e-02	-3.899060e-02
6.850000e+00	4.802461e-03	3.004874e-02	3.992231e-04	6.189222e-02	-4.722709e-02
6.900000e+00	4.039310e-03	3.000209e-02	1.886700e-03	6.105132e-02	-5.181213e-02
6.950000e+00	2.439002e-03	2.849379e-02	3.445703e-03	5.706306e-02	-5.290238e-02
7.000000e+00	-4.334680e-05	2.553563e-02	3.320036e-03	5.285140e-02	-5.050702e-02
7.050000e+00	-3.211957e-03	2.121568e-02	8.464152e-04	4.590441e-02	-4.682841e-02
7.100000e+00	-6.640071e-03	1.615489e-02	-3.883760e-03	3.605907e-02	-4.637803e-02
7.150000e+00	-9.799422e-03	1.168090e-02	-1.117792e-02	2.370276e-02	-4.171530e-02
7.200000e+00	-1.217055e-02	1.038899e-02	-1.198075e-02	1.668883e-02	-3.270464e-02
7.250000e+00	-1.336994e-02	1.301624e-02	-1.117065e-02	1.778339e-02	-4.239069e-02
7.300000e+00	-1.323801e-02	1.671107e-02	-8.083595e-03	1.936690e-02	-5.004882e-02
7.350000e+00	-1.186688e-02	1.956663e-02	-5.348286e-03	2.154614e-02	-5.250352e-02
7.400000e+00	-9.566891e-03	2.101746e-02	-4.080283e-03	2.647232e-02	-5.015218e-02
7.450000e+00	-6.787329e-03	2.119312e-02	-2.638562e-03	2.853581e-02	-4.764389e-02
7.500000e+00	-4.015731e-03	2.061255e-02	-1.473446e-03	3.279678e-02	-4.337757e-02
7.550000e+00	-1.688809e-03	1.996379e-02	-6.184081e-04	3.646450e-02	-3.995052e-02
7.600000e+00	-9.391277e-05	1.998147e-02	3.591569e-05	3.664170e-02	-3.664014e-02
7.650000e+00	6.847019e-04	2.106547e-02	-3.084760e-03	3.958380e-02	-3.547013e-02
7.700000e+00	7.745516e-04	2.294362e-02	-6.059051e-03	4.452766e-02	-3.790428e-02
7.750000e+00	4.907477e-04	2.468478e-02	-8.861205e-03	4.850693e-02	-3.999221e-02
7.800000e+00	2.743303e-04	2.512531e-02	-9.199420e-03	5.366170e-02	-3.970166e-02
7.850000e+00	5.973203e-04	2.336248e-02	-7.262210e-03	5.470285e-02	-3.816575e-02
7.900000e+00	1.845957e-03	1.921085e-02	-2.430758e-03	4.939138e-02	-4.172809e-02
7.950000e+00	4.203323e-03	1.396014e-02	5.620257e-03	3.897046e-02	-4.076221e-02
8.000000e+00	7.560691e-03	1.231451e-02	8.555444e-03	3.462441e-02	-3.483289e-02
8.050000e+00	1.144533e-02	1.792220e-02	8.118266e-03	5.351396e-02	-2.886924e-02
8.100000e+00	1.519272e-02	2.607436e-02	7.984920e-03	7.226892e-02	-2.667048e-02
8.150000e+00	1.797558e-02	3.318471e-02	1.125046e-02	8.736419e-02	-3.509809e-02
8.200000e+00	1.902564e-02	3.773279e-02	1.343974e-02	9.373827e-02	-4.166236e-02
8.250000e+00	1.783202e-02	3.913222e-02	1.256541e-02	9.345237e-02	-4.389790e-02
8.300000e+00	1.429274e-02	3.741055e-02	9.931408e-03	8.997983e-02	-4.647758e-02
8.350000e+00	8.771643e-03	3.303298e-02	6.319523e-03	7.805188e-02	-5.072234e-02
8.400000e+00	2.037893e-03	2.676899e-02	2.132801e-03	6.377033e-02	-5.095974e-02
8.450000e+00	-4.899861e-03	1.969096e-02	-4.238723e-03	4.634518e-02	-4.676706e-02
8.500000e+00	-1.101988e-02	1.360136e-02	-1.013578e-02	2.549652e-02	-4.570967e-02
8.550000e+00	-1.550911e-02	1.184961e-02	-1.600712e-02	1.595138e-02	-4.564731e-02
8.600000e+00	-1.790897e-02	1.533095e-02	-1.655213e-02	1.741700e-02	-5.118096e-02
8.650000e+00	-1.821094e-02	2.012947e-02	-1.295498e-02	2.266327e-02	-5.845466e-02
8.700000e+00	-1.677962e-02	2.383655e-02	-1.029427e-02	2.786657e-02	-6.366816e-02
8.750000e+00	-1.420792e-02	2.559610e-02	-8.115101e-03	3.595949e-02	-6.229933e-02
8.800000e+00	-1.113976e-02	2.529218e-02	-4.488076e-03	3.777433e-02	-5.678564e-02
8.850000e+00	-8.115715e-03	2.334318e-02	-1.371858e-03	3.811134e-02	-5.296467e-02
8.900000e+00	-5.480841e-03	2.057646e-02	-3.426544e-05	3.542857e-02	-4.770384e-02
8.950000e+00	-3.366749e-03	1.798348e-02	1.943098e-04	2.964347e-02	-4.095856e-02
9.000000e+00	-1.732866e-03	1.627641e-02	7.588344e-04	3.176882e-02	-3.397130e-02
9.050000e+00	-4.271853e-04	1.548630e-02	1.138065e-03	3.704741e-02	-3.244053e-02
9.100000e+00	7.358079e-04	1.509081e-02	1.193135e-03	3.889989e-02	-3.227738e-02
9.150000e+00	1.928765e-03	1.463492e-02	2.025530e-03	3.604376e-02	-3.177145e-02
9.200000e+00	3.291230e-03	1.397005e-02	2.879975e-03	3.910250e-02	-2.891317e-02
9.250000e+00	4.919326e-03	1.322232e-02	5.541896e-03	3.936458e-02	-2.403147e-02
9.300000e+00	6.849686e-03	1.283575e-02	7.750059e-03	3.559494e-02	-2.552157e-02
9.350000e+00	9.029945e-03	1.359996e-02	1.187641e-02	3.350220e-02	-2.974421e-02
9.400000e+00	1.128452e-02	1.607400e-02	1.394776e-02	4.124837e-02	-3.065469e-02
9.450000e+00	1.329814e-02	1.986776e-02	1.133441e-02	5.602828e-02	-3.365140e-02
9.500000e+00	1.464172e-02	2.394334e-02	6.802149e-03	6.802919e-02	-3.074024e-02
9.550000e+00	1.486221e-02	2.725449e-02	4.148343e-03	7.519069e-02	-2.503159e-02
9.600000e+00	1.356785e-02	2.893256e-02	3.937969e-03	7.998156e-02	-2.832942e-02
9.650000e+00	1.060729e-02	2.852572e-02	2.705544e-03	7.666812e-02	-3.264454e-02
9.700000e+00	6.152013e-03	2.602119e-02	3.061377e-03	6.586344e-02	-3.633016e-02
9.750000e+00	7.170841e-04	2.183746e-02	1.622425e-03	5.029588e-02	-3.669742e-02
9.800000e+00	-4.918875e-03	1.678921e-02	-3.461913e-03	3.554658e-02	-3.670759e-02
9.850000e+00	-9.882626e-03	1.214073e-02	-1.045252e-02	2.135057e-02	-3.686711e-02
9.900000e+00	-1.341832e-02	9.749876e-03	-1.535371e-02	1.975101e-02	-3.295455e-02
9.950000e+00	-1.507730e-02	1.064744e-02	-1.573234e-02	1.955106e-02	-4.070987e-02
1.000000e+01	-1.482373e-02	1.313713e-02	-1.374624e-02	1.642265e-02	-4.660627e-02
1.005000e+01	-1.303637e-02	1.557352e-02	-9.685760e-03	1.717478e-02	-4.813120e-02
1.010000e+01	-1.031542e-02	1.728853e-02	-4.899267e-03	1.695665e-02	-4.652457e-02
1.015000e+01	-7.368443e-03	1.813627e-02	-1.200638e-03	2.083351e-02	-4.686674e-02
1.020000e+01	-4.774556e-03	1.815971e-02	1.485876e-03	2.472797e-02	-4.496928e-02
1.025000e+01	-2.840127e-03	1.749867e-02	2.439757e-03	2.613604e-02	-4.216574e-02
1.030000e+01	-1.559280e-03	1.635497e-02	2.043796e-03	3.014162e-02	-3.902007e-02
1.035000e+01	-6.835973e-04	1.494974e-02	2.302362e-03	3.155095e-02	-3.500363e-02
1.040000e+01	1.338917e-04	1.346428e-02	2.092878e-03	3.107105e-02	-3.069506e-02
1.045000e+01	1.179518e-03	1.199696e-02	2.470274e-03	2.944442e-02	-2.549713e-02
1.050000e+01	2.564392e-03	1.058045e-02	2.246229e-03	2.713513e-02	-1.941737e-02
1.055000e+01	4.192345e-03	9.280092e-03	3.271399e-03	2.455191e-02	-1.380508e-02
1.060000e+01	5.813406e-03	8.350296e-03	4.794829e-03	2.569525e-02	-1.373089e-02
1.065000e+01	7.132423e-03	8.296517e-03	7.246834e-03	2.757551e-02	-1.335478e-02
1.070000e+01	7.923552e-03	9.482095e-03	8.770221e-03	3.471866e-02	-1.517316e-02
1.075000e+01	8.103671e-03	1.163457e-02	6.819189e-03	3.903624e-02	-1.689693e-02
1.080000e+01	7.738995e-03	1.411274e-02	4.909094e-03	3.928408e-02	-2.068018e-02
1.085000e+01	6.989463e-03	1.630535e-02	2.747810e-03	4.201827e-02	-2.535216e-02
1.090000e+01	6.021629e-03	1.774280e-02	6.846478e-04	4.477340e-02	-2.761191e-02
1.095000e+01	4.932272e-03	1.812496e-02	-7.785368e-04	4.417897e-02	-3.007973e-02
1.100000e+01	3.717492e-03	1.734783e-02	-1.549662e-03	4.325194e-02	-3.074602e-02
1.105000e+01	2.301086e-03	1.554733e-02	-1.744725e-03	3.945243e-02	-2.719879e-02
1.110000e+01	5.985298e-04	1.303938e-02	-1.715847e-03	3.319178e-02	-2.520433e-02
1.115000e+01	-1.395270e-03	1.043219e-02	-2.291464e-03	2.401156e-02	-2.798294e-02
1.120000e+01	-3.554210e-03	8.543619e-03	-4.035579e-03	1.550702e-02	-2.770542e-02
1.125000e+01	-5.623151e-03	7.994441e-03	-6.457375e-03	1.632087e-02	-2.480799e-02
1.130000e+01	-7.279164e-03	8.509981e-03	-7.976065e-03	2.203885e-02	-2.472921e-02
1.135000e+01	-8.230057e-03	9.334275e-03	-8.717210e-03	2.461400e-02	-2.882810e-02
1.140000e+01	-8.312097e-03	1.007262e-02	-8.847837e-03	2.383265e-02	-3.237015e-02
1.145000e+01	-7.548366e-03	1.069890e-02	-6.356601e-03	1.994937e-02	-3.471191e-02
1.150000e+01	-6.144365e-03	1.125419e-02	-3.778559e-03	2.193585e-02	-3.562975e-02
1.155000e+01	-4.421995e-03	1.167315e-02	-1.692462e-03	2.727204e-02	-3.358371e-02
1.160000e+01	-2.716826e-03	1.182419e-02	-4.053071e-04	2.981670e-02	-3.274099e-02
1.165000e+01	-1.277020e-03	1.163406e-02	2.187457e-04	2.883004e-02	-3.098122e-02
1.170000e+01	-2.004652e-04	1.113735e-02	7.056659e-04	2.434365e-02	-2.777295e-02
1.175000e+01	5.691850e-04	1.041927e-02	9.508602e-04	2.278924e-02	-2.375002e-02
1.180000e+01	1.190076e-03	9.538933e-03	7.922746e-04	2.115048e-02	-2.061424e-02
1.185000e+01	1.836866e-03	8.544125e-03	8.106367e-04	2.404956e-02	-1.867823e-02
1.190000e+01	2.617089e-03	7.588794e-03	1.464264e-03	2.834354e-02	-1.424857e-02
1.195000e+01	3.520779e-03	7.009028e-03	3.141147e-03	3.010554e-02	-1.156035e-02
1.200000e+01	4.420295e-03	7.115551e-03	4.787845e-03	2.858619e-02	-1.248598e-02
1.205000e+01	5.125585e-03	7.831105e-03	5.919991e-03	2.425975e-02	-1.423370e-02
1.210000e+01	5.427825e-03	8.727291e-03	6.034752e-03	2.627956e-02	-1.416030e-02
1.215000e+01	5.208558e-03	9.495162e-03	4.443999e-03	2.780774e-02	-1.307316e-02
1.220000e+01	4.468860e-03	1.003855e-02	2.964776e-03	2.692911e-02	-1.503814e-02
1.225000e+01	3.328471e-03	1.036400e-02	1.777303e-03	2.642332e-02	-1.585718e-02
1.230000e+01	1.986286e-03	1.044792e-02	2.054396e-04	2.515263e-02	-1.549101e-02
1.235000e+01	6.598300e-04	1.020456e-02	-9.805944e-04	2.281708e-02	-1.786927e-02
1.240000e+01	-4.733501e-04	9.566116e-03	-1.692212e-03	2.126692e-02	-1.990645e-02
1.245000e+01	-1.313343e-03	8.586963e-03	-1.875557e-03	1.965202e-02	-2.029001e-02
1.250000e+01	-1.845902e-03	7.486722e-03	-1.836941e-03	1.472420e-02	-1.911446e-02
1.255000e+01	-2.124054e-03	6.587804e-03	-1.866522e-03	1.601525e-02	-1.952313e-02
1.260000e+01	-2.235073e-03	6.127456e-03	-1.795323e-03	1.840867e-02	-1.880133e-02
1.265000e+01	-2.267026e-03	6.073385e-03	-2.763878e-03	1.842259e-02	-1.716646e-02
1.270000e+01	-2.285596e-03	6.215908e-03	-3.108716e-03	1.634710e-02	-1.552038e-02
1.275000e+01	-2.324976e-03	6.409012e-03	-3.141484e-03	1.405036e-02	-1.782153e-02
1.280000e+01	-2.390087e-03	6.634019e-03	-2.896679e-03	1.662185e-02	-1.752315e-02
1.285000e+01	-2.463908e-03	6.908513e-03	-2.944277e-03	1.764337e-02	-1.788255e-02
1.290000e+01	-2.514393e-03	7.200606e-03	-2.491646e-03	1.709837e-02	-1.957502e-02
1.295000e+01	-2.498959e-03	7.424541e-03	-1.675248e-03	1.721347e-02	-2.249385e-02
1.300000e+01	-2.368339e-03	7.485206e-03	-1.448987e-03	1.487892e-02	-2.445175e-02
1.305000e+01	-2.070847e-03	7.329695e-03	-9.880416e-04	1.281057e-02	-2.357153e-02
1.310000e+01	-1.578318e-03	6.926631e-03	-9.617705e-04	1.326992e-02	-1.966584e-02
1.315000e+01	-8.794802e-04	6.325695e-03	-4.346243e-04	1.326367e-02	-1.669755e-02
1.320000e+01	-8.846947e-07	5.680058e-03	-9.682898e-05	1.494777e-02	-1.340545e-02
1.325000e+01	9.856703e-04	5.239269e-03	7.614847e-04	1.591006e-02	-1.228344e-02
1.330000e+01	1.969264e-03	5.196869e-03	1.718549e-03	1.574136e-02	-1.019236e-02
1.335000e+01	2.820668e-03	5.469142e-03	3.161424e-03	1.518028e-02	-1.023397e-02
1.340000e+01	3.422472e-03	5.763498e-03	4.021687e-03	1.859736e-02	-1.252936e-02
1.345000e+01	3.698306e-03	5.855205e-03	4.169334e-03	2.042093e-02	-1.489259e-02
1.350000e+01	3.630314e-03	5.737830e-03	3.813177e-03	1.951143e-02	-1.527712e-02
1.355000e+01	3.258331e-03	5.608568e-03	3.274161e-03	1.659510e-02	-1.340275e-02
1.360000e+01	2.661603e-03	5.693438e-03	2.674255e-03	1.707314e-02	-1.138894e-02
1.365000e+01	1.931199e-03	5.998612e-03	2.175585e-03	1.771701e-02	-1.109006e-02
1.370000e+01	1.144945e-03	6.296126e-03	7.212387e-04	1.669661e-02	-1.282253e-02
1.375000e+01	3.550394e-04	6.355384e-03	-3.783244e-04	1.457793e-02	-1.440008e-02
1.380000e+01	-4.079285e-04	6.114583e-03	-7.733285e-04	1.264562e-02	-1.433075e-02
1.385000e+01	-1.118988e-03	5.697608e-03	-9.819289e-04	1.287464e-02	-1.622525e-02
1.390000e+01	-1.741320e-03	5.309928e-03	-1.412077e-03	1.272280e-02	-1.974524e-02
1.395000e+01	-2.218698e-03	5.062166e-03	-1.747199e-03	1.074952e-02	-2.065556e-02
1.400000e+01	-2.484459e-03	4.880121e-03	-2.260320e-03	1.037089e-02	-1.892403e-02
1.405000e+01	-2.497088e-03	4.640044e-03	-2.616039e-03	1.076961e-02	-1.551802e-02
1.410000e+01	-2.234848e-03	4.295148e-03	-2.482217e-03	9.070134e-03	-1.361996e-02
1.415000e+01	-1.739482e-03	3.968463e-03	-1.662431e-03	8.969579e-03	-1.263225e-02
1.420000e+01	-1.113417e-03	3.841627e-03	-1.079391e-03	9.535989e-03	-1.215462e-02
1.425000e+01	-4.973680e-04	3.979831e-03	-6.712591e-04	9.618853e-03	-1.098612e-02
1.430000e+01	-2.900476e-05	4.287150e-03	-1.238164e-05	1.113585e-02	-1.304393e-02
1.435000e+01	2.027990e-04	4.636490e-03	3.436312e-04	1.179775e-02	-1.378871e-02
1.440000e+01	1.901495e-04	4.942348e-03	4.992311e-04	1.074295e-02	-1.325370e-02
1.445000e+01	1.078793e-05	5.132838e-03	-2.923528e-05	1.183487e-02	-1.122745e-02
1.450000e+01	-1.985873e-04	5.133831e-03	-2.373452e-04	1.259136e-02	-1.295620e-02
1.455000e+01	-2.918779e-04	4.912944e-03	-1.974755e-04	1.163296e-02	-1.349867e-02
1.460000e+01	-1.681878e-04	4.543926e-03	-3.816864e-04	1.178620e-02	-1.190806e-02
1.465000e+01	1.889645e-04	4.218512e-03	1.107510e-04	1.124956e-02	-9.478812e-03
1.470000e+01	7.029000e-04	4.126369e-03	1.054745e-03	1.008310e-02	-9.820250e-03
1.475000e+01	1.229272e-03	4.257214e-03	1.749240e-03	1.025118e-02	-1.184573e-02
1.480000e+01	1.606658e-03	4.417228e-03	2.178142e-03	1.240755e-02	-1.261408e-02
1.485000e+01	1.713605e-03	4.449902e-03	1.848339e-03	1.260899e-02	-1.342687e-02
1.490000e+01	1.511060e-03	4.357498e-03	1.367219e-03	1.204162e-02	-1.214286e-02
1.495000e+01	1.054733e-03	4.258604e-03	7.402542e-04	1.209551e-02	-8.956327e-03
1.500000e+01	4.734182e-04	4.249787e-03	7.971488e-05	1.199346e-02	-1.003494e-02
1.505000e+01	-7.839666e-05	4.310885e-03	-1.207192e-05	1.149831e-02	-1.085555e-02
1.510000e+01	-4.720463e-04	4.330609e-03	-3.083879e-04	1.142303e-02	-1.129493e-02
1.515000e+01	-6.471175e-04	4.252758e-03	-6.736117e-04	1.144860e-02	-1.118312e-02
1.520000e+01	-6.225827e-04	4.114705e-03	-7.940358e-04	1.022969e-02	-1.264951e-02
1.525000e+01	-4.785058e-04	4.000788e-03	-9.504444e-04	9.849257e-03	-1.368850e-02
1.530000e+01	-3.164175e-04	3.959643e-03	-3.014185e-04	1.057114e-02	-1.255051e-02
1.535000e+01	-2.155058e-04	3.966890e-03	2.427673e-04	1.021217e-02	-1.021035e-02
1.540000e+01	-2.025587e-04	3.960639e-03	1.132588e-04	9.787274e-03	-1.072069e-02
1.545000e+01	-2.471049e-04	3.891230e-03	-2.130905e-04	1.020346e-02	-1.070174e-02
1.550000e+01	-2.822870e-04	3.742594e-03	-4.841984e-04	1.117560e-02	-9.621821e-03
1.555000e+01	-2.412759e-04	3.538600e-03	-4.485407e-04	1.066417e-02	-8.190782e-03
1.560000e+01	-9.286894e-05	3.345730e-03	-2.233111e-04	8.874874e-03	-7.762886e-03
1.565000e+01	1.392625e-04	3.251534e-03	8.376715e-05	1.020547e-02	-9.574173e-03
1.570000e+01	3.819516e-04	3.305410e-03	5.209995e-04	1.191228e-02	-1.039864e-02
1.575000e+01	5.402937e-04	3.480597e-03	6.223438e-04	1.259550e-02	-9.885961e-03
1.580000e+01	5.361716e-04	3.715208e-03	5.260210e-04	1.185285e-02	-9.290321e-03
1.585000e+01	3.415740e-04	3.965507e-03	1.602356e-04	9.701462e-03	-9.737527e-03
1.590000e+01	-6.983957e-06	4.199892e-03	-2.534264e-04	1.169656e-02	-9.659310e-03
1.595000e+01	-4.188166e-04	4.365202e-03	-4.669505e-04	1.198432e-02	-1.149004e-02
1.600000e+01	-7.800673e-04	4.389568e-03	-1.096109e-03	1.028687e-02	-1.217309e-02
1.605000e+01	-9.953217e-04	4.240150e-03	-1.412042e-03	9.348045e-03	-1.126216e-02
1.610000e+01	-1.014310e-03	3.946339e-03	-1.031906e-03	9.867200e-03	-1.019003e-02
1.615000e+01	-8.498071e-04	3.636691e-03	-6.944341e-04	9.415417e-03	-1.147045e-02
1.620000e+01	-5.697560e-04	3.444312e-03	-4.587364e-04	8.718840e-03	-1.106767e-02
1.625000e+01	-2.693307e-04	3.379515e-03	-2.323347e-04	7.344541e-03	-9.221049e-03
1.630000e+01	-3.482371e-05	3.330087e-03	-1.224586e-04	8.738544e-03	-9.085290e-03
1.635000e+01	8.687049e-05	3.207539e-03	-9.895729e-05	1.011541e-02	-9.041204e-03
1.640000e+01	1.022447e-04	3.046207e-03	8.994498e-05	9.948514e-03	-7.726836e-03
1.645000e+01	6.444046e-05	2.962730e-03	2.218569e-04	8.366598e-03	-7.646722e-03
1.650000e+01	4.944973e-05	3.014422e-03	2.106773e-04	8.329086e-03	-7.484411e-03
1.655000e+01	1.249035e-04	3.128322e-03	1.101258e-04	8.859081e-03	-7.725937e-03
1.660000e+01	3.231244e-04	3.208055e-03	1.255102e-04	8.792673e-03	-7.117148e-03
1.665000e+01	6.277760e-04	3.248370e-03	5.455593e-04	9.798235e-03	-7.030422e-03
1.670000e+01	9.779531e-04	3.321617e-03	7.750434e-04	1.164578e-02	-8.025558e-03
1.675000e+01	1.287203e-03	3.465696e-03	1.210521e-03	1.238436e-02	-8.254206e-03
1.680000e+01	1.470107e-03	3.610654e-03	1.159620e-03	1.160682e-02	-7.626097e-03
1.685000e+01	1.467247e-03	3.639369e-03	1.335604e-03	1.098439e-02	-7.349488e-03
1.690000e+01	1.260923e-03	3.495339e-03	1.368561e-03	1.068132e-02	-7.356323e-03
1.695000e+01	8.778709e-04	3.239654e-03	1.160289e-03	8.640527e-03	-8.332705e-03
1.700000e+01	3.798322e-04	3.034150e-03	5.042432e-04	7.459712e-03	-9.230761e-03
1.705000e+01	-1.545042e-04	3.029126e-03	-3.019124e-04	8.379646e-03	-9.045740e-03
1.710000e+01	-6.446166e-04	3.215140e-03	-7.766441e-04	9.047794e-03	-9.826900e-03
1.715000e+01	-1.028538e-03	3.457566e-03	-1.164902e-03	8.423323e-03	-1.193481e-02
1.720000e+01	-1.269897e-03	3.633598e-03	-1.076930e-03	7.368616e-03	-1.274964e-02
1.725000e+01	-1.359859e-03	3.697894e-03	-1.167239e-03	7.308813e-03	-1.165447e-02
1.730000e+01	-1.313329e-03	3.665611e-03	-9.935519e-04	7.472183e-03	-1.007737e-02
1.735000e+01	-1.161759e-03	3.568550e-03	-1.026741e-03	8.621828e-03	-1.000411e-02
1.740000e+01	-9.448229e-04	3.419491e-03	-8.762077e-04	8.742839e-03	-9.795760e-03
1.745000e+01	-7.026346e-04	3.208068e-03	-7.946197e-04	7.779291e-03	-8.566518e-03
1.750000e+01	-4.694458e-04	2.929324e-03	-4.039467e-04	8.465179e-03	-8.008415e-03
1.755000e+01	-2.692920e-04	2.621473e-03	-2.375435e-04	7.710366e-03	-6.717776e-03
1.760000e+01	-1.138253e-04	2.380373e-03	-1.950401e-04	5.940475e-03	-6.640637e-03
1.765000e+01	-2.440044e-06	2.310362e-03	5.007038e-05	5.579841e-03	-7.222609e-03
1.770000e+01	7.543041e-05	2.419188e-03	1.482531e-04	6.076074e-03	-6.634951e-03
1.775000e+01	1.363506e-04	2.605919e-03	3.393675e-04	6.325974e-03	-7.565596e-03
1.780000e+01	1.981605e-04	2.769298e-03	6.258288e-04	7.033777e-03	-8.266019e-03
1.785000e+01	2.756007e-04	2.873358e-03	5.665817e-04	7.116477e-03	-8.638122e-03
1.790000e+01	3.772166e-04	2.933478e-03	5.691839e-04	7.653409e-03	-8.471513e-03
1.795000e+01	5.039495e-04	2.971525e-03	6.644546e-04	7.673723e-03	-8.230778e-03
1.800000e+01	6.491901e-04	2.986709e-03	9.246407e-04	7.431031e-03	-7.664299e-03
1.805000e+01	8.013849e-04	2.970842e-03	1.092309e-03	7.090681e-03	-8.566042e-03
1.810000e+01	9.385327e-04	2.919741e-03	1.100189e-03	7.476594e-03	-8.343125e-03
1.815000e+01	1.037224e-03	2.851554e-03	1.180867e-03	8.177347e-03	-7.073149e-03
1.820000e+01	1.071611e-03	2.772361e-03	1.071948e-03	8.161033e-03	-6.675819e-03
1.825000e+01	1.016424e-03	2.660409e-03	1.139736e-03	7.431803e-03	-6.469085e-03
1.830000e+01	8.519634e-04	2.505248e-03	9.365900e-04	7.350863e-03	-5.783480e-03
1.835000e+01	5.707796e-04	2.376238e-03	5.678110e-04	7.052044e-03	-6.777963e-03
1.840000e+01	1.844118e-04	2.424130e-03	3.530840e-04	5.976043e-03	-7.177746e-03
1.845000e+01	-2.724481e-04	2.719441e-03	-1.637666e-04	6.813770e-03	-6.888835e-03
1.850000e+01	-7.431167e-04	3.128239e-03	-5.956774e-04	7.061087e-03	-9.086715e-03
1.855000e+01	-1.156962e-03	3.442676e-03	-1.085087e-03	7.949192e-03	-1.035413e-02
1.860000e+01	-1.443628e-03	3.525135e-03	-1.333485e-03	8.385005e-03	-1.024844e-02
1.865000e+01	-1.550190e-03	3.352664e-03	-1.295922e-03	7.874680e-03	-1.020713e-02
1.870000e+01	-1.456170e-03	3.011073e-03	-1.413262e-03	6.421572e-03	-9.593707e-03
1.875000e+01	-1.181228e-03	2.653244e-03	-1.258721e-03	5.809252e-03	-7.588822e-03
1.880000e+01	-7.821716e-04	2.411915e-03	-7.858541e-04	6.008016e-03	-7.173498e-03
1.885000e+01	-3.392651e-04	2.305640e-03	-2.204602e-04	5.519348e-03	-6.915097e-03
1.890000e+01	6.444096e-05	2.259302e-03	1.119175e-04	6.253076e-03	-6.884529e-03
1.895000e+01	3.644621e-04	2.216917e-03	2.523182e-04	6.254814e-03	-6.503613e-03
1.900000e+01	5.301114e-04	2.181881e-03	4.917691e-04	6.281437e-03	-7.002182e-03
1.905000e+01	5.701240e-04	2.170105e-03	6.141156e-04	6.789455e-03	-6.656287e-03
1.910000e+01	5.204946e-04	2.156506e-03	5.466238e-04	6.416924e-03	-5.381262e-03
1.915000e+01	4.336893e-04	2.108687e-03	4.623937e-04	5.686240e-03	-4.768202e-03
1.920000e+01	3.578344e-04	2.038162e-03	4.570969e-04	5.578955e-03	-5.376588e-03
1.925000e+01	3.217571e-04	2.009129e-03	4.785869e-04	5.489686e-03	-5.536398e-03
1.930000e+01	3.290526e-04	2.072843e-03	5.801681e-04	4.894087e-03	-5.167322e-03
1.935000e+01	3.623576e-04	2.196914e-03	4.569099e-04	6.067174e-03	-4.816775e-03
1.940000e+01	3.949558e-04	2.295805e-03	3.297729e-04	6.825723e-03	-4.509357e-03
1.945000e+01	4.041449e-04	2.312491e-03	3.961113e-04	7.029238e-03	-4.460599e-03
1.950000e+01	3.805177e-04	2.255334e-03	3.974642e-04	6.381230e-03	-4.753904e-03
1.955000e+01	3.295084e-04	2.179090e-03	4.415179e-04	6.127667e-03	-5.033578e-03
1.960000e+01	2.652335e-04	2.132734e-03	3.522833e-04	6.032621e-03	-6.044959e-03
1.965000e+01	2.002087e-04	2.121247e-03	2.066093e-04	6.095862e-03	-6.607151e-03
1.970000e+01	1.363875e-04	2.126961e-03	1.618334e-04	5.460852e-03	-6.073645e-03
1.975000e+01	6.234135e-05	2.158269e-03	1.752508e-04	6.706340e-03	-5.692036e-03
1.980000e+01	-4.146604e-05	2.252853e-03	1.964642e-04	6.826568e-03	-6.251909e-03
1.985000e+01	-1.912147e-04	2.422998e-03	-1.776233e-04	6.053509e-03	-6.821579e-03
1.990000e+01	-3.871270e-04	2.616328e-03	-4.549574e-04	5.687721e-03	-7.254967e-03
1.995000e+01	-6.058013e-04	2.746380e-03	-6.710061e-04	6.946448e-03	-8.347122e-03
2.000000e+01	-8.019055e-04	2.747655e-03	-8.453769e-04	7.381840e-03	-8.118942e-03
