# k	<chi>	std	chi_median	chi_max	chi_min
0.000000e+00	3.762814e-02	1.945273e-01	0.000000e+00	5.473115e-01	-4.490661e-01
5.000000e-02	7.792068e-02	2.564826e-01	2.173047e-01	5.303382e-01	-4.483569e-01
1.000000e-01	7.260154e-02	2.500246e-01	2.099653e-01	5.113189e-01	-4.476253e-01
1.500000e-01	5.649156e-02	2.316492e-01	1.778182e-01	4.541729e-01	-4.454465e-01
2.000000e-01	3.900929e-02	2.139247e-01	1.376163e-01	3.921307e-01	-4.430370e-01
2.500000e-01	1.068024e-02	1.896024e-01	6.544957e-02	3.472963e-01	-4.386488e-01
3.000000e-01	-1.949296e-02	1.714540e-01	-1.715371e-02	3.262136e-01	-4.334925e-01
3.500000e-01	-5.769285e-02	1.618059e-01	-1.201129e-01	2.934041e-01	-4.248042e-01
4.000000e-01	-9.611916e-02	1.690564e-01	-1.716237e-01	2.513276e-01	-4.143620e-01
4.500000e-01	-1.378285e-01	1.937373e-01	-1.770877e-01	2.048139e-01	-4.475576e-01
5.000000e-01	-1.758209e-01	2.260341e-01	-1.614724e-01	1.808777e-01	-5.388791e-01
5.500000e-01	-2.122044e-01	2.632575e-01	-1.529203e-01	1.659814e-01	-6.313176e-01
6.000000e-01	-2.403546e-01	2.940887e-01	-1.411748e-01	1.505220e-01	-7.227119e-01
6.500000e-01	-2.615018e-01	3.185320e-01	-1.328110e-01	1.342326e-01	-7.928597e-01
7.000000e-01	-2.705135e-01	3.295138e-01	-1.262973e-01	1.235157e-01	-8.251907e-01
7.500000e-01	-2.671837e-01	3.267367e-01	-1.232825e-01	1.172517e-01	-8.251979e-01
8.000000e-01	-2.501134e-01	3.086825e-01	-1.120534e-01	1.094219e-01	-7.936804e-01
8.500000e-01	-2.189894e-01	2.749912e-01	-1.013830e-01	1.037640e-01	-7.258268e-01
9.000000e-01	-1.776142e-01	2.300503e-01	-8.437664e-02	1.007940e-01	-6.197405e-01
9.500000e-01	-1.276822e-01	1.752085e-01	-6.801803e-02	9.492381e-02	-4.789857e-01
1.000000e+00	-7.701576e-02	1.192997e-01	-5.294369e-02	9.682866e-02	-3.252497e-01
1.050000e+00	-2.949042e-02	6.938834e-02	-4.465521e-02	1.110945e-01	-2.070889e-01
1.100000e+00	7.307774e-03	5.106600e-02	1.101858e-02	1.223226e-01	-1.123949e-01
1.150000e+00	2.977371e-02	7.348879e-02	4.734804e-02	1.637614e-01	-1.256569e-01
1.200000e+00	3.578569e-02	1.022046e-01	5.742605e-02	2.149945e-01	-1.537806e-01
1.250000e+00	2.527366e-02	1.250552e-01	5.134572e-02	2.281414e-01	-1.805798e-01
1.300000e+00	3.575728e-03	1.395052e-01	4.109133e-02	2.127017e-01	-2.111645e-01
1.350000e+00	-2.521969e-02	1.464786e-01	2.808763e-02	1.766851e-01	-2.716438e-01
1.400000e+00	-5.206825e-02	1.452973e-01	1.021947e-02	1.541914e-01	-3.106699e-01
1.450000e+00	-7.237354e-02	1.359263e-01	-1.320000e-02	1.357123e-01	-3.231568e-01
1.500000e+00	-8.043514e-02	1.180606e-01	-3.666352e-02	1.279566e-01	-3.028576e-01
1.550000e+00	-7.573208e-02	9.414017e-02	-6.148260e-02	1.259341e-01	-2.528187e-01
1.600000e+00	-6.011977e-02	7.246617e-02	-8.688445e-02	1.219726e-01	-1.791919e-01
1.650000e+00	-3.775764e-02	6.965843e-02	-4.718680e-02	1.153644e-01	-1.626236e-01
1.700000e+00	-1.530306e-02	9.006204e-02	3.131109e-02	1.048394e-01	-1.856845e-01
1.750000e+00	2.844603e-03	1.189130e-01	6.516806e-02	1.488264e-01	-2.030334e-01
1.800000e+00	1.200356e-02	1.425574e-01	5.714144e-02	1.960864e-01	-2.164043e-01
1.850000e+00	1.226876e-02	1.577280e-01	3.825491e-02	2.252378e-01	-2.290876e-01
1.900000e+00	4.513085e-03	1.609465e-01	9.411554e-03	2.305157e-01	-2.315102e-01
1.950000e+00	-6.965774e-03	1.547164e-01	-1.857957e-02	2.235799e-01	-2.242750e-01
2.000000e+00	-1.838364e-02	1.392237e-01	-4.037709e-02	2.011264e-01	-2.065050e-01
2.050000e+00	-2.576894e-02	1.187626e-01	-5.166603e-02	1.713282e-01	-1.815098e-01
2.100000e+00	-2.675246e-02	9.375228e-02	-5.264450e-02	1.338675e-01	-1.505545e-01
2.150000e+00	-2.097299e-02	6.742276e-02	-3.898946e-02	9.429762e-02	-1.146996e-01
2.200000e+00	-1.030454e-02	4.273899e-02	-1.789794e-02	6.580908e-02	-7.857338e-02
2.250000e+00	3.049677e-03	2.218146e-02	4.799388e-03	4.897081e-02	-4.738181e-02
2.300000e+00	1.467961e-02	1.011977e-02	1.447829e-02	3.938113e-02	-1.682709e-02
2.350000e+00	2.181925e-02	1.460153e-02	2.625824e-02	4.762297e-02	-1.494157e-02
2.400000e+00	2.355097e-02	2.200824e-02	2.814288e-02	5.841315e-02	-2.567915e-02
2.450000e+00	2.364748e-02	2.758865e-02	2.565789e-02	7.284596e-02	-3.338809e-02
2.500000e+00	2.092476e-02	3.037244e-02	1.908992e-02	7.860155e-02	-3.754068e-02
2.550000e+00	1.655264e-02	3.092040e-02	1.043290e-02	7.742257e-02	-3.850108e-02
2.600000e+00	1.167746e-02	2.974687e-02	1.800805e-03	7.089680e-02	-3.737425e-02
2.650000e+00	7.087766e-03	2.850487e-02	-5.451353e-03	6.285231e-02	-3.623565e-02
2.700000e+00	2.825314e-03	2.607524e-02	-1.150650e-02	5.228983e-02	-3.309973e-02
2.750000e+00	-8.374352e-04	2.263636e-02	-1.470587e-02	4.202674e-02	-2.846286e-02
2.800000e+00	-3.810214e-03	1.847345e-02	-1.342626e-02	3.162120e-02	-2.941027e-02
2.850000e+00	-5.854552e-03	1.403079e-02	-1.013338e-02	2.096193e-02	-2.868894e-02
2.900000e+00	-7.286683e-03	9.856280e-03	-5.005303e-03	1.147657e-02	-2.610589e-02
2.950000e+00	-8.442972e-03	7.993589e-03	-6.305410e-03	4.193470e-03	-2.598904e-02
3.000000e+00	-9.623036e-03	9.698568e-03	-1.388359e-02	8.520664e-03	-2.560289e-02
3.050000e+00	-1.127169e-02	1.306980e-02	-1.640338e-02	1.260404e-02	-2.989760e-02
3.100000e+00	-1.314411e-02	1.612394e-02	-1.611493e-02	1.437024e-02	-3.720684e-02
3.150000e+00	-1.500083e-02	1.787405e-02	-1.635397e-02	1.354471e-02	-4.270085e-02
3.200000e+00	-1.651269e-02	1.806677e-02	-1.655817e-02	1.060754e-02	-4.443209e-02
3.250000e+00	-1.757896e-02	1.730324e-02	-1.641643e-02	7.807533e-03	-4.417296e-02
3.300000e+00	-1.751906e-02	1.546547e-02	-1.527268e-02	5.889385e-03	-4.103638e-02
3.350000e+00	-1.624228e-02	1.298820e-02	-1.310832e-02	5.386208e-03	-3.727662e-02
3.400000e+00	-1.392990e-02	1.036678e-02	-1.019783e-02	4.787210e-03	-3.238873e-02
3.450000e+00	-1.065915e-02	8.018944e-03	-7.627949e-03	4.417792e-03	-2.836891e-02
3.500000e+00	-7.257848e-03	6.251402e-03	-5.762454e-03	4.407318e-03	-2.522635e-02
3.550000e+00	-4.294891e-03	5.185255e-03	-3.472656e-03	6.849246e-03	-2.276345e-02
3.600000e+00	-2.132901e-03	4.827970e-03	-1.744002e-03	9.674486e-03	-2.115118e-02
3.650000e+00	-5.685120e-04	5.139416e-03	-3.336336e-04	1.097163e-02	-1.984081e-02
3.700000e+00	2.849495e-04	5.998402e-03	3.705930e-04	1.421355e-02	-1.882216e-02
3.750000e+00	8.202721e-04	7.008150e-03	9.896638e-04	1.751864e-02	-1.989267e-02
3.800000e+00	1.467136e-03	7.925010e-03	1.546573e-03	2.099605e-02	-2.124526e-02
3.850000e+00	2.718148e-03	8.881668e-03	1.384162e-03	2.516356e-02	-2.094450e-02
3.900000e+00	4.524811e-03	1.014590e-02	8.273641e-04	2.980746e-02	-1.919928e-02
3.950000e+00	6.764355e-03	1.197927e-02	2.902066e-03	3.377190e-02	-1.621813e-02
4.000000e+00	9.142118e-03	1.423334e-02	7.793637e-03	3.645181e-02	-1.324844e-02
4.050000e+00	1.136413e-02	1.650744e-02	1.278261e-02	3.978708e-02	-1.768446e-02
4.100000e+00	1.299912e-02	1.829065e-02	1.745158e-02	4.360700e-02	-2.031252e-02
4.150000e+00	1.392459e-02	1.926086e-02	2.059681e-02	4.514342e-02	-2.070294e-02
4.200000e+00	1.425217e-02	1.937512e-02	2.258924e-02	4.394060e-02	-1.890908e-02
4.250000e+00	1.408557e-02	1.887089e-02	2.279780e-02	4.152209e-02	-1.766183e-02
4.300000e+00	1.384114e-02	1.801918e-02	2.269404e-02	3.985986e-02	-1.870810e-02
4.350000e+00	1.386104e-02	1.714398e-02	2.307429e-02	3.715501e-02	-1.903138e-02
4.400000e+00	1.435065e-02	1.640047e-02	2.279004e-02	3.432131e-02	-1.839200e-02
4.450000e+00	1.506334e-02	1.569430e-02	2.164257e-02	3.650867e-02	-1.666815e-02
4.500000e+00	1.605895e-02	1.476650e-02	2.114168e-02	3.882996e-02	-1.364962e-02
4.550000e+00	1.708441e-02	1.330801e-02	1.987237e-02	4.337635e-02	-8.939971e-03
4.600000e+00	1.782497e-02	1.122570e-02	1.792570e-02	4.711124e-02	-2.316648e-03
4.650000e+00	1.781437e-02	9.178340e-03	1.547161e-02	4.913749e-02	-2.273943e-03
4.700000e+00	1.702138e-02	9.123180e-03	1.700901e-02	4.923505e-02	-9.170113e-03
4.750000e+00	1.527777e-02	1.246567e-02	1.476238e-02	4.741453e-02	-1.690487e-02
4.800000e+00	1.246512e-02	1.755440e-02	8.972794e-03	4.402880e-02	-2.488669e-02
4.850000e+00	8.540850e-03	2.254001e-02	2.071519e-03	4.650792e-02	-3.255307e-02
4.900000e+00	3.584192e-03	2.634077e-02	-6.451297e-03	4.865103e-02	-3.886117e-02
4.950000e+00	-2.291224e-03	2.833824e-02	-1.511217e-02	4.662532e-02	-4.315488e-02
5.000000e+00	-8.823241e-03	2.841904e-02	-2.361441e-02	4.048039e-02	-4.515039e-02
5.050000e+00	-1.552665e-02	2.692637e-02	-3.025809e-02	3.287770e-02	-4.772817e-02
5.100000e+00	-2.185310e-02	2.437595e-02	-3.422676e-02	2.710161e-02	-5.142824e-02
5.150000e+00	-2.715448e-02	2.118957e-02	-3.481428e-02	1.997598e-02	-5.577979e-02
5.200000e+00	-3.082459e-02	1.751075e-02	-3.529125e-02	1.204285e-02	-5.660434e-02
5.250000e+00	-3.241753e-02	1.346765e-02	-3.439216e-02	3.773839e-03	-5.473990e-02
5.300000e+00	-3.183845e-02	1.001688e-02	-3.211193e-02	-4.535556e-03	-5.599767e-02
5.350000e+00	-2.931693e-02	9.921199e-03	-2.916616e-02	-1.909702e-03	-5.696382e-02
5.400000e+00	-2.539266e-02	1.375390e-02	-2.798965e-02	1.490151e-02	-5.611784e-02
5.450000e+00	-2.074930e-02	1.840210e-02	-2.866222e-02	2.881419e-02	-5.224609e-02
5.500000e+00	-1.615533e-02	2.189117e-02	-2.545971e-02	3.781837e-02	-4.897747e-02
5.550000e+00	-1.217604e-02	2.349665e-02	-2.051316e-02	4.087363e-02	-5.063179e-02
5.600000e+00	-9.080720e-03	2.343001e-02	-1.189540e-02	3.947420e-02	-5.000608e-02
5.650000e+00	-6.750185e-03	2.259032e-02	-2.688154e-03	3.841793e-02	-5.023861e-02
5.700000e+00	-4.896154e-03	2.219620e-02	-4.442549e-04	3.421364e-02	-4.963538e-02
5.750000e+00	-3.040989e-03	2.263412e-02	-3.795385e-03	4.792136e-02	-4.575189e-02
5.800000e+00	-7.359520e-04	2.319295e-02	-5.823777e-03	5.731805e-02	-3.880990e-02
5.850000e+00	2.341205e-03	2.284684e-02	-4.449052e-03	6.175437e-02	-3.443160e-02
5.900000e+00	6.166092e-03	2.120801e-02	-1.382894e-03	6.507678e-02	-3.266938e-02
5.950000e+00	1.053260e-02	1.862249e-02	5.789903e-03	6.377954e-02	-2.904004e-02
6.000000e+00	1.508133e-02	1.597729e-02	1.240794e-02	6.118482e-02	-2.305300e-02
6.050000e+00	1.940623e-02	1.406704e-02	1.846269e-02	5.742270e-02	-1.494203e-02
6.100000e+00	2.313779e-02	1.321611e-02	2.293290e-02	5.383645e-02	-1.061816e-02
6.150000e+00	2.607315e-02	1.312882e-02	2.564495e-02	5.591746e-02	-9.527038e-03
6.200000e+00	2.813950e-02	1.365260e-02	2.807683e-02	5.928614e-02	-9.124710e-03
6.250000e+00	2.934014e-02	1.476935e-02	3.055814e-02	6.009764e-02	-1.816245e-02
6.300000e+00	2.967729e-02	1.608890e-02	3.238403e-02	5.943453e-02	-2.560811e-02
6.350000e+00	2.908736e-02	1.692004e-02	3.147901e-02	6.181806e-02	-2.904946e-02
6.400000e+00	2.741869e-02	1.685383e-02	2.858738e-02	6.447904e-02	-2.707394e-02
6.450000e+00	2.446462e-02	1.621896e-02	2.437524e-02	6.449916e-02	-2.062718e-02
6.500000e+00	2.004373e-02	1.602000e-02	2.148153e-02	6.384916e-02	-2.646798e-02
6.550000e+00	1.395777e-02	1.692960e-02	1.707286e-02	6.212082e-02	-3.460059e-02
6.600000e+00	6.556571e-03	1.851408e-02	8.485663e-03	5.644631e-02	-4.342984e-02
6.650000e+00	-1.712845e-03	1.961070e-02	-8.561767e-04	4.889110e-02	-4.862647e-02
6.700000e+00	-1.017973e-02	1.952038e-02	-1.025741e-02	4.927322e-02	-5.131123e-02
6.750000e+00	-1.804221e-02	1.836493e-02	-2.003089e-02	4.343099e-02	-5.681382e-02
6.800000e+00	-2.450440e-02	1.688216e-02	-2.562227e-02	3.324440e-02	-6.486661e-02
6.850000e+00	-2.892606e-02	1.585124e-02	-3.047607e-02	2.339398e-02	-7.004820e-02
6.900000e+00	-3.094884e-02	1.547620e-02	-3.069651e-02	2.869941e-02	-7.031725e-02
6.950000e+00	-3.056820e-02	1.544637e-02	-3.105010e-02	3.023241e-02	-6.688907e-02
7.000000e+00	-2.813282e-02	1.553084e-02	-3.023996e-02	2.772243e-02	-5.957845e-02
7.050000e+00	-2.421330e-02	1.568350e-02	-2.642697e-02	2.138622e-02	-5.497528e-02
7.100000e+00	-1.965862e-02	1.580572e-02	-2.052418e-02	2.216454e-02	-5.103579e-02
7.150000e+00	-1.523004e-02	1.545287e-02	-1.418929e-02	2.555116e-02	-4.617075e-02
7.200000e+00	-1.149927e-02	1.429968e-02	-1.073150e-02	2.376280e-02	-4.404249e-02
7.250000e+00	-8.735258e-03	1.275722e-02	-8.139451e-03	2.011886e-02	-3.953395e-02
7.300000e+00	-6.864848e-03	1.223803e-02	-6.238444e-03	2.119859e-02	-4.365956e-02
7.350000e+00	-5.517957e-03	1.387824e-02	-3.913798e-03	2.888474e-02	-5.126621e-02
7.400000e+00	-4.147416e-03	1.676469e-02	-1.820676e-03	3.396013e-02	-5.420257e-02
7.450000e+00	-2.194859e-03	1.921929e-02	4.579099e-04	3.930906e-02	-5.405567e-02
7.500000e+00	7.388218e-04	2.021165e-02	3.028068e-03	4.427123e-02	-5.110213e-02
7.550000e+00	4.764778e-03	1.947480e-02	5.347610e-03	4.809126e-02	-4.291678e-02
7.600000e+00	9.648274e-03	1.764299e-02	9.393047e-03	5.020200e-02	-3.495725e-02
7.650000e+00	1.482025e-02	1.594498e-02	1.292469e-02	5.093842e-02	-2.098393e-02
7.700000e+00	1.951677e-02	1.563974e-02	1.730862e-02	5.884356e-02	-1.050408e-02
7.750000e+00	2.295432e-02	1.679001e-02	2.039564e-02	6.496434e-02	-1.717208e-02
7.800000e+00	2.450872e-02	1.821395e-02	2.336005e-02	6.555739e-02	-2.671491e-02
7.850000e+00	2.385161e-02	1.877702e-02	2.394993e-02	6.589040e-02	-3.133304e-02
7.900000e+00	2.101259e-02	1.809321e-02	2.111696e-02	6.447162e-02	-3.072344e-02
7.950000e+00	1.635871e-02	1.660822e-02	1.637562e-02	5.746846e-02	-3.022992e-02
8.000000e+00	1.050592e-02	1.537038e-02	1.079770e-02	5.330550e-02	-3.409501e-02
8.050000e+00	4.217244e-03	1.521396e-02	5.264142e-03	4.617933e-02	-3.420333e-02
8.100000e+00	-1.760887e-03	1.582967e-02	-1.652120e-03	3.624491e-02	-3.989485e-02
8.150000e+00	-6.797668e-03	1.618050e-02	-4.671930e-03	2.375466e-02	-5.145600e-02
8.200000e+00	-1.042634e-02	1.568303e-02	-7.343127e-03	1.963292e-02	-5.528984e-02
8.250000e+00	-1.236451e-02	1.461345e-02	-7.408669e-03	1.626668e-02	-5.284880e-02
8.300000e+00	-1.251590e-02	1.385507e-02	-9.704647e-03	2.163278e-02	-5.264335e-02
8.350000e+00	-1.097001e-02	1.412959e-02	-9.667424e-03	3.234154e-02	-4.996686e-02
8.400000e+00	-8.006193e-03	1.531746e-02	-8.822152e-03	4.306368e-02	-4.672566e-02
8.450000e+00	-4.094124e-03	1.683167e-02	-5.794879e-03	5.281892e-02	-4.354377e-02
8.500000e+00	1.280524e-04	1.822720e-02	-1.757076e-03	6.025448e-02	-3.985109e-02
8.550000e+00	3.894362e-03	1.916407e-02	1.948053e-03	6.481989e-02	-3.514021e-02
8.600000e+00	6.459258e-03	1.927037e-02	4.340293e-03	6.409537e-02	-3.251188e-02
8.650000e+00	7.245308e-03	1.818131e-02	3.850321e-03	6.158125e-02	-2.659035e-02
8.700000e+00	5.989098e-03	1.587988e-02	2.641479e-03	5.195596e-02	-2.502143e-02
8.750000e+00	2.840098e-03	1.311312e-02	5.994998e-04	4.233685e-02	-2.685005e-02
8.800000e+00	-1.630679e-03	1.164481e-02	-7.790922e-04	3.162596e-02	-2.663553e-02
8.850000e+00	-6.529967e-03	1.290035e-02	-4.774982e-03	2.392798e-02	-3.565611e-02
8.900000e+00	-1.083497e-02	1.575542e-02	-1.176156e-02	2.326475e-02	-4.394990e-02
8.950000e+00	-1.363350e-02	1.839515e-02	-1.758841e-02	2.368439e-02	-4.811118e-02
9.000000e+00	-1.434616e-02	1.993403e-02	-2.055044e-02	2.669397e-02	-4.812561e-02
9.050000e+00	-1.283954e-02	2.026194e-02	-1.789630e-02	2.884634e-02	-4.744007e-02
9.100000e+00	-9.510640e-03	1.967149e-02	-1.248375e-02	3.032662e-02	-4.748389e-02
9.150000e+00	-5.120276e-03	1.865319e-02	-6.643775e-03	3.198448e-02	-4.338391e-02
9.200000e+00	-5.810539e-04	1.765331e-02	-4.748531e-04	3.268270e-02	-3.797362e-02
9.250000e+00	3.284906e-03	1.686445e-02	4.374949e-03	3.154362e-02	-3.417753e-02
9.300000e+00	5.941343e-03	1.616649e-02	8.379848e-03	3.666372e-02	-3.486411e-02
9.350000e+00	7.232023e-03	1.536271e-02	9.066302e-03	4.100997e-02	-3.661598e-02
9.400000e+00	7.354672e-03	1.457060e-02	7.232071e-03	4.824439e-02	-3.705083e-02
9.450000e+00	6.735332e-03	1.435662e-02	6.159290e-03	5.190364e-02	-3.535319e-02
9.500000e+00	5.854145e-03	1.518940e-02	5.655543e-03	5.144336e-02	-3.108598e-02
9.550000e+00	5.091290e-03	1.669562e-02	3.633526e-03	4.737169e-02	-3.660939e-02
9.600000e+00	4.608631e-03	1.790720e-02	2.659615e-03	5.270754e-02	-4.228620e-02
9.650000e+00	4.361663e-03	1.811305e-02	3.845946e-03	5.259418e-02	-4.170010e-02
9.700000e+00	4.165398e-03	1.727503e-02	6.844948e-03	4.567172e-02	-3.594362e-02
9.750000e+00	3.803863e-03	1.597856e-02	7.455774e-03	3.387188e-02	-3.147802e-02
9.800000e+00	3.132276e-03	1.495507e-02	5.019951e-03	3.626271e-02	-2.827442e-02
9.850000e+00	2.134504e-03	1.439331e-02	3.395831e-03	3.919768e-02	-2.902863e-02
9.900000e+00	9.203624e-04	1.386449e-02	1.315596e-03	3.790529e-02	-3.538683e-02
9.950000e+00	-3.272969e-04	1.304511e-02	-6.223397e-04	3.336448e-02	-3.748117e-02
1.000000e+01	-1.427202e-03	1.221300e-02	-1.474574e-03	3.234873e-02	-3.535914e-02
1.005000e+01	-2.258575e-03	1.189768e-02	-2.676233e-03	3.098054e-02	-2.985204e-02
1.010000e+01	-2.810644e-03	1.198979e-02	-3.911098e-03	2.766311e-02	-3.618767e-02
1.015000e+01	-3.131266e-03	1.173523e-02	-3.782746e-03	2.384932e-02	-3.931841e-02
1.020000e+01	-3.291819e-03	1.061957e-02	-3.665102e-03	2.249693e-02	-3.699059e-02
1.025000e+01	-3.339382e-03	9.111748e-03	-4.036246e-03	1.728705e-02	-2.950176e-02
1.030000e+01	-3.270807e-03	8.819799e-03	-3.525711e-03	2.520829e-02	-2.807659e-02
1.035000e+01	-3.039506e-03	1.065288e-02	-3.163964e-03	3.069389e-02	-2.881209e-02
1.040000e+01	-2.589339e-03	1.326191e-02	-2.741056e-03	3.409379e-02	-3.136194e-02
1.045000e+01	-1.897316e-03	1.517735e-02	-2.205477e-03	3.974010e-02	-3.086156e-02
1.050000e+01	-1.003286e-03	1.578007e-02	-1.617733e-03	4.090189e-02	-2.969011e-02
1.055000e+01	-1.156987e-05	1.514213e-02	4.908635e-04	3.803962e-02	-2.898165e-02
1.060000e+01	9.369770e-04	1.380147e-02	1.231968e-03	3.150822e-02	-2.763398e-02
1.065000e+01	1.710140e-03	1.248662e-02	2.631469e-03	2.284362e-02	-2.420747e-02
1.070000e+01	2.226533e-03	1.171586e-02	3.862861e-03	2.440341e-02	-2.717131e-02
1.075000e+01	2.476088e-03	1.144576e-02	3.008025e-03	2.724030e-02	-2.884798e-02
1.080000e+01	2.510159e-03	1.121949e-02	3.578643e-03	2.860016e-02	-2.690075e-02
1.085000e+01	2.406452e-03	1.068813e-02	3.166187e-03	2.973818e-02	-2.217163e-02
1.090000e+01	2.225432e-03	9.994581e-03	3.199825e-03	2.778534e-02	-2.170158e-02
1.095000e+01	1.978754e-03	9.844340e-03	2.819597e-03	2.399891e-02	-2.325285e-02
1.100000e+01	1.624904e-03	1.090833e-02	1.983652e-03	2.557920e-02	-2.452935e-02
1.105000e+01	1.097202e-03	1.293132e-02	1.362062e-04	3.152343e-02	-2.573871e-02
1.110000e+01	3.372329e-04	1.493842e-02	-1.614223e-03	3.686029e-02	-2.613120e-02
1.115000e+01	-6.443650e-04	1.610732e-02	-3.857228e-03	3.729585e-02	-2.986846e-02
1.120000e+01	-1.749841e-03	1.602817e-02	-5.223993e-03	3.318561e-02	-3.185612e-02
1.125000e+01	-2.807516e-03	1.472895e-02	-4.478849e-03	2.722175e-02	-3.213604e-02
1.130000e+01	-3.618277e-03	1.263163e-02	-5.086019e-03	2.325248e-02	-2.977649e-02
1.135000e+01	-4.018346e-03	1.045785e-02	-3.438796e-03	2.264164e-02	-2.871644e-02
1.140000e+01	-3.933809e-03	8.997919e-03	-2.887737e-03	2.028727e-02	-2.788419e-02
1.145000e+01	-3.405111e-03	8.580842e-03	-3.906771e-03	2.032023e-02	-2.548003e-02
1.150000e+01	-2.571631e-03	8.776978e-03	-3.676524e-03	2.148271e-02	-2.634774e-02
1.155000e+01	-1.622389e-03	9.027410e-03	-2.889109e-03	2.225785e-02	-2.632720e-02
1.160000e+01	-7.324038e-04	9.188292e-03	-2.153015e-03	2.885667e-02	-2.159782e-02
1.165000e+01	-9.439797e-06	9.428071e-03	-1.567015e-03	3.328583e-02	-1.770150e-02
1.170000e+01	5.290246e-04	9.853098e-03	-6.952082e-04	3.439156e-02	-2.033943e-02
1.175000e+01	9.417231e-04	1.028138e-02	8.302461e-04	3.178966e-02	-2.474161e-02
1.180000e+01	1.320844e-03	1.038643e-02	7.961458e-04	2.650746e-02	-2.662602e-02
1.185000e+01	1.740310e-03	9.980934e-03	1.590433e-03	2.437664e-02	-2.530257e-02
1.190000e+01	2.217439e-03	9.174558e-03	2.002852e-03	2.116996e-02	-2.086192e-02
1.195000e+01	2.703492e-03	8.347231e-03	2.374270e-03	2.095405e-02	-1.601973e-02
1.200000e+01	3.105435e-03	7.911822e-03	3.573898e-03	2.007031e-02	-1.473492e-02
1.205000e+01	3.329376e-03	7.973071e-03	4.033584e-03	2.217214e-02	-1.624873e-02
1.210000e+01	3.313106e-03	8.245058e-03	3.942092e-03	2.314795e-02	-1.715304e-02
1.215000e+01	3.065093e-03	8.414911e-03	3.397085e-03	2.598433e-02	-1.748201e-02
1.220000e+01	2.651245e-03	8.318488e-03	3.015548e-03	2.646898e-02	-1.793755e-02
1.225000e+01	2.162425e-03	7.914064e-03	2.574905e-03	2.446138e-02	-1.870855e-02
1.230000e+01	1.671803e-03	7.260828e-03	1.826041e-03	2.104199e-02	-1.893724e-02
1.235000e+01	1.202282e-03	6.593851e-03	1.459782e-03	1.800909e-02	-1.818349e-02
1.240000e+01	7.197335e-04	6.353145e-03	1.212692e-03	1.557889e-02	-1.740924e-02
1.245000e+01	1.561268e-04	6.837913e-03	-2.335260e-05	1.714811e-02	-1.758655e-02
1.250000e+01	-5.470851e-04	7.780983e-03	-1.213146e-03	1.869684e-02	-1.862810e-02
1.255000e+01	-1.394731e-03	8.645157e-03	-1.766311e-03	2.043126e-02	-2.069308e-02
1.260000e+01	-2.313653e-03	9.079729e-03	-2.166093e-03	1.986963e-02	-2.205613e-02
1.265000e+01	-3.161507e-03	9.028916e-03	-3.844619e-03	1.956551e-02	-2.392081e-02
1.270000e+01	-3.768013e-03	8.644117e-03	-4.310706e-03	2.016596e-02	-2.494917e-02
1.275000e+01	-3.994002e-03	8.119490e-03	-4.341492e-03	2.295964e-02	-2.363687e-02
1.280000e+01	-3.785257e-03	7.555416e-03	-3.842565e-03	2.292537e-02	-2.241433e-02
1.285000e+01	-3.199059e-03	6.963753e-03	-2.974853e-03	1.996596e-02	-2.275957e-02
1.290000e+01	-2.391380e-03	6.390383e-03	-2.163794e-03	1.467885e-02	-2.137076e-02
1.295000e+01	-1.567867e-03	5.987969e-03	-1.199023e-03	1.070961e-02	-1.854659e-02
1.300000e+01	-9.159837e-04	5.920044e-03	-7.467942e-04	1.468503e-02	-1.638868e-02
1.305000e+01	-5.443099e-04	6.209073e-03	-6.096199e-04	1.786347e-02	-1.645570e-02
1.310000e+01	-4.470136e-04	6.663717e-03	-7.744495e-04	1.947471e-02	-1.648916e-02
1.315000e+01	-5.133424e-04	7.077125e-03	-1.099288e-03	1.973152e-02	-2.131358e-02
1.320000e+01	-5.716688e-04	7.305459e-03	-1.427341e-03	1.881928e-02	-2.435907e-02
1.325000e+01	-4.557232e-04	7.297219e-03	-8.430203e-04	1.685012e-02	-2.501910e-02
1.330000e+01	-6.614958e-05	7.117376e-03	6.040762e-04	1.443552e-02	-2.341905e-02
1.335000e+01	5.949867e-04	6.930120e-03	1.449765e-03	1.474535e-02	-2.112201e-02
1.340000e+01	1.427951e-03	6.868406e-03	2.221504e-03	1.646156e-02	-2.052898e-02
1.345000e+01	2.273587e-03	6.871721e-03	2.598656e-03	1.748230e-02	-1.777119e-02
1.350000e+01	2.969529e-03	6.724614e-03	3.035851e-03	1.742258e-02	-1.582212e-02
1.355000e+01	3.402162e-03	6.288350e-03	3.211872e-03	1.654036e-02	-1.492096e-02
1.360000e+01	3.535438e-03	5.686535e-03	3.696903e-03	1.696254e-02	-1.417690e-02
1.365000e+01	3.408072e-03	5.273671e-03	3.606253e-03	1.687812e-02	-1.248379e-02
1.370000e+01	3.103744e-03	5.278661e-03	3.296517e-03	1.618443e-02	-1.515904e-02
1.375000e+01	2.709168e-03	5.485559e-03	3.185537e-03	1.619064e-02	-1.894158e-02
1.380000e+01	2.278414e-03	5.543745e-03	2.697544e-03	1.564613e-02	-1.961181e-02
1.385000e+01	1.817681e-03	5.401342e-03	1.914107e-03	1.413872e-02	-1.673874e-02
1.390000e+01	1.294937e-03	5.349879e-03	1.342701e-03	1.317188e-02	-1.233225e-02
1.395000e+01	6.680267e-04	5.665311e-03	7.504640e-04	1.230993e-02	-1.468961e-02
1.400000e+01	-8.263035e-05	6.203489e-03	-1.343347e-04	1.377166e-02	-1.732222e-02
1.405000e+01	-9.374679e-04	6.591063e-03	-1.239757e-03	1.501322e-02	-1.884566e-02
1.410000e+01	-1.824606e-03	6.564738e-03	-2.366958e-03	1.455884e-02	-1.834379e-02
1.415000e+01	-2.636840e-03	6.163558e-03	-3.297728e-03	1.360039e-02	-1.707970e-02
1.420000e+01	-3.267699e-03	5.631855e-03	-3.939979e-03	1.234720e-02	-1.917129e-02
1.425000e+01	-3.644022e-03	5.227694e-03	-4.312113e-03	1.132342e-02	-1.971134e-02
1.430000e+01	-3.744693e-03	5.033224e-03	-4.051311e-03	1.015811e-02	-1.789836e-02
1.435000e+01	-3.598695e-03	4.968951e-03	-3.343774e-03	8.866265e-03	-1.534187e-02
1.440000e+01	-3.264949e-03	4.965687e-03	-3.046864e-03	8.884843e-03	-1.500111e-02
1.445000e+01	-2.804151e-03	5.022325e-03	-2.284578e-03	9.004593e-03	-1.451785e-02
1.450000e+01	-2.255790e-03	5.128368e-03	-1.890413e-03	8.632351e-03	-1.297922e-02
1.455000e+01	-1.630471e-03	5.228427e-03	-1.403831e-03	9.705956e-03	-1.472386e-02
1.460000e+01	-9.202602e-04	5.283651e-03	-7.247140e-04	1.175768e-02	-1.515356e-02
1.465000e+01	-1.212571e-04	5.320235e-03	-1.146411e-04	1.221880e-02	-1.450427e-02
1.470000e+01	7.430454e-04	5.388052e-03	7.643667e-04	1.264558e-02	-1.436959e-02
1.475000e+01	1.609586e-03	5.482085e-03	1.490879e-03	1.405684e-02	-1.334240e-02
1.480000e+01	2.381838e-03	5.532121e-03	2.456399e-03	1.509027e-02	-1.196066e-02
1.485000e+01	2.953300e-03	5.468937e-03	3.010518e-03	1.505416e-02	-1.082801e-02
1.490000e+01	3.239797e-03	5.280667e-03	3.089785e-03	1.616496e-02	-1.220305e-02
1.495000e+01	3.207967e-03	5.010773e-03	3.199608e-03	1.514431e-02	-1.247574e-02
1.500000e+01	2.888424e-03	4.719874e-03	2.770721e-03	1.280204e-02	-1.151912e-02
1.505000e+01	2.372700e-03	4.468319e-03	2.189072e-03	1.320962e-02	-9.646997e-03
1.510000e+01	1.765289e-03	4.281720e-03	1.700155e-03	1.524533e-02	-8.225320e-03
1.515000e+01	1.180036e-03	4.193734e-03	1.173604e-03	1.576388e-02	-9.641571e-03
1.520000e+01	6.946810e-04	4.215389e-03	8.170025e-04	1.444936e-02	-9.736866e-03
1.525000e+01	3.316562e-04	4.321892e-03	6.432033e-04	1.133442e-02	-1.069537e-02
1.530000e+01	5.935598e-05	4.468581e-03	1.747000e-04	1.076143e-02	-1.258250e-02
1.535000e+01	-1.875374e-04	4.614056e-03	7.561475e-05	1.146309e-02	-1.373499e-02
1.540000e+01	-4.769969e-04	4.722021e-03	-4.496591e-04	1.168218e-02	-1.345127e-02
1.545000e+01	-8.496662e-04	4.752188e-03	-6.753433e-04	1.107641e-02	-1.510636e-02
1.550000e+01	-1.300639e-03	4.665865e-03	-1.272495e-03	9.253102e-03	-1.581418e-02
1.555000e+01	-1.778662e-03	4.449736e-03	-1.786110e-03	8.490169e-03	-1.607791e-02
1.560000e+01	-2.201678e-03	4.139444e-03	-2.078214e-03	8.707453e-03	-1.565064e-02
1.565000e+01	-2.481832e-03	3.824090e-03	-2.608771e-03	8.192062e-03	-1.391261e-02
1.570000e+01	-2.550472e-03	3.619189e-03	-2.764717e-03	8.681779e-03	-1.199578e-02
1.575000e+01	-2.374936e-03	3.604497e-03	-2.432124e-03	1.130569e-02	-1.104193e-02
1.580000e+01	-1.963154e-03	3.766178e-03	-2.185947e-03	1.382453e-02	-1.035021e-02
1.585000e+01	-1.357316e-03	4.009988e-03	-1.535564e-03	1.523659e-02	-1.046262e-02
1.590000e+01	-6.216411e-04	4.224996e-03	-6.232248e-04	1.572710e-02	-9.530052e-03
1.595000e+01	1.697746e-04	4.330080e-03	1.708937e-04	1.578139e-02	-9.296095e-03
1.600000e+01	9.410513e-04	4.291222e-03	8.006298e-04	1.520964e-02	-9.775022e-03
1.605000e+01	1.622861e-03	4.132051e-03	1.636776e-03	1.330660e-02	-1.032139e-02
1.610000e+01	2.142795e-03	3.900126e-03	2.246915e-03	1.165724e-02	-1.024860e-02
1.615000e+01	2.439066e-03	3.669094e-03	2.796321e-03	1.185138e-02	-9.438401e-03
1.620000e+01	2.469327e-03	3.500322e-03	2.998059e-03	1.128787e-02	-8.217257e-03
1.625000e+01	2.222485e-03	3.410918e-03	2.614550e-03	1.017937e-02	-9.376302e-03
1.630000e+01	1.728833e-03	3.366388e-03	2.159560e-03	8.699283e-03	-9.336657e-03
1.635000e+01	1.063004e-03	3.312374e-03	1.099512e-03	9.836351e-03	-9.155413e-03
1.640000e+01	3.353837e-04	3.221384e-03	-8.060224e-06	1.013342e-02	-9.244722e-03
1.645000e+01	-3.286736e-04	3.119637e-03	-5.359545e-04	9.366645e-03	-9.845212e-03
1.650000e+01	-8.176460e-04	3.072851e-03	-8.582623e-04	9.067118e-03	-1.055276e-02
1.655000e+01	-1.062430e-03	3.129917e-03	-9.617471e-04	8.473787e-03	-9.996261e-03
1.660000e+01	-1.055143e-03	3.272023e-03	-1.098320e-03	7.284499e-03	-9.619960e-03
1.665000e+01	-8.508892e-04	3.428493e-03	-1.125997e-03	7.623440e-03	-8.817670e-03
1.670000e+01	-5.506382e-04	3.532986e-03	-6.605328e-04	8.996221e-03	-9.186880e-03
1.675000e+01	-2.699378e-04	3.555982e-03	-3.297966e-04	9.240992e-03	-9.994276e-03
1.680000e+01	-1.034403e-04	3.502266e-03	-2.637769e-04	9.008032e-03	-9.767035e-03
1.685000e+01	-9.699958e-05	3.395188e-03	-3.041768e-04	1.012083e-02	-8.463537e-03
1.690000e+01	-2.366068e-04	3.266555e-03	-3.267391e-04	9.909704e-03	-8.339479e-03
1.695000e+01	-4.574987e-04	3.154021e-03	-2.023440e-04	8.411178e-03	-7.969456e-03
1.700000e+01	-6.696295e-04	3.093079e-03	-4.950636e-04	7.092626e-03	-8.859922e-03
1.705000e+01	-7.929699e-04	3.101208e-03	-7.383685e-04	6.851582e-03	-9.681298e-03
1.710000e+01	-7.750400e-04	3.158827e-03	-5.171321e-04	7.306223e-03	-1.098049e-02
1.715000e+01	-6.127406e-04	3.241137e-03	-4.396512e-04	8.846926e-03	-1.089050e-02
1.720000e+01	-3.480672e-04	3.346505e-03	-4.016231e-04	9.743589e-03	-9.486037e-03
1.725000e+01	-4.991628e-05	3.499880e-03	-4.062252e-05	1.018635e-02	-8.463684e-03
1.730000e+01	2.119292e-04	3.715646e-03	1.744974e-04	1.193519e-02	-9.188001e-03
1.735000e+01	3.905274e-04	3.955981e-03	1.698258e-04	1.214612e-02	-9.879832e-03
1.740000e+01	4.745703e-04	4.134010e-03	3.425990e-04	1.108075e-02	-9.174028e-03
1.745000e+01	4.862816e-04	4.159613e-03	3.676119e-04	1.149771e-02	-9.899189e-03
1.750000e+01	4.664508e-04	3.989259e-03	4.763632e-04	1.116747e-02	-1.043137e-02
1.755000e+01	4.535347e-04	3.655406e-03	4.447188e-04	1.091267e-02	-9.690884e-03
1.760000e+01	4.657243e-04	3.266515e-03	3.385731e-04	9.261695e-03	-8.364902e-03
1.765000e+01	4.932394e-04	2.964415e-03	2.972487e-04	7.907279e-03	-7.730110e-03
1.770000e+01	5.036842e-04	2.833011e-03	1.776425e-04	7.567991e-03	-7.744269e-03
1.775000e+01	4.579130e-04	2.835735e-03	3.399528e-04	7.998625e-03	-7.453305e-03
1.780000e+01	3.296610e-04	2.879977e-03	5.322134e-04	7.714357e-03	-6.883455e-03
1.785000e+01	1.207901e-04	2.913682e-03	4.189589e-04	7.790673e-03	-8.323444e-03
1.790000e+01	-1.341876e-04	2.935677e-03	8.834897e-05	8.936163e-03	-8.960812e-03
1.795000e+01	-3.764136e-04	2.948844e-03	-2.451980e-04	9.281332e-03	-8.782394e-03
1.800000e+01	-5.409743e-04	2.932132e-03	-5.124476e-04	9.349855e-03	-7.530077e-03
1.805000e+01	-5.753766e-04	2.869833e-03	-6.253149e-04	1.047344e-02	-7.209679e-03
1.810000e+01	-4.653129e-04	2.773486e-03	-4.956454e-04	1.065393e-02	-7.197764e-03
1.815000e+01	-2.361950e-04	2.710045e-03	-3.710222e-04	9.707861e-03	-6.760243e-03
1.820000e+01	5.300939e-05	2.742671e-03	-1.846735e-05	7.799936e-03	-7.195880e-03
1.825000e+01	3.272568e-04	2.860853e-03	2.773264e-04	7.495846e-03	-7.225337e-03
1.830000e+01	5.175321e-04	2.982996e-03	4.278286e-04	7.446772e-03	-7.165308e-03
1.835000e+01	5.801036e-04	3.023630e-03	6.839676e-04	7.926889e-03	-7.771202e-03
1.840000e+01	5.068592e-04	2.944394e-03	7.532413e-04	7.403027e-03	-7.751468e-03
1.845000e+01	3.241256e-04	2.766979e-03	4.965440e-04	8.802782e-03	-7.065875e-03
1.850000e+01	8.149852e-05	2.562690e-03	2.812551e-04	9.477226e-03	-6.691304e-03
1.855000e+01	-1.645733e-04	2.420692e-03	-3.138813e-04	9.361365e-03	-7.307157e-03
1.860000e+01	-3.664966e-04	2.393079e-03	-6.858859e-04	8.287937e-03	-7.362477e-03
1.865000e+01	-4.956294e-04	2.458660e-03	-7.182663e-04	6.384382e-03	-7.610268e-03
1.870000e+01	-5.445536e-04	2.557086e-03	-6.575615e-04	6.469619e-03	-6.843021e-03
1.875000e+01	-5.224585e-04	2.647594e-03	-5.797252e-04	7.028664e-03	-6.600472e-03
1.880000e+01	-4.469304e-04	2.723805e-03	-3.890075e-04	7.426318e-03	-7.405391e-03
1.885000e+01	-3.361838e-04	2.786438e-03	-2.017221e-04	7.163554e-03	-7.225783e-03
1.890000e+01	-2.047866e-04	2.816676e-03	-2.522133e-05	6.522901e-03	-7.627877e-03
1.895000e+01	-6.380424e-05	2.784883e-03	1.664089e-04	7.217029e-03	-8.314691e-03
1.900000e+01	7.599523e-05	2.685660e-03	1.575251e-04	7.375518e-03	-7.960783e-03
1.905000e+01	2.021239e-04	2.564120e-03	2.712127e-04	6.934692e-03	-8.228616e-03
1.910000e+01	2.929633e-04	2.478209e-03	2.533026e-04	6.818867e-03	-7.440302e-03
1.915000e+01	3.294605e-04	2.453717e-03	3.046653e-04	6.312734e-03	-6.272487e-03
1.920000e+01	2.985518e-04	2.452315e-03	3.054107e-04	6.839211e-03	-6.437497e-03
1.925000e+01	2.002091e-04	2.424593e-03	1.423950e-04	7.112781e-03	-6.056886e-03
1.930000e+01	5.177513e-05	2.376847e-03	-1.982531e-05	6.876504e-03	-5.756349e-03
1.935000e+01	-1.131693e-04	2.374199e-03	-1.114141e-04	7.147803e-03	-5.214360e-03
1.940000e+01	-2.521771e-04	2.466928e-03	-2.265225e-04	7.113398e-03	-6.064687e-03
1.945000e+01	-3.257629e-04	2.619091e-03	-2.181084e-04	7.921237e-03	-6.567292e-03
1.950000e+01	-3.098488e-04	2.737462e-03	-2.457656e-04	7.483632e-03	-6.603607e-03
1.955000e+01	-2.043302e-04	2.749036e-03	-3.213805e-04	7.618654e-03	-6.516816e-03
1.960000e+01	-3.434634e-05	2.638709e-03	-1.777922e-04	7.771515e-03	-6.675155e-03
1.965000e+01	1.566576e-04	2.443197e-03	-6.348777e-05	7.622239e-03	-6.391619e-03
1.970000e+01	3.200215e-04	2.228114e-03	2.910168e-04	7.336379e-03	-5.630526e-03
1.975000e+01	4.167443e-04	2.067898e-03	5.011230e-04	8.422846e-03	-5.462275e-03
1.980000e+01	4.290431e-04	2.026878e-03	5.212593e-04	8.220091e-03	-5.765775e-03
1.985000e+01	3.646515e-04	2.122885e-03	4.044582e-04	6.827623e-03	-5.668802e-03
1.990000e+01	2.525334e-04	2.298417e-03	3.526974e-04	5.590143e-03	-6.320811e-03
1.995000e+01	1.317890e-04	2.449326e-03	3.172714e-04	6.879707e-03	-6.980654e-03
2.000000e+01	3.791996e-05	2.482974e-03	2.203496e-04	7.387931e-03	-7.016332e-03
