# k	<chi>	std	chi_median	chi_max	chi_min
0.000000e+00	2.221269e-01	2.237691e-01	2.827023e-01	7.282393e-01	0.000000e+00
5.000000e-02	4.180389e-01	7.106777e-02	4.168905e-01	7.160638e-01	0.000000e+00
1.000000e-01	4.007237e-01	7.109198e-02	3.990900e-01	7.034177e-01	0.000000e+00
1.500000e-01	3.473539e-01	7.114716e-02	3.458619e-01	6.625358e-01	0.000000e+00
2.000000e-01	2.919246e-01	7.120564e-02	2.912808e-01	6.178453e-01	0.000000e+00
2.500000e-01	1.967333e-01	7.125030e-02	1.944292e-01	5.358849e-01	-1.563662e-02
3.000000e-01	9.812654e-02	7.131464e-02	9.445569e-02	4.458008e-01	-1.231223e-01
3.500000e-01	-4.008340e-02	7.134071e-02	-4.404667e-02	3.110007e-01	-2.682920e-01
4.000000e-01	-1.791619e-01	7.141436e-02	-1.838678e-01	1.674787e-01	-4.089752e-01
4.500000e-01	-3.487172e-01	7.136872e-02	-3.534181e-01	0.000000e+00	-5.750041e-01
5.000000e-01	-5.099756e-01	7.117454e-02	-5.139833e-01	0.000000e+00	-7.525887e-01
5.500000e-01	-6.820552e-01	7.027987e-02	-6.840936e-01	0.000000e+00	-9.313266e-01
6.000000e-01	-8.298417e-01	6.855961e-02	-8.340099e-01	0.000000e+00	-1.072073e+00
6.500000e-01	-9.603932e-01	6.516021e-02	-9.634371e-01	0.000000e+00	-1.178996e+00
7.000000e-01	-1.047623e+00	6.064324e-02	-1.048674e+00	0.000000e+00	-1.228428e+00
7.500000e-01	-1.088550e+00	5.507663e-02	-1.089127e+00	0.000000e+00	-1.215890e+00
8.000000e-01	-1.073093e+00	5.069583e-02	-1.076076e+00	0.000000e+00	-1.186101e+00
8.500000e-01	-9.948031e-01	4.914144e-02	-9.994780e-01	0.000000e+00	-1.091817e+00
9.000000e-01	-8.652229e-01	5.107613e-02	-8.673670e-01	0.000000e+00	-9.876515e-01
9.500000e-01	-6.833364e-01	5.460896e-02	-6.841774e-01	0.000000e+00	-8.329244e-01
1.000000e+00	-4.805794e-01	5.673756e-02	-4.800147e-01	0.000000e+00	-6.486812e-01
1.050000e+00	-2.656564e-01	5.513297e-02	-2.633563e-01	0.000000e+00	-4.709909e-01
1.100000e+00	-7.697667e-02	4.958508e-02	-7.324983e-02	8.574451e-02	-2.981186e-01
1.150000e+00	7.238678e-02	4.086979e-02	7.559907e-02	1.985913e-01	-1.397920e-01
1.200000e+00	1.584293e-01	3.260174e-02	1.597006e-01	2.417380e-01	-2.698521e-02
1.250000e+00	1.769535e-01	2.837757e-02	1.791900e-01	2.416827e-01	0.000000e+00
1.300000e+00	1.344839e-01	2.884026e-02	1.357480e-01	2.030173e-01	0.000000e+00
1.350000e+00	4.452148e-02	3.013982e-02	4.539324e-02	1.197272e-01	-3.580210e-02
1.400000e+00	-6.032472e-02	2.915431e-02	-5.942675e-02	2.901567e-02	-1.326420e-01
1.450000e+00	-1.564353e-01	2.597342e-02	-1.572687e-01	0.000000e+00	-2.190194e-01
1.500000e+00	-2.115809e-01	2.298309e-02	-2.126757e-01	0.000000e+00	-2.689287e-01
1.550000e+00	-2.125084e-01	2.261342e-02	-2.138755e-01	0.000000e+00	-2.684971e-01
1.600000e+00	-1.555824e-01	2.396874e-02	-1.574172e-01	0.000000e+00	-2.160308e-01
1.650000e+00	-5.118838e-02	2.443088e-02	-5.150838e-02	5.713484e-02	-1.117620e-01
1.700000e+00	7.282730e-02	2.248429e-02	7.314433e-02	1.433135e-01	0.000000e+00
1.750000e+00	1.932424e-01	1.882420e-02	1.935717e-01	2.401731e-01	0.000000e+00
1.800000e+00	2.774452e-01	1.556637e-02	2.784494e-01	3.141413e-01	0.000000e+00
1.850000e+00	3.150831e-01	1.471397e-02	3.164543e-01	3.410121e-01	0.000000e+00
1.900000e+00	2.977213e-01	1.519157e-02	2.996120e-01	3.215925e-01	0.000000e+00
1.950000e+00	2.394418e-01	1.504715e-02	2.402251e-01	2.735543e-01	0.000000e+00
2.000000e+00	1.574924e-01	1.330336e-02	1.570428e-01	1.943743e-01	0.000000e+00
2.050000e+00	7.195427e-02	1.089425e-02	7.163073e-02	1.175086e-01	0.000000e+00
2.100000e+00	7.471224e-03	9.342815e-03	7.329359e-03	6.270455e-02	-1.944368e-02
2.150000e+00	-2.472374e-02	8.699346e-03	-2.510916e-02	2.915281e-02	-4.941301e-02
2.200000e+00	-2.762024e-02	7.793369e-03	-2.786400e-02	1.300967e-02	-4.901683e-02
2.250000e+00	-1.981901e-02	6.841194e-03	-1.975788e-02	1.457091e-04	-3.915971e-02
2.300000e+00	-1.035476e-02	6.064717e-03	-1.012081e-02	7.264538e-03	-3.456590e-02
2.350000e+00	-6.145101e-03	5.245039e-03	-5.884897e-03	6.840125e-03	-3.688597e-02
2.400000e+00	-9.328122e-03	4.235492e-03	-9.085315e-03	0.000000e+00	-3.648069e-02
2.450000e+00	-1.076967e-02	3.873648e-03	-1.074283e-02	0.000000e+00	-3.402041e-02
2.500000e+00	-1.324618e-02	3.676422e-03	-1.336208e-02	0.000000e+00	-3.075203e-02
2.550000e+00	-1.560167e-02	3.493996e-03	-1.571089e-02	0.000000e+00	-2.720260e-02
2.600000e+00	-1.662318e-02	3.184408e-03	-1.659513e-02	0.000000e+00	-2.565922e-02
2.650000e+00	-1.783854e-02	2.827650e-03	-1.777122e-02	0.000000e+00	-2.528135e-02
2.700000e+00	-1.784809e-02	2.417405e-03	-1.786723e-02	0.000000e+00	-2.368311e-02
2.750000e+00	-1.660009e-02	2.145805e-03	-1.670939e-02	0.000000e+00	-2.270500e-02
2.800000e+00	-1.444271e-02	2.064952e-03	-1.444416e-02	0.000000e+00	-2.075504e-02
2.850000e+00	-1.290249e-02	2.031050e-03	-1.277510e-02	0.000000e+00	-1.925508e-02
2.900000e+00	-1.038555e-02	1.848919e-03	-1.020954e-02	0.000000e+00	-1.628932e-02
2.950000e+00	-7.313231e-03	1.539676e-03	-7.144844e-03	0.000000e+00	-1.244568e-02
3.000000e+00	-4.123481e-03	1.354497e-03	-4.039747e-03	0.000000e+00	-8.980521e-03
3.050000e+00	-1.885452e-04	1.589429e-03	-1.032337e-04	3.621614e-03	-7.079095e-03
3.100000e+00	2.894745e-03	1.999749e-03	3.058204e-03	8.011518e-03	-5.344513e-03
3.150000e+00	4.592924e-03	2.232504e-03	4.778261e-03	1.051679e-02	-3.332189e-03
3.200000e+00	4.682167e-03	2.179689e-03	4.821851e-03	1.050437e-02	-1.318713e-03
3.250000e+00	2.823911e-03	1.907870e-03	2.837140e-03	7.981186e-03	-3.092229e-03
3.300000e+00	-3.122419e-04	1.709151e-03	-3.111360e-04	6.433869e-03	-5.646997e-03
3.350000e+00	-3.744135e-03	1.809106e-03	-3.806801e-03	4.328083e-03	-1.054479e-02
3.400000e+00	-6.431459e-03	2.055653e-03	-6.586192e-03	1.030137e-03	-1.441970e-02
3.450000e+00	-7.571260e-03	2.209062e-03	-7.736491e-03	3.900549e-04	-1.531577e-02
3.500000e+00	-6.244696e-03	2.190423e-03	-6.473659e-03	1.089299e-03	-1.333261e-02
3.550000e+00	-2.469409e-03	2.085835e-03	-2.762349e-03	4.727812e-03	-8.785454e-03
3.600000e+00	3.161590e-03	2.014311e-03	3.055073e-03	9.780173e-03	-3.200571e-03
3.650000e+00	9.979070e-03	2.018031e-03	9.889062e-03	1.598282e-02	0.000000e+00
3.700000e+00	1.627210e-02	2.062782e-03	1.617325e-02	2.250099e-02	0.000000e+00
3.750000e+00	2.063894e-02	2.155968e-03	2.078724e-02	2.806214e-02	0.000000e+00
3.800000e+00	2.197134e-02	2.325259e-03	2.230092e-02	3.087614e-02	0.000000e+00
3.850000e+00	1.981983e-02	2.551626e-03	2.011472e-02	2.878809e-02	0.000000e+00
3.900000e+00	1.368353e-02	2.642886e-03	1.383499e-02	2.117136e-02	0.000000e+00
3.950000e+00	4.300008e-03	2.488003e-03	4.397077e-03	1.046606e-02	-3.221535e-03
4.000000e+00	-6.870123e-03	2.113466e-03	-6.914532e-03	0.000000e+00	-1.311919e-02
4.050000e+00	-1.834624e-02	1.760409e-03	-1.842534e-02	0.000000e+00	-2.310315e-02
4.100000e+00	-2.794442e-02	1.738478e-03	-2.801494e-02	0.000000e+00	-3.337724e-02
4.150000e+00	-3.368841e-02	2.072165e-03	-3.396604e-02	0.000000e+00	-3.899329e-02
4.200000e+00	-3.425323e-02	2.430693e-03	-3.445091e-02	0.000000e+00	-4.004007e-02
4.250000e+00	-3.012407e-02	2.621713e-03	-3.041832e-02	0.000000e+00	-3.671941e-02
4.300000e+00	-2.125910e-02	2.627403e-03	-2.146082e-02	0.000000e+00	-2.802077e-02
4.350000e+00	-9.261729e-03	2.575429e-03	-9.257725e-03	0.000000e+00	-1.609888e-02
4.400000e+00	3.664880e-03	2.604576e-03	3.755574e-03	1.236087e-02	-3.708493e-03
4.450000e+00	1.500231e-02	2.726608e-03	1.508606e-02	2.373049e-02	0.000000e+00
4.500000e+00	2.364228e-02	2.804843e-03	2.366990e-02	3.183500e-02	0.000000e+00
4.550000e+00	2.879472e-02	2.721689e-03	2.881567e-02	3.587396e-02	0.000000e+00
4.600000e+00	3.063227e-02	2.453538e-03	3.063313e-02	3.621674e-02	0.000000e+00
4.650000e+00	3.014833e-02	2.118071e-03	3.032851e-02	3.498702e-02	0.000000e+00
4.700000e+00	2.847104e-02	1.850790e-03	2.851668e-02	3.301584e-02	0.000000e+00
4.750000e+00	2.642055e-02	1.847142e-03	2.655469e-02	3.094018e-02	0.000000e+00
4.800000e+00	2.421219e-02	2.145137e-03	2.443071e-02	2.968895e-02	0.000000e+00
4.850000e+00	2.148305e-02	2.615227e-03	2.158016e-02	2.968969e-02	0.000000e+00
4.900000e+00	1.737014e-02	3.147767e-03	1.732674e-02	2.757238e-02	0.000000e+00
4.950000e+00	1.124423e-02	3.707752e-03	1.122257e-02	2.231793e-02	-7.440660e-04
5.000000e+00	3.129805e-03	4.275663e-03	3.069421e-03	1.580796e-02	-1.097313e-02
5.050000e+00	-6.033843e-03	4.782101e-03	-6.142267e-03	7.308706e-03	-1.999220e-02
5.100000e+00	-1.451481e-02	5.121356e-03	-1.467645e-02	0.000000e+00	-2.729417e-02
5.150000e+00	-2.033448e-02	5.187204e-03	-2.034073e-02	0.000000e+00	-3.310078e-02
5.200000e+00	-2.198242e-02	4.994262e-03	-2.192058e-02	0.000000e+00	-3.443157e-02
5.250000e+00	-1.915226e-02	4.752868e-03	-1.923587e-02	0.000000e+00	-3.390066e-02
5.300000e+00	-1.288312e-02	4.808842e-03	-1.295035e-02	1.043192e-03	-3.101183e-02
5.350000e+00	-5.577533e-03	5.207682e-03	-5.314821e-03	8.110550e-03	-2.581922e-02
5.400000e+00	-2.548436e-04	5.560572e-03	5.971671e-04	1.184196e-02	-2.059625e-02
5.450000e+00	5.775012e-04	5.441612e-03	1.333801e-03	1.151884e-02	-1.706459e-02
5.500000e+00	-4.400785e-03	4.789315e-03	-3.753233e-03	5.486977e-03	-1.706322e-02
5.550000e+00	-1.459822e-02	4.072769e-03	-1.440909e-02	0.000000e+00	-2.728571e-02
5.600000e+00	-2.760329e-02	4.219505e-03	-2.764014e-02	0.000000e+00	-4.149997e-02
5.650000e+00	-3.969514e-02	5.298769e-03	-4.004828e-02	0.000000e+00	-5.222128e-02
5.700000e+00	-4.743004e-02	6.426724e-03	-4.792699e-02	0.000000e+00	-6.159323e-02
5.750000e+00	-4.830815e-02	7.013572e-03	-4.875274e-02	0.000000e+00	-6.330156e-02
5.800000e+00	-4.163715e-02	6.986996e-03	-4.168845e-02	0.000000e+00	-5.705290e-02
5.850000e+00	-2.852296e-02	6.645248e-03	-2.837445e-02	0.000000e+00	-4.622632e-02
5.900000e+00	-1.184578e-02	6.472334e-03	-1.140825e-02	7.048707e-03	-3.076936e-02
5.950000e+00	5.213530e-03	6.656986e-03	5.430881e-03	2.295823e-02	-1.439447e-02
6.000000e+00	1.999288e-02	6.951546e-03	2.037902e-02	3.696853e-02	-6.463291e-04
6.050000e+00	3.102841e-02	6.954552e-03	3.182261e-02	4.891321e-02	0.000000e+00
6.100000e+00	3.808556e-02	6.523263e-03	3.878077e-02	5.446910e-02	0.000000e+00
6.150000e+00	4.207839e-02	5.713639e-03	4.272272e-02	5.757733e-02	0.000000e+00
6.200000e+00	4.421883e-02	4.797669e-03	4.475387e-02	5.890174e-02	0.000000e+00
6.250000e+00	4.533066e-02	4.240531e-03	4.536498e-02	5.847844e-02	0.000000e+00
6.300000e+00	4.547312e-02	4.428212e-03	4.579290e-02	5.600642e-02	0.000000e+00
6.350000e+00	4.400932e-02	5.216228e-03	4.416552e-02	5.591306e-02	0.000000e+00
6.400000e+00	4.004839e-02	6.206892e-03	4.000897e-02	5.536743e-02	0.000000e+00
6.450000e+00	3.302558e-02	7.153670e-03	3.290792e-02	5.205940e-02	0.000000e+00
6.500000e+00	2.313179e-02	7.932172e-03	2.279606e-02	4.562128e-02	-3.906869e-03
6.550000e+00	1.125696e-02	8.435435e-03	1.062816e-02	3.549621e-02	-1.199254e-02
6.600000e+00	-9.248363e-04	8.634043e-03	-1.754821e-03	2.454102e-02	-2.314588e-02
6.650000e+00	-1.194029e-02	8.593702e-03	-1.279822e-02	1.235502e-02	-3.510566e-02
6.700000e+00	-2.091959e-02	8.420426e-03	-2.158471e-02	3.090273e-03	-4.446651e-02
6.750000e+00	-2.784089e-02	8.072624e-03	-2.832373e-02	0.000000e+00	-5.305000e-02
6.800000e+00	-3.335661e-02	7.301862e-03	-3.349124e-02	0.000000e+00	-5.715595e-02
6.850000e+00	-3.827585e-02	5.924108e-03	-3.850235e-02	0.000000e+00	-5.666791e-02
6.900000e+00	-4.294733e-02	4.387845e-03	-4.279644e-02	0.000000e+00	-5.767145e-02
6.950000e+00	-4.684952e-02	4.398269e-03	-4.686718e-02	0.000000e+00	-5.750727e-02
7.000000e+00	-4.861584e-02	6.318197e-03	-4.918290e-02	0.000000e+00	-6.420203e-02
7.050000e+00	-4.636959e-02	8.246022e-03	-4.743032e-02	0.000000e+00	-6.764572e-02
7.100000e+00	-3.904166e-02	9.135976e-03	-3.992156e-02	0.000000e+00	-6.178399e-02
7.150000e+00	-2.661430e-02	8.891963e-03	-2.733666e-02	9.416358e-03	-4.698754e-02
7.200000e+00	-1.060188e-02	8.195045e-03	-1.085369e-02	2.411268e-02	-2.831563e-02
7.250000e+00	6.196659e-03	8.036492e-03	6.098242e-03	3.771533e-02	-1.495679e-02
7.300000e+00	2.049333e-02	8.563925e-03	2.020537e-02	4.761962e-02	-2.712443e-03
7.350000e+00	2.957532e-02	8.939653e-03	2.918700e-02	5.329513e-02	0.000000e+00
7.400000e+00	3.222821e-02	8.540388e-03	3.202893e-02	5.599157e-02	0.000000e+00
7.450000e+00	2.914572e-02	7.520468e-03	2.916728e-02	4.990284e-02	0.000000e+00
7.500000e+00	2.264800e-02	6.639567e-03	2.296386e-02	3.965997e-02	0.000000e+00
7.550000e+00	1.576318e-02	6.448869e-03	1.555659e-02	3.441705e-02	-4.177417e-03
7.600000e+00	1.126642e-02	6.598217e-03	1.126447e-02	2.928404e-02	-8.652972e-03
7.650000e+00	1.049827e-02	6.476652e-03	1.011291e-02	2.737085e-02	-7.707972e-03
7.700000e+00	1.310999e-02	6.089802e-03	1.249855e-02	3.268579e-02	-1.640835e-03
7.750000e+00	1.739530e-02	5.979783e-03	1.715713e-02	3.727954e-02	0.000000e+00
7.800000e+00	2.114536e-02	6.505205e-03	2.139017e-02	3.965149e-02	-7.109947e-04
7.850000e+00	2.264507e-02	7.353631e-03	2.293372e-02	4.094312e-02	-3.191338e-03
7.900000e+00	2.137470e-02	8.033421e-03	2.191884e-02	4.166555e-02	-3.290702e-03
7.950000e+00	1.811383e-02	8.331025e-03	1.851343e-02	3.968279e-02	-6.539548e-03
8.000000e+00	1.441115e-02	8.415097e-03	1.475010e-02	4.567548e-02	-1.107132e-02
8.050000e+00	1.158416e-02	8.784683e-03	1.170795e-02	4.844814e-02	-1.476135e-02
8.100000e+00	1.008239e-02	9.880830e-03	1.105270e-02	4.600904e-02	-2.155681e-02
8.150000e+00	8.879957e-03	1.134259e-02	1.083150e-02	3.721162e-02	-2.668409e-02
8.200000e+00	5.893402e-03	1.222234e-02	8.500027e-03	3.400708e-02	-3.421734e-02
8.250000e+00	-1.074838e-03	1.170351e-02	1.120415e-03	2.702730e-02	-4.095033e-02
8.300000e+00	-1.316475e-02	9.694706e-03	-1.253434e-02	1.272789e-02	-4.546927e-02
8.350000e+00	-2.956872e-02	7.562681e-03	-2.969956e-02	0.000000e+00	-5.294138e-02
8.400000e+00	-4.735018e-02	8.276442e-03	-4.746856e-02	0.000000e+00	-6.466214e-02
8.450000e+00	-6.212866e-02	1.147681e-02	-6.398050e-02	0.000000e+00	-8.205447e-02
8.500000e+00	-6.943768e-02	1.423952e-02	-7.326203e-02	0.000000e+00	-9.010343e-02
8.550000e+00	-6.612264e-02	1.511782e-02	-6.995798e-02	0.000000e+00	-9.352150e-02
8.600000e+00	-5.192807e-02	1.411784e-02	-5.447862e-02	0.000000e+00	-8.536534e-02
8.650000e+00	-2.948685e-02	1.237942e-02	-3.013176e-02	1.906212e-02	-6.440104e-02
8.700000e+00	-3.631120e-03	1.155988e-02	-3.205625e-03	3.963408e-02	-3.652865e-02
8.750000e+00	2.010794e-02	1.211624e-02	2.013686e-02	5.447875e-02	-1.143716e-02
8.800000e+00	3.721242e-02	1.280726e-02	3.745483e-02	6.584464e-02	0.000000e+00
8.850000e+00	4.547792e-02	1.252626e-02	4.637194e-02	7.084265e-02	0.000000e+00
8.900000e+00	4.544301e-02	1.110697e-02	4.683358e-02	6.951186e-02	0.000000e+00
8.950000e+00	3.983099e-02	9.034470e-03	4.079039e-02	6.071794e-02	0.000000e+00
9.000000e+00	3.226863e-02	6.989805e-03	3.288024e-02	5.161866e-02	0.000000e+00
9.050000e+00	2.586253e-02	5.506298e-03	2.622899e-02	4.482698e-02	0.000000e+00
9.100000e+00	2.199545e-02	4.873546e-03	2.239235e-02	3.728858e-02	0.000000e+00
9.150000e+00	2.011416e-02	5.141712e-03	2.052951e-02	3.217638e-02	0.000000e+00
9.200000e+00	1.831121e-02	6.168497e-03	1.847912e-02	3.245354e-02	-7.359698e-04
9.250000e+00	1.448541e-02	7.748285e-03	1.399532e-02	3.515985e-02	-1.075758e-02
9.300000e+00	7.538604e-03	9.581362e-03	6.549486e-03	3.549086e-02	-2.136224e-02
9.350000e+00	-1.921075e-03	1.112174e-02	-3.236252e-03	3.138570e-02	-2.872631e-02
9.400000e+00	-1.167923e-02	1.165405e-02	-1.330804e-02	2.248646e-02	-3.423383e-02
9.450000e+00	-1.878201e-02	1.065725e-02	-1.977515e-02	1.057927e-02	-3.910049e-02
9.500000e+00	-2.080491e-02	8.388061e-03	-2.093646e-02	5.436209e-03	-3.682953e-02
9.550000e+00	-1.699944e-02	6.897585e-03	-1.715472e-02	9.889750e-03	-3.884284e-02
9.600000e+00	-8.723152e-03	8.867663e-03	-8.142465e-03	1.373910e-02	-3.756039e-02
9.650000e+00	7.913263e-04	1.215762e-02	3.071721e-03	2.329163e-02	-3.625274e-02
9.700000e+00	7.611318e-03	1.397837e-02	1.079872e-02	3.027763e-02	-3.680694e-02
9.750000e+00	8.567878e-03	1.320680e-02	1.120618e-02	3.036994e-02	-3.314452e-02
9.800000e+00	2.489482e-03	1.008719e-02	3.541013e-03	2.276361e-02	-2.745514e-02
9.850000e+00	-9.276219e-03	6.709697e-03	-9.441539e-03	8.585317e-03	-2.417195e-02
9.900000e+00	-2.325938e-02	7.458335e-03	-2.317119e-02	3.889811e-04	-4.182063e-02
9.950000e+00	-3.503738e-02	1.091335e-02	-3.616199e-02	2.202972e-03	-5.881002e-02
1.000000e+01	-4.073950e-02	1.320592e-02	-4.293649e-02	3.987671e-03	-6.560863e-02
1.005000e+01	-3.828159e-02	1.328836e-02	-4.024540e-02	6.150851e-03	-6.412329e-02
1.010000e+01	-2.812519e-02	1.165605e-02	-2.904367e-02	9.549655e-03	-5.327159e-02
1.015000e+01	-1.292330e-02	9.759140e-03	-1.283704e-02	1.941168e-02	-4.079823e-02
1.020000e+01	3.465518e-03	9.080283e-03	4.065157e-03	2.871670e-02	-2.419058e-02
1.025000e+01	1.730686e-02	9.443568e-03	1.711077e-02	3.920002e-02	-8.608802e-03
1.030000e+01	2.614607e-02	9.526873e-03	2.621259e-02	4.657255e-02	0.000000e+00
1.035000e+01	2.939225e-02	8.675776e-03	2.974448e-02	5.050881e-02	0.000000e+00
1.040000e+01	2.818047e-02	7.121464e-03	2.864869e-02	4.589966e-02	0.000000e+00
1.045000e+01	2.464557e-02	5.570129e-03	2.502172e-02	4.094777e-02	0.000000e+00
1.050000e+01	2.094863e-02	4.716955e-03	2.089174e-02	3.500478e-02	0.000000e+00
1.055000e+01	1.845402e-02	4.669640e-03	1.852389e-02	2.999117e-02	0.000000e+00
1.060000e+01	1.735166e-02	5.031504e-03	1.732839e-02	2.900153e-02	0.000000e+00
1.065000e+01	1.681173e-02	5.539688e-03	1.688916e-02	3.068963e-02	-2.470530e-03
1.070000e+01	1.553916e-02	6.101193e-03	1.543968e-02	3.130109e-02	-5.288539e-03
1.075000e+01	1.245188e-02	6.628365e-03	1.230607e-02	3.136638e-02	-7.541015e-03
1.080000e+01	7.190271e-03	7.041097e-03	6.837942e-03	2.897778e-02	-1.103795e-02
1.085000e+01	2.683002e-04	7.293158e-03	-6.463993e-04	2.365467e-02	-1.636012e-02
1.090000e+01	-7.153412e-03	7.336987e-03	-8.240823e-03	1.634545e-02	-2.359111e-02
1.095000e+01	-1.373440e-02	7.091970e-03	-1.452597e-02	7.498312e-03	-2.963691e-02
1.100000e+01	-1.843956e-02	6.479151e-03	-1.873577e-02	2.652537e-03	-3.299159e-02
1.105000e+01	-2.088993e-02	5.518397e-03	-2.093278e-02	0.000000e+00	-3.424454e-02
1.110000e+01	-2.123592e-02	4.435518e-03	-2.134503e-02	0.000000e+00	-3.410802e-02
1.115000e+01	-2.007557e-02	3.811990e-03	-2.006910e-02	0.000000e+00	-3.232205e-02
1.120000e+01	-1.805948e-02	4.173674e-03	-1.800617e-02	0.000000e+00	-2.805258e-02
1.125000e+01	-1.560883e-02	5.103523e-03	-1.586358e-02	2.078469e-03	-2.879962e-02
1.130000e+01	-1.282191e-02	5.901362e-03	-1.324483e-02	7.562100e-03	-2.846316e-02
1.135000e+01	-9.586970e-03	6.264157e-03	-9.885859e-03	1.456837e-02	-2.498817e-02
1.140000e+01	-5.814331e-03	6.254183e-03	-6.071640e-03	2.199294e-02	-2.251347e-02
1.145000e+01	-1.645859e-03	6.122239e-03	-1.698384e-03	2.758636e-02	-1.703479e-02
1.150000e+01	2.480385e-03	6.044540e-03	2.002871e-03	2.968977e-02	-1.364576e-02
1.155000e+01	5.952672e-03	5.965986e-03	5.736730e-03	2.881984e-02	-9.489379e-03
1.160000e+01	8.237737e-03	5.753477e-03	8.047320e-03	2.471458e-02	-4.957651e-03
1.165000e+01	9.135087e-03	5.422505e-03	9.224296e-03	2.493663e-02	-4.713931e-03
1.170000e+01	8.899754e-03	5.125445e-03	9.083682e-03	2.238097e-02	-4.482129e-03
1.175000e+01	8.160189e-03	4.924709e-03	8.317459e-03	2.199653e-02	-6.830187e-03
1.180000e+01	7.655980e-03	4.691113e-03	7.897503e-03	2.213265e-02	-7.171461e-03
1.185000e+01	7.908895e-03	4.316756e-03	7.969429e-03	2.018122e-02	-5.595933e-03
1.190000e+01	8.977934e-03	3.932201e-03	9.074108e-03	1.941101e-02	-5.507448e-03
1.195000e+01	1.041598e-02	3.820536e-03	1.058240e-02	2.041252e-02	-3.539621e-03
1.200000e+01	1.145645e-02	4.056747e-03	1.167517e-02	2.074815e-02	-8.607071e-04
1.205000e+01	1.135096e-02	4.451211e-03	1.184695e-02	2.288645e-02	-9.348074e-04
1.210000e+01	9.723964e-03	4.813369e-03	1.020508e-02	2.314538e-02	-3.712226e-03
1.215000e+01	6.751761e-03	5.068710e-03	6.950458e-03	2.084951e-02	-6.433377e-03
1.220000e+01	3.115361e-03	5.148584e-03	2.845744e-03	1.869864e-02	-8.949955e-03
1.225000e+01	-2.813591e-04	5.056576e-03	-5.871301e-04	1.990379e-02	-1.205874e-02
1.230000e+01	-2.705564e-03	5.065540e-03	-2.956110e-03	1.953123e-02	-1.408256e-02
1.235000e+01	-3.925973e-03	5.565677e-03	-3.669139e-03	1.687562e-02	-2.071377e-02
1.240000e+01	-4.325666e-03	6.416511e-03	-3.718594e-03	1.328056e-02	-2.571927e-02
1.245000e+01	-4.733886e-03	6.942186e-03	-3.916337e-03	1.297262e-02	-2.819842e-02
1.250000e+01	-6.036207e-03	6.580687e-03	-5.439979e-03	1.222639e-02	-2.778075e-02
1.255000e+01	-8.723929e-03	5.389619e-03	-8.204879e-03	7.571491e-03	-2.488301e-02
1.260000e+01	-1.257894e-02	4.587820e-03	-1.247758e-02	0.000000e+00	-2.589111e-02
1.265000e+01	-1.664228e-02	5.787657e-03	-1.681801e-02	1.699816e-04	-3.205020e-02
1.270000e+01	-1.950118e-02	7.897655e-03	-2.045258e-02	2.785389e-03	-3.615024e-02
1.275000e+01	-1.979711e-02	9.298862e-03	-2.110286e-02	6.347440e-03	-3.837870e-02
1.280000e+01	-1.676080e-02	9.355880e-03	-1.801717e-02	1.237373e-02	-3.905802e-02
1.285000e+01	-1.056176e-02	8.264300e-03	-1.098189e-02	1.993448e-02	-3.248293e-02
1.290000e+01	-2.327004e-03	6.975100e-03	-2.740694e-03	2.523170e-02	-2.175176e-02
1.295000e+01	6.188057e-03	6.685388e-03	5.973393e-03	2.729134e-02	-1.068672e-02
1.300000e+01	1.315758e-02	7.343144e-03	1.294106e-02	3.135364e-02	-7.300409e-03
1.305000e+01	1.732081e-02	7.828743e-03	1.775733e-02	3.580318e-02	-5.968199e-03
1.310000e+01	1.820583e-02	7.453212e-03	1.867977e-02	3.573057e-02	-3.610161e-03
1.315000e+01	1.630947e-02	6.267240e-03	1.645626e-02	3.183513e-02	-3.151114e-04
1.320000e+01	1.279510e-02	4.807201e-03	1.312945e-02	2.594676e-02	-3.293378e-03
1.325000e+01	9.009863e-03	3.842970e-03	9.167537e-03	1.984612e-02	-7.430364e-03
1.330000e+01	5.991813e-03	3.800469e-03	6.036674e-03	1.457911e-02	-9.376586e-03
1.335000e+01	4.156717e-03	4.251492e-03	4.133348e-03	1.423172e-02	-9.551147e-03
1.340000e+01	3.270085e-03	4.710772e-03	3.495986e-03	1.528093e-02	-1.087239e-02
1.345000e+01	2.687761e-03	5.053768e-03	2.964268e-03	1.504969e-02	-1.044480e-02
1.350000e+01	1.739589e-03	5.295114e-03	1.749965e-03	1.415205e-02	-1.110640e-02
1.355000e+01	7.999483e-05	5.416633e-03	2.671081e-05	1.455381e-02	-1.215886e-02
1.360000e+01	-2.144964e-03	5.317050e-03	-2.287882e-03	1.304905e-02	-1.397150e-02
1.365000e+01	-4.376569e-03	4.869976e-03	-4.431956e-03	1.012650e-02	-1.486420e-02
1.370000e+01	-5.920616e-03	4.103925e-03	-6.026592e-03	6.483095e-03	-1.560048e-02
1.375000e+01	-6.290059e-03	3.502172e-03	-6.486580e-03	6.722839e-03	-1.688078e-02
1.380000e+01	-5.455804e-03	3.886414e-03	-5.455272e-03	6.125915e-03	-1.597448e-02
1.385000e+01	-3.892470e-03	5.015946e-03	-3.643873e-03	8.425113e-03	-1.695805e-02
1.390000e+01	-2.397382e-03	5.900558e-03	-1.662282e-03	1.039078e-02	-1.789711e-02
1.395000e+01	-1.759684e-03	5.933006e-03	-1.032062e-03	9.769961e-03	-1.626020e-02
1.400000e+01	-2.420210e-03	5.056720e-03	-1.970746e-03	8.310764e-03	-1.427755e-02
1.405000e+01	-4.279293e-03	3.924412e-03	-4.194941e-03	5.823614e-03	-1.548985e-02
1.410000e+01	-6.688854e-03	3.890638e-03	-6.801103e-03	6.024567e-03	-1.799096e-02
1.415000e+01	-8.674602e-03	5.093123e-03	-8.660445e-03	7.327749e-03	-2.030898e-02
1.420000e+01	-9.310365e-03	6.184009e-03	-9.573253e-03	8.770185e-03	-2.288424e-02
1.425000e+01	-8.070940e-03	6.452537e-03	-8.229723e-03	1.146785e-02	-2.249234e-02
1.430000e+01	-5.029649e-03	5.893293e-03	-5.006419e-03	1.478381e-02	-1.856232e-02
1.435000e+01	-8.269711e-04	4.978063e-03	-5.514896e-04	1.617074e-02	-1.613488e-02
1.440000e+01	3.569116e-03	4.367935e-03	3.764832e-03	1.534592e-02	-1.151648e-02
1.445000e+01	7.208187e-03	4.298112e-03	7.225347e-03	1.862530e-02	-6.237170e-03
1.450000e+01	9.468137e-03	4.350458e-03	9.309838e-03	2.082741e-02	-1.862260e-03
1.455000e+01	1.021418e-02	4.146974e-03	1.025719e-02	2.216061e-02	-1.466694e-03
1.460000e+01	9.757581e-03	3.697356e-03	9.955947e-03	2.055435e-02	-9.936856e-04
1.465000e+01	8.650585e-03	3.256990e-03	8.829939e-03	1.673188e-02	-3.907197e-03
1.470000e+01	7.417929e-03	3.070604e-03	7.458538e-03	1.510484e-02	-5.549916e-03
1.475000e+01	6.343372e-03	3.165451e-03	6.371037e-03	1.475151e-02	-6.996021e-03
1.480000e+01	5.396147e-03	3.400983e-03	5.472251e-03	1.433380e-02	-7.324306e-03
1.485000e+01	4.315194e-03	3.634793e-03	4.302297e-03	1.353959e-02	-7.524314e-03
1.490000e+01	2.799008e-03	3.782547e-03	2.672062e-03	1.202205e-02	-8.266385e-03
1.495000e+01	7.061501e-04	3.837747e-03	3.544012e-04	1.031349e-02	-8.837536e-03
1.500000e+01	-1.827248e-03	3.859864e-03	-2.163704e-03	8.459955e-03	-1.030414e-02
1.505000e+01	-4.421946e-03	3.884648e-03	-4.736440e-03	5.858227e-03	-1.322748e-02
1.510000e+01	-6.563294e-03	3.825074e-03	-6.716879e-03	4.132904e-03	-1.527907e-02
1.515000e+01	-7.803552e-03	3.534414e-03	-7.953649e-03	2.983057e-03	-1.608681e-02
1.520000e+01	-7.942456e-03	2.964883e-03	-8.146251e-03	1.587825e-03	-1.460746e-02
1.525000e+01	-7.101827e-03	2.325534e-03	-7.267937e-03	0.000000e+00	-1.375999e-02
1.530000e+01	-5.668394e-03	2.124317e-03	-5.657738e-03	1.779367e-04	-1.117417e-02
1.535000e+01	-4.133290e-03	2.538799e-03	-4.144758e-03	2.696621e-03	-1.029459e-02
1.540000e+01	-2.899948e-03	3.064967e-03	-2.842931e-03	4.655902e-03	-1.100293e-02
1.545000e+01	-2.142400e-03	3.346475e-03	-2.041648e-03	6.582775e-03	-1.121593e-02
1.550000e+01	-1.770158e-03	3.346675e-03	-1.585728e-03	7.270005e-03	-1.099344e-02
1.555000e+01	-1.507139e-03	3.200812e-03	-1.564230e-03	8.566041e-03	-1.031107e-02
1.560000e+01	-1.042793e-03	3.049496e-03	-1.240252e-03	1.089322e-02	-8.214921e-03
1.565000e+01	-1.852530e-04	2.914863e-03	-2.903977e-04	1.223611e-02	-6.830517e-03
1.570000e+01	1.049916e-03	2.736778e-03	9.861111e-04	1.257121e-02	-5.414557e-03
1.575000e+01	2.449460e-03	2.505077e-03	2.396776e-03	1.178343e-02	-3.493471e-03
1.580000e+01	3.699530e-03	2.311423e-03	3.649457e-03	1.011556e-02	-2.665679e-03
1.585000e+01	4.521572e-03	2.259937e-03	4.581321e-03	1.107168e-02	-1.521650e-03
1.590000e+01	4.784623e-03	2.330838e-03	4.950365e-03	1.176051e-02	-1.079400e-03
1.595000e+01	4.546209e-03	2.404825e-03	4.650909e-03	1.140723e-02	-3.185931e-03
1.600000e+01	4.008729e-03	2.398430e-03	4.147863e-03	1.071513e-02	-5.703709e-03
1.605000e+01	3.437621e-03	2.325811e-03	3.608765e-03	1.009322e-02	-6.906762e-03
1.610000e+01	2.979767e-03	2.270125e-03	3.050290e-03	8.839512e-03	-6.719978e-03
1.615000e+01	2.666858e-03	2.314624e-03	2.782593e-03	8.488698e-03	-5.556858e-03
1.620000e+01	2.388827e-03	2.457840e-03	2.529063e-03	8.861093e-03	-5.453948e-03
1.625000e+01	1.962761e-03	2.624663e-03	1.998725e-03	9.416951e-03	-5.617419e-03
1.630000e+01	1.236103e-03	2.740872e-03	1.349869e-03	9.038665e-03	-6.578927e-03
1.635000e+01	1.744022e-04	2.772214e-03	1.998936e-04	8.010894e-03	-8.138204e-03
1.640000e+01	-1.107588e-03	2.717634e-03	-1.053827e-03	8.371019e-03	-9.296356e-03
1.645000e+01	-2.385400e-03	2.592047e-03	-2.486666e-03	7.867426e-03	-1.214907e-02
1.650000e+01	-3.415703e-03	2.422568e-03	-3.564291e-03	6.277020e-03	-1.353640e-02
1.655000e+01	-4.035692e-03	2.252997e-03	-4.192118e-03	3.566490e-03	-1.367843e-02
1.660000e+01	-4.224742e-03	2.131806e-03	-4.276801e-03	2.711614e-03	-1.215875e-02
1.665000e+01	-4.100066e-03	2.085238e-03	-4.087474e-03	2.862932e-03	-1.036204e-02
1.670000e+01	-3.849008e-03	2.123787e-03	-3.756960e-03	2.610071e-03	-9.746895e-03
1.675000e+01	-3.630184e-03	2.279596e-03	-3.545532e-03	2.985893e-03	-1.142874e-02
1.680000e+01	-3.490211e-03	2.578114e-03	-3.536698e-03	3.408223e-03	-1.322458e-02
1.685000e+01	-3.335895e-03	2.952502e-03	-3.415050e-03	4.387459e-03	-1.341381e-02
1.690000e+01	-2.976439e-03	3.248193e-03	-3.037373e-03	5.977694e-03	-1.294137e-02
1.695000e+01	-2.218174e-03	3.321107e-03	-2.084175e-03	7.769424e-03	-1.350614e-02
1.700000e+01	-9.698753e-04	3.133619e-03	-8.620000e-04	9.970441e-03	-1.234136e-02
1.705000e+01	6.804805e-04	2.815717e-03	7.837787e-04	1.125354e-02	-9.798978e-03
1.710000e+01	2.500740e-03	2.607108e-03	2.668725e-03	1.119993e-02	-5.925603e-03
1.715000e+01	4.149129e-03	2.663790e-03	4.094013e-03	1.160784e-02	-2.859023e-03
1.720000e+01	5.296445e-03	2.834682e-03	5.196009e-03	1.400982e-02	-2.552554e-03
1.725000e+01	5.737043e-03	2.867871e-03	5.528676e-03	1.423511e-02	-2.677834e-03
1.730000e+01	5.453607e-03	2.666919e-03	5.315901e-03	1.233513e-02	-2.422520e-03
1.735000e+01	4.610747e-03	2.341914e-03	4.730731e-03	1.056160e-02	-4.678589e-03
1.740000e+01	3.482393e-03	2.143174e-03	3.648445e-03	9.180784e-03	-7.133124e-03
1.745000e+01	2.345185e-03	2.228109e-03	2.441996e-03	8.269516e-03	-8.236967e-03
1.750000e+01	1.382723e-03	2.466756e-03	1.490438e-03	7.549050e-03	-8.039520e-03
1.755000e+01	6.388742e-04	2.655404e-03	6.861444e-04	6.488841e-03	-7.207992e-03
1.760000e+01	3.556679e-05	2.707448e-03	1.285515e-04	6.027077e-03	-6.970799e-03
1.765000e+01	-5.579126e-04	2.636207e-03	-4.761760e-04	6.091426e-03	-7.352266e-03
1.770000e+01	-1.238717e-03	2.490735e-03	-1.258665e-03	5.701319e-03	-7.667938e-03
1.775000e+01	-2.007637e-03	2.311282e-03	-2.080242e-03	5.261989e-03	-7.537517e-03
1.780000e+01	-2.757782e-03	2.118109e-03	-2.768402e-03	4.074325e-03	-7.670698e-03
1.785000e+01	-3.318599e-03	1.928533e-03	-3.326741e-03	2.698616e-03	-8.328388e-03
1.790000e+01	-3.533911e-03	1.785954e-03	-3.480766e-03	1.496528e-03	-8.540595e-03
1.795000e+01	-3.337511e-03	1.765052e-03	-3.289145e-03	1.444836e-03	-8.509008e-03
1.800000e+01	-2.791333e-03	1.901466e-03	-2.791195e-03	3.060212e-03	-7.424048e-03
1.805000e+01	-2.071870e-03	2.119263e-03	-2.179270e-03	3.951507e-03	-7.490613e-03
1.810000e+01	-1.390657e-03	2.282067e-03	-1.371373e-03	3.892313e-03	-7.125416e-03
1.815000e+01	-9.243937e-04	2.303743e-03	-8.495952e-04	4.453166e-03	-7.684387e-03
1.820000e+01	-7.382590e-04	2.211444e-03	-6.126286e-04	4.613101e-03	-8.201192e-03
1.825000e+01	-7.617597e-04	2.148037e-03	-5.760521e-04	4.925842e-03	-7.899948e-03
1.830000e+01	-8.213487e-04	2.246667e-03	-6.955035e-04	5.446086e-03	-8.322501e-03
1.835000e+01	-7.158360e-04	2.450724e-03	-5.317150e-04	7.458929e-03	-7.570136e-03
1.840000e+01	-3.027660e-04	2.573876e-03	-1.642440e-04	8.382476e-03	-7.274479e-03
1.845000e+01	4.400421e-04	2.486377e-03	6.803996e-04	8.057737e-03	-6.836910e-03
1.850000e+01	1.402359e-03	2.198622e-03	1.562990e-03	7.856744e-03	-5.511928e-03
1.855000e+01	2.382161e-03	1.869097e-03	2.411232e-03	7.349498e-03	-3.599751e-03
1.860000e+01	3.160465e-03	1.731439e-03	3.114301e-03	8.524103e-03	-1.875646e-03
1.865000e+01	3.578578e-03	1.849759e-03	3.454426e-03	9.654600e-03	-2.202832e-03
1.870000e+01	3.586646e-03	2.039575e-03	3.460042e-03	9.702820e-03	-2.753087e-03
1.875000e+01	3.246086e-03	2.139673e-03	3.240659e-03	1.018508e-02	-4.205797e-03
1.880000e+01	2.688843e-03	2.129827e-03	2.694008e-03	9.706853e-03	-5.830929e-03
1.885000e+01	2.054382e-03	2.085908e-03	2.078690e-03	8.138177e-03	-6.613235e-03
1.890000e+01	1.433370e-03	2.089863e-03	1.337176e-03	6.517110e-03	-7.115104e-03
1.895000e+01	8.420604e-04	2.147525e-03	7.053279e-04	6.447573e-03	-6.978284e-03
1.900000e+01	2.362984e-04	2.197009e-03	9.499193e-05	7.050074e-03	-6.177843e-03
1.905000e+01	-4.426960e-04	2.189774e-03	-6.733625e-04	6.994198e-03	-5.983343e-03
1.910000e+01	-1.223389e-03	2.128285e-03	-1.451483e-03	6.235869e-03	-6.669820e-03
1.915000e+01	-2.062134e-03	2.059593e-03	-2.193682e-03	4.860955e-03	-7.539999e-03
1.920000e+01	-2.843750e-03	2.012337e-03	-2.929166e-03	3.622282e-03	-8.547660e-03
1.925000e+01	-3.416206e-03	1.956627e-03	-3.479482e-03	2.645132e-03	-9.104911e-03
1.930000e+01	-3.646317e-03	1.844912e-03	-3.725155e-03	2.457896e-03	-8.486767e-03
1.935000e+01	-3.472278e-03	1.694102e-03	-3.561277e-03	3.437678e-03	-7.555037e-03
1.940000e+01	-2.930376e-03	1.620845e-03	-2.961256e-03	4.107144e-03	-7.211121e-03
1.945000e+01	-2.144510e-03	1.735159e-03	-2.158379e-03	4.415324e-03	-7.018282e-03
1.950000e+01	-1.283130e-03	1.972105e-03	-1.267923e-03	4.395637e-03	-6.702081e-03
1.955000e+01	-5.017284e-04	2.166378e-03	-4.779737e-04	5.325188e-03	-6.345029e-03
1.960000e+01	1.055950e-04	2.210132e-03	1.345175e-04	6.060783e-03	-6.309478e-03
1.965000e+01	5.267546e-04	2.094114e-03	6.189560e-04	5.788135e-03	-5.780123e-03
1.970000e+01	8.182534e-04	1.884192e-03	8.897866e-04	5.601586e-03	-4.860765e-03
1.975000e+01	1.065978e-03	1.669465e-03	1.187079e-03	5.304811e-03	-4.571675e-03
1.980000e+01	1.338721e-03	1.503412e-03	1.349234e-03	5.574712e-03	-3.801392e-03
1.985000e+01	1.654711e-03	1.386460e-03	1.660756e-03	5.503746e-03	-2.686245e-03
1.990000e+01	1.974440e-03	1.307623e-03	2.014144e-03	5.815830e-03	-1.821381e-03
1.995000e+01	2.220809e-03	1.275060e-03	2.324006e-03	5.853057e-03	-1.988798e-03
2.000000e+01	2.315666e-03	1.292295e-03	2.386808e-03	6.285085e-03	-1.991889e-03
