# k	<chi>	std	chi_median	chi_max	chi_min
0.000000e+00	-2.053429e-01	2.477211e-01	0.000000e+00	0.000000e+00	-7.146138e-01
5.000000e-02	-4.264399e-01	1.856269e-01	-4.232283e-01	-1.794704e-01	-7.303536e-01
1.000000e-01	-4.297265e-01	1.896649e-01	-4.221159e-01	-1.794679e-01	-7.366039e-01
1.500000e-01	-4.392868e-01	2.010883e-01	-4.295244e-01	-1.801151e-01	-7.543693e-01
2.000000e-01	-4.485051e-01	2.116010e-01	-4.397532e-01	-1.816960e-01	-7.761858e-01
2.500000e-01	-4.626871e-01	2.269323e-01	-4.552689e-01	-1.824931e-01	-8.079646e-01
3.000000e-01	-4.756557e-01	2.397631e-01	-4.692149e-01	-1.828390e-01	-8.346740e-01
3.500000e-01	-4.908407e-01	2.535434e-01	-4.850667e-01	-1.773576e-01	-8.627606e-01
4.000000e-01	-5.031258e-01	2.627952e-01	-4.973522e-01	-1.697071e-01	-8.810919e-01
4.500000e-01	-5.133305e-01	2.685796e-01	-5.065778e-01	-1.287146e-01	-8.898632e-01
5.000000e-01	-5.183127e-01	2.680706e-01	-5.096483e-01	-9.788192e-02	-8.856813e-01
5.500000e-01	-5.161892e-01	2.602762e-01	-5.045394e-01	-7.329389e-02	-8.697847e-01
6.000000e-01	-5.067717e-01	2.457453e-01	-5.020595e-01	-5.925700e-02	-8.518314e-01
6.500000e-01	-4.863597e-01	2.224692e-01	-4.800558e-01	-5.526849e-02	-8.119116e-01
7.000000e-01	-4.583696e-01	1.946089e-01	-4.483584e-01	-6.421864e-02	-7.559412e-01
7.500000e-01	-4.186752e-01	1.604275e-01	-4.036694e-01	-8.379900e-02	-6.778498e-01
8.000000e-01	-3.743591e-01	1.267086e-01	-3.562640e-01	-1.106494e-01	-5.910720e-01
8.500000e-01	-3.223913e-01	9.308962e-02	-3.015446e-01	-1.156730e-01	-4.916329e-01
9.000000e-01	-2.720805e-01	6.650822e-02	-2.613144e-01	-7.464480e-02	-4.046710e-01
9.500000e-01	-2.223134e-01	4.734370e-02	-2.159164e-01	-3.755111e-02	-3.259729e-01
1.000000e+00	-1.816554e-01	3.814392e-02	-1.784634e-01	-1.034316e-02	-2.631752e-01
1.050000e+00	-1.501653e-01	3.807868e-02	-1.518703e-01	7.197267e-03	-2.240822e-01
1.100000e+00	-1.320386e-01	4.780705e-02	-1.393194e-01	1.245779e-02	-2.123409e-01
1.150000e+00	-1.266602e-01	6.750605e-02	-1.548227e-01	6.316444e-03	-2.505195e-01
1.200000e+00	-1.315256e-01	9.090990e-02	-1.555181e-01	5.956556e-03	-2.995574e-01
1.250000e+00	-1.438595e-01	1.144047e-01	-1.568199e-01	1.741063e-02	-3.457689e-01
1.300000e+00	-1.556115e-01	1.303262e-01	-1.543502e-01	1.786967e-02	-3.759683e-01
1.350000e+00	-1.624820e-01	1.358428e-01	-1.521501e-01	2.417737e-02	-3.801449e-01
1.400000e+00	-1.559171e-01	1.274645e-01	-1.497051e-01	2.300081e-02	-3.722407e-01
1.450000e+00	-1.331240e-01	1.055540e-01	-1.276739e-01	1.771565e-02	-3.235782e-01
1.500000e+00	-9.144852e-02	7.389922e-02	-8.509505e-02	2.477277e-02	-2.348052e-01
1.550000e+00	-3.278528e-02	3.797827e-02	-3.453771e-02	5.032956e-02	-1.189490e-01
1.600000e+00	3.645978e-02	1.971515e-02	3.811150e-02	8.780272e-02	-1.306521e-02
1.650000e+00	1.096634e-01	3.839543e-02	1.192044e-01	1.713576e-01	2.814706e-02
1.700000e+00	1.749205e-01	5.249998e-02	1.803024e-01	2.636064e-01	8.132596e-02
1.750000e+00	2.257039e-01	5.303891e-02	2.358036e-01	3.175911e-01	1.407326e-01
1.800000e+00	2.529147e-01	4.037284e-02	2.617848e-01	3.244814e-01	1.853845e-01
1.850000e+00	2.564007e-01	2.000827e-02	2.552539e-01	3.005571e-01	2.124954e-01
1.900000e+00	2.358832e-01	1.561604e-02	2.348587e-01	2.749160e-01	2.004805e-01
1.950000e+00	1.990651e-01	3.298225e-02	1.955183e-01	2.692319e-01	1.458914e-01
2.000000e+00	1.523145e-01	4.301078e-02	1.437985e-01	2.391520e-01	9.378694e-02
2.050000e+00	1.060151e-01	4.108886e-02	9.337284e-02	1.899528e-01	4.799414e-02
2.100000e+00	6.475021e-02	2.741269e-02	5.765646e-02	1.261695e-01	2.206531e-02
2.150000e+00	3.274611e-02	1.049542e-02	3.207987e-02	6.028407e-02	6.366590e-03
2.200000e+00	1.119053e-02	1.988679e-02	5.926957e-03	5.554527e-02	-2.384304e-02
2.250000e+00	-3.138817e-04	3.844360e-02	-4.330790e-03	6.220861e-02	-5.238242e-02
2.300000e+00	-5.783296e-03	4.679045e-02	-5.367150e-03	5.972819e-02	-6.467736e-02
2.350000e+00	-8.031439e-03	4.332957e-02	-5.112410e-03	4.902601e-02	-6.420257e-02
2.400000e+00	-8.906871e-03	3.128883e-02	-6.618455e-03	3.203454e-02	-5.269369e-02
2.450000e+00	-1.094475e-02	1.693249e-02	-1.180366e-02	1.652652e-02	-3.817692e-02
2.500000e+00	-9.894942e-03	5.953507e-03	-1.015249e-02	4.361475e-03	-2.228112e-02
2.550000e+00	-6.516112e-03	4.762080e-03	-6.008418e-03	3.527874e-03	-1.972996e-02
2.600000e+00	-2.177338e-03	5.305578e-03	-1.474149e-03	8.794433e-03	-1.496970e-02
2.650000e+00	2.109550e-03	4.169568e-03	2.181329e-03	1.137951e-02	-1.006441e-02
2.700000e+00	5.221014e-03	3.047822e-03	5.523333e-03	1.269041e-02	-3.750753e-03
2.750000e+00	6.538484e-03	5.486247e-03	6.453681e-03	1.817288e-02	-6.944629e-03
2.800000e+00	5.828533e-03	8.687228e-03	5.064426e-03	2.095540e-02	-1.044182e-02
2.850000e+00	2.111753e-03	1.056982e-02	1.700623e-03	1.969357e-02	-1.426505e-02
2.900000e+00	-2.788704e-03	1.073156e-02	-3.035808e-03	1.478026e-02	-1.726266e-02
2.950000e+00	-8.136216e-03	9.261446e-03	-7.444744e-03	7.241579e-03	-2.196804e-02
3.000000e+00	-1.316575e-02	6.713174e-03	-1.207373e-02	-1.434274e-03	-2.472914e-02
3.050000e+00	-1.737020e-02	3.470741e-03	-1.743771e-02	-1.038726e-02	-2.497116e-02
3.100000e+00	-1.992566e-02	2.155655e-03	-1.987717e-02	-1.342048e-02	-2.511114e-02
3.150000e+00	-2.079517e-02	3.531699e-03	-2.086018e-02	-1.253270e-02	-2.801874e-02
3.200000e+00	-2.024824e-02	4.405850e-03	-2.026552e-02	-1.201797e-02	-2.875324e-02
3.250000e+00	-1.823971e-02	4.739892e-03	-1.808551e-02	-1.066938e-02	-2.701761e-02
3.300000e+00	-1.554966e-02	4.085605e-03	-1.545424e-02	-7.153658e-03	-2.315392e-02
3.350000e+00	-1.271118e-02	2.983461e-03	-1.267990e-02	-4.905721e-03	-1.873877e-02
3.400000e+00	-1.003728e-02	2.286308e-03	-1.011930e-02	-3.825992e-03	-1.549529e-02
3.450000e+00	-7.031457e-03	2.560953e-03	-7.168481e-03	-3.765252e-04	-1.382388e-02
3.500000e+00	-4.160515e-03	3.206090e-03	-4.249896e-03	4.061477e-03	-1.210775e-02
3.550000e+00	-1.283630e-03	3.866068e-03	-1.821023e-03	8.607968e-03	-1.076589e-02
3.600000e+00	1.727412e-03	4.528602e-03	1.028348e-03	1.185518e-02	-9.371070e-03
3.650000e+00	5.357716e-03	5.333852e-03	4.377102e-03	1.510579e-02	-6.966744e-03
3.700000e+00	8.698118e-03	6.738967e-03	8.572444e-03	1.953032e-02	-4.498196e-03
3.750000e+00	1.130802e-02	8.588235e-03	1.082858e-02	2.637002e-02	-3.016019e-03
3.800000e+00	1.271376e-02	1.028865e-02	1.256131e-02	3.074615e-02	-2.421069e-03
3.850000e+00	1.264884e-02	1.146379e-02	1.135696e-02	3.186822e-02	-3.030492e-03
3.900000e+00	1.067969e-02	1.115908e-02	8.817538e-03	2.998725e-02	-4.710795e-03
3.950000e+00	7.099876e-03	8.949143e-03	5.395535e-03	2.408518e-02	-5.922085e-03
4.000000e+00	2.586574e-03	4.990027e-03	1.660875e-03	1.363615e-02	-6.103673e-03
4.050000e+00	-2.240931e-03	2.123084e-03	-2.416834e-03	1.893791e-03	-6.912359e-03
4.100000e+00	-6.341942e-03	6.961105e-03	-5.895170e-03	3.755091e-03	-1.890960e-02
4.150000e+00	-8.920896e-03	1.237468e-02	-8.009505e-03	6.608086e-03	-2.946628e-02
4.200000e+00	-9.614225e-03	1.652152e-02	-8.343619e-03	1.020645e-02	-3.574458e-02
4.250000e+00	-8.911556e-03	1.884482e-02	-7.869457e-03	1.415458e-02	-3.765959e-02
4.300000e+00	-6.957297e-03	1.921602e-02	-6.543753e-03	1.707339e-02	-3.540273e-02
4.350000e+00	-4.469080e-03	1.796635e-02	-4.462282e-03	1.852894e-02	-3.036065e-02
4.400000e+00	-2.147813e-03	1.575595e-02	-2.137843e-03	1.911013e-02	-2.493873e-02
4.450000e+00	-6.783766e-04	1.342246e-02	-1.981795e-04	1.846666e-02	-2.070762e-02
4.500000e+00	2.072973e-04	1.141439e-02	8.974975e-04	1.716086e-02	-1.804961e-02
4.550000e+00	8.006906e-04	9.906710e-03	1.790512e-03	1.572919e-02	-1.636962e-02
4.600000e+00	1.593669e-03	8.671444e-03	2.632320e-03	1.444071e-02	-1.437386e-02
4.650000e+00	3.016474e-03	7.305107e-03	4.740195e-03	1.524723e-02	-1.124715e-02
4.700000e+00	5.421271e-03	5.276282e-03	6.793386e-03	1.590621e-02	-7.122957e-03
4.750000e+00	8.657404e-03	3.199113e-03	8.734600e-03	1.613195e-02	-1.210838e-03
4.800000e+00	1.221029e-02	5.453008e-03	1.159004e-02	2.483656e-02	1.842428e-03
4.850000e+00	1.548648e-02	1.083547e-02	1.409075e-02	3.573007e-02	-2.440551e-03
4.900000e+00	1.769463e-02	1.692308e-02	1.647363e-02	4.541805e-02	-8.162386e-03
4.950000e+00	1.834801e-02	2.264193e-02	1.777228e-02	5.244816e-02	-1.454110e-02
5.000000e+00	1.733691e-02	2.718652e-02	1.762358e-02	5.583465e-02	-2.027783e-02
5.050000e+00	1.499030e-02	2.995220e-02	1.521776e-02	5.561250e-02	-2.415003e-02
5.100000e+00	1.169172e-02	3.087007e-02	1.048701e-02	5.152862e-02	-2.597777e-02
5.150000e+00	7.938539e-03	3.006360e-02	6.516295e-03	4.691219e-02	-2.690560e-02
5.200000e+00	4.053970e-03	2.784315e-02	3.677925e-03	4.228550e-02	-2.984466e-02
5.250000e+00	4.203376e-05	2.450908e-02	4.439900e-04	3.553191e-02	-3.133266e-02
5.300000e+00	-4.238580e-03	2.043298e-02	-3.263227e-03	2.746113e-02	-3.343177e-02
5.350000e+00	-9.026675e-03	1.578187e-02	-7.493311e-03	1.941987e-02	-3.526958e-02
5.400000e+00	-1.440480e-02	1.076854e-02	-1.451111e-02	1.007730e-02	-3.581848e-02
5.450000e+00	-2.008511e-02	6.503188e-03	-2.034877e-02	-1.523064e-03	-3.616426e-02
5.500000e+00	-2.540056e-02	7.449846e-03	-2.497722e-02	-9.648019e-03	-4.371827e-02
5.550000e+00	-2.941633e-02	1.324199e-02	-2.958699e-02	-7.427024e-03	-5.490894e-02
5.600000e+00	-3.116860e-02	2.004834e-02	-3.304024e-02	-2.355533e-03	-6.250654e-02
5.650000e+00	-2.985831e-02	2.651281e-02	-3.011917e-02	5.487347e-03	-6.707773e-02
5.700000e+00	-2.545647e-02	3.200706e-02	-2.433512e-02	1.480539e-02	-6.732140e-02
5.750000e+00	-1.846572e-02	3.607193e-02	-1.763009e-02	2.718222e-02	-6.447291e-02
5.800000e+00	-9.927906e-03	3.840688e-02	-9.925435e-03	3.968532e-02	-5.741056e-02
5.850000e+00	-1.105245e-03	3.872550e-02	-2.886545e-03	4.938182e-02	-4.991974e-02
5.900000e+00	6.627200e-03	3.707199e-02	5.415315e-03	5.496888e-02	-4.169994e-02
5.950000e+00	1.239189e-02	3.348028e-02	1.334229e-02	5.654287e-02	-3.433037e-02
6.000000e+00	1.586769e-02	2.808014e-02	1.898143e-02	5.674134e-02	-2.689379e-02
6.050000e+00	1.720791e-02	2.098856e-02	1.939477e-02	5.136831e-02	-1.882950e-02
6.100000e+00	1.706795e-02	1.310105e-02	1.731928e-02	4.312872e-02	-9.876510e-03
6.150000e+00	1.616009e-02	6.970769e-03	1.595586e-02	3.401385e-02	-1.402217e-04
6.200000e+00	1.503823e-02	9.874144e-03	1.551140e-02	3.317491e-02	-7.044316e-03
6.250000e+00	1.395222e-02	1.699532e-02	1.586571e-02	3.999440e-02	-1.558015e-02
6.300000e+00	1.284906e-02	2.337369e-02	1.432430e-02	4.636994e-02	-2.153466e-02
6.350000e+00	1.150078e-02	2.792817e-02	1.182341e-02	5.011132e-02	-2.778531e-02
6.400000e+00	9.690647e-03	3.042638e-02	8.883971e-03	5.435253e-02	-3.289666e-02
6.450000e+00	7.371664e-03	3.110554e-02	6.091785e-03	5.413844e-02	-3.532239e-02
6.500000e+00	4.729289e-03	3.049672e-02	3.040665e-03	5.008904e-02	-3.559845e-02
6.550000e+00	2.090829e-03	2.906599e-02	1.210930e-03	4.337237e-02	-3.873905e-02
6.600000e+00	-1.461613e-04	2.734640e-02	-6.689555e-04	3.925121e-02	-4.049333e-02
6.650000e+00	-1.716078e-03	2.543802e-02	-2.774671e-03	3.719913e-02	-4.059908e-02
6.700000e+00	-2.593498e-03	2.311267e-02	-5.949674e-03	3.575703e-02	-3.882406e-02
6.750000e+00	-3.007901e-03	1.998341e-02	-7.509876e-03	3.399617e-02	-3.552805e-02
6.800000e+00	-3.350010e-03	1.579968e-02	-6.579615e-03	3.047457e-02	-3.334110e-02
6.850000e+00	-4.007827e-03	1.099692e-02	-3.439724e-03	2.395879e-02	-3.009551e-02
6.900000e+00	-5.199252e-03	8.376958e-03	-6.054197e-03	2.111935e-02	-2.910233e-02
6.950000e+00	-6.868846e-03	1.198841e-02	-7.280028e-03	2.907568e-02	-3.763652e-02
7.000000e+00	-8.689742e-03	1.841544e-02	-8.474871e-03	3.294009e-02	-4.485624e-02
7.050000e+00	-1.013119e-02	2.431140e-02	-7.667659e-03	3.275437e-02	-4.804513e-02
7.100000e+00	-1.074980e-02	2.829243e-02	-9.785614e-03	3.053430e-02	-5.097512e-02
7.150000e+00	-1.024048e-02	2.986099e-02	-1.333093e-02	3.037176e-02	-5.439684e-02
7.200000e+00	-8.566780e-03	2.915878e-02	-1.386964e-02	3.257707e-02	-5.363225e-02
7.250000e+00	-5.970896e-03	2.680200e-02	-1.071658e-02	3.306892e-02	-5.130644e-02
7.300000e+00	-2.895948e-03	2.362435e-02	-4.290974e-03	3.338722e-02	-4.591840e-02
7.350000e+00	1.439270e-04	2.036461e-02	1.743927e-03	3.251153e-02	-3.905798e-02
7.400000e+00	2.696246e-03	1.740430e-02	5.200227e-03	3.386233e-02	-3.263312e-02
7.450000e+00	4.462755e-03	1.470457e-02	4.864438e-03	3.443963e-02	-2.796676e-02
7.500000e+00	5.331414e-03	1.203905e-02	5.761504e-03	3.268099e-02	-2.434017e-02
7.550000e+00	5.347527e-03	9.475814e-03	5.476300e-03	2.816804e-02	-2.035961e-02
7.600000e+00	4.698279e-03	8.173425e-03	4.181503e-03	2.319809e-02	-1.498197e-02
7.650000e+00	3.611782e-03	9.817011e-03	4.022609e-03	2.474323e-02	-2.160479e-02
7.700000e+00	2.333255e-03	1.365973e-02	2.706847e-03	2.800781e-02	-3.113621e-02
7.750000e+00	1.107165e-03	1.784995e-02	1.074371e-03	3.170957e-02	-3.679635e-02
7.800000e+00	1.656598e-04	2.118775e-02	1.950568e-03	3.447654e-02	-3.779995e-02
7.850000e+00	-2.941706e-04	2.302783e-02	3.615108e-03	3.669786e-02	-3.691464e-02
7.900000e+00	-1.519651e-04	2.317779e-02	2.124935e-03	3.839266e-02	-3.713977e-02
7.950000e+00	5.851812e-04	2.183351e-02	2.207155e-04	3.892906e-02	-3.530631e-02
8.000000e+00	1.748272e-03	1.945494e-02	-9.824755e-04	3.724269e-02	-3.216898e-02
8.050000e+00	3.009044e-03	1.655282e-02	1.789012e-03	3.245959e-02	-2.823804e-02
8.100000e+00	3.956405e-03	1.370136e-02	2.379908e-03	3.035742e-02	-2.421336e-02
8.150000e+00	4.242847e-03	1.125429e-02	4.124794e-03	3.035062e-02	-1.935639e-02
8.200000e+00	3.703142e-03	9.421958e-03	3.956411e-03	2.790408e-02	-1.639162e-02
8.250000e+00	2.439461e-03	8.377798e-03	2.386339e-03	2.483684e-02	-1.963700e-02
8.300000e+00	8.190707e-04	8.381507e-03	6.684789e-04	2.222288e-02	-2.420337e-02
8.350000e+00	-6.300121e-04	9.611918e-03	-1.359540e-03	2.194660e-02	-2.754311e-02
8.400000e+00	-1.400074e-03	1.180529e-02	-2.781966e-03	2.553560e-02	-2.973019e-02
8.450000e+00	-1.200808e-03	1.432736e-02	-2.934810e-03	2.735703e-02	-2.981493e-02
8.500000e+00	-9.699405e-05	1.647015e-02	-1.396903e-03	3.189583e-02	-2.761193e-02
8.550000e+00	1.506602e-03	1.763935e-02	-1.632215e-04	3.749705e-02	-2.634881e-02
8.600000e+00	2.875687e-03	1.745746e-02	-1.443767e-03	3.852026e-02	-2.496086e-02
8.650000e+00	3.303291e-03	1.587156e-02	-9.346148e-04	3.439984e-02	-2.410463e-02
8.700000e+00	2.336206e-03	1.319706e-02	1.089763e-03	2.616921e-02	-2.237394e-02
8.750000e+00	-3.554820e-05	1.018112e-02	-4.642023e-04	2.069123e-02	-1.980854e-02
8.800000e+00	-3.336339e-03	8.095314e-03	-3.957658e-03	1.479137e-02	-1.962516e-02
8.850000e+00	-6.734685e-03	8.079500e-03	-6.894143e-03	1.141369e-02	-2.702056e-02
8.900000e+00	-9.306848e-03	9.402814e-03	-8.068331e-03	1.271755e-02	-3.418048e-02
8.950000e+00	-1.034382e-02	1.057996e-02	-9.444577e-03	1.380705e-02	-4.053827e-02
9.000000e+00	-9.591306e-03	1.091536e-02	-9.745701e-03	1.725047e-02	-4.148992e-02
9.050000e+00	-7.335792e-03	1.038472e-02	-7.464717e-03	2.005116e-02	-3.732057e-02
9.100000e+00	-4.288553e-03	9.358718e-03	-5.090753e-03	2.035486e-02	-2.946240e-02
9.150000e+00	-1.343999e-03	8.379057e-03	-1.393486e-03	2.042000e-02	-2.038250e-02
9.200000e+00	7.549087e-04	7.853139e-03	9.936000e-04	1.976402e-02	-1.881523e-02
9.250000e+00	1.677329e-03	7.797075e-03	1.640461e-03	1.792633e-02	-1.760089e-02
9.300000e+00	1.606468e-03	7.948584e-03	1.425427e-03	2.129326e-02	-1.837686e-02
9.350000e+00	1.144526e-03	8.092812e-03	8.983993e-04	2.143606e-02	-1.922112e-02
9.400000e+00	1.056370e-03	8.189905e-03	7.940551e-04	1.958253e-02	-1.726009e-02
9.450000e+00	1.948624e-03	8.308886e-03	1.879545e-03	2.113027e-02	-1.961163e-02
9.500000e+00	4.005571e-03	8.504915e-03	3.767011e-03	2.239796e-02	-1.994502e-02
9.550000e+00	6.890946e-03	8.743981e-03	7.881532e-03	2.354560e-02	-1.689393e-02
9.600000e+00	9.804418e-03	8.893585e-03	1.084882e-02	2.999862e-02	-1.116085e-02
9.650000e+00	1.178526e-02	8.897830e-03	1.221646e-02	3.516367e-02	-9.542426e-03
9.700000e+00	1.203341e-02	8.899268e-03	1.205285e-02	3.654397e-02	-8.747734e-03
9.750000e+00	1.019859e-02	9.161306e-03	1.043585e-02	3.322370e-02	-1.819062e-02
9.800000e+00	6.519305e-03	9.741152e-03	7.556937e-03	2.931333e-02	-2.760895e-02
9.850000e+00	1.763357e-03	1.030296e-02	3.382349e-03	2.313130e-02	-3.498160e-02
9.900000e+00	-3.007477e-03	1.036595e-02	-1.876708e-03	2.051217e-02	-3.886095e-02
9.950000e+00	-6.764570e-03	9.672006e-03	-6.275640e-03	1.644605e-02	-3.777374e-02
1.000000e+01	-8.818006e-03	8.416062e-03	-8.097045e-03	1.095201e-02	-3.169742e-02
1.005000e+01	-9.004289e-03	7.318121e-03	-8.509012e-03	8.193311e-03	-2.592880e-02
1.010000e+01	-7.679661e-03	7.206348e-03	-7.407891e-03	8.890768e-03	-2.777847e-02
1.015000e+01	-5.568888e-03	7.956235e-03	-4.839520e-03	1.120248e-02	-2.739186e-02
1.020000e+01	-3.494993e-03	8.649288e-03	-2.474251e-03	1.255318e-02	-2.824262e-02
1.025000e+01	-2.108508e-03	8.675180e-03	-1.025328e-03	1.728350e-02	-2.846264e-02
1.030000e+01	-1.701880e-03	8.073312e-03	-1.269915e-03	1.987729e-02	-2.448431e-02
1.035000e+01	-2.162162e-03	7.495672e-03	-1.971600e-03	2.001162e-02	-2.229239e-02
1.040000e+01	-3.062938e-03	7.761197e-03	-2.574962e-03	1.884298e-02	-2.539389e-02
1.045000e+01	-3.848962e-03	8.829527e-03	-3.133238e-03	1.741316e-02	-2.757703e-02
1.050000e+01	-4.040548e-03	9.815724e-03	-2.845581e-03	2.164803e-02	-2.813818e-02
1.055000e+01	-3.386663e-03	9.946500e-03	-2.628292e-03	2.487089e-02	-2.491681e-02
1.060000e+01	-1.922145e-03	8.992126e-03	-1.887841e-03	2.340402e-02	-2.432547e-02
1.065000e+01	7.668943e-05	7.438442e-03	2.184888e-04	1.833175e-02	-2.063825e-02
1.070000e+01	2.208057e-03	6.613635e-03	1.841125e-03	2.030882e-02	-1.435327e-02
1.075000e+01	4.082047e-03	7.524480e-03	3.336115e-03	2.504301e-02	-1.107895e-02
1.080000e+01	5.429528e-03	9.110738e-03	4.246738e-03	2.808980e-02	-1.067322e-02
1.085000e+01	6.150942e-03	9.977102e-03	3.864432e-03	3.053337e-02	-1.113387e-02
1.090000e+01	6.299892e-03	9.567247e-03	4.140926e-03	2.854475e-02	-1.071984e-02
1.095000e+01	6.020407e-03	8.107515e-03	5.227384e-03	2.491122e-02	-9.101654e-03
1.100000e+01	5.469804e-03	6.536951e-03	5.638989e-03	2.168226e-02	-1.372230e-02
1.105000e+01	4.772555e-03	6.133030e-03	4.592291e-03	2.165936e-02	-1.686418e-02
1.110000e+01	3.953330e-03	6.934307e-03	3.037430e-03	2.430609e-02	-1.766694e-02
1.115000e+01	2.980564e-03	7.778860e-03	2.242196e-03	2.308258e-02	-1.640013e-02
1.120000e+01	1.802082e-03	8.036101e-03	1.338384e-03	1.930092e-02	-1.462716e-02
1.125000e+01	3.934113e-04	7.797094e-03	-3.289157e-04	2.075884e-02	-1.588737e-02
1.130000e+01	-1.206637e-03	7.471198e-03	-1.647726e-03	2.035353e-02	-1.775061e-02
1.135000e+01	-2.884304e-03	7.347509e-03	-3.248469e-03	1.814100e-02	-2.217391e-02
1.140000e+01	-4.464726e-03	7.385057e-03	-4.340312e-03	1.474208e-02	-2.489335e-02
1.145000e+01	-5.745188e-03	7.413216e-03	-5.455786e-03	1.130797e-02	-2.500701e-02
1.150000e+01	-6.537742e-03	7.367188e-03	-6.483938e-03	1.033002e-02	-2.378682e-02
1.155000e+01	-6.710648e-03	7.279793e-03	-7.082336e-03	9.875054e-03	-2.737745e-02
1.160000e+01	-6.219842e-03	7.183499e-03	-6.796980e-03	8.786103e-03	-2.725153e-02
1.165000e+01	-5.124043e-03	7.094218e-03	-5.364779e-03	1.110054e-02	-2.456831e-02
1.170000e+01	-3.579684e-03	7.032084e-03	-3.036989e-03	1.203933e-02	-2.233983e-02
1.175000e+01	-1.814837e-03	6.978467e-03	-8.654727e-04	1.312188e-02	-2.021679e-02
1.180000e+01	-8.527090e-05	6.845416e-03	1.109208e-03	1.360122e-02	-1.727056e-02
1.185000e+01	1.379390e-03	6.586822e-03	2.556543e-03	1.571477e-02	-1.256275e-02
1.190000e+01	2.426898e-03	6.365303e-03	3.482907e-03	1.844020e-02	-1.174513e-02
1.195000e+01	3.016343e-03	6.491731e-03	3.259640e-03	2.141257e-02	-1.109529e-02
1.200000e+01	3.222430e-03	7.011073e-03	3.091498e-03	2.336377e-02	-1.255597e-02
1.205000e+01	3.223003e-03	7.542291e-03	2.771682e-03	2.280421e-02	-1.436032e-02
1.210000e+01	3.187482e-03	7.583845e-03	2.843859e-03	2.140883e-02	-1.489948e-02
1.215000e+01	3.249919e-03	6.973935e-03	3.157031e-03	1.847758e-02	-1.429370e-02
1.220000e+01	3.441515e-03	6.048212e-03	3.775899e-03	1.524049e-02	-1.319660e-02
1.225000e+01	3.667264e-03	5.584382e-03	3.345902e-03	1.828050e-02	-1.094577e-02
1.230000e+01	3.729737e-03	6.043409e-03	3.616028e-03	2.032781e-02	-1.017337e-02
1.235000e+01	3.397375e-03	6.860438e-03	3.279456e-03	2.121790e-02	-1.336124e-02
1.240000e+01	2.497333e-03	7.283297e-03	1.896323e-03	2.133810e-02	-1.428022e-02
1.245000e+01	1.000916e-03	7.024257e-03	9.807356e-04	2.157569e-02	-1.416104e-02
1.250000e+01	-9.316020e-04	6.267825e-03	-7.765270e-04	1.919513e-02	-1.504167e-02
1.255000e+01	-2.968438e-03	5.546502e-03	-2.698830e-03	1.452017e-02	-1.944650e-02
1.260000e+01	-4.686733e-03	5.414035e-03	-4.234985e-03	8.315982e-03	-2.197910e-02
1.265000e+01	-5.693328e-03	5.879283e-03	-5.380012e-03	7.473436e-03	-2.448942e-02
1.270000e+01	-5.746630e-03	6.472866e-03	-5.381774e-03	8.037621e-03	-2.676495e-02
1.275000e+01	-4.837209e-03	6.814590e-03	-4.282372e-03	7.967677e-03	-2.502603e-02
1.280000e+01	-3.197347e-03	6.775861e-03	-2.430201e-03	1.041705e-02	-1.998813e-02
1.285000e+01	-1.233925e-03	6.402504e-03	-1.174506e-04	1.326372e-02	-1.762068e-02
1.290000e+01	5.937621e-04	5.834837e-03	2.064816e-03	1.483570e-02	-1.874153e-02
1.295000e+01	1.909820e-03	5.254499e-03	2.805628e-03	1.478033e-02	-1.842842e-02
1.300000e+01	2.524860e-03	4.834633e-03	3.208015e-03	1.308295e-02	-1.690592e-02
1.305000e+01	2.488668e-03	4.683732e-03	3.043766e-03	1.453948e-02	-1.456251e-02
1.310000e+01	1.990592e-03	4.776853e-03	2.558045e-03	1.578391e-02	-1.332053e-02
1.315000e+01	1.325584e-03	5.004415e-03	1.763193e-03	1.584349e-02	-1.488720e-02
1.320000e+01	7.636370e-04	5.242936e-03	8.899972e-04	1.464486e-02	-1.448652e-02
1.325000e+01	4.584013e-04	5.403666e-03	6.039288e-05	1.379356e-02	-1.541345e-02
1.330000e+01	4.103075e-04	5.450463e-03	2.165529e-04	1.348294e-02	-1.535425e-02
1.335000e+01	4.937989e-04	5.404881e-03	3.498402e-04	1.355450e-02	-1.329475e-02
1.340000e+01	5.330312e-04	5.327319e-03	2.725510e-05	1.284616e-02	-1.131206e-02
1.345000e+01	3.921449e-04	5.264105e-03	-9.019300e-07	1.250312e-02	-1.166677e-02
1.350000e+01	4.195233e-05	5.195795e-03	-2.399998e-04	1.192851e-02	-1.299951e-02
1.355000e+01	-4.240624e-04	5.046750e-03	-4.210055e-04	1.146290e-02	-1.355019e-02
1.360000e+01	-8.298885e-04	4.754915e-03	-8.589243e-04	9.683762e-03	-1.325313e-02
1.365000e+01	-9.953534e-04	4.338280e-03	-1.242882e-03	9.022149e-03	-1.246768e-02
1.370000e+01	-8.191029e-04	3.907535e-03	-8.679983e-04	8.959011e-03	-1.124912e-02
1.375000e+01	-3.308148e-04	3.605206e-03	-3.738891e-04	8.342257e-03	-1.221581e-02
1.380000e+01	3.100223e-04	3.498082e-03	3.101640e-04	9.106591e-03	-1.326384e-02
1.385000e+01	8.695337e-04	3.548100e-03	8.595901e-04	9.381496e-03	-1.261244e-02
1.390000e+01	1.127709e-03	3.717376e-03	1.297288e-03	8.693502e-03	-1.040914e-02
1.395000e+01	9.646519e-04	4.034592e-03	1.060463e-03	1.014408e-02	-9.756224e-03
1.400000e+01	4.106308e-04	4.515584e-03	4.185903e-04	1.110477e-02	-1.035096e-02
1.405000e+01	-3.635700e-04	5.082834e-03	-1.273144e-04	1.194966e-02	-1.223679e-02
1.410000e+01	-1.095076e-03	5.550635e-03	-1.267338e-03	1.238763e-02	-1.416123e-02
1.415000e+01	-1.528700e-03	5.761784e-03	-1.803624e-03	1.189015e-02	-1.586443e-02
1.420000e+01	-1.505222e-03	5.644958e-03	-1.606953e-03	1.016987e-02	-1.553239e-02
1.425000e+01	-1.016161e-03	5.238784e-03	-7.021150e-04	8.244550e-03	-1.450520e-02
1.430000e+01	-2.044920e-04	4.688583e-03	5.034344e-04	8.295770e-03	-1.632465e-02
1.435000e+01	6.868762e-04	4.224438e-03	9.640439e-04	1.135737e-02	-1.611665e-02
1.440000e+01	1.397992e-03	4.079518e-03	1.524102e-03	1.366546e-02	-1.402493e-02
1.445000e+01	1.735149e-03	4.311655e-03	1.875575e-03	1.365891e-02	-1.060578e-02
1.450000e+01	1.625618e-03	4.734699e-03	1.963337e-03	1.130339e-02	-1.205744e-02
1.455000e+01	1.127545e-03	5.086416e-03	1.158705e-03	1.178265e-02	-1.298792e-02
1.460000e+01	3.964102e-04	5.181175e-03	6.427972e-04	1.119125e-02	-1.255650e-02
1.465000e+01	-3.750337e-04	4.962294e-03	-5.511742e-04	1.107956e-02	-1.144640e-02
1.470000e+01	-1.018837e-03	4.512514e-03	-1.263375e-03	1.026316e-02	-1.061737e-02
1.475000e+01	-1.433940e-03	4.028594e-03	-1.601571e-03	8.515731e-03	-1.012993e-02
1.480000e+01	-1.596927e-03	3.720940e-03	-1.556028e-03	7.133998e-03	-1.057756e-02
1.485000e+01	-1.543834e-03	3.646683e-03	-1.248230e-03	9.052483e-03	-1.245514e-02
1.490000e+01	-1.336343e-03	3.673783e-03	-1.177001e-03	1.053266e-02	-1.266735e-02
1.495000e+01	-1.029785e-03	3.651606e-03	-8.460098e-04	1.093674e-02	-1.189202e-02
1.500000e+01	-6.565405e-04	3.535883e-03	-6.688410e-04	9.904893e-03	-1.144572e-02
1.505000e+01	-2.368998e-04	3.383128e-03	-4.593278e-04	1.028940e-02	-1.008115e-02
1.510000e+01	2.305417e-04	3.245668e-03	8.551565e-05	1.040727e-02	-8.281460e-03
1.515000e+01	7.212570e-04	3.150872e-03	4.199989e-04	9.301475e-03	-7.188912e-03
1.520000e+01	1.179857e-03	3.099634e-03	1.015225e-03	1.011546e-02	-6.769807e-03
1.525000e+01	1.528541e-03	3.093989e-03	1.101099e-03	9.973977e-03	-5.913115e-03
1.530000e+01	1.692260e-03	3.137793e-03	1.352250e-03	1.055215e-02	-6.182747e-03
1.535000e+01	1.629484e-03	3.220062e-03	1.559249e-03	1.093130e-02	-7.244477e-03
1.540000e+01	1.354115e-03	3.313901e-03	1.192541e-03	1.056852e-02	-7.068722e-03
1.545000e+01	9.374213e-04	3.389034e-03	8.991694e-04	1.004762e-02	-8.218149e-03
1.550000e+01	4.873471e-04	3.417753e-03	4.716355e-04	9.565291e-03	-8.707250e-03
1.555000e+01	1.123534e-04	3.376686e-03	-2.084034e-05	8.846969e-03	-8.260665e-03
1.560000e+01	-1.162210e-04	3.259685e-03	-3.239068e-04	8.451363e-03	-7.943510e-03
1.565000e+01	-1.883343e-04	3.100095e-03	-2.235986e-04	8.689985e-03	-7.485342e-03
1.570000e+01	-1.563104e-04	2.977646e-03	-3.803766e-04	8.400300e-03	-6.694975e-03
1.575000e+01	-1.123851e-04	2.979260e-03	-3.572341e-04	8.840363e-03	-6.618202e-03
1.580000e+01	-1.515873e-04	3.126224e-03	-2.449543e-04	9.063472e-03	-9.460414e-03
1.585000e+01	-3.343258e-04	3.353912e-03	-1.634296e-04	8.225299e-03	-1.144329e-02
1.590000e+01	-6.627158e-04	3.570163e-03	-4.169389e-04	7.953928e-03	-1.230164e-02
1.595000e+01	-1.078862e-03	3.710568e-03	-1.175487e-03	7.708098e-03	-1.221628e-02
1.600000e+01	-1.484598e-03	3.752497e-03	-1.575064e-03	8.262749e-03	-1.192700e-02
1.605000e+01	-1.777666e-03	3.708199e-03	-1.795262e-03	8.220869e-03	-1.098096e-02
1.610000e+01	-1.872593e-03	3.600488e-03	-1.728672e-03	8.244810e-03	-1.037393e-02
1.615000e+01	-1.737018e-03	3.457207e-03	-1.510429e-03	8.327885e-03	-1.075491e-02
1.620000e+01	-1.389655e-03	3.302562e-03	-1.216307e-03	7.580569e-03	-1.015332e-02
1.625000e+01	-8.877977e-04	3.168616e-03	-6.301640e-04	7.899311e-03	-9.590579e-03
1.630000e+01	-3.058194e-04	3.109060e-03	-4.188252e-04	8.065250e-03	-8.577679e-03
1.635000e+01	2.859521e-04	3.176960e-03	2.663274e-04	7.505307e-03	-7.054911e-03
1.640000e+01	8.344111e-04	3.360562e-03	6.583297e-04	8.200467e-03	-7.510156e-03
1.645000e+01	1.305963e-03	3.557401e-03	9.238641e-04	9.545823e-03	-8.285691e-03
1.650000e+01	1.680215e-03	3.633144e-03	1.339025e-03	1.066676e-02	-8.506877e-03
1.655000e+01	1.940833e-03	3.501834e-03	1.709858e-03	1.102452e-02	-7.823795e-03
1.660000e+01	2.069712e-03	3.176363e-03	1.986133e-03	1.060019e-02	-6.189024e-03
1.665000e+01	2.048078e-03	2.783011e-03	2.044545e-03	9.445685e-03	-4.795936e-03
1.670000e+01	1.864057e-03	2.519477e-03	1.881359e-03	8.544398e-03	-3.949184e-03
1.675000e+01	1.522683e-03	2.504544e-03	1.496822e-03	8.373412e-03	-4.073544e-03
1.680000e+01	1.052860e-03	2.647693e-03	1.182571e-03	7.722211e-03	-5.463207e-03
1.685000e+01	5.069763e-04	2.776458e-03	6.477096e-04	7.275459e-03	-7.560733e-03
1.690000e+01	-4.791173e-05	2.801000e-03	6.298457e-06	6.967226e-03	-8.817978e-03
1.695000e+01	-5.447422e-04	2.734302e-03	-5.856657e-04	7.267103e-03	-8.961207e-03
1.700000e+01	-9.318883e-04	2.645595e-03	-9.738388e-04	7.192488e-03	-7.824367e-03
1.705000e+01	-1.182486e-03	2.608352e-03	-1.153565e-03	6.862661e-03	-8.316105e-03
1.710000e+01	-1.309330e-03	2.639839e-03	-1.161953e-03	6.527669e-03	-8.741884e-03
1.715000e+01	-1.341523e-03	2.714579e-03	-1.274382e-03	6.583513e-03	-8.317852e-03
1.720000e+01	-1.316501e-03	2.787533e-03	-1.260901e-03	5.767538e-03	-8.501232e-03
1.725000e+01	-1.266614e-03	2.819657e-03	-1.400947e-03	5.922344e-03	-8.031676e-03
1.730000e+01	-1.209881e-03	2.789609e-03	-1.111918e-03	6.030883e-03	-7.506991e-03
1.735000e+01	-1.147245e-03	2.697107e-03	-9.611365e-04	5.111478e-03	-7.117054e-03
1.740000e+01	-1.065878e-03	2.564167e-03	-1.045023e-03	5.329885e-03	-7.283985e-03
1.745000e+01	-9.460045e-04	2.436070e-03	-8.144181e-04	6.056124e-03	-7.463860e-03
1.750000e+01	-7.682022e-04	2.372977e-03	-8.090180e-04	6.381609e-03	-6.758390e-03
1.755000e+01	-5.190670e-04	2.414310e-03	-6.162281e-04	6.609478e-03	-6.423046e-03
1.760000e+01	-1.946993e-04	2.532976e-03	-2.528642e-04	6.573106e-03	-6.971957e-03
1.765000e+01	1.972426e-04	2.641505e-03	2.265827e-04	6.689953e-03	-6.294872e-03
1.770000e+01	6.359764e-04	2.653601e-03	9.488879e-04	6.334376e-03	-6.393391e-03
1.775000e+01	1.086437e-03	2.546440e-03	1.281045e-03	7.258975e-03	-5.898969e-03
1.780000e+01	1.499737e-03	2.393937e-03	1.693745e-03	7.725354e-03	-4.734779e-03
1.785000e+01	1.817185e-03	2.338759e-03	1.631186e-03	8.474768e-03	-3.839571e-03
1.790000e+01	1.979288e-03	2.459117e-03	1.851055e-03	9.011045e-03	-4.059083e-03
1.795000e+01	1.939198e-03	2.661896e-03	1.770813e-03	8.936482e-03	-5.518487e-03
1.800000e+01	1.677607e-03	2.780256e-03	1.384629e-03	8.103401e-03	-6.479598e-03
1.805000e+01	1.212521e-03	2.714082e-03	1.146047e-03	8.257865e-03	-6.858412e-03
1.810000e+01	6.057492e-04	2.467100e-03	5.204140e-04	8.539873e-03	-6.495410e-03
1.815000e+01	-4.750311e-05	2.164102e-03	-2.453224e-05	7.986977e-03	-5.470359e-03
1.820000e+01	-6.396876e-04	1.996287e-03	-7.969036e-04	6.523072e-03	-5.253648e-03
1.825000e+01	-1.076342e-03	2.062447e-03	-1.123768e-03	4.491918e-03	-6.018000e-03
1.830000e+01	-1.299579e-03	2.256194e-03	-1.042179e-03	3.307239e-03	-8.096629e-03
1.835000e+01	-1.301981e-03	2.416074e-03	-9.817328e-04	4.366081e-03	-9.409644e-03
1.840000e+01	-1.126013e-03	2.463730e-03	-9.197302e-04	5.552274e-03	-9.519286e-03
1.845000e+01	-8.488413e-04	2.408722e-03	-8.581476e-04	6.327824e-03	-8.464388e-03
1.850000e+01	-5.575569e-04	2.309194e-03	-7.710245e-04	6.791328e-03	-6.798411e-03
1.855000e+01	-3.232500e-04	2.221790e-03	-3.848958e-04	6.662241e-03	-5.394671e-03
1.860000e+01	-1.826926e-04	2.158968e-03	-1.508940e-04	5.944316e-03	-5.256557e-03
1.865000e+01	-1.334450e-04	2.088098e-03	-1.000276e-04	4.775925e-03	-5.567574e-03
1.870000e+01	-1.430482e-04	1.976609e-03	1.931601e-06	5.440541e-03	-6.049323e-03
1.875000e+01	-1.676516e-04	1.842938e-03	1.007819e-05	5.923794e-03	-5.658699e-03
1.880000e+01	-1.720512e-04	1.772675e-03	-1.100357e-04	5.477334e-03	-4.749824e-03
1.885000e+01	-1.430174e-04	1.855485e-03	-2.063698e-04	5.916545e-03	-5.278847e-03
1.890000e+01	-9.096517e-05	2.072086e-03	-2.659577e-05	7.405456e-03	-5.267995e-03
1.895000e+01	-4.013185e-05	2.303965e-03	-4.274226e-06	7.989862e-03	-6.038895e-03
1.900000e+01	-1.234796e-05	2.438296e-03	2.430040e-05	7.377585e-03	-6.309936e-03
1.905000e+01	-8.990970e-06	2.429366e-03	2.935524e-05	6.221983e-03	-6.006621e-03
1.910000e+01	-1.466207e-05	2.287144e-03	-1.283636e-04	6.278188e-03	-5.353176e-03
1.915000e+01	6.804334e-06	2.082256e-03	-9.061983e-05	5.504645e-03	-5.327747e-03
1.920000e+01	9.448556e-05	1.907736e-03	-3.531401e-05	5.491887e-03	-4.780987e-03
1.925000e+01	2.706465e-04	1.826091e-03	1.843011e-04	5.085542e-03	-3.715856e-03
1.930000e+01	5.250729e-04	1.830870e-03	6.545122e-04	4.697652e-03	-4.421581e-03
1.935000e+01	8.106010e-04	1.872793e-03	8.081540e-04	5.313393e-03	-5.498456e-03
1.940000e+01	1.052858e-03	1.912629e-03	1.036986e-03	5.984000e-03	-5.848105e-03
1.945000e+01	1.171779e-03	1.938086e-03	1.099544e-03	6.016826e-03	-5.518149e-03
1.950000e+01	1.107797e-03	1.950513e-03	1.043628e-03	5.576231e-03	-4.514864e-03
1.955000e+01	8.435631e-04	1.950540e-03	9.230743e-04	5.389813e-03	-4.536269e-03
1.960000e+01	4.133761e-04	1.935964e-03	5.485158e-04	6.137572e-03	-5.148337e-03
1.965000e+01	-1.033028e-04	1.907106e-03	-2.257093e-05	6.157393e-03	-5.760901e-03
1.970000e+01	-6.024067e-04	1.868549e-03	-4.955036e-04	5.525168e-03	-6.207544e-03
1.975000e+01	-9.833305e-04	1.823642e-03	-9.381218e-04	4.441857e-03	-6.114955e-03
1.980000e+01	-1.175622e-03	1.769177e-03	-1.134635e-03	4.074169e-03	-5.531066e-03
1.985000e+01	-1.156194e-03	1.699484e-03	-1.133792e-03	4.308662e-03	-5.555936e-03
1.990000e+01	-9.523887e-04	1.618587e-03	-9.419233e-04	4.091549e-03	-4.917763e-03
1.995000e+01	-6.309432e-04	1.548041e-03	-5.671295e-04	3.660565e-03	-4.742575e-03
2.000000e+01	-2.772399e-04	1.517623e-03	-3.648577e-04	3.434235e-03	-4.608167e-03
