# k	<chi>	std	chi_median	chi_max	chi_min
0.000000e+00	-3.968813e-02	3.674545e-01	0.000000e+00	6.821472e-01	-9.269058e-01
5.000000e-02	-6.929907e-02	5.109270e-01	-9.527635e-02	6.798984e-01	-9.785088e-01
1.000000e-01	-8.113250e-02	5.013305e-01	-1.111706e-01	6.619921e-01	-9.834344e-01
1.500000e-01	-1.169494e-01	4.718806e-01	-1.588636e-01	6.063164e-01	-9.972012e-01
2.000000e-01	-1.533750e-01	4.413916e-01	-2.069988e-01	5.476659e-01	-1.009694e+00
2.500000e-01	-2.141112e-01	3.892334e-01	-2.843630e-01	4.451814e-01	-1.027057e+00
3.000000e-01	-2.751404e-01	3.354710e-01	-3.539772e-01	3.368889e-01	-1.040531e+00
3.500000e-01	-3.574603e-01	2.607652e-01	-4.456684e-01	1.905535e-01	-1.051667e+00
4.000000e-01	-4.368468e-01	1.882639e-01	-5.110845e-01	4.316494e-02	-1.054671e+00
4.500000e-01	-5.282938e-01	1.135268e-01	-5.454602e-01	-1.435868e-01	-1.045519e+00
5.000000e-01	-6.092132e-01	1.001306e-01	-6.137603e-01	-3.282791e-01	-1.037209e+00
5.500000e-01	-6.863378e-01	1.690164e-01	-7.085340e-01	-3.673572e-01	-1.039484e+00
6.000000e-01	-7.418170e-01	2.538000e-01	-7.823942e-01	-2.855911e-01	-1.115119e+00
6.500000e-01	-7.743970e-01	3.393626e-01	-9.054598e-01	-1.899434e-01	-1.208131e+00
7.000000e-01	-7.750375e-01	4.058386e-01	-9.521129e-01	-9.629755e-02	-1.242028e+00
7.500000e-01	-7.378810e-01	4.528175e-01	-9.197773e-01	2.522979e-03	-1.240644e+00
8.000000e-01	-6.666054e-01	4.716123e-01	-8.376285e-01	9.064419e-02	-1.208463e+00
8.500000e-01	-5.564495e-01	4.613875e-01	-6.844662e-01	1.714925e-01	-1.115435e+00
9.000000e-01	-4.246932e-01	4.244152e-01	-5.277991e-01	2.320994e-01	-9.884159e-01
9.500000e-01	-2.722284e-01	3.621247e-01	-3.492979e-01	2.817926e-01	-8.073275e-01
1.000000e+00	-1.248274e-01	2.863173e-01	-1.776101e-01	3.132783e-01	-5.969174e-01
1.050000e+00	1.123177e-02	2.019272e-01	-1.720960e-02	3.199035e-01	-3.637615e-01
1.100000e+00	1.128732e-01	1.249334e-01	1.136829e-01	2.967637e-01	-1.496503e-01
1.150000e+00	1.745619e-01	6.430389e-02	1.795214e-01	3.408339e-01	-3.326937e-02
1.200000e+00	1.881734e-01	4.247796e-02	1.915515e-01	3.407901e-01	1.643252e-02
1.250000e+00	1.564334e-01	5.091399e-02	1.626683e-01	3.018659e-01	2.186829e-02
1.300000e+00	9.104228e-02	5.540375e-02	1.027657e-01	2.640581e-01	-5.090827e-02
1.350000e+00	4.559895e-03	5.244972e-02	9.246317e-03	2.047601e-01	-1.170830e-01
1.400000e+00	-7.960972e-02	4.948661e-02	-8.940896e-02	1.304204e-01	-1.635054e-01
1.450000e+00	-1.469430e-01	5.007239e-02	-1.657090e-01	5.149479e-02	-2.249504e-01
1.500000e+00	-1.795865e-01	4.811135e-02	-1.817621e-01	-9.586356e-03	-2.547422e-01
1.550000e+00	-1.727715e-01	3.753449e-02	-1.748692e-01	-4.448088e-02	-2.416792e-01
1.600000e+00	-1.276603e-01	2.108960e-02	-1.295914e-01	-2.224665e-02	-1.731119e-01
1.650000e+00	-5.361629e-02	2.872159e-02	-4.634507e-02	4.627206e-02	-1.286374e-01
1.700000e+00	3.142955e-02	5.614160e-02	4.198557e-02	1.231075e-01	-8.635214e-02
1.750000e+00	1.128528e-01	7.996815e-02	1.240035e-01	2.179826e-01	-3.342527e-02
1.800000e+00	1.721469e-01	9.001249e-02	1.828984e-01	2.823440e-01	1.965265e-02
1.850000e+00	2.037972e-01	8.432123e-02	2.003027e-01	3.115024e-01	6.584073e-02
1.900000e+00	2.031597e-01	6.356402e-02	1.928813e-01	2.873106e-01	9.767840e-02
1.950000e+00	1.787607e-01	3.359434e-02	1.795039e-01	2.337452e-01	1.124911e-01
2.000000e+00	1.388091e-01	8.714200e-03	1.394812e-01	1.711289e-01	1.148220e-01
2.050000e+00	9.631698e-02	2.800693e-02	9.687824e-02	1.536329e-01	5.273912e-02
2.100000e+00	5.972512e-02	4.116727e-02	6.492995e-02	1.246759e-01	4.319157e-03
2.150000e+00	3.493340e-02	3.989636e-02	4.246209e-02	9.997599e-02	-1.704770e-02
2.200000e+00	2.208499e-02	2.801703e-02	2.441353e-02	7.572313e-02	-1.813330e-02
2.250000e+00	1.433285e-02	1.164749e-02	1.145058e-02	4.546527e-02	-7.932546e-03
2.300000e+00	8.563153e-03	1.129938e-02	1.018216e-02	2.613163e-02	-1.672939e-02
2.350000e+00	1.989251e-03	1.495800e-02	3.429860e-03	2.426735e-02	-2.565806e-02
2.400000e+00	-5.852550e-03	1.133458e-02	-4.584259e-03	1.181395e-02	-3.475054e-02
2.450000e+00	-1.042237e-02	6.051168e-03	-9.927588e-03	-6.971236e-05	-4.051546e-02
2.500000e+00	-1.389692e-02	4.591791e-03	-1.353063e-02	-4.461104e-03	-4.189701e-02
2.550000e+00	-1.599226e-02	8.653681e-03	-1.733242e-02	-2.411371e-03	-4.067933e-02
2.600000e+00	-1.628689e-02	1.129112e-02	-2.133999e-02	2.760501e-04	-3.810816e-02
2.650000e+00	-1.599845e-02	1.221047e-02	-2.361957e-02	1.703447e-03	-3.647863e-02
2.700000e+00	-1.431579e-02	1.157797e-02	-2.293163e-02	3.834359e-03	-3.352298e-02
2.750000e+00	-1.156444e-02	9.851331e-03	-1.850102e-02	5.326649e-03	-2.955104e-02
2.800000e+00	-8.219802e-03	7.749039e-03	-1.226007e-02	6.360336e-03	-2.477669e-02
2.850000e+00	-5.873507e-03	6.031579e-03	-7.845431e-03	6.368332e-03	-2.034316e-02
2.900000e+00	-3.203816e-03	4.922158e-03	-4.736718e-03	8.377582e-03	-1.580286e-02
2.950000e+00	-5.113898e-04	4.566159e-03	-2.565330e-03	1.067717e-02	-1.072383e-02
3.000000e+00	1.930935e-03	4.877166e-03	-6.598991e-04	1.268395e-02	-5.742342e-03
3.050000e+00	4.108695e-03	5.089179e-03	2.318273e-03	1.340369e-02	-3.760080e-03
3.100000e+00	5.719855e-03	5.362932e-03	4.975574e-03	1.518030e-02	-3.127261e-03
3.150000e+00	6.365429e-03	5.275811e-03	5.829681e-03	1.762143e-02	-2.481097e-03
3.200000e+00	5.762339e-03	4.598457e-03	5.545441e-03	1.959518e-02	-1.905527e-03
3.250000e+00	3.623628e-03	3.482127e-03	2.728449e-03	2.062753e-02	-1.216954e-03
3.300000e+00	4.554849e-04	3.286189e-03	5.215155e-04	1.991163e-02	-7.018190e-03
3.350000e+00	-3.201447e-03	4.315796e-03	-2.666237e-03	1.713924e-02	-1.298391e-02
3.400000e+00	-6.644897e-03	5.504924e-03	-5.084066e-03	1.310711e-02	-1.715530e-02
3.450000e+00	-9.235233e-03	6.241434e-03	-6.747833e-03	8.903509e-03	-1.908406e-02
3.500000e+00	-9.893825e-03	6.103469e-03	-7.575664e-03	6.731863e-03	-1.848383e-02
3.550000e+00	-8.305651e-03	5.228106e-03	-6.723383e-03	6.081846e-03	-1.702768e-02
3.600000e+00	-4.655191e-03	4.017884e-03	-4.189624e-03	6.722045e-03	-1.253007e-02
3.650000e+00	7.179053e-04	2.998991e-03	1.477323e-03	8.804959e-03	-6.182692e-03
3.700000e+00	6.542580e-03	2.458989e-03	6.995591e-03	1.110315e-02	3.373247e-04
3.750000e+00	1.148097e-02	2.585704e-03	1.131767e-02	1.697738e-02	4.286824e-03
3.800000e+00	1.430611e-02	3.214063e-03	1.349704e-02	2.241699e-02	3.803064e-03
3.850000e+00	1.434199e-02	4.092856e-03	1.314681e-02	2.411119e-02	-1.078422e-03
3.900000e+00	1.107091e-02	4.401811e-03	1.058940e-02	2.023888e-02	-7.206778e-03
3.950000e+00	4.981824e-03	3.716860e-03	5.686667e-03	1.219490e-02	-1.494794e-02
4.000000e+00	-2.720621e-03	2.428187e-03	-2.565722e-03	2.002603e-03	-2.216041e-02
4.050000e+00	-1.080494e-02	3.404399e-03	-1.044308e-02	-2.900889e-03	-2.776842e-02
4.100000e+00	-1.743058e-02	6.681116e-03	-1.655707e-02	-6.379552e-03	-2.990752e-02
4.150000e+00	-2.127519e-02	9.933771e-03	-2.247142e-02	-7.587071e-03	-3.684446e-02
4.200000e+00	-2.166853e-02	1.184341e-02	-2.386657e-02	-6.120680e-03	-3.950868e-02
4.250000e+00	-1.894542e-02	1.201414e-02	-2.021103e-02	-3.879373e-03	-3.597029e-02
4.300000e+00	-1.361755e-02	9.918293e-03	-1.471199e-02	-1.003505e-03	-2.708076e-02
4.350000e+00	-7.002750e-03	5.828332e-03	-7.704581e-03	4.283440e-03	-1.548951e-02
4.400000e+00	-5.196265e-04	1.784546e-03	-4.812586e-04	1.056024e-02	-5.532503e-03
4.450000e+00	4.656977e-03	5.849166e-03	5.376075e-03	1.460959e-02	-6.729060e-03
4.500000e+00	7.994734e-03	1.068923e-02	1.277840e-02	2.265659e-02	-9.203462e-03
4.550000e+00	9.505158e-03	1.432542e-02	1.688952e-02	2.791149e-02	-1.324755e-02
4.600000e+00	9.725863e-03	1.644228e-02	1.726088e-02	2.983479e-02	-1.662902e-02
4.650000e+00	9.462590e-03	1.718268e-02	1.639460e-02	2.976932e-02	-1.863097e-02
4.700000e+00	9.386450e-03	1.703344e-02	1.522429e-02	2.964887e-02	-1.902471e-02
4.750000e+00	9.778616e-03	1.641261e-02	1.420745e-02	2.951160e-02	-1.789412e-02
4.800000e+00	1.044108e-02	1.553898e-02	1.293380e-02	2.956516e-02	-1.559249e-02
4.850000e+00	1.092644e-02	1.427569e-02	1.230739e-02	2.790337e-02	-1.239570e-02
4.900000e+00	1.054002e-02	1.229059e-02	1.085422e-02	2.622874e-02	-8.690233e-03
4.950000e+00	8.899033e-03	9.193223e-03	9.389476e-03	2.136526e-02	-8.429568e-03
5.000000e+00	6.132712e-03	4.997011e-03	5.917683e-03	1.531029e-02	-7.286569e-03
5.050000e+00	2.983123e-03	3.517737e-03	3.111050e-03	1.459548e-02	-6.883256e-03
5.100000e+00	4.176582e-04	9.121223e-03	-9.501203e-04	1.897157e-02	-1.463127e-02
5.150000e+00	-5.426284e-04	1.531857e-02	-5.630719e-03	2.559806e-02	-2.217662e-02
5.200000e+00	6.677457e-04	2.032610e-02	-5.934922e-03	3.526689e-02	-2.538114e-02
5.250000e+00	3.784297e-03	2.324724e-02	-1.050764e-03	4.368826e-02	-2.726562e-02
5.300000e+00	7.770318e-03	2.371828e-02	5.332884e-03	4.925233e-02	-2.530169e-02
5.350000e+00	1.097698e-02	2.199723e-02	9.407453e-03	5.045136e-02	-2.229016e-02
5.400000e+00	1.165557e-02	1.882283e-02	1.001077e-02	4.638191e-02	-1.895299e-02
5.450000e+00	8.570748e-03	1.505622e-02	6.476746e-03	3.697992e-02	-1.789019e-02
5.500000e+00	1.524934e-03	1.164029e-02	-1.053383e-03	2.492238e-02	-1.877308e-02
5.550000e+00	-8.522728e-03	9.254412e-03	-1.205137e-02	1.401493e-02	-2.212468e-02
5.600000e+00	-1.960507e-02	8.357628e-03	-2.094937e-02	1.121226e-03	-3.400486e-02
5.650000e+00	-2.919362e-02	8.727466e-03	-2.691297e-02	-1.158207e-02	-4.490330e-02
5.700000e+00	-3.509616e-02	9.519495e-03	-3.122456e-02	-2.010638e-02	-5.595829e-02
5.750000e+00	-3.595308e-02	9.752550e-03	-3.185064e-02	-2.036797e-02	-5.974260e-02
5.800000e+00	-3.164805e-02	8.884329e-03	-2.857750e-02	-1.529283e-02	-5.520337e-02
5.850000e+00	-2.323731e-02	6.981164e-03	-2.189843e-02	-5.779755e-03	-4.323806e-02
5.900000e+00	-1.280733e-02	5.548565e-03	-1.302425e-02	4.096566e-03	-2.639591e-02
5.950000e+00	-2.588102e-03	7.474394e-03	-2.175599e-03	1.526694e-02	-2.068927e-02
6.000000e+00	5.589946e-03	1.216499e-02	9.939967e-03	2.651388e-02	-1.951658e-02
6.050000e+00	1.076874e-02	1.780811e-02	1.569078e-02	3.725117e-02	-2.136492e-02
6.100000e+00	1.284342e-02	2.359389e-02	1.545943e-02	4.479868e-02	-2.567827e-02
6.150000e+00	1.258455e-02	2.901001e-02	1.333724e-02	4.895417e-02	-3.093268e-02
6.200000e+00	1.111987e-02	3.350917e-02	1.102541e-02	5.093126e-02	-3.565535e-02
6.250000e+00	9.485770e-03	3.643220e-02	8.667590e-03	5.382061e-02	-3.850417e-02
6.300000e+00	8.314950e-03	3.707802e-02	7.025775e-03	5.443197e-02	-3.936459e-02
6.350000e+00	7.754847e-03	3.488347e-02	7.452540e-03	5.188232e-02	-3.778066e-02
6.400000e+00	7.608609e-03	2.964363e-02	8.947075e-03	4.577620e-02	-3.208268e-02
6.450000e+00	7.599094e-03	2.168772e-02	7.961121e-03	3.710045e-02	-2.264326e-02
6.500000e+00	7.614115e-03	1.204504e-02	7.729484e-03	2.997538e-02	-1.176842e-02
6.550000e+00	7.803805e-03	5.025559e-03	7.192046e-03	2.087607e-02	-5.027771e-03
6.600000e+00	8.484595e-03	1.217771e-02	9.658698e-03	3.368108e-02	-1.474532e-02
6.650000e+00	9.942129e-03	2.135663e-02	8.678951e-03	4.578137e-02	-2.102168e-02
6.700000e+00	1.216772e-02	2.920085e-02	9.225888e-03	5.836578e-02	-2.685965e-02
6.750000e+00	1.470537e-02	3.545341e-02	9.399930e-03	7.369473e-02	-2.964956e-02
6.800000e+00	1.668868e-02	4.027093e-02	1.016920e-02	8.512412e-02	-3.136645e-02
6.850000e+00	1.707564e-02	4.379417e-02	1.237188e-02	9.048604e-02	-3.816469e-02
6.900000e+00	1.500276e-02	4.588205e-02	1.279405e-02	8.801602e-02	-4.501272e-02
6.950000e+00	1.012504e-02	4.600805e-02	1.022736e-02	7.692198e-02	-5.079697e-02
7.000000e+00	2.807299e-03	4.337875e-02	2.907120e-03	5.858481e-02	-5.488380e-02
7.050000e+00	-5.942316e-03	3.713281e-02	-7.872195e-03	4.749009e-02	-5.626128e-02
7.100000e+00	-1.461081e-02	2.730593e-02	-1.933542e-02	3.219495e-02	-5.375178e-02
7.150000e+00	-2.174518e-02	1.506501e-02	-2.687786e-02	1.281947e-02	-4.470658e-02
7.200000e+00	-2.628290e-02	8.085109e-03	-2.554176e-02	-7.782403e-03	-5.104868e-02
7.250000e+00	-2.780475e-02	1.818909e-02	-2.306354e-02	-3.280466e-03	-6.637876e-02
7.300000e+00	-2.657327e-02	2.914373e-02	-2.601187e-02	1.433556e-02	-7.288348e-02
7.350000e+00	-2.336311e-02	3.625167e-02	-2.533379e-02	2.811004e-02	-7.111351e-02
7.400000e+00	-1.916339e-02	3.870338e-02	-1.963122e-02	3.603416e-02	-7.110294e-02
7.450000e+00	-1.486859e-02	3.721007e-02	-1.442236e-02	3.786946e-02	-6.768958e-02
7.500000e+00	-1.106351e-02	3.352164e-02	-1.045062e-02	3.634892e-02	-5.966484e-02
7.550000e+00	-7.979305e-03	2.970224e-02	-8.736987e-03	3.541301e-02	-5.113156e-02
7.600000e+00	-5.496951e-03	2.743398e-02	-7.220258e-03	3.590930e-02	-4.536973e-02
7.650000e+00	-3.338357e-03	2.726765e-02	-4.741794e-03	3.705342e-02	-4.481225e-02
7.700000e+00	-1.204948e-03	2.855140e-02	-1.218597e-03	4.047778e-02	-4.485102e-02
7.750000e+00	1.144211e-03	2.973089e-02	2.841630e-03	4.426068e-02	-4.391022e-02
7.800000e+00	3.889696e-03	2.891016e-02	6.829462e-03	4.574406e-02	-3.951647e-02
7.850000e+00	7.187939e-03	2.459957e-02	1.028667e-02	4.323605e-02	-3.245383e-02
7.900000e+00	1.118726e-02	1.653532e-02	1.333838e-02	3.842997e-02	-2.202728e-02
7.950000e+00	1.597793e-02	8.130721e-03	1.586780e-02	3.513438e-02	-5.698153e-03
8.000000e+00	2.147326e-02	1.424187e-02	2.089300e-02	5.405868e-02	-6.985303e-03
8.050000e+00	2.721434e-02	2.676911e-02	2.847979e-02	7.213698e-02	-1.797406e-02
8.100000e+00	3.242958e-02	3.751022e-02	3.650135e-02	8.633756e-02	-2.509470e-02
8.150000e+00	3.597960e-02	4.451545e-02	4.151764e-02	9.880974e-02	-2.813772e-02
8.200000e+00	3.662295e-02	4.735340e-02	4.122514e-02	1.025271e-01	-2.962443e-02
8.250000e+00	3.336837e-02	4.660278e-02	3.559289e-02	9.783801e-02	-3.245331e-02
8.300000e+00	2.584144e-02	4.343103e-02	2.401748e-02	8.522003e-02	-3.409056e-02
8.350000e+00	1.453121e-02	3.910531e-02	9.402858e-03	7.006426e-02	-3.671119e-02
8.400000e+00	8.074571e-04	3.450376e-02	-5.863505e-04	5.348038e-02	-4.725560e-02
8.450000e+00	-1.332811e-02	2.975844e-02	-1.202436e-02	3.738886e-02	-6.535708e-02
8.500000e+00	-2.570015e-02	2.435461e-02	-2.290790e-02	2.178310e-02	-8.086974e-02
8.550000e+00	-3.448223e-02	1.792953e-02	-3.218245e-02	4.970991e-03	-8.474213e-02
8.600000e+00	-3.862679e-02	1.271538e-02	-3.987333e-02	-9.090487e-03	-7.533585e-02
8.650000e+00	-3.815057e-02	1.529493e-02	-3.974954e-02	-4.722346e-03	-6.787488e-02
8.700000e+00	-3.399713e-02	2.408640e-02	-3.752498e-02	6.303494e-03	-7.228753e-02
8.750000e+00	-2.767998e-02	3.292635e-02	-3.504435e-02	1.846691e-02	-7.116601e-02
8.800000e+00	-2.080073e-02	3.896229e-02	-2.758479e-02	3.169140e-02	-6.869200e-02
8.850000e+00	-1.460862e-02	4.112513e-02	-2.145631e-02	4.431507e-02	-6.629448e-02
8.900000e+00	-9.740128e-03	3.963115e-02	-1.565824e-02	5.047909e-02	-6.079074e-02
8.950000e+00	-6.199997e-03	3.564829e-02	-9.524265e-03	4.894404e-02	-5.314730e-02
9.000000e+00	-3.551887e-03	3.074382e-02	-4.343935e-03	4.287291e-02	-4.607302e-02
9.050000e+00	-1.177677e-03	2.623411e-02	-1.914742e-03	4.159636e-02	-4.176108e-02
9.100000e+00	1.362923e-03	2.269521e-02	1.655844e-03	4.092362e-02	-3.827704e-02
9.150000e+00	4.248123e-03	1.981681e-02	6.034066e-03	3.978337e-02	-3.362627e-02
9.200000e+00	7.396816e-03	1.667819e-02	1.035663e-02	3.808036e-02	-2.662891e-02
9.250000e+00	1.060703e-02	1.243150e-02	1.345778e-02	3.434776e-02	-1.787772e-02
9.300000e+00	1.371960e-02	8.173064e-03	1.458443e-02	3.443829e-02	-8.275250e-03
9.350000e+00	1.671000e-02	1.097954e-02	1.564284e-02	4.641831e-02	-5.011328e-03
9.400000e+00	1.965535e-02	2.015582e-02	1.690234e-02	5.673427e-02	-1.391046e-02
9.450000e+00	2.259171e-02	2.984372e-02	2.027899e-02	6.613666e-02	-2.300409e-02
9.500000e+00	2.533837e-02	3.724007e-02	2.427357e-02	7.721873e-02	-2.743819e-02
9.550000e+00	2.741200e-02	4.081381e-02	2.833256e-02	8.494431e-02	-2.463716e-02
9.600000e+00	2.799201e-02	4.005670e-02	2.747592e-02	8.359924e-02	-2.838588e-02
9.650000e+00	2.619951e-02	3.568593e-02	2.560998e-02	7.741245e-02	-3.366728e-02
9.700000e+00	2.139402e-02	2.920877e-02	2.390137e-02	6.629240e-02	-3.564926e-02
9.750000e+00	1.348751e-02	2.225135e-02	1.580633e-02	5.329393e-02	-3.437794e-02
9.800000e+00	3.120632e-03	1.591724e-02	4.260062e-03	3.678906e-02	-3.028202e-02
9.850000e+00	-8.387377e-03	1.075530e-02	-9.083081e-03	1.883920e-02	-2.707625e-02
9.900000e+00	-1.932177e-02	7.748612e-03	-2.055116e-02	6.075917e-03	-3.609660e-02
9.950000e+00	-2.800594e-02	8.281158e-03	-2.924796e-02	-5.321665e-03	-4.562103e-02
1.000000e+01	-3.324234e-02	1.068946e-02	-3.533575e-02	-6.856858e-04	-5.141491e-02
1.005000e+01	-3.464867e-02	1.305005e-02	-3.842677e-02	3.446317e-03	-5.579611e-02
1.010000e+01	-3.256069e-02	1.548891e-02	-3.723478e-02	6.155597e-03	-5.326386e-02
1.015000e+01	-2.802063e-02	1.897884e-02	-3.681263e-02	7.432325e-03	-5.617884e-02
1.020000e+01	-2.232886e-02	2.355131e-02	-2.974407e-02	1.252577e-02	-5.777311e-02
1.025000e+01	-1.661774e-02	2.796330e-02	-1.829612e-02	2.294973e-02	-5.633811e-02
1.030000e+01	-1.153690e-02	3.071795e-02	-1.318133e-02	3.482934e-02	-5.198126e-02
1.035000e+01	-7.153984e-03	3.085941e-02	-9.770320e-03	4.143999e-02	-4.863264e-02
1.040000e+01	-3.088919e-03	2.823472e-02	-5.009782e-03	4.134923e-02	-4.422900e-02
1.045000e+01	1.189523e-03	2.340967e-02	4.128285e-04	3.652446e-02	-3.714918e-02
1.050000e+01	6.033543e-03	1.740022e-02	6.486113e-03	3.208842e-02	-2.738741e-02
1.055000e+01	1.138661e-02	1.143953e-02	1.368766e-02	3.018253e-02	-1.514308e-02
1.060000e+01	1.674128e-02	7.277813e-03	1.766333e-02	3.400563e-02	-2.183389e-03
1.065000e+01	2.129305e-02	7.512408e-03	2.085478e-02	4.590767e-02	6.071714e-03
1.070000e+01	2.422137e-02	1.090856e-02	2.231008e-02	5.313290e-02	5.884294e-03
1.075000e+01	2.498211e-02	1.484542e-02	2.263483e-02	5.509818e-02	9.857661e-04
1.080000e+01	2.349737e-02	1.847504e-02	1.989841e-02	5.221123e-02	-4.402539e-03
1.085000e+01	2.017406e-02	2.142992e-02	1.769402e-02	4.978648e-02	-1.061549e-02
1.090000e+01	1.575272e-02	2.340998e-02	1.496693e-02	4.791457e-02	-1.817853e-02
1.095000e+01	1.105327e-02	2.415653e-02	9.983105e-03	4.550285e-02	-2.294628e-02
1.100000e+01	6.719113e-03	2.350446e-02	4.840378e-03	4.556809e-02	-2.471388e-02
1.105000e+01	3.053841e-03	2.147951e-02	3.253100e-05	4.381798e-02	-2.436473e-02
1.110000e+01	-1.308176e-05	1.820797e-02	-2.702096e-03	3.852552e-02	-2.549104e-02
1.115000e+01	-2.776174e-03	1.411424e-02	-4.630005e-03	2.943484e-02	-2.579671e-02
1.120000e+01	-5.571527e-03	9.922046e-03	-6.084077e-03	1.740485e-02	-2.458460e-02
1.125000e+01	-8.587743e-03	6.932127e-03	-8.400358e-03	9.600586e-03	-2.741094e-02
1.130000e+01	-1.175905e-02	6.863330e-03	-1.172969e-02	2.665990e-03	-2.965727e-02
1.135000e+01	-1.477550e-02	8.962011e-03	-1.329297e-02	1.775961e-03	-3.744033e-02
1.140000e+01	-1.719509e-02	1.134385e-02	-1.724251e-02	4.170307e-03	-4.270905e-02
1.145000e+01	-1.860306e-02	1.334307e-02	-1.946999e-02	5.883814e-03	-4.515123e-02
1.150000e+01	-1.875012e-02	1.486771e-02	-1.947172e-02	5.758059e-03	-4.414079e-02
1.155000e+01	-1.761673e-02	1.593280e-02	-1.792126e-02	6.873786e-03	-4.316758e-02
1.160000e+01	-1.538654e-02	1.650335e-02	-1.488541e-02	1.225191e-02	-4.348691e-02
1.165000e+01	-1.235172e-02	1.649015e-02	-1.028966e-02	1.920280e-02	-4.210397e-02
1.170000e+01	-8.799415e-03	1.580920e-02	-5.159208e-03	2.310654e-02	-3.763020e-02
1.175000e+01	-4.931717e-03	1.443407e-02	-2.538187e-03	2.509867e-02	-3.383507e-02
1.180000e+01	-8.515749e-04	1.242182e-02	7.097198e-04	2.493279e-02	-2.814942e-02
1.185000e+01	3.385376e-03	9.938935e-03	4.531825e-03	2.470375e-02	-2.012102e-02
1.190000e+01	7.684060e-03	7.342013e-03	8.486117e-03	2.380671e-02	-1.037282e-02
1.195000e+01	1.183475e-02	5.430594e-03	1.207338e-02	2.457782e-02	-1.414073e-03
1.200000e+01	1.549042e-02	5.479048e-03	1.539495e-02	3.076268e-02	2.241578e-03
1.205000e+01	1.824592e-02	7.323646e-03	1.761823e-02	3.669055e-02	1.697127e-05
1.210000e+01	1.964929e-02	9.612156e-03	1.963161e-02	4.059092e-02	-9.097976e-04
1.215000e+01	1.941761e-02	1.158844e-02	1.841563e-02	4.081021e-02	-2.804024e-03
1.220000e+01	1.750627e-02	1.286124e-02	1.574591e-02	3.791654e-02	-6.542142e-03
1.225000e+01	1.414179e-02	1.319811e-02	1.126248e-02	3.358694e-02	-9.376739e-03
1.230000e+01	9.777088e-03	1.255307e-02	9.189201e-03	2.904025e-02	-1.101001e-02
1.235000e+01	4.985057e-03	1.114966e-02	5.840865e-03	2.278312e-02	-1.291939e-02
1.240000e+01	3.272317e-04	9.488197e-03	6.476637e-04	1.675561e-02	-1.800647e-02
1.245000e+01	-3.759507e-03	8.141336e-03	-4.458969e-03	1.222992e-02	-2.322476e-02
1.250000e+01	-7.025516e-03	7.307952e-03	-6.522595e-03	8.672737e-03	-2.581436e-02
1.255000e+01	-9.408467e-03	6.653257e-03	-8.706340e-03	6.009690e-03	-2.624706e-02
1.260000e+01	-1.098197e-02	5.864000e-03	-1.065608e-02	3.920031e-03	-2.472841e-02
1.265000e+01	-1.187964e-02	5.183144e-03	-1.173697e-02	3.013662e-03	-2.749217e-02
1.270000e+01	-1.222544e-02	5.250483e-03	-1.233933e-02	8.053438e-04	-2.787215e-02
1.275000e+01	-1.209284e-02	6.178227e-03	-1.255559e-02	4.233040e-03	-3.029455e-02
1.280000e+01	-1.150054e-02	7.478431e-03	-1.274935e-02	9.294335e-03	-3.133807e-02
1.285000e+01	-1.043725e-02	8.861093e-03	-1.192603e-02	1.160001e-02	-2.761738e-02
1.290000e+01	-8.898378e-03	1.025411e-02	-1.072580e-02	1.139178e-02	-2.678426e-02
1.295000e+01	-6.917274e-03	1.146349e-02	-8.405049e-03	1.090483e-02	-2.759151e-02
1.300000e+01	-4.579289e-03	1.209506e-02	-6.392379e-03	1.625135e-02	-2.793185e-02
1.305000e+01	-1.995959e-03	1.179272e-02	-3.299250e-03	2.027725e-02	-2.635575e-02
1.310000e+01	6.495952e-04	1.043066e-02	1.194097e-04	2.504271e-02	-2.153883e-02
1.315000e+01	3.182840e-03	8.283082e-03	2.982468e-03	2.521829e-02	-1.526820e-02
1.320000e+01	5.445928e-03	6.016509e-03	5.418875e-03	2.241833e-02	-9.798993e-03
1.325000e+01	7.308471e-03	4.607892e-03	6.971436e-03	1.907568e-02	-3.763341e-03
1.330000e+01	8.672272e-03	4.601243e-03	8.090489e-03	2.011389e-02	-3.272382e-03
1.335000e+01	9.474513e-03	5.212527e-03	9.375617e-03	2.296509e-02	-3.165871e-03
1.340000e+01	9.691839e-03	5.661735e-03	9.849341e-03	2.411433e-02	-2.234293e-03
1.345000e+01	9.343937e-03	5.794561e-03	9.284439e-03	2.366249e-02	-2.551837e-03
1.350000e+01	8.492304e-03	5.771335e-03	8.465681e-03	2.225151e-02	-4.153549e-03
1.355000e+01	7.230448e-03	5.859735e-03	6.785139e-03	2.114611e-02	-5.788983e-03
1.360000e+01	5.665831e-03	6.215340e-03	5.343475e-03	1.909426e-02	-7.843273e-03
1.365000e+01	3.899248e-03	6.663033e-03	3.889936e-03	1.870404e-02	-9.256546e-03
1.370000e+01	2.010673e-03	6.795729e-03	2.338466e-03	1.884004e-02	-1.199601e-02
1.375000e+01	5.926751e-05	6.300891e-03	2.710434e-04	1.674762e-02	-1.400661e-02
1.380000e+01	-1.900994e-03	5.227886e-03	-1.800800e-03	1.255161e-02	-1.493408e-02
1.385000e+01	-3.797071e-03	4.144426e-03	-3.368349e-03	6.604534e-03	-1.600589e-02
1.390000e+01	-5.517347e-03	3.889839e-03	-5.604760e-03	4.852324e-03	-1.576991e-02
1.395000e+01	-6.910650e-03	4.322175e-03	-7.179558e-03	5.228112e-03	-1.633681e-02
1.400000e+01	-7.810896e-03	4.509732e-03	-8.429877e-03	4.029751e-03	-1.702000e-02
1.405000e+01	-8.109570e-03	4.125336e-03	-8.704324e-03	5.711115e-03	-1.736432e-02
1.410000e+01	-7.741224e-03	3.641669e-03	-7.822790e-03	5.898727e-03	-1.627911e-02
1.415000e+01	-6.752443e-03	3.865425e-03	-6.859658e-03	5.091345e-03	-1.437280e-02
1.420000e+01	-5.300387e-03	4.579217e-03	-5.453155e-03	6.308397e-03	-1.632013e-02
1.425000e+01	-3.620487e-03	4.926688e-03	-3.445019e-03	9.847680e-03	-1.708681e-02
1.430000e+01	-1.963451e-03	4.575590e-03	-1.857841e-03	1.072235e-02	-1.513207e-02
1.435000e+01	-5.225037e-04	3.966526e-03	-8.310248e-04	8.931669e-03	-1.063988e-02
1.440000e+01	6.216332e-04	4.082993e-03	6.506745e-04	9.573680e-03	-9.933515e-03
1.445000e+01	1.514982e-03	5.009476e-03	1.436482e-03	1.137742e-02	-1.012764e-02
1.450000e+01	2.295302e-03	5.786352e-03	1.283378e-03	1.442880e-02	-8.990507e-03
1.455000e+01	3.118746e-03	5.788700e-03	2.263792e-03	1.589431e-02	-6.241300e-03
1.460000e+01	4.075464e-03	4.975842e-03	3.682523e-03	1.469811e-02	-8.162961e-03
1.465000e+01	5.127817e-03	3.795693e-03	5.246307e-03	1.312276e-02	-7.938641e-03
1.470000e+01	6.098128e-03	3.056685e-03	6.207099e-03	1.443806e-02	-5.755785e-03
1.475000e+01	6.714877e-03	3.187422e-03	6.601130e-03	1.816042e-02	-2.730486e-03
1.480000e+01	6.703770e-03	3.557381e-03	6.448698e-03	1.927678e-02	-4.168704e-03
1.485000e+01	5.891798e-03	3.649086e-03	5.740283e-03	1.751340e-02	-4.553326e-03
1.490000e+01	4.285613e-03	3.474191e-03	4.191526e-03	1.327199e-02	-4.090980e-03
1.495000e+01	2.093497e-03	3.248708e-03	1.850986e-03	9.835192e-03	-5.273275e-03
1.500000e+01	-3.198990e-04	3.085807e-03	-2.687783e-04	6.391176e-03	-9.030682e-03
1.505000e+01	-2.549338e-03	2.942114e-03	-2.226698e-03	3.756940e-03	-1.193167e-02
1.510000e+01	-4.229322e-03	2.788933e-03	-3.853204e-03	1.322313e-03	-1.329616e-02
1.515000e+01	-5.147376e-03	2.737366e-03	-4.830413e-03	7.669760e-04	-1.328654e-02
1.520000e+01	-5.288038e-03	2.878752e-03	-5.124541e-03	2.463352e-03	-1.315273e-02
1.525000e+01	-4.811968e-03	3.138870e-03	-5.044511e-03	3.773824e-03	-1.401402e-02
1.530000e+01	-3.980929e-03	3.381519e-03	-4.396828e-03	5.477565e-03	-1.270977e-02
1.535000e+01	-3.059296e-03	3.533977e-03	-3.318599e-03	6.869023e-03	-1.051952e-02
1.540000e+01	-2.229680e-03	3.573924e-03	-2.331818e-03	7.164332e-03	-1.023200e-02
1.545000e+01	-1.552475e-03	3.481595e-03	-1.650105e-03	6.857870e-03	-1.061270e-02
1.550000e+01	-9.801008e-04	3.254653e-03	-9.254849e-04	7.207049e-03	-1.071701e-02
1.555000e+01	-4.143285e-04	2.972096e-03	-3.978376e-04	7.667893e-03	-9.388828e-03
1.560000e+01	2.216123e-04	2.803213e-03	-1.607498e-04	8.739314e-03	-6.605322e-03
1.565000e+01	9.288716e-04	2.849432e-03	6.323126e-04	9.724331e-03	-6.607690e-03
1.570000e+01	1.620272e-03	2.981090e-03	1.529385e-03	1.010204e-02	-6.047666e-03
1.575000e+01	2.153807e-03	2.982873e-03	2.263932e-03	9.316276e-03	-4.389630e-03
1.580000e+01	2.396764e-03	2.796641e-03	2.155580e-03	9.243625e-03	-3.937987e-03
1.585000e+01	2.291466e-03	2.638016e-03	1.833007e-03	9.846344e-03	-4.883623e-03
1.590000e+01	1.892530e-03	2.861225e-03	1.462193e-03	1.013251e-02	-6.367262e-03
1.595000e+01	1.357272e-03	3.463333e-03	1.293385e-03	9.728245e-03	-7.393774e-03
1.600000e+01	8.904621e-04	4.074527e-03	1.376160e-03	9.371507e-03	-9.858660e-03
1.605000e+01	6.766810e-04	4.385437e-03	1.011586e-03	9.195283e-03	-1.155038e-02
1.610000e+01	7.706368e-04	4.273646e-03	1.113585e-03	9.319397e-03	-1.097814e-02
1.615000e+01	1.093015e-03	3.812041e-03	1.189194e-03	1.052993e-02	-8.684701e-03
1.620000e+01	1.441452e-03	3.207875e-03	1.210083e-03	1.070123e-02	-6.036908e-03
1.625000e+01	1.560683e-03	2.693638e-03	1.398290e-03	9.771429e-03	-4.839053e-03
1.630000e+01	1.238689e-03	2.385163e-03	1.092077e-03	8.525665e-03	-4.838269e-03
1.635000e+01	3.938354e-04	2.266250e-03	3.901249e-04	7.000201e-03	-5.880089e-03
1.640000e+01	-8.796825e-04	2.334239e-03	-7.651263e-04	5.206265e-03	-7.511146e-03
1.645000e+01	-2.326140e-03	2.579370e-03	-2.051764e-03	4.613247e-03	-8.955674e-03
1.650000e+01	-3.599033e-03	2.843990e-03	-3.601562e-03	2.772467e-03	-1.061149e-02
1.655000e+01	-4.364878e-03	2.918738e-03	-4.441117e-03	2.672055e-03	-1.293494e-02
1.660000e+01	-4.405141e-03	2.772856e-03	-4.278048e-03	3.231916e-03	-1.265168e-02
1.665000e+01	-3.682492e-03	2.735862e-03	-3.686005e-03	3.577026e-03	-9.923609e-03
1.670000e+01	-2.350460e-03	3.272952e-03	-2.637035e-03	5.205381e-03	-1.091234e-02
1.675000e+01	-7.052517e-04	4.255425e-03	-9.325233e-04	8.870952e-03	-1.132716e-02
1.680000e+01	9.023443e-04	5.165423e-03	5.932536e-04	1.288678e-02	-9.960082e-03
1.685000e+01	2.165028e-03	5.613052e-03	9.375204e-04	1.655896e-02	-9.085064e-03
1.690000e+01	2.895947e-03	5.439647e-03	2.180527e-03	1.755973e-02	-8.213016e-03
1.695000e+01	3.062791e-03	4.711908e-03	3.224137e-03	1.584748e-02	-8.103872e-03
1.700000e+01	2.773002e-03	3.695518e-03	2.910490e-03	1.202687e-02	-7.006801e-03
1.705000e+01	2.225426e-03	2.829621e-03	2.530764e-03	8.538115e-03	-5.549895e-03
1.710000e+01	1.626055e-03	2.565594e-03	2.065041e-03	6.389768e-03	-8.475336e-03
1.715000e+01	1.133435e-03	2.869131e-03	1.463954e-03	7.304100e-03	-9.546113e-03
1.720000e+01	8.203769e-04	3.290950e-03	1.023986e-03	7.578960e-03	-8.346591e-03
1.725000e+01	6.699616e-04	3.569218e-03	6.585891e-04	9.276482e-03	-7.160573e-03
1.730000e+01	6.008366e-04	3.655802e-03	5.049056e-04	9.605550e-03	-6.745477e-03
1.735000e+01	5.088358e-04	3.607939e-03	9.269271e-04	9.566077e-03	-7.489096e-03
1.740000e+01	3.088122e-04	3.526308e-03	6.790496e-04	8.355943e-03	-7.216052e-03
1.745000e+01	-3.674916e-05	3.487923e-03	2.817307e-04	8.976117e-03	-7.324636e-03
1.750000e+01	-5.091530e-04	3.479795e-03	-2.241357e-04	9.109369e-03	-7.990462e-03
1.755000e+01	-1.044102e-03	3.410006e-03	-9.029454e-04	8.298382e-03	-8.463668e-03
1.760000e+01	-1.554672e-03	3.197822e-03	-1.453765e-03	6.494471e-03	-8.339438e-03
1.765000e+01	-1.957236e-03	2.855720e-03	-1.900384e-03	4.220321e-03	-8.680559e-03
1.770000e+01	-2.191856e-03	2.512097e-03	-2.137553e-03	3.458799e-03	-8.387460e-03
1.775000e+01	-2.232181e-03	2.343277e-03	-2.199537e-03	4.290460e-03	-7.179197e-03
1.780000e+01	-2.084208e-03	2.402780e-03	-2.048612e-03	5.047474e-03	-7.092000e-03
1.785000e+01	-1.776934e-03	2.567489e-03	-1.974602e-03	5.893132e-03	-8.371741e-03
1.790000e+01	-1.349823e-03	2.710580e-03	-1.538397e-03	6.162289e-03	-9.268951e-03
1.795000e+01	-8.419923e-04	2.811148e-03	-9.142443e-04	5.904447e-03	-8.938550e-03
1.800000e+01	-2.864064e-04	2.929297e-03	-3.577149e-04	6.275351e-03	-7.598882e-03
1.805000e+01	2.968673e-04	3.142823e-03	2.062819e-04	7.094952e-03	-7.070289e-03
1.810000e+01	8.759531e-04	3.467125e-03	1.240417e-03	7.959658e-03	-6.452221e-03
1.815000e+01	1.416454e-03	3.859034e-03	2.008337e-03	8.699523e-03	-7.678333e-03
1.820000e+01	1.875936e-03	4.223932e-03	2.221484e-03	9.464185e-03	-7.780363e-03
1.825000e+01	2.205705e-03	4.433050e-03	2.235956e-03	1.091417e-02	-7.606349e-03
1.830000e+01	2.357972e-03	4.354725e-03	2.065217e-03	1.145986e-02	-7.123894e-03
1.835000e+01	2.297302e-03	3.909742e-03	1.827623e-03	1.067868e-02	-5.362382e-03
1.840000e+01	2.013373e-03	3.155083e-03	1.684757e-03	9.473458e-03	-6.769662e-03
1.845000e+01	1.530725e-03	2.436161e-03	1.456397e-03	7.250849e-03	-7.061352e-03
1.850000e+01	9.111714e-04	2.463457e-03	1.068353e-03	5.766814e-03	-6.590961e-03
1.855000e+01	2.460165e-04	3.296308e-03	5.314856e-04	7.199131e-03	-8.036694e-03
1.860000e+01	-3.617971e-04	4.215772e-03	5.023658e-05	7.545955e-03	-9.955218e-03
1.865000e+01	-8.219464e-04	4.776733e-03	-4.746510e-04	7.175747e-03	-1.182482e-02
1.870000e+01	-1.080694e-03	4.835990e-03	-6.540776e-04	7.132132e-03	-1.168619e-02
1.875000e+01	-1.136719e-03	4.449799e-03	-7.159634e-04	8.409948e-03	-1.004039e-02
1.880000e+01	-1.042483e-03	3.806174e-03	-7.213126e-04	8.595170e-03	-8.555438e-03
1.885000e+01	-8.888960e-04	3.135934e-03	-3.107339e-04	7.609246e-03	-8.280434e-03
1.890000e+01	-7.765679e-04	2.602184e-03	-4.181618e-04	5.909506e-03	-7.532059e-03
1.895000e+01	-7.820203e-04	2.233801e-03	-6.592600e-04	4.347951e-03	-7.256430e-03
1.900000e+01	-9.298751e-04	1.988401e-03	-8.186973e-04	3.986596e-03	-7.474401e-03
1.905000e+01	-1.182270e-03	1.856144e-03	-9.998996e-04	4.079867e-03	-7.232178e-03
1.910000e+01	-1.445987e-03	1.831036e-03	-1.352399e-03	4.037047e-03	-6.599528e-03
1.915000e+01	-1.599587e-03	1.871111e-03	-1.613006e-03	3.966095e-03	-7.187626e-03
1.920000e+01	-1.533839e-03	1.964038e-03	-1.647583e-03	3.913883e-03	-6.679708e-03
1.925000e+01	-1.189722e-03	2.177808e-03	-1.517448e-03	4.767467e-03	-5.835184e-03
1.930000e+01	-5.817327e-04	2.556065e-03	-9.126147e-04	6.145913e-03	-5.477044e-03
1.935000e+01	2.017401e-04	3.014164e-03	1.125046e-04	7.087358e-03	-6.641777e-03
1.940000e+01	1.021403e-03	3.404712e-03	1.114096e-03	7.450107e-03	-7.441716e-03
1.945000e+01	1.725758e-03	3.620533e-03	2.074038e-03	8.937176e-03	-7.231677e-03
1.950000e+01	2.192531e-03	3.630180e-03	2.509702e-03	9.725365e-03	-6.159847e-03
1.955000e+01	2.359184e-03	3.458377e-03	2.589876e-03	9.520369e-03	-4.551197e-03
1.960000e+01	2.233178e-03	3.145788e-03	2.588216e-03	8.782905e-03	-4.616159e-03
1.965000e+01	1.880165e-03	2.727831e-03	1.972608e-03	7.790180e-03	-3.901603e-03
1.970000e+01	1.396196e-03	2.260230e-03	1.366537e-03	7.437659e-03	-3.518141e-03
1.975000e+01	8.752463e-04	1.884211e-03	8.424492e-04	6.312180e-03	-4.409278e-03
1.980000e+01	3.840905e-04	1.834641e-03	5.863293e-04	4.433101e-03	-5.129527e-03
1.985000e+01	-4.740563e-05	2.178680e-03	2.894648e-04	4.167973e-03	-5.725510e-03
1.990000e+01	-4.192932e-04	2.703033e-03	-1.782807e-04	5.305734e-03	-6.599843e-03
1.995000e+01	-7.434310e-04	3.201529e-03	-4.033486e-04	5.565538e-03	-8.038649e-03
2.000000e+01	-1.023965e-03	3.563141e-03	-3.275995e-04	5.250995e-03	-9.431822e-03
