# k	<chi>	std	chi_median	chi_max	chi_min
0.000000e+00	6.726072e-02	7.205263e-02	7.005914e-02	3.921677e-01	0.000000e+00
5.000000e-02	1.308227e-01	3.519411e-02	1.269728e-01	4.042210e-01	4.689775e-02
1.000000e-01	1.276975e-01	3.570919e-02	1.236866e-01	4.052969e-01	4.390136e-02
1.500000e-01	1.183114e-01	3.720751e-02	1.138310e-01	4.080829e-01	3.508175e-02
2.000000e-01	1.088693e-01	3.863738e-02	1.037944e-01	4.102337e-01	2.645885e-02
2.500000e-01	9.313929e-02	4.082962e-02	8.712011e-02	4.123391e-01	1.263645e-02
3.000000e-01	7.737592e-02	4.277800e-02	7.099373e-02	4.126371e-01	-1.168062e-03
3.500000e-01	5.556110e-02	4.502749e-02	4.853271e-02	4.099408e-01	-2.338142e-02
4.000000e-01	3.402383e-02	4.671929e-02	2.654368e-02	4.082493e-01	-4.429244e-02
4.500000e-01	7.298788e-03	4.802529e-02	-2.918413e-04	4.038905e-01	-7.083133e-02
5.000000e-01	-1.829713e-02	4.840483e-02	-2.580454e-02	3.936844e-01	-9.506101e-02
5.500000e-01	-4.726972e-02	4.770087e-02	-5.444739e-02	3.735625e-01	-1.206716e-01
6.000000e-01	-7.360175e-02	4.591760e-02	-7.983548e-02	3.455026e-01	-1.419433e-01
6.500000e-01	-1.005484e-01	4.285307e-02	-1.058034e-01	3.035379e-01	-1.612384e-01
7.000000e-01	-1.229308e-01	3.928525e-02	-1.275418e-01	2.544237e-01	-1.757473e-01
7.500000e-01	-1.427680e-01	3.550675e-02	-1.467019e-01	1.988469e-01	-1.935906e-01
8.000000e-01	-1.564125e-01	3.292104e-02	-1.597373e-01	1.388366e-01	-2.196221e-01
8.500000e-01	-1.651071e-01	3.204507e-02	-1.654923e-01	7.024554e-02	-2.453114e-01
9.000000e-01	-1.671123e-01	3.281204e-02	-1.642304e-01	3.733318e-03	-2.629077e-01
9.500000e-01	-1.632316e-01	3.410565e-02	-1.583047e-01	-6.215901e-02	-2.685338e-01
1.000000e+00	-1.534504e-01	3.447833e-02	-1.479375e-01	-7.237354e-02	-2.601695e-01
1.050000e+00	-1.380102e-01	3.297961e-02	-1.324157e-01	-6.810513e-02	-2.581442e-01
1.100000e+00	-1.177864e-01	2.952156e-02	-1.124898e-01	-5.956544e-02	-2.630686e-01
1.150000e+00	-9.195870e-02	2.457719e-02	-8.849564e-02	-4.137347e-02	-2.430723e-01
1.200000e+00	-6.171095e-02	2.008594e-02	-5.976261e-02	-1.599821e-02	-2.080554e-01
1.250000e+00	-2.504638e-02	1.807455e-02	-2.377988e-02	2.807818e-02	-1.463605e-01
1.300000e+00	1.562226e-02	1.899054e-02	1.617029e-02	7.925598e-02	-6.721557e-02
1.350000e+00	6.215520e-02	2.067360e-02	6.189355e-02	1.326352e-01	-1.564307e-02
1.400000e+00	1.090985e-01	2.091120e-02	1.090094e-01	1.819675e-01	3.042719e-02
1.450000e+00	1.565337e-01	1.914124e-02	1.569577e-01	2.257880e-01	8.520655e-02
1.500000e+00	1.957438e-01	1.599190e-02	1.962298e-01	2.650402e-01	1.389870e-01
1.550000e+00	2.254444e-01	1.298862e-02	2.252349e-01	2.805294e-01	1.866282e-01
1.600000e+00	2.370958e-01	1.187979e-02	2.369896e-01	2.770187e-01	2.048804e-01
1.650000e+00	2.309224e-01	1.247532e-02	2.316835e-01	2.620660e-01	1.900827e-01
1.700000e+00	2.039372e-01	1.290297e-02	2.051861e-01	2.391151e-01	1.555672e-01
1.750000e+00	1.599499e-01	1.217403e-02	1.608328e-01	1.979926e-01	1.100645e-01
1.800000e+00	1.044837e-01	1.012449e-02	1.047765e-01	1.381949e-01	6.672482e-02
1.850000e+00	4.325207e-02	7.719325e-03	4.309193e-02	7.264135e-02	2.025572e-02
1.900000e+00	-1.166865e-02	6.587420e-03	-1.190469e-02	1.510146e-02	-3.313977e-02
1.950000e+00	-5.639197e-02	7.610077e-03	-5.698875e-02	-1.437654e-02	-7.831949e-02
2.000000e+00	-7.924080e-02	8.940894e-03	-8.027940e-02	-2.442579e-02	-9.843878e-02
2.050000e+00	-8.162802e-02	9.483239e-03	-8.239717e-02	-3.107397e-02	-1.037138e-01
2.100000e+00	-5.945384e-02	8.569951e-03	-5.979382e-02	-2.628273e-02	-8.167965e-02
2.150000e+00	-2.412179e-02	7.720721e-03	-2.401241e-02	3.467251e-03	-6.662946e-02
2.200000e+00	1.000432e-02	8.394107e-03	1.067594e-02	3.128338e-02	-6.028472e-02
2.250000e+00	2.982581e-02	9.206406e-03	3.073313e-02	4.729289e-02	-5.098567e-02
2.300000e+00	2.315228e-02	8.434339e-03	2.363870e-02	4.716635e-02	-4.538513e-02
2.350000e+00	-4.509483e-04	6.967294e-03	-2.132963e-04	2.597989e-02	-4.133121e-02
2.400000e+00	-2.423315e-02	6.499924e-03	-2.429437e-02	1.023949e-03	-4.149538e-02
2.450000e+00	-3.549179e-02	6.690517e-03	-3.535707e-02	-1.375110e-02	-5.456384e-02
2.500000e+00	-3.680200e-02	6.474100e-03	-3.696072e-02	-1.046315e-02	-5.477031e-02
2.550000e+00	-2.814672e-02	5.754788e-03	-2.828230e-02	-2.035107e-03	-4.456007e-02
2.600000e+00	-1.269350e-02	4.834709e-03	-1.284265e-02	5.430951e-03	-2.762252e-02
2.650000e+00	2.753524e-03	4.158672e-03	2.747454e-03	1.761306e-02	-1.154708e-02
2.700000e+00	1.780124e-02	3.674395e-03	1.782588e-02	2.993232e-02	2.360608e-03
2.750000e+00	2.910255e-02	3.372738e-03	2.934620e-02	3.782857e-02	7.735901e-03
2.800000e+00	3.452678e-02	3.070005e-03	3.483367e-02	4.068051e-02	1.233284e-02
2.850000e+00	3.372641e-02	2.711920e-03	3.396722e-02	4.000924e-02	1.268721e-02
2.900000e+00	2.708711e-02	2.552206e-03	2.715285e-02	3.362890e-02	1.167108e-02
2.950000e+00	1.660316e-02	2.891834e-03	1.652867e-02	2.547779e-02	7.445640e-03
3.000000e+00	4.751098e-03	3.496267e-03	4.649845e-03	2.448817e-02	-6.341655e-03
3.050000e+00	-6.844614e-03	4.017665e-03	-7.043923e-03	2.296540e-02	-1.884645e-02
3.100000e+00	-1.563277e-02	4.149555e-03	-1.592819e-02	1.986988e-02	-2.685194e-02
3.150000e+00	-2.074379e-02	3.875713e-03	-2.111278e-02	1.542615e-02	-2.968162e-02
3.200000e+00	-2.223208e-02	3.327769e-03	-2.250957e-02	1.020486e-02	-2.957159e-02
3.250000e+00	-2.077616e-02	2.744910e-03	-2.084400e-02	4.550321e-03	-2.735017e-02
3.300000e+00	-1.660655e-02	2.314929e-03	-1.660698e-02	1.738894e-04	-2.334436e-02
3.350000e+00	-1.072117e-02	2.205981e-03	-1.070978e-02	-1.118374e-03	-1.839669e-02
3.400000e+00	-4.110727e-03	2.356948e-03	-4.135194e-03	3.094480e-03	-1.347881e-02
3.450000e+00	2.650646e-03	2.540895e-03	2.670129e-03	1.020711e-02	-1.011331e-02
3.500000e+00	8.316057e-03	2.578574e-03	8.393770e-03	1.661593e-02	-5.610342e-03
3.550000e+00	1.205962e-02	2.516339e-03	1.206897e-02	2.112480e-02	-1.574711e-03
3.600000e+00	1.336055e-02	2.487068e-03	1.336929e-02	2.230318e-02	4.711551e-04
3.650000e+00	1.183027e-02	2.565435e-03	1.183530e-02	2.185580e-02	-1.404621e-03
3.700000e+00	8.218162e-03	2.708866e-03	8.185068e-03	1.889301e-02	-6.038903e-03
3.750000e+00	3.341602e-03	2.843234e-03	3.261027e-03	1.331719e-02	-1.153045e-02
3.800000e+00	-1.784339e-03	2.964005e-03	-1.821410e-03	6.499397e-03	-1.676233e-02
3.850000e+00	-6.602721e-03	3.064669e-03	-6.687704e-03	1.679450e-03	-2.099061e-02
3.900000e+00	-9.911150e-03	2.892413e-03	-1.002965e-02	-1.461359e-03	-2.290279e-02
3.950000e+00	-1.146971e-02	2.376964e-03	-1.162638e-02	-4.332773e-03	-2.263421e-02
4.000000e+00	-1.132008e-02	1.730726e-03	-1.134527e-02	-5.334241e-03	-1.998574e-02
4.050000e+00	-9.475831e-03	1.546679e-03	-9.449875e-03	-4.541768e-03	-1.608280e-02
4.100000e+00	-6.481906e-03	2.186748e-03	-6.451976e-03	-6.432415e-04	-1.300755e-02
4.150000e+00	-3.124665e-03	3.074364e-03	-3.084692e-03	4.709510e-03	-1.223707e-02
4.200000e+00	-3.621295e-04	3.870186e-03	-3.086129e-04	9.934141e-03	-1.159084e-02
4.250000e+00	9.983705e-04	4.444507e-03	1.061598e-03	1.602038e-02	-1.231141e-02
4.300000e+00	2.299131e-04	4.814218e-03	3.663434e-04	1.858847e-02	-1.443201e-02
4.350000e+00	-2.624619e-03	5.030579e-03	-2.530252e-03	1.706062e-02	-1.808054e-02
4.400000e+00	-6.698736e-03	5.208953e-03	-6.662807e-03	1.206640e-02	-2.269852e-02
4.450000e+00	-1.038987e-02	5.418906e-03	-1.047378e-02	5.506821e-03	-2.679853e-02
4.500000e+00	-1.243316e-02	5.581615e-03	-1.242921e-02	3.554870e-03	-2.888807e-02
4.550000e+00	-1.200741e-02	5.522097e-03	-1.190474e-02	3.727588e-03	-2.846584e-02
4.600000e+00	-9.338949e-03	5.145552e-03	-9.211122e-03	5.109854e-03	-2.508268e-02
4.650000e+00	-5.474778e-03	4.521447e-03	-5.300592e-03	6.411863e-03	-1.928773e-02
4.700000e+00	-1.829248e-03	3.794955e-03	-1.737578e-03	9.279889e-03	-1.315157e-02
4.750000e+00	6.927958e-04	3.162498e-03	6.520793e-04	1.019657e-02	-8.887898e-03
4.800000e+00	2.201413e-03	2.930694e-03	2.069614e-03	1.055569e-02	-6.945148e-03
4.850000e+00	3.874470e-03	3.416000e-03	3.681528e-03	1.440493e-02	-4.049792e-03
4.900000e+00	6.879269e-03	4.547296e-03	6.607471e-03	2.387903e-02	-4.540592e-03
4.950000e+00	1.196889e-02	6.017221e-03	1.169467e-02	3.393688e-02	-5.503189e-03
5.000000e+00	1.881587e-02	7.581965e-03	1.883329e-02	4.476657e-02	-5.790673e-03
5.050000e+00	2.606407e-02	9.004925e-03	2.643847e-02	5.515937e-02	-4.326869e-03
5.100000e+00	3.184696e-02	1.004473e-02	3.221185e-02	6.234329e-02	6.148669e-04
5.150000e+00	3.473166e-02	1.047410e-02	3.492948e-02	6.645484e-02	4.490341e-03
5.200000e+00	3.406207e-02	1.025334e-02	3.400933e-02	6.544092e-02	6.824773e-03
5.250000e+00	2.975541e-02	9.551592e-03	2.978062e-02	5.814127e-02	5.051079e-03
5.300000e+00	2.227836e-02	8.668251e-03	2.234863e-02	5.178219e-02	-2.907480e-03
5.350000e+00	1.203335e-02	7.725724e-03	1.204401e-02	4.049629e-02	-1.193733e-02
5.400000e+00	-4.415830e-04	6.684062e-03	-5.319280e-04	2.502063e-02	-2.120908e-02
5.450000e+00	-1.402703e-02	5.515309e-03	-1.437641e-02	8.064509e-03	-2.973739e-02
5.500000e+00	-2.658546e-02	4.372498e-03	-2.716749e-02	-6.706036e-03	-3.782143e-02
5.550000e+00	-3.538642e-02	3.670083e-03	-3.580450e-02	-1.908357e-02	-4.490591e-02
5.600000e+00	-3.799701e-02	4.340796e-03	-3.793591e-02	-1.824080e-02	-5.327765e-02
5.650000e+00	-3.347470e-02	6.464989e-03	-3.329062e-02	-1.132452e-02	-5.251219e-02
5.700000e+00	-2.340185e-02	9.038681e-03	-2.336456e-02	1.703911e-03	-4.893528e-02
5.750000e+00	-1.138007e-02	1.121141e-02	-1.146643e-02	2.076601e-02	-4.825617e-02
5.800000e+00	-1.701227e-03	1.252499e-02	-1.873605e-03	3.533389e-02	-4.424050e-02
5.850000e+00	2.414904e-03	1.287235e-02	2.310037e-03	4.058573e-02	-4.014235e-02
5.900000e+00	1.030821e-04	1.245164e-02	3.001150e-07	3.907315e-02	-3.999491e-02
5.950000e+00	-7.064233e-03	1.146601e-02	-7.221180e-03	3.045978e-02	-4.262429e-02
6.000000e+00	-1.619420e-02	1.012803e-02	-1.649421e-02	2.430715e-02	-4.409761e-02
6.050000e+00	-2.444329e-02	8.769717e-03	-2.478927e-02	1.134849e-02	-4.986607e-02
6.100000e+00	-3.006068e-02	7.897523e-03	-3.001357e-02	-5.799650e-03	-5.296210e-02
6.150000e+00	-3.244366e-02	7.516900e-03	-3.208588e-02	-1.450945e-02	-5.327329e-02
6.200000e+00	-3.150795e-02	7.121534e-03	-3.110640e-02	-1.217961e-02	-5.429948e-02
6.250000e+00	-2.710725e-02	6.454235e-03	-2.694006e-02	-7.468620e-03	-5.265260e-02
6.300000e+00	-1.902128e-02	5.958578e-03	-1.938005e-02	-8.050683e-04	-4.179793e-02
6.350000e+00	-7.459553e-03	6.298750e-03	-7.782829e-03	1.235567e-02	-2.442273e-02
6.400000e+00	6.470308e-03	7.377811e-03	6.148133e-03	3.474745e-02	-1.359111e-02
6.450000e+00	2.088797e-02	8.673841e-03	2.056269e-02	5.496559e-02	-1.973211e-03
6.500000e+00	3.392044e-02	1.003615e-02	3.357951e-02	7.454006e-02	7.947093e-03
6.550000e+00	4.452715e-02	1.161410e-02	4.413403e-02	8.980862e-02	1.351026e-02
6.600000e+00	5.282547e-02	1.339286e-02	5.303484e-02	1.001203e-01	1.343071e-02
6.650000e+00	5.954287e-02	1.491872e-02	6.002117e-02	1.099531e-01	1.308120e-02
6.700000e+00	6.471532e-02	1.551349e-02	6.564855e-02	1.157839e-01	1.632410e-02
6.750000e+00	6.690740e-02	1.474276e-02	6.752109e-02	1.122293e-01	1.313473e-02
6.800000e+00	6.363119e-02	1.281366e-02	6.389551e-02	9.942809e-02	1.230998e-02
6.850000e+00	5.287419e-02	1.070920e-02	5.289025e-02	8.343908e-02	1.328351e-02
6.900000e+00	3.475556e-02	9.863932e-03	3.446634e-02	6.339622e-02	-1.172466e-03
6.950000e+00	1.209347e-02	1.093237e-02	1.202614e-02	4.277005e-02	-2.725436e-02
7.000000e+00	-1.066588e-02	1.304295e-02	-9.854932e-03	2.448241e-02	-5.215696e-02
7.050000e+00	-2.964981e-02	1.487254e-02	-2.826750e-02	9.128267e-03	-7.326797e-02
7.100000e+00	-4.293430e-02	1.541049e-02	-4.198488e-02	-4.414395e-03	-8.632193e-02
7.150000e+00	-5.135522e-02	1.438094e-02	-5.124964e-02	-1.278687e-02	-9.082199e-02
7.200000e+00	-5.676442e-02	1.256360e-02	-5.737892e-02	-1.942528e-02	-8.845475e-02
7.250000e+00	-6.001276e-02	1.131805e-02	-6.080053e-02	-2.393306e-02	-9.257401e-02
7.300000e+00	-6.005215e-02	1.099636e-02	-6.076999e-02	-2.320921e-02	-9.178926e-02
7.350000e+00	-5.497077e-02	1.066536e-02	-5.491890e-02	-2.149496e-02	-8.861055e-02
7.400000e+00	-4.426012e-02	9.869511e-03	-4.401510e-02	-1.735715e-02	-7.273533e-02
7.450000e+00	-3.050750e-02	9.187433e-03	-3.061574e-02	-8.805231e-03	-5.449558e-02
7.500000e+00	-1.890728e-02	9.363748e-03	-1.934699e-02	7.896229e-03	-4.651355e-02
7.550000e+00	-1.446986e-02	1.042694e-02	-1.495583e-02	1.831865e-02	-4.919556e-02
7.600000e+00	-1.852716e-02	1.180426e-02	-1.937721e-02	2.137559e-02	-5.395993e-02
7.650000e+00	-2.700334e-02	1.269912e-02	-2.767587e-02	1.212930e-02	-6.303589e-02
7.700000e+00	-3.210257e-02	1.269955e-02	-3.196631e-02	2.203190e-03	-7.210857e-02
7.750000e+00	-2.657116e-02	1.223065e-02	-2.623939e-02	8.334616e-03	-6.364768e-02
7.800000e+00	-8.028037e-03	1.217780e-02	-7.756465e-03	3.143491e-02	-4.395572e-02
7.850000e+00	1.941129e-02	1.271991e-02	1.933999e-02	6.059396e-02	-1.443544e-02
7.900000e+00	4.733840e-02	1.323082e-02	4.704931e-02	8.626869e-02	1.047560e-02
7.950000e+00	6.773089e-02	1.325513e-02	6.788749e-02	1.052795e-01	3.002701e-02
8.000000e+00	7.713029e-02	1.268067e-02	7.756684e-02	1.146249e-01	3.732591e-02
8.050000e+00	7.761137e-02	1.145125e-02	7.802638e-02	1.133113e-01	4.126713e-02
8.100000e+00	7.447385e-02	1.009497e-02	7.505657e-02	1.055274e-01	4.353076e-02
8.150000e+00	7.162506e-02	1.011876e-02	7.228062e-02	9.577575e-02	2.753722e-02
8.200000e+00	6.871088e-02	1.226940e-02	6.939818e-02	1.011393e-01	1.612654e-02
8.250000e+00	6.160625e-02	1.507471e-02	6.209008e-02	1.053915e-01	1.102824e-02
8.300000e+00	4.586814e-02	1.699876e-02	4.574285e-02	9.670854e-02	-1.073235e-02
8.350000e+00	2.064430e-02	1.749555e-02	2.009390e-02	7.391916e-02	-3.378444e-02
8.400000e+00	-9.747623e-03	1.682617e-02	-1.033428e-02	4.074523e-02	-5.486828e-02
8.450000e+00	-3.770427e-02	1.555468e-02	-3.875613e-02	1.762896e-02	-7.447182e-02
8.500000e+00	-5.642888e-02	1.398530e-02	-5.721834e-02	-9.021302e-03	-8.854798e-02
8.550000e+00	-6.345009e-02	1.208266e-02	-6.398170e-02	-2.723696e-02	-9.418504e-02
8.600000e+00	-6.162049e-02	9.950823e-03	-6.238945e-02	-2.964087e-02	-8.935423e-02
8.650000e+00	-5.663216e-02	8.064449e-03	-5.723975e-02	-2.641492e-02	-8.202839e-02
8.700000e+00	-5.317524e-02	6.913951e-03	-5.369721e-02	-2.733506e-02	-7.809859e-02
8.750000e+00	-5.235735e-02	6.951275e-03	-5.269994e-02	-2.670166e-02	-7.044796e-02
8.800000e+00	-5.185687e-02	8.444242e-03	-5.177486e-02	-2.122183e-02	-7.443653e-02
8.850000e+00	-4.833858e-02	1.050841e-02	-4.819907e-02	-1.509492e-02	-8.139629e-02
8.900000e+00	-4.018748e-02	1.180644e-02	-3.997580e-02	-6.057780e-03	-7.916722e-02
8.950000e+00	-2.862909e-02	1.180307e-02	-2.844913e-02	3.959038e-03	-6.739387e-02
9.000000e+00	-1.665718e-02	1.120310e-02	-1.686908e-02	1.482691e-02	-4.840493e-02
9.050000e+00	-6.698321e-03	1.139119e-02	-7.583637e-03	2.832060e-02	-4.090067e-02
9.100000e+00	7.415462e-04	1.273692e-02	-2.887770e-04	3.898623e-02	-3.719435e-02
9.150000e+00	7.333588e-03	1.423475e-02	6.528205e-03	4.725415e-02	-3.438329e-02
9.200000e+00	1.527343e-02	1.484425e-02	1.491374e-02	5.911495e-02	-3.218431e-02
9.250000e+00	2.554650e-02	1.419310e-02	2.609855e-02	6.147104e-02	-2.284923e-02
9.300000e+00	3.727315e-02	1.270671e-02	3.832275e-02	6.841887e-02	-5.237393e-03
9.350000e+00	4.841471e-02	1.128121e-02	4.945503e-02	7.410867e-02	9.443464e-03
9.400000e+00	5.706139e-02	1.034023e-02	5.770413e-02	8.433487e-02	1.957840e-02
9.450000e+00	6.221213e-02	9.689757e-03	6.272828e-02	8.548817e-02	2.526200e-02
9.500000e+00	6.356575e-02	9.787932e-03	6.433116e-02	9.062383e-02	3.200080e-02
9.550000e+00	6.080030e-02	1.133151e-02	6.156059e-02	9.128324e-02	2.179610e-02
9.600000e+00	5.310853e-02	1.338948e-02	5.306326e-02	8.613643e-02	9.453585e-03
9.650000e+00	3.996058e-02	1.461175e-02	4.005501e-02	7.694214e-02	-7.178688e-03
9.700000e+00	2.211896e-02	1.478246e-02	2.196742e-02	5.870697e-02	-2.427303e-02
9.750000e+00	2.187631e-03	1.457578e-02	1.817405e-03	3.985917e-02	-3.784768e-02
9.800000e+00	-1.611335e-02	1.433703e-02	-1.666089e-02	2.407043e-02	-5.233297e-02
9.850000e+00	-2.969055e-02	1.356523e-02	-3.024144e-02	1.190831e-02	-6.386768e-02
9.900000e+00	-3.767093e-02	1.176405e-02	-3.853292e-02	6.282165e-04	-6.885076e-02
9.950000e+00	-4.163851e-02	9.145365e-03	-4.193091e-02	-1.134213e-02	-6.585192e-02
1.000000e+01	-4.424151e-02	6.481017e-03	-4.428150e-02	-2.106115e-02	-6.315743e-02
1.005000e+01	-4.720820e-02	4.657028e-03	-4.712852e-02	-3.236159e-02	-6.126158e-02
1.010000e+01	-4.982495e-02	4.439405e-03	-5.011441e-02	-3.574205e-02	-6.226390e-02
1.015000e+01	-4.983805e-02	5.581250e-03	-5.014640e-02	-3.071475e-02	-6.460852e-02
1.020000e+01	-4.531816e-02	7.051139e-03	-4.544820e-02	-2.157990e-02	-6.630673e-02
1.025000e+01	-3.645117e-02	8.328090e-03	-3.680035e-02	-9.907428e-03	-6.096382e-02
1.030000e+01	-2.569888e-02	9.640876e-03	-2.653273e-02	4.698179e-03	-4.950303e-02
1.035000e+01	-1.611615e-02	1.127072e-02	-1.681772e-02	1.906322e-02	-4.506624e-02
1.040000e+01	-9.078863e-03	1.274026e-02	-9.351201e-03	2.704481e-02	-4.124201e-02
1.045000e+01	-3.226144e-03	1.327249e-02	-2.711363e-03	3.083187e-02	-4.262356e-02
1.050000e+01	4.426746e-03	1.268747e-02	5.266954e-03	3.538632e-02	-3.623663e-02
1.055000e+01	1.590296e-02	1.151459e-02	1.664442e-02	5.014257e-02	-2.746669e-02
1.060000e+01	3.012203e-02	1.035730e-02	3.058005e-02	6.631491e-02	-1.482207e-02
1.065000e+01	4.293069e-02	9.456028e-03	4.334731e-02	7.179255e-02	9.618115e-05
1.070000e+01	4.950888e-02	8.922420e-03	4.985576e-02	7.421835e-02	1.412569e-02
1.075000e+01	4.757280e-02	8.642969e-03	4.812034e-02	7.365610e-02	9.514724e-03
1.080000e+01	3.909241e-02	8.227888e-03	3.925790e-02	6.458088e-02	1.430447e-03
1.085000e+01	2.918897e-02	8.107931e-03	2.984382e-02	5.208623e-02	-8.206324e-03
1.090000e+01	2.284905e-02	9.499339e-03	2.309523e-02	5.417161e-02	-8.518319e-03
1.095000e+01	2.167740e-02	1.181581e-02	2.235023e-02	5.794635e-02	-2.148234e-02
1.100000e+01	2.294866e-02	1.325890e-02	2.327125e-02	6.463059e-02	-2.688490e-02
1.105000e+01	2.164664e-02	1.300832e-02	2.132401e-02	6.098101e-02	-2.399999e-02
1.110000e+01	1.399236e-02	1.153523e-02	1.348398e-02	4.905702e-02	-2.190028e-02
1.115000e+01	3.455693e-04	1.000081e-02	2.390564e-05	3.360446e-02	-2.916478e-02
1.120000e+01	-1.498360e-02	9.222730e-03	-1.536333e-02	2.212410e-02	-4.220262e-02
1.125000e+01	-2.655526e-02	9.142171e-03	-2.674183e-02	8.902474e-03	-5.524134e-02
1.130000e+01	-3.131385e-02	9.139655e-03	-3.142462e-02	-4.407688e-04	-5.837154e-02
1.135000e+01	-3.035372e-02	8.519383e-03	-3.051125e-02	1.885392e-03	-5.518729e-02
1.140000e+01	-2.778202e-02	7.026361e-03	-2.788115e-02	-1.252547e-03	-4.866073e-02
1.145000e+01	-2.758346e-02	5.524772e-03	-2.791100e-02	-9.760669e-03	-4.316422e-02
1.150000e+01	-3.074804e-02	6.076375e-03	-3.123986e-02	-8.138550e-03	-4.586442e-02
1.155000e+01	-3.464851e-02	8.523426e-03	-3.571151e-02	-4.727270e-03	-5.436819e-02
1.160000e+01	-3.500442e-02	1.090039e-02	-3.554281e-02	4.759247e-03	-6.257904e-02
1.165000e+01	-2.895966e-02	1.208924e-02	-2.914950e-02	1.275675e-02	-6.502350e-02
1.170000e+01	-1.710403e-02	1.177986e-02	-1.710170e-02	1.736646e-02	-5.495068e-02
1.175000e+01	-3.114909e-03	1.048250e-02	-2.755394e-03	2.355532e-02	-3.594585e-02
1.180000e+01	8.595226e-03	9.334837e-03	8.792721e-03	3.263517e-02	-2.120107e-02
1.185000e+01	1.551025e-02	9.025052e-03	1.558588e-02	4.405252e-02	-1.623521e-02
1.190000e+01	1.815283e-02	9.006937e-03	1.831286e-02	4.823116e-02	-1.475627e-02
1.195000e+01	1.913475e-02	8.668667e-03	1.945903e-02	4.459733e-02	-1.237247e-02
1.200000e+01	2.098607e-02	8.153920e-03	2.142337e-02	4.353852e-02	-7.864780e-03
1.205000e+01	2.440959e-02	7.792168e-03	2.481820e-02	4.602660e-02	-6.318635e-03
1.210000e+01	2.790541e-02	7.418755e-03	2.818664e-02	5.227763e-02	4.743414e-04
1.215000e+01	2.914697e-02	6.886140e-03	2.946960e-02	5.058041e-02	4.695439e-03
1.220000e+01	2.664046e-02	6.680711e-03	2.686180e-02	4.582819e-02	-5.917211e-04
1.225000e+01	2.065937e-02	7.306286e-03	2.063488e-02	4.137456e-02	-3.310199e-03
1.230000e+01	1.290904e-02	8.188672e-03	1.249532e-02	3.979187e-02	-1.010524e-02
1.235000e+01	5.381122e-03	8.499437e-03	5.091704e-03	3.230313e-02	-1.983371e-02
1.240000e+01	-6.706460e-04	8.287473e-03	-3.787745e-04	2.357088e-02	-3.024039e-02
1.245000e+01	-4.989863e-03	8.314399e-03	-4.587176e-03	1.925940e-02	-3.491024e-02
1.250000e+01	-7.878923e-03	8.722486e-03	-7.863333e-03	1.588297e-02	-3.356120e-02
1.255000e+01	-9.645417e-03	8.700554e-03	-1.026673e-02	1.378573e-02	-3.073505e-02
1.260000e+01	-1.045528e-02	7.840450e-03	-1.120959e-02	1.223727e-02	-2.875363e-02
1.265000e+01	-1.060873e-02	6.765872e-03	-1.114754e-02	1.497346e-02	-2.944001e-02
1.270000e+01	-1.079651e-02	6.319131e-03	-1.084451e-02	1.254562e-02	-3.236167e-02
1.275000e+01	-1.189785e-02	6.361957e-03	-1.182133e-02	1.096448e-02	-3.098402e-02
1.280000e+01	-1.433580e-02	6.497153e-03	-1.456810e-02	1.245120e-02	-3.101951e-02
1.285000e+01	-1.749713e-02	6.914142e-03	-1.795767e-02	8.961526e-03	-3.821329e-02
1.290000e+01	-1.979431e-02	7.636155e-03	-2.028721e-02	3.751757e-03	-4.000795e-02
1.295000e+01	-1.949490e-02	8.265103e-03	-1.978358e-02	4.071197e-03	-4.339720e-02
1.300000e+01	-1.581551e-02	8.594035e-03	-1.576542e-02	1.060458e-02	-4.135407e-02
1.305000e+01	-9.495483e-03	8.641341e-03	-8.894647e-03	1.495995e-02	-3.346603e-02
1.310000e+01	-2.400959e-03	8.279086e-03	-1.807148e-03	2.123176e-02	-2.832546e-02
1.315000e+01	3.624336e-03	7.365147e-03	4.054916e-03	2.592875e-02	-2.219523e-02
1.320000e+01	7.793654e-03	6.148958e-03	8.087965e-03	2.637068e-02	-1.401362e-02
1.325000e+01	1.057784e-02	5.448867e-03	1.064398e-02	2.598493e-02	-1.078107e-02
1.330000e+01	1.295817e-02	6.008597e-03	1.313183e-02	3.419192e-02	-7.834320e-03
1.335000e+01	1.535991e-02	7.403956e-03	1.557918e-02	3.821741e-02	-1.417537e-02
1.340000e+01	1.714450e-02	8.681682e-03	1.763036e-02	4.160604e-02	-1.799515e-02
1.345000e+01	1.709202e-02	9.128071e-03	1.756352e-02	4.616964e-02	-1.912796e-02
1.350000e+01	1.450074e-02	8.451427e-03	1.480595e-02	4.363836e-02	-1.819643e-02
1.355000e+01	1.000144e-02	6.984777e-03	1.019016e-02	3.197904e-02	-1.840874e-02
1.360000e+01	5.363694e-03	5.748199e-03	5.606837e-03	2.290714e-02	-1.970051e-02
1.365000e+01	2.346416e-03	5.620428e-03	2.442339e-03	2.160840e-02	-1.648585e-02
1.370000e+01	1.425461e-03	5.998358e-03	1.441604e-03	2.300572e-02	-1.799256e-02
1.375000e+01	1.398785e-03	5.989295e-03	1.327961e-03	2.204488e-02	-2.092486e-02
1.380000e+01	2.592336e-04	5.580027e-03	1.300635e-04	1.822510e-02	-2.101466e-02
1.385000e+01	-3.229593e-03	5.220254e-03	-3.310294e-03	1.390171e-02	-2.128067e-02
1.390000e+01	-8.400083e-03	5.119301e-03	-8.310989e-03	1.042170e-02	-2.352538e-02
1.395000e+01	-1.288133e-02	5.202000e-03	-1.286009e-02	7.256513e-03	-2.860246e-02
1.400000e+01	-1.408914e-02	5.497438e-03	-1.419483e-02	8.641447e-03	-2.923960e-02
1.405000e+01	-1.105003e-02	6.055638e-03	-1.140951e-02	1.548204e-02	-2.506987e-02
1.410000e+01	-5.136599e-03	6.722727e-03	-5.386742e-03	2.258680e-02	-2.188177e-02
1.415000e+01	6.059256e-04	7.291305e-03	3.941272e-04	2.450624e-02	-1.725508e-02
1.420000e+01	3.313552e-03	7.552202e-03	3.212271e-03	2.752104e-02	-1.580498e-02
1.425000e+01	2.035850e-03	7.338890e-03	2.026206e-03	2.306842e-02	-1.752240e-02
1.430000e+01	-1.796682e-03	6.676619e-03	-1.370778e-03	1.754247e-02	-2.128029e-02
1.435000e+01	-5.433663e-03	5.804055e-03	-4.874917e-03	9.084936e-03	-2.622367e-02
1.440000e+01	-6.613105e-03	4.952236e-03	-6.332921e-03	7.009572e-03	-2.492586e-02
1.445000e+01	-4.871247e-03	4.297478e-03	-4.850740e-03	7.399844e-03	-2.119540e-02
1.450000e+01	-1.528712e-03	4.201297e-03	-1.614952e-03	1.158598e-02	-1.548885e-02
1.455000e+01	1.501832e-03	4.733315e-03	1.649303e-03	1.477428e-02	-1.457616e-02
1.460000e+01	3.133894e-03	5.267842e-03	3.141487e-03	1.817273e-02	-1.278905e-02
1.465000e+01	3.718120e-03	5.386717e-03	3.763189e-03	2.204302e-02	-1.222761e-02
1.470000e+01	4.475715e-03	5.329921e-03	4.598291e-03	2.109579e-02	-1.117539e-02
1.475000e+01	6.272472e-03	5.510751e-03	6.562188e-03	2.292806e-02	-1.105602e-02
1.480000e+01	8.712089e-03	5.897831e-03	8.837579e-03	2.805082e-02	-9.578387e-03
1.485000e+01	1.024939e-02	6.289464e-03	1.031474e-02	2.911554e-02	-9.491095e-03
1.490000e+01	9.245715e-03	6.617184e-03	9.175696e-03	2.977463e-02	-1.261957e-02
1.495000e+01	5.197115e-03	6.656296e-03	5.081815e-03	2.673040e-02	-1.547144e-02
1.500000e+01	-7.464561e-04	6.054944e-03	-9.800844e-04	2.059104e-02	-1.828586e-02
1.505000e+01	-6.381629e-03	4.896750e-03	-6.776222e-03	1.142972e-02	-2.138807e-02
1.510000e+01	-9.581785e-03	4.066777e-03	-9.719070e-03	5.590706e-03	-2.101341e-02
1.515000e+01	-9.446904e-03	4.440690e-03	-9.503224e-03	6.406672e-03	-2.618403e-02
1.520000e+01	-6.647950e-03	5.204196e-03	-6.789839e-03	1.317587e-02	-2.444871e-02
1.525000e+01	-2.846374e-03	5.468147e-03	-3.017227e-03	1.956995e-02	-2.175255e-02
1.530000e+01	3.189933e-04	5.260669e-03	5.971692e-05	2.110196e-02	-1.630238e-02
1.535000e+01	2.007046e-03	5.047767e-03	1.628989e-03	1.818749e-02	-1.087844e-02
1.540000e+01	2.316208e-03	5.064703e-03	1.957062e-03	2.008862e-02	-1.054099e-02
1.545000e+01	1.880439e-03	5.162839e-03	1.845033e-03	2.286547e-02	-1.182326e-02
1.550000e+01	1.329075e-03	5.233777e-03	1.563378e-03	2.190344e-02	-1.507848e-02
1.555000e+01	9.874257e-04	5.290096e-03	1.406519e-03	1.737105e-02	-1.598150e-02
1.560000e+01	9.057529e-04	5.214586e-03	1.318011e-03	1.701888e-02	-1.543990e-02
1.565000e+01	1.031295e-03	4.801591e-03	1.308877e-03	1.606273e-02	-1.584118e-02
1.570000e+01	1.293312e-03	4.044904e-03	1.441509e-03	1.248742e-02	-1.287940e-02
1.575000e+01	1.544913e-03	3.250204e-03	1.493655e-03	1.159522e-02	-9.337397e-03
1.580000e+01	1.502646e-03	2.857197e-03	1.419127e-03	1.042724e-02	-9.154569e-03
1.585000e+01	8.505315e-04	3.063348e-03	1.012495e-03	9.814888e-03	-1.018731e-02
1.590000e+01	-4.945771e-04	3.693923e-03	-2.752023e-04	9.902832e-03	-1.368414e-02
1.595000e+01	-2.162272e-03	4.436297e-03	-1.906822e-03	1.079514e-02	-1.855874e-02
1.600000e+01	-3.393424e-03	4.989695e-03	-3.161654e-03	1.058155e-02	-1.992073e-02
1.605000e+01	-3.436954e-03	5.218531e-03	-3.258765e-03	1.254668e-02	-1.857276e-02
1.610000e+01	-2.016301e-03	5.158553e-03	-2.003436e-03	1.444059e-02	-1.873120e-02
1.615000e+01	3.307317e-04	4.914000e-03	2.973099e-04	1.569672e-02	-1.664279e-02
1.620000e+01	2.506776e-03	4.534964e-03	2.493531e-03	1.649434e-02	-1.262511e-02
1.625000e+01	3.447787e-03	4.074909e-03	3.461400e-03	1.622066e-02	-9.488473e-03
1.630000e+01	2.706893e-03	3.656702e-03	2.786656e-03	1.387084e-02	-1.066889e-02
1.635000e+01	6.487864e-04	3.365795e-03	7.273932e-04	1.145884e-02	-1.007336e-02
1.640000e+01	-1.847584e-03	3.175250e-03	-1.767928e-03	9.046611e-03	-1.341144e-02
1.645000e+01	-3.931636e-03	3.063773e-03	-4.034650e-03	5.151059e-03	-1.458755e-02
1.650000e+01	-5.169418e-03	3.072410e-03	-5.314360e-03	5.301547e-03	-1.484444e-02
1.655000e+01	-5.534269e-03	3.267432e-03	-5.699076e-03	4.595391e-03	-1.554212e-02
1.660000e+01	-5.094140e-03	3.726087e-03	-5.158833e-03	9.924770e-03	-1.762414e-02
1.665000e+01	-3.736149e-03	4.377932e-03	-3.762667e-03	1.283681e-02	-1.806642e-02
1.670000e+01	-1.223721e-03	4.923179e-03	-1.344200e-03	1.582084e-02	-1.625146e-02
1.675000e+01	2.422275e-03	5.078901e-03	2.396207e-03	1.913859e-02	-1.397578e-02
1.680000e+01	6.544734e-03	4.829316e-03	6.752022e-03	2.049799e-02	-1.006115e-02
1.685000e+01	9.864867e-03	4.409808e-03	1.012988e-02	2.285638e-02	-3.570052e-03
1.690000e+01	1.101777e-02	4.038059e-03	1.125524e-02	2.214887e-02	-2.029987e-03
1.695000e+01	9.330146e-03	3.756225e-03	9.486436e-03	2.120331e-02	-2.785340e-03
1.700000e+01	5.322608e-03	3.619941e-03	5.454103e-03	1.712188e-02	-4.882672e-03
1.705000e+01	5.571966e-04	3.689230e-03	5.776844e-04	1.141712e-02	-1.298003e-02
1.710000e+01	-3.167880e-03	3.796411e-03	-3.213582e-03	8.485674e-03	-1.737570e-02
1.715000e+01	-4.746232e-03	3.696806e-03	-4.678999e-03	6.850176e-03	-1.731160e-02
1.720000e+01	-4.282006e-03	3.480295e-03	-4.139900e-03	6.653245e-03	-1.605254e-02
1.725000e+01	-2.860186e-03	3.478293e-03	-2.654130e-03	8.199278e-03	-1.707760e-02
1.730000e+01	-1.758375e-03	3.735400e-03	-1.668359e-03	9.411564e-03	-1.644687e-02
1.735000e+01	-1.646145e-03	4.001263e-03	-1.667609e-03	1.230665e-02	-1.350077e-02
1.740000e+01	-2.292293e-03	4.152670e-03	-2.292488e-03	1.129727e-02	-1.349581e-02
1.745000e+01	-2.918422e-03	4.179314e-03	-3.091361e-03	1.133401e-02	-1.491511e-02
1.750000e+01	-2.881775e-03	4.038621e-03	-3.163357e-03	1.170207e-02	-1.473872e-02
1.755000e+01	-2.166401e-03	3.758243e-03	-2.320400e-03	1.109690e-02	-1.242222e-02
1.760000e+01	-1.341688e-03	3.508197e-03	-1.393489e-03	1.168229e-02	-1.133710e-02
1.765000e+01	-1.061342e-03	3.386677e-03	-9.745435e-04	1.067588e-02	-1.060408e-02
1.770000e+01	-1.512108e-03	3.332040e-03	-1.548570e-03	1.104147e-02	-1.093189e-02
1.775000e+01	-2.238704e-03	3.368740e-03	-2.377351e-03	9.541907e-03	-1.102382e-02
1.780000e+01	-2.472051e-03	3.541620e-03	-2.667669e-03	7.961195e-03	-1.436839e-02
1.785000e+01	-1.705806e-03	3.640766e-03	-1.920585e-03	9.119799e-03	-1.415847e-02
1.790000e+01	-8.591543e-05	3.438636e-03	-1.778046e-04	1.005160e-02	-1.088653e-02
1.795000e+01	1.675504e-03	3.071664e-03	1.607682e-03	1.018832e-02	-7.663894e-03
1.800000e+01	2.796242e-03	2.939677e-03	2.755405e-03	1.254402e-02	-6.153621e-03
1.805000e+01	2.986616e-03	3.074420e-03	2.942899e-03	1.250652e-02	-5.911543e-03
1.810000e+01	2.577134e-03	3.145646e-03	2.556052e-03	1.265231e-02	-7.407431e-03
1.815000e+01	2.330417e-03	3.081887e-03	2.369597e-03	1.253742e-02	-7.196909e-03
1.820000e+01	2.861128e-03	3.077625e-03	2.966921e-03	1.184644e-02	-6.837117e-03
1.825000e+01	4.183087e-03	3.179250e-03	4.311809e-03	1.335833e-02	-6.856945e-03
1.830000e+01	5.657546e-03	3.238913e-03	5.745273e-03	1.463443e-02	-5.715714e-03
1.835000e+01	6.359167e-03	3.234240e-03	6.356084e-03	1.587509e-02	-3.725262e-03
1.840000e+01	5.606246e-03	3.307259e-03	5.738547e-03	1.570814e-02	-4.434133e-03
1.845000e+01	3.324551e-03	3.516325e-03	3.322636e-03	1.495857e-02	-7.158131e-03
1.850000e+01	5.820417e-05	3.739071e-03	2.283684e-04	1.220325e-02	-1.158206e-02
1.855000e+01	-3.320032e-03	3.830898e-03	-2.973144e-03	6.869261e-03	-1.536389e-02
1.860000e+01	-5.985610e-03	3.750773e-03	-5.799410e-03	5.083112e-03	-1.767120e-02
1.865000e+01	-7.420498e-03	3.580408e-03	-7.279188e-03	2.698988e-03	-1.770102e-02
1.870000e+01	-7.480306e-03	3.455077e-03	-7.356196e-03	2.799968e-03	-1.885984e-02
1.875000e+01	-6.332282e-03	3.414666e-03	-6.384768e-03	4.089934e-03	-1.746412e-02
1.880000e+01	-4.364775e-03	3.361582e-03	-4.542776e-03	7.246018e-03	-1.399496e-02
1.885000e+01	-2.110759e-03	3.221030e-03	-2.253153e-03	8.625644e-03	-1.035431e-02
1.890000e+01	-1.543404e-04	3.053150e-03	-1.809885e-04	9.184284e-03	-8.620301e-03
1.895000e+01	1.018900e-03	2.959866e-03	9.914366e-04	1.005145e-02	-7.856598e-03
1.900000e+01	1.200573e-03	2.941682e-03	1.061978e-03	1.020416e-02	-7.536389e-03
1.905000e+01	5.548909e-04	2.935448e-03	4.443672e-04	1.078683e-02	-7.300460e-03
1.910000e+01	-4.031104e-04	2.926564e-03	-4.564130e-04	9.693588e-03	-8.610784e-03
1.915000e+01	-1.068597e-03	2.910642e-03	-1.036358e-03	9.439708e-03	-1.109915e-02
1.920000e+01	-1.032324e-03	2.845844e-03	-9.272437e-04	1.020878e-02	-1.073023e-02
1.925000e+01	-2.552956e-04	2.709542e-03	-1.264896e-04	9.702539e-03	-1.006818e-02
1.930000e+01	9.727204e-04	2.552244e-03	1.040247e-03	8.962831e-03	-8.713700e-03
1.935000e+01	2.246565e-03	2.433959e-03	2.304055e-03	1.051515e-02	-6.756928e-03
1.940000e+01	3.273883e-03	2.328467e-03	3.257745e-03	1.084839e-02	-4.270074e-03
1.945000e+01	3.966065e-03	2.164641e-03	3.937820e-03	1.109265e-02	-2.512040e-03
1.950000e+01	4.357340e-03	1.958936e-03	4.337881e-03	1.030845e-02	-1.093273e-03
1.955000e+01	4.453870e-03	1.862781e-03	4.442604e-03	1.052922e-02	-1.050558e-03
1.960000e+01	4.161798e-03	2.010512e-03	4.229191e-03	9.836122e-03	-3.412993e-03
1.965000e+01	3.364722e-03	2.333765e-03	3.391743e-03	9.439329e-03	-5.395056e-03
1.970000e+01	2.082535e-03	2.675964e-03	2.127716e-03	9.490546e-03	-7.429111e-03
1.975000e+01	5.605980e-04	2.922410e-03	6.045406e-04	1.006150e-02	-9.257001e-03
1.980000e+01	-8.165442e-04	3.002012e-03	-8.293435e-04	9.422558e-03	-9.481468e-03
1.985000e+01	-1.750364e-03	2.911086e-03	-1.749355e-03	7.540140e-03	-1.010975e-02
1.990000e+01	-2.229374e-03	2.749294e-03	-2.340880e-03	5.886108e-03	-9.789128e-03
1.995000e+01	-2.538904e-03	2.642995e-03	-2.676269e-03	6.202380e-03	-9.428903e-03
2.000000e+01	-3.044919e-03	2.592585e-03	-3.246678e-03	5.061623e-03	-1.050228e-02
