# k	<chi>	std	chi_median	chi_max	chi_min
0.000000e+00	-7.402427e-02	1.481903e-01	0.000000e+00	4.581019e-01	-4.271792e-01
5.000000e-02	-1.439312e-01	1.734535e-01	-1.769966e-01	4.747333e-01	-4.277228e-01
1.000000e-01	-1.467446e-01	1.676221e-01	-1.753281e-01	4.593278e-01	-4.266120e-01
1.500000e-01	-1.558867e-01	1.509040e-01	-1.707821e-01	4.112556e-01	-4.229743e-01
2.000000e-01	-1.657997e-01	1.356636e-01	-1.669006e-01	3.608123e-01	-4.188760e-01
2.500000e-01	-1.839895e-01	1.150382e-01	-1.781834e-01	2.723721e-01	-4.202571e-01
3.000000e-01	-2.036278e-01	1.029864e-01	-1.900391e-01	1.796630e-01	-4.820263e-01
3.500000e-01	-2.323504e-01	1.039460e-01	-2.140926e-01	4.734904e-02	-5.690268e-01
4.000000e-01	-2.618601e-01	1.223230e-01	-2.315982e-01	-7.797118e-02	-6.486961e-01
4.500000e-01	-2.977391e-01	1.563735e-01	-2.352711e-01	-6.591386e-02	-7.350344e-01
5.000000e-01	-3.312306e-01	1.925109e-01	-2.485838e-01	-4.117485e-02	-8.054281e-01
5.500000e-01	-3.643529e-01	2.304776e-01	-2.578461e-01	-2.025028e-02	-8.640077e-01
6.000000e-01	-3.895906e-01	2.603852e-01	-2.713497e-01	-7.027243e-03	-8.994552e-01
6.500000e-01	-4.055723e-01	2.820151e-01	-2.910649e-01	1.972455e-03	-9.568767e-01
7.000000e-01	-4.080314e-01	2.908203e-01	-3.013412e-01	9.747762e-03	-1.000961e+00
7.500000e-01	-3.939308e-01	2.855771e-01	-2.964871e-01	1.351389e-02	-1.001568e+00
8.000000e-01	-3.644049e-01	2.674546e-01	-2.853290e-01	1.322226e-02	-9.505490e-01
8.500000e-01	-3.174071e-01	2.355868e-01	-2.639871e-01	2.896817e-02	-8.437953e-01
9.000000e-01	-2.604970e-01	1.957959e-01	-2.344335e-01	3.824802e-02	-6.998279e-01
9.500000e-01	-1.947401e-01	1.484023e-01	-1.865900e-01	5.808626e-02	-5.220113e-01
1.000000e+00	-1.320961e-01	1.015592e-01	-1.339376e-01	6.595152e-02	-3.584190e-01
1.050000e+00	-7.617138e-02	5.812195e-02	-7.671160e-02	5.519932e-02	-2.120266e-01
1.100000e+00	-3.749799e-02	3.368189e-02	-3.980742e-02	6.299731e-02	-1.212331e-01
1.150000e+00	-1.880988e-02	4.323118e-02	-2.121872e-02	1.063261e-01	-1.269566e-01
1.200000e+00	-2.235353e-02	6.148259e-02	-2.380264e-02	1.178017e-01	-1.546568e-01
1.250000e+00	-4.602969e-02	7.444517e-02	-4.166148e-02	1.022490e-01	-1.867006e-01
1.300000e+00	-8.144489e-02	7.991310e-02	-7.312178e-02	6.472207e-02	-2.362804e-01
1.350000e+00	-1.214846e-01	7.943272e-02	-1.080780e-01	2.752172e-02	-2.815040e-01
1.400000e+00	-1.527447e-01	7.507854e-02	-1.410806e-01	-8.534835e-03	-3.045146e-01
1.450000e+00	-1.682985e-01	6.893559e-02	-1.627301e-01	-3.703835e-02	-3.051733e-01
1.500000e+00	-1.601913e-01	6.277707e-02	-1.665005e-01	-4.388011e-02	-2.744156e-01
1.550000e+00	-1.281857e-01	5.744094e-02	-1.376513e-01	-1.234939e-02	-2.241313e-01
1.600000e+00	-7.660211e-02	5.288383e-02	-8.506329e-02	3.898091e-02	-1.573333e-01
1.650000e+00	-1.274983e-02	4.895113e-02	-2.661438e-02	9.179125e-02	-9.835363e-02
1.700000e+00	5.033892e-02	4.468179e-02	3.632419e-02	1.331203e-01	-4.109266e-02
1.750000e+00	1.044421e-01	4.025351e-02	9.571940e-02	1.792969e-01	1.457154e-02
1.800000e+00	1.388950e-01	3.546977e-02	1.380869e-01	2.141559e-01	5.903867e-02
1.850000e+00	1.527825e-01	3.213379e-02	1.626812e-01	2.288932e-01	7.468786e-02
1.900000e+00	1.453588e-01	3.132658e-02	1.494139e-01	2.107020e-01	6.876247e-02
1.950000e+00	1.241106e-01	3.337295e-02	1.168291e-01	2.071727e-01	5.297253e-02
2.000000e+00	9.526057e-02	3.537857e-02	8.308684e-02	1.891692e-01	3.432023e-02
2.050000e+00	6.802255e-02	3.566301e-02	5.773383e-02	1.631488e-01	1.778490e-02
2.100000e+00	4.698230e-02	3.181234e-02	3.865388e-02	1.302097e-01	-4.345140e-03
2.150000e+00	3.451658e-02	2.453128e-02	3.105642e-02	9.622875e-02	-1.239637e-02
2.200000e+00	2.932556e-02	1.591546e-02	3.117306e-02	6.672288e-02	-5.699210e-03
2.250000e+00	2.880587e-02	9.096688e-03	2.931593e-02	4.949336e-02	6.629696e-03
2.300000e+00	2.733123e-02	7.228742e-03	2.766585e-02	4.189468e-02	8.145555e-03
2.350000e+00	2.255296e-02	7.926827e-03	2.423574e-02	3.822095e-02	1.850402e-03
2.400000e+00	1.451710e-02	7.781371e-03	1.606666e-02	3.040070e-02	-3.827367e-03
2.450000e+00	7.412078e-03	7.787276e-03	8.733541e-03	2.451129e-02	-1.371813e-02
2.500000e+00	1.348953e-04	7.877317e-03	5.607250e-04	1.804615e-02	-2.159492e-02
2.550000e+00	-6.162157e-03	8.412574e-03	-7.037742e-03	1.197705e-02	-2.717040e-02
2.600000e+00	-1.051379e-02	9.214373e-03	-1.310546e-02	7.167539e-03	-3.022387e-02
2.650000e+00	-1.395109e-02	1.009039e-02	-1.758292e-02	4.672335e-03	-3.255450e-02
2.700000e+00	-1.522528e-02	1.066110e-02	-1.835328e-02	4.674106e-03	-3.235016e-02
2.750000e+00	-1.444846e-02	1.076013e-02	-1.735031e-02	5.672448e-03	-3.120362e-02
2.800000e+00	-1.209340e-02	1.032022e-02	-1.446391e-02	7.655718e-03	-2.995404e-02
2.850000e+00	-9.572322e-03	9.499965e-03	-1.076043e-02	8.942347e-03	-2.720299e-02
2.900000e+00	-6.586276e-03	8.260419e-03	-6.085241e-03	8.805131e-03	-2.252825e-02
2.950000e+00	-3.860399e-03	6.956505e-03	-2.156294e-03	7.584240e-03	-1.786028e-02
3.000000e+00	-1.918270e-03	6.086633e-03	2.280315e-04	8.145347e-03	-1.485051e-02
3.050000e+00	-1.217362e-03	5.813121e-03	-1.181141e-03	1.123940e-02	-1.249721e-02
3.100000e+00	-1.416079e-03	6.142428e-03	-3.549880e-03	1.217012e-02	-1.141111e-02
3.150000e+00	-2.189453e-03	6.371214e-03	-4.453932e-03	1.249672e-02	-1.200685e-02
3.200000e+00	-3.066272e-03	6.037430e-03	-4.435396e-03	1.067618e-02	-1.420967e-02
3.250000e+00	-3.578453e-03	5.416656e-03	-3.279281e-03	6.982940e-03	-1.465315e-02
3.300000e+00	-3.099989e-03	5.072193e-03	-1.330549e-03	7.885749e-03	-1.306065e-02
3.350000e+00	-1.530736e-03	5.761008e-03	-3.262408e-03	1.246036e-02	-1.099524e-02
3.400000e+00	8.947346e-04	7.213522e-03	-1.986285e-03	1.691950e-02	-7.921968e-03
3.450000e+00	3.904881e-03	8.646250e-03	1.795272e-03	2.101356e-02	-9.316030e-03
3.500000e+00	6.704594e-03	9.154498e-03	6.197071e-03	2.365633e-02	-9.442739e-03
3.550000e+00	8.644317e-03	8.530540e-03	1.022773e-02	2.393187e-02	-7.958836e-03
3.600000e+00	9.285909e-03	7.018213e-03	1.166774e-02	2.080951e-02	-5.460094e-03
3.650000e+00	8.649366e-03	5.300541e-03	9.889115e-03	1.602351e-02	-3.133309e-03
3.700000e+00	6.671135e-03	4.908547e-03	5.779777e-03	1.590249e-02	-2.835820e-03
3.750000e+00	3.779107e-03	6.103612e-03	3.995295e-03	1.495539e-02	-9.299872e-03
3.800000e+00	5.165299e-04	7.342890e-03	2.522704e-03	1.268703e-02	-1.488292e-02
3.850000e+00	-2.557608e-03	7.811401e-03	1.121993e-04	9.623447e-03	-1.883824e-02
3.900000e+00	-5.233354e-03	7.164443e-03	-3.207083e-03	7.011127e-03	-2.056226e-02
3.950000e+00	-7.275139e-03	5.657698e-03	-6.025688e-03	3.813086e-03	-2.029966e-02
4.000000e+00	-8.605103e-03	4.034347e-03	-8.534376e-03	1.039084e-03	-1.912534e-02
4.050000e+00	-9.400699e-03	3.573761e-03	-9.395973e-03	-1.203041e-03	-2.044168e-02
4.100000e+00	-9.721132e-03	4.462041e-03	-9.617975e-03	-1.884020e-04	-1.980768e-02
4.150000e+00	-9.566666e-03	5.554189e-03	-9.852558e-03	2.998074e-03	-2.214524e-02
4.200000e+00	-8.937342e-03	6.257305e-03	-9.844294e-03	5.947451e-03	-2.293346e-02
4.250000e+00	-8.163046e-03	6.488078e-03	-9.375494e-03	8.885352e-03	-2.182384e-02
4.300000e+00	-7.035545e-03	6.540587e-03	-8.485352e-03	1.065364e-02	-1.986257e-02
4.350000e+00	-5.612752e-03	6.614806e-03	-7.302475e-03	1.149714e-02	-1.802438e-02
4.400000e+00	-3.978230e-03	6.725958e-03	-5.209126e-03	1.217775e-02	-1.770742e-02
4.450000e+00	-2.376425e-03	6.773603e-03	-3.237303e-03	1.367629e-02	-1.718759e-02
4.500000e+00	-6.397219e-04	6.622767e-03	-7.762272e-04	1.513391e-02	-1.489454e-02
4.550000e+00	1.339151e-03	6.346354e-03	1.413131e-03	1.648529e-02	-1.134029e-02
4.600000e+00	3.737778e-03	6.323485e-03	4.054384e-03	1.679389e-02	-1.160710e-02
4.650000e+00	6.574248e-03	7.003972e-03	6.800837e-03	2.142775e-02	-1.067342e-02
4.700000e+00	1.008848e-02	8.385862e-03	1.018727e-02	2.939308e-02	-7.811935e-03
4.750000e+00	1.415623e-02	9.963477e-03	1.245659e-02	3.826826e-02	-5.613183e-03
4.800000e+00	1.837451e-02	1.114312e-02	1.474071e-02	4.572787e-02	-1.406241e-03
4.850000e+00	2.206634e-02	1.155630e-02	1.762553e-02	4.961481e-02	3.968069e-03
4.900000e+00	2.460332e-02	1.106160e-02	2.153412e-02	5.120901e-02	7.009427e-03
4.950000e+00	2.529212e-02	9.915425e-03	2.392082e-02	4.993370e-02	4.882490e-03
5.000000e+00	2.369093e-02	8.827496e-03	2.335903e-02	4.385571e-02	2.542611e-03
5.050000e+00	1.980736e-02	8.729357e-03	1.985346e-02	3.937792e-02	-1.488852e-04
5.100000e+00	1.403989e-02	9.855473e-03	1.425242e-02	3.665462e-02	-8.019164e-03
5.150000e+00	7.137298e-03	1.153601e-02	7.059729e-03	3.162257e-02	-2.089602e-02
5.200000e+00	1.948965e-05	1.309621e-02	-4.146744e-04	2.804544e-02	-3.232111e-02
5.250000e+00	-6.443601e-03	1.424785e-02	-7.780094e-03	2.550289e-02	-4.072614e-02
5.300000e+00	-1.170894e-02	1.504603e-02	-1.363168e-02	2.133967e-02	-4.544187e-02
5.350000e+00	-1.562808e-02	1.557877e-02	-1.837785e-02	1.530362e-02	-4.664610e-02
5.400000e+00	-1.844176e-02	1.578635e-02	-2.190878e-02	9.142808e-03	-4.685625e-02
5.450000e+00	-2.055437e-02	1.537058e-02	-2.482898e-02	1.146901e-02	-4.752257e-02
5.500000e+00	-2.250331e-02	1.418374e-02	-2.536442e-02	1.141904e-02	-4.978927e-02
5.550000e+00	-2.457550e-02	1.226923e-02	-2.624216e-02	7.895117e-03	-4.998254e-02
5.600000e+00	-2.669711e-02	1.023743e-02	-2.688530e-02	1.047542e-03	-5.117539e-02
5.650000e+00	-2.830567e-02	9.459707e-03	-2.781938e-02	-8.412912e-03	-5.508489e-02
5.700000e+00	-2.881084e-02	1.105243e-02	-2.749406e-02	-5.103650e-03	-6.394049e-02
5.750000e+00	-2.750256e-02	1.410262e-02	-2.629179e-02	7.060901e-04	-6.855392e-02
5.800000e+00	-2.389048e-02	1.721922e-02	-2.272233e-02	8.368046e-03	-6.754111e-02
5.850000e+00	-1.779297e-02	1.955395e-02	-1.672134e-02	1.943100e-02	-6.041739e-02
5.900000e+00	-9.726583e-03	2.084922e-02	-7.747269e-03	2.997998e-02	-4.808733e-02
5.950000e+00	-4.850156e-04	2.113469e-02	-7.932096e-06	3.906718e-02	-3.629267e-02
6.000000e+00	8.929058e-03	2.062460e-02	9.511970e-03	4.577973e-02	-2.668855e-02
6.050000e+00	1.752053e-02	1.946791e-02	1.894765e-02	4.916755e-02	-1.733263e-02
6.100000e+00	2.443277e-02	1.789401e-02	2.714512e-02	5.413480e-02	-9.021703e-03
6.150000e+00	2.922890e-02	1.591199e-02	3.229709e-02	5.415738e-02	-6.004267e-03
6.200000e+00	3.180645e-02	1.358274e-02	3.542726e-02	5.277427e-02	-4.880496e-03
6.250000e+00	3.230910e-02	1.146719e-02	3.494116e-02	5.443370e-02	-3.531677e-03
6.300000e+00	3.100138e-02	1.105190e-02	3.062428e-02	6.093422e-02	-2.421320e-04
6.350000e+00	2.816105e-02	1.340394e-02	2.787371e-02	6.439276e-02	9.764314e-04
6.400000e+00	2.402774e-02	1.731239e-02	2.443475e-02	6.473579e-02	-1.006653e-02
6.450000e+00	1.881663e-02	2.095117e-02	2.015973e-02	6.162098e-02	-2.025588e-02
6.500000e+00	1.277521e-02	2.304498e-02	1.582790e-02	5.450717e-02	-2.843050e-02
6.550000e+00	6.187792e-03	2.285075e-02	1.019392e-02	4.820328e-02	-3.479955e-02
6.600000e+00	-4.130823e-04	2.042710e-02	3.007109e-03	3.932442e-02	-3.848902e-02
6.650000e+00	-6.497123e-03	1.648824e-02	-7.176867e-03	2.680277e-02	-3.888517e-02
6.700000e+00	-1.155483e-02	1.248245e-02	-1.350232e-02	1.797668e-02	-3.905998e-02
6.750000e+00	-1.521527e-02	1.037561e-02	-1.515061e-02	1.395540e-02	-4.187384e-02
6.800000e+00	-1.734172e-02	1.079972e-02	-1.508354e-02	1.071445e-02	-4.598233e-02
6.850000e+00	-1.806565e-02	1.194845e-02	-1.686117e-02	8.189537e-03	-5.076903e-02
6.900000e+00	-1.774167e-02	1.235398e-02	-1.799869e-02	6.127184e-03	-4.847351e-02
6.950000e+00	-1.683526e-02	1.181238e-02	-1.681446e-02	1.110172e-02	-4.099050e-02
7.000000e+00	-1.578016e-02	1.081006e-02	-1.505741e-02	1.699257e-02	-3.933534e-02
7.050000e+00	-1.482328e-02	9.921511e-03	-1.542407e-02	1.796043e-02	-3.782639e-02
7.100000e+00	-1.403847e-02	9.467640e-03	-1.459060e-02	1.394287e-02	-3.859424e-02
7.150000e+00	-1.326129e-02	9.455109e-03	-1.394635e-02	1.876744e-02	-3.796169e-02
7.200000e+00	-1.219342e-02	9.950003e-03	-1.238449e-02	2.357322e-02	-3.750606e-02
7.250000e+00	-1.052413e-02	1.108974e-02	-1.035813e-02	2.483299e-02	-4.091138e-02
7.300000e+00	-8.046986e-03	1.275650e-02	-7.361435e-03	2.338616e-02	-4.301735e-02
7.350000e+00	-4.734517e-03	1.452797e-02	-3.951969e-03	2.833458e-02	-4.082915e-02
7.400000e+00	-7.523798e-04	1.592852e-02	-1.982206e-03	3.405025e-02	-3.741465e-02
7.450000e+00	3.582621e-03	1.662133e-02	2.943620e-03	3.965997e-02	-3.497770e-02
7.500000e+00	7.878169e-03	1.647364e-02	5.940951e-03	4.655408e-02	-3.139622e-02
7.550000e+00	1.169892e-02	1.554367e-02	9.255577e-03	4.879788e-02	-2.255665e-02
7.600000e+00	1.474386e-02	1.422496e-02	1.398518e-02	4.648653e-02	-1.324041e-02
7.650000e+00	1.680188e-02	1.310522e-02	1.656381e-02	4.579976e-02	-1.329726e-02
7.700000e+00	1.776020e-02	1.275352e-02	1.864550e-02	4.840208e-02	-1.584128e-02
7.750000e+00	1.759061e-02	1.323409e-02	1.686889e-02	4.733328e-02	-1.583570e-02
7.800000e+00	1.633972e-02	1.402873e-02	1.364550e-02	5.056044e-02	-1.381288e-02
7.850000e+00	1.413027e-02	1.455587e-02	1.145977e-02	5.120489e-02	-1.138998e-02
7.900000e+00	1.116885e-02	1.458615e-02	9.195224e-03	4.786759e-02	-1.687755e-02
7.950000e+00	7.745830e-03	1.432071e-02	6.451404e-03	4.292582e-02	-2.210777e-02
8.000000e+00	4.213114e-03	1.423243e-02	2.669265e-03	3.541619e-02	-3.048467e-02
8.050000e+00	9.218533e-04	1.466217e-02	1.974280e-03	2.893708e-02	-3.792006e-02
8.100000e+00	-1.805788e-03	1.558781e-02	8.044390e-04	3.003377e-02	-4.238533e-02
8.150000e+00	-3.805978e-03	1.657487e-02	-1.575528e-03	2.976322e-02	-4.330809e-02
8.200000e+00	-5.091213e-03	1.714351e-02	-3.162255e-03	2.831833e-02	-4.481219e-02
8.250000e+00	-5.844366e-03	1.699653e-02	-6.462503e-03	2.849641e-02	-4.691336e-02
8.300000e+00	-6.357708e-03	1.608568e-02	-7.389012e-03	2.757732e-02	-4.516252e-02
8.350000e+00	-6.932476e-03	1.459860e-02	-8.621105e-03	2.392637e-02	-4.395877e-02
8.400000e+00	-7.771092e-03	1.290466e-02	-1.040218e-02	2.180207e-02	-4.213416e-02
8.450000e+00	-8.899272e-03	1.144940e-02	-1.000635e-02	1.775061e-02	-3.831318e-02
8.500000e+00	-1.014650e-02	1.057533e-02	-1.013948e-02	1.556941e-02	-3.564455e-02
8.550000e+00	-1.119017e-02	1.033027e-02	-1.044727e-02	1.750425e-02	-3.401174e-02
8.600000e+00	-1.165951e-02	1.053830e-02	-1.136800e-02	1.704479e-02	-3.819089e-02
8.650000e+00	-1.125712e-02	1.095348e-02	-1.094929e-02	1.489115e-02	-4.161299e-02
8.700000e+00	-9.857798e-03	1.141202e-02	-9.089319e-03	1.717833e-02	-4.034467e-02
8.750000e+00	-7.551579e-03	1.182192e-02	-6.399810e-03	2.239277e-02	-3.492812e-02
8.800000e+00	-4.615664e-03	1.213078e-02	-3.700620e-03	2.553908e-02	-3.325165e-02
8.850000e+00	-1.427868e-03	1.233009e-02	-7.068923e-04	2.632096e-02	-3.283959e-02
8.900000e+00	1.644273e-03	1.246020e-02	2.356994e-03	2.973601e-02	-3.180643e-02
8.950000e+00	4.336981e-03	1.257087e-02	4.868474e-03	3.189919e-02	-2.963628e-02
9.000000e+00	6.533618e-03	1.265382e-02	6.997307e-03	3.125266e-02	-2.682732e-02
9.050000e+00	8.257556e-03	1.262782e-02	8.924362e-03	3.344209e-02	-2.256486e-02
9.100000e+00	9.579017e-03	1.238243e-02	1.144433e-02	3.501388e-02	-2.149619e-02
9.150000e+00	1.055832e-02	1.192962e-02	1.339675e-02	3.413063e-02	-2.052924e-02
9.200000e+00	1.117134e-02	1.149043e-02	1.350913e-02	3.218981e-02	-2.285403e-02
9.250000e+00	1.129447e-02	1.144975e-02	1.238618e-02	3.920827e-02	-2.340455e-02
9.300000e+00	1.074799e-02	1.208433e-02	1.166310e-02	4.268826e-02	-2.209879e-02
9.350000e+00	9.381480e-03	1.328301e-02	8.399078e-03	4.179066e-02	-1.944175e-02
9.400000e+00	7.166665e-03	1.463086e-02	5.341210e-03	3.939988e-02	-1.938358e-02
9.450000e+00	4.258433e-03	1.569286e-02	3.136201e-03	4.355251e-02	-2.339442e-02
9.500000e+00	9.957349e-04	1.617489e-02	4.042324e-04	4.164178e-02	-2.889061e-02
9.550000e+00	-2.178334e-03	1.596298e-02	-1.652882e-03	3.486918e-02	-3.366856e-02
9.600000e+00	-4.782081e-03	1.507844e-02	-4.818357e-03	2.946521e-02	-3.707115e-02
9.650000e+00	-6.464424e-03	1.369490e-02	-7.145812e-03	2.471725e-02	-4.024688e-02
9.700000e+00	-7.089617e-03	1.209804e-02	-8.511314e-03	2.090367e-02	-3.950848e-02
9.750000e+00	-6.769250e-03	1.065317e-02	-8.677243e-03	2.292584e-02	-3.496090e-02
9.800000e+00	-5.819732e-03	9.738672e-03	-6.701888e-03	2.667562e-02	-2.764039e-02
9.850000e+00	-4.659711e-03	9.593459e-03	-4.722335e-03	2.800856e-02	-3.109870e-02
9.900000e+00	-3.681881e-03	1.014277e-02	-3.441845e-03	2.606478e-02	-3.515434e-02
9.950000e+00	-3.141232e-03	1.103201e-02	-3.169466e-03	2.166026e-02	-3.614542e-02
1.000000e+01	-3.094663e-03	1.183692e-02	-2.726675e-03	1.917852e-02	-3.392474e-02
1.005000e+01	-3.407831e-03	1.223796e-02	-2.299723e-03	2.108438e-02	-3.622427e-02
1.010000e+01	-3.816432e-03	1.212178e-02	-2.500635e-03	2.399602e-02	-3.829186e-02
1.015000e+01	-4.037152e-03	1.163856e-02	-3.977826e-03	2.494424e-02	-3.539070e-02
1.020000e+01	-3.861285e-03	1.113820e-02	-4.161844e-03	2.472146e-02	-3.090639e-02
1.025000e+01	-3.212521e-03	1.091976e-02	-4.254564e-03	2.361016e-02	-3.233689e-02
1.030000e+01	-2.151772e-03	1.094797e-02	-3.958766e-03	2.420427e-02	-3.152730e-02
1.035000e+01	-8.343490e-04	1.090582e-02	-1.420468e-03	2.361803e-02	-2.795077e-02
1.040000e+01	5.583093e-04	1.053985e-02	4.526284e-04	3.147546e-02	-2.265277e-02
1.045000e+01	1.882838e-03	9.901918e-03	1.334838e-03	3.500120e-02	-1.973474e-02
1.050000e+01	3.069045e-03	9.321369e-03	1.044994e-03	3.416156e-02	-1.698936e-02
1.055000e+01	4.114716e-03	9.123670e-03	2.991815e-03	3.198698e-02	-1.758745e-02
1.060000e+01	5.046420e-03	9.311076e-03	5.014884e-03	3.030123e-02	-2.040261e-02
1.065000e+01	5.866851e-03	9.608237e-03	6.197784e-03	2.666964e-02	-2.429648e-02
1.070000e+01	6.514723e-03	9.771075e-03	6.639538e-03	2.892527e-02	-2.563185e-02
1.075000e+01	6.858028e-03	9.730310e-03	6.215385e-03	2.965629e-02	-2.455628e-02
1.080000e+01	6.727630e-03	9.533361e-03	5.751500e-03	3.170322e-02	-2.160407e-02
1.085000e+01	5.981098e-03	9.261820e-03	5.010332e-03	3.200162e-02	-1.750836e-02
1.090000e+01	4.573058e-03	9.017819e-03	3.766333e-03	2.923050e-02	-1.710571e-02
1.095000e+01	2.603475e-03	8.919893e-03	2.506069e-03	2.454627e-02	-2.150773e-02
1.100000e+01	3.214854e-04	9.013090e-03	7.648885e-05	1.998823e-02	-2.399468e-02
1.105000e+01	-1.933172e-03	9.183055e-03	-2.171972e-03	1.902351e-02	-2.460416e-02
1.110000e+01	-3.779462e-03	9.182339e-03	-4.124394e-03	1.866850e-02	-2.659424e-02
1.115000e+01	-4.940616e-03	8.871236e-03	-5.042263e-03	1.480233e-02	-2.773278e-02
1.120000e+01	-5.311690e-03	8.363703e-03	-5.394158e-03	1.553705e-02	-2.664699e-02
1.125000e+01	-4.986389e-03	8.011710e-03	-5.253389e-03	1.781299e-02	-2.549951e-02
1.130000e+01	-4.221264e-03	8.124763e-03	-4.115216e-03	1.934358e-02	-2.522511e-02
1.135000e+01	-3.348210e-03	8.622902e-03	-3.143586e-03	1.942741e-02	-2.949612e-02
1.140000e+01	-2.664312e-03	9.123221e-03	-2.340821e-03	1.848133e-02	-3.187503e-02
1.145000e+01	-2.336285e-03	9.306441e-03	-1.805384e-03	1.805074e-02	-3.190330e-02
1.150000e+01	-2.351997e-03	9.105634e-03	-2.154908e-03	1.613025e-02	-2.947047e-02
1.155000e+01	-2.535327e-03	8.695638e-03	-2.553962e-03	1.555137e-02	-2.487160e-02
1.160000e+01	-2.618637e-03	8.364372e-03	-2.923447e-03	1.544079e-02	-2.541209e-02
1.165000e+01	-2.347054e-03	8.297213e-03	-2.822951e-03	1.977411e-02	-2.751095e-02
1.170000e+01	-1.577796e-03	8.417425e-03	-1.806941e-03	2.240526e-02	-2.668104e-02
1.175000e+01	-3.397368e-04	8.467735e-03	2.553146e-04	2.246392e-02	-2.310818e-02
1.180000e+01	1.167410e-03	8.231642e-03	1.124301e-03	2.078157e-02	-1.981915e-02
1.185000e+01	2.633639e-03	7.689950e-03	2.302722e-03	2.256140e-02	-1.696345e-02
1.190000e+01	3.737448e-03	7.070663e-03	3.290998e-03	2.154004e-02	-1.556437e-02
1.195000e+01	4.248460e-03	6.762056e-03	3.590048e-03	2.040735e-02	-1.603822e-02
1.200000e+01	4.098787e-03	7.002300e-03	4.335129e-03	2.271717e-02	-1.466551e-02
1.205000e+01	3.403692e-03	7.635380e-03	3.311153e-03	2.459263e-02	-1.312316e-02
1.210000e+01	2.403921e-03	8.248552e-03	1.303873e-03	2.360501e-02	-1.556561e-02
1.215000e+01	1.402759e-03	8.559372e-03	2.735162e-04	2.168966e-02	-1.689627e-02
1.220000e+01	6.595217e-04	8.492724e-03	-5.446615e-04	2.514988e-02	-1.707652e-02
1.225000e+01	3.130799e-04	8.138956e-03	-4.725902e-04	2.665705e-02	-1.833981e-02
1.230000e+01	3.506300e-04	7.663234e-03	-8.350015e-04	2.512172e-02	-1.841391e-02
1.235000e+01	6.287361e-04	7.197680e-03	-5.778437e-04	2.320176e-02	-1.603550e-02
1.240000e+01	9.352782e-04	6.763276e-03	-2.272690e-04	2.189641e-02	-1.312449e-02
1.245000e+01	1.067821e-03	6.285928e-03	-1.650225e-04	1.912606e-02	-1.282803e-02
1.250000e+01	9.004038e-04	5.710906e-03	2.159165e-04	1.787485e-02	-1.161169e-02
1.255000e+01	4.174067e-04	5.143713e-03	2.914822e-04	1.420890e-02	-1.245619e-02
1.260000e+01	-2.932401e-04	4.901089e-03	7.504553e-05	1.087507e-02	-1.459558e-02
1.265000e+01	-1.080199e-03	5.253950e-03	-7.452184e-04	1.085135e-02	-1.652992e-02
1.270000e+01	-1.784058e-03	6.030802e-03	-1.463474e-03	1.323601e-02	-1.903196e-02
1.275000e+01	-2.286608e-03	6.786842e-03	-1.149933e-03	1.517743e-02	-2.192858e-02
1.280000e+01	-2.537881e-03	7.187024e-03	-1.243503e-03	1.516485e-02	-2.395182e-02
1.285000e+01	-2.555162e-03	7.133811e-03	-1.344463e-03	1.316527e-02	-2.349277e-02
1.290000e+01	-2.399435e-03	6.747176e-03	-1.235682e-03	1.258598e-02	-2.078489e-02
1.295000e+01	-2.142338e-03	6.263648e-03	-1.461958e-03	1.140334e-02	-1.925576e-02
1.300000e+01	-1.838156e-03	5.873978e-03	-1.905490e-03	1.271597e-02	-1.979974e-02
1.305000e+01	-1.509317e-03	5.623523e-03	-1.585158e-03	1.388435e-02	-1.922908e-02
1.310000e+01	-1.156009e-03	5.459347e-03	-1.270508e-03	1.350672e-02	-1.733575e-02
1.315000e+01	-7.685491e-04	5.390621e-03	-1.178971e-03	1.360698e-02	-1.375344e-02
1.320000e+01	-3.428500e-04	5.468211e-03	-3.878431e-04	1.568114e-02	-1.206285e-02
1.325000e+01	1.105101e-04	5.653540e-03	2.305973e-04	1.601395e-02	-1.236070e-02
1.330000e+01	5.674483e-04	5.802664e-03	7.826741e-04	1.431297e-02	-1.371973e-02
1.335000e+01	9.993031e-04	5.815571e-03	1.039084e-03	1.470279e-02	-1.346056e-02
1.340000e+01	1.383231e-03	5.756793e-03	1.420181e-03	1.367395e-02	-1.311732e-02
1.345000e+01	1.707685e-03	5.799933e-03	1.734157e-03	1.501756e-02	-1.400516e-02
1.350000e+01	1.969940e-03	6.012955e-03	1.470344e-03	1.525389e-02	-1.371652e-02
1.355000e+01	2.167508e-03	6.237783e-03	1.315969e-03	1.893638e-02	-1.209654e-02
1.360000e+01	2.288962e-03	6.238335e-03	1.453710e-03	2.316573e-02	-1.075128e-02
1.365000e+01	2.310372e-03	5.907330e-03	1.562989e-03	2.411808e-02	-1.051704e-02
1.370000e+01	2.200764e-03	5.348697e-03	1.206178e-03	2.154987e-02	-1.048854e-02
1.375000e+01	1.935300e-03	4.825717e-03	1.540587e-03	1.652649e-02	-1.133529e-02
1.380000e+01	1.510509e-03	4.575769e-03	1.433018e-03	1.381747e-02	-1.109856e-02
1.385000e+01	9.541252e-04	4.600320e-03	1.516710e-03	1.400565e-02	-1.309384e-02
1.390000e+01	3.238947e-04	4.717090e-03	9.711691e-04	1.265038e-02	-1.490317e-02
1.395000e+01	-3.056834e-04	4.786473e-03	-7.027276e-05	1.069500e-02	-1.479216e-02
1.400000e+01	-8.642420e-04	4.785487e-03	-1.054282e-03	1.266395e-02	-1.366319e-02
1.405000e+01	-1.316670e-03	4.756294e-03	-1.859313e-03	1.342340e-02	-1.216093e-02
1.410000e+01	-1.634064e-03	4.701159e-03	-2.003839e-03	1.297292e-02	-1.140560e-02
1.415000e+01	-1.838057e-03	4.645714e-03	-1.943980e-03	1.135138e-02	-1.160567e-02
1.420000e+01	-1.970894e-03	4.653905e-03	-1.634125e-03	9.975476e-03	-1.317331e-02
1.425000e+01	-2.069150e-03	4.788087e-03	-2.001207e-03	1.080303e-02	-1.419606e-02
1.430000e+01	-2.139973e-03	5.019484e-03	-2.304278e-03	9.950394e-03	-1.494798e-02
1.435000e+01	-2.151321e-03	5.210768e-03	-2.031253e-03	1.002044e-02	-1.722602e-02
1.440000e+01	-2.042134e-03	5.202419e-03	-1.847755e-03	1.060242e-02	-1.789552e-02
1.445000e+01	-1.749789e-03	4.912631e-03	-1.582268e-03	9.569222e-03	-1.686368e-02
1.450000e+01	-1.244044e-03	4.399174e-03	-1.334719e-03	9.162801e-03	-1.430961e-02
1.455000e+01	-5.527320e-04	3.882280e-03	-4.336962e-04	8.363164e-03	-1.063943e-02
1.460000e+01	2.333261e-04	3.672760e-03	3.620548e-04	8.823413e-03	-9.887229e-03
1.465000e+01	9.808988e-04	3.898711e-03	1.216299e-03	1.089812e-02	-1.077561e-02
1.470000e+01	1.554592e-03	4.349995e-03	1.267544e-03	1.499040e-02	-1.106301e-02
1.475000e+01	1.862172e-03	4.748011e-03	1.346525e-03	1.781956e-02	-1.072225e-02
1.480000e+01	1.887122e-03	4.956970e-03	1.611129e-03	1.897607e-02	-9.995309e-03
1.485000e+01	1.694643e-03	4.984115e-03	1.596003e-03	1.846848e-02	-1.076488e-02
1.490000e+01	1.407319e-03	4.909681e-03	1.090900e-03	1.641709e-02	-1.103212e-02
1.495000e+01	1.158756e-03	4.809045e-03	8.538879e-04	1.662129e-02	-9.919704e-03
1.500000e+01	1.042670e-03	4.706398e-03	9.148635e-04	1.474152e-02	-9.543236e-03
1.505000e+01	1.078595e-03	4.592515e-03	1.019050e-03	1.505317e-02	-1.092967e-02
1.510000e+01	1.205332e-03	4.430602e-03	1.202459e-03	1.615871e-02	-1.181391e-02
1.515000e+01	1.302659e-03	4.206552e-03	1.336548e-03	1.501041e-02	-1.105078e-02
1.520000e+01	1.240045e-03	3.938100e-03	1.267061e-03	1.344550e-02	-1.044222e-02
1.525000e+01	9.298497e-04	3.695917e-03	1.183200e-03	1.019229e-02	-1.104914e-02
1.530000e+01	3.649887e-04	3.591132e-03	6.372479e-04	1.200321e-02	-1.037451e-02
1.535000e+01	-3.734516e-04	3.677742e-03	-2.381733e-04	1.184365e-02	-1.004475e-02
1.540000e+01	-1.141414e-03	3.858023e-03	-9.576860e-04	9.545157e-03	-1.293421e-02
1.545000e+01	-1.779922e-03	3.948948e-03	-1.821518e-03	8.440984e-03	-1.540873e-02
1.550000e+01	-2.167379e-03	3.829428e-03	-2.056158e-03	6.706796e-03	-1.543093e-02
1.555000e+01	-2.256325e-03	3.530043e-03	-2.207141e-03	5.793434e-03	-1.327502e-02
1.560000e+01	-2.081556e-03	3.237519e-03	-1.962230e-03	5.591233e-03	-1.097026e-02
1.565000e+01	-1.738085e-03	3.167045e-03	-1.602366e-03	6.809590e-03	-9.871134e-03
1.570000e+01	-1.339275e-03	3.328002e-03	-1.214364e-03	1.003990e-02	-1.079123e-02
1.575000e+01	-9.727695e-04	3.520847e-03	-7.994501e-04	1.188508e-02	-1.224803e-02
1.580000e+01	-6.717995e-04	3.574697e-03	-4.884056e-04	1.201884e-02	-1.241226e-02
1.585000e+01	-4.124205e-04	3.467075e-03	-1.418866e-04	1.028841e-02	-1.128864e-02
1.590000e+01	-1.361722e-04	3.298663e-03	-1.934307e-04	7.097694e-03	-8.817604e-03
1.595000e+01	2.127052e-04	3.203114e-03	6.713719e-05	8.873784e-03	-6.888618e-03
1.600000e+01	6.519591e-04	3.241702e-03	6.151378e-04	1.024085e-02	-6.693393e-03
1.605000e+01	1.149426e-03	3.376055e-03	1.260671e-03	1.014519e-02	-7.514211e-03
1.610000e+01	1.612506e-03	3.508770e-03	1.766404e-03	1.048480e-02	-8.212648e-03
1.615000e+01	1.929011e-03	3.570005e-03	1.863661e-03	1.125920e-02	-7.968838e-03
1.620000e+01	2.005291e-03	3.539490e-03	1.915454e-03	1.144849e-02	-7.476970e-03
1.625000e+01	1.802709e-03	3.455227e-03	1.749689e-03	1.125553e-02	-7.368095e-03
1.630000e+01	1.355298e-03	3.397955e-03	1.217538e-03	9.790197e-03	-8.829777e-03
1.635000e+01	7.618381e-04	3.425585e-03	6.198694e-04	8.586231e-03	-1.015633e-02
1.640000e+01	1.555743e-04	3.501077e-03	2.158063e-04	8.520854e-03	-9.907490e-03
1.645000e+01	-3.368734e-04	3.514648e-03	-2.403810e-04	8.486876e-03	-1.006464e-02
1.650000e+01	-6.323967e-04	3.384334e-03	-7.663687e-04	8.651547e-03	-1.006710e-02
1.655000e+01	-7.115245e-04	3.132506e-03	-7.279162e-04	7.736123e-03	-1.082312e-02
1.660000e+01	-6.162912e-04	2.886377e-03	-7.683423e-04	6.423192e-03	-1.036245e-02
1.665000e+01	-4.289097e-04	2.780693e-03	-6.021943e-04	6.389348e-03	-9.349703e-03
1.670000e+01	-2.409020e-04	2.820331e-03	-5.425479e-04	7.792247e-03	-8.039396e-03
1.675000e+01	-1.245624e-04	2.896446e-03	-2.659732e-04	8.421457e-03	-6.903436e-03
1.680000e+01	-1.160424e-04	2.933114e-03	-1.097679e-04	9.165806e-03	-6.486301e-03
1.685000e+01	-2.135114e-04	2.943151e-03	-1.489741e-04	9.300000e-03	-6.981986e-03
1.690000e+01	-3.875165e-04	2.960295e-03	-2.874751e-04	9.520734e-03	-7.581837e-03
1.695000e+01	-5.965155e-04	2.959958e-03	-6.853448e-04	8.966466e-03	-7.731234e-03
1.700000e+01	-8.000720e-04	2.878748e-03	-8.809438e-04	7.163396e-03	-7.914861e-03
1.705000e+01	-9.745101e-04	2.710355e-03	-9.355951e-04	6.249538e-03	-8.233092e-03
1.710000e+01	-1.080769e-03	2.572291e-03	-1.109281e-03	5.320266e-03	-7.061110e-03
1.715000e+01	-1.091833e-03	2.632199e-03	-1.383528e-03	5.104374e-03	-8.117215e-03
1.720000e+01	-9.843643e-04	2.902336e-03	-1.186055e-03	6.553287e-03	-8.506673e-03
1.725000e+01	-7.429067e-04	3.206150e-03	-7.786010e-04	7.427818e-03	-8.696427e-03
1.730000e+01	-3.683725e-04	3.362089e-03	-4.712031e-04	7.654176e-03	-8.516711e-03
1.735000e+01	1.130021e-04	3.293416e-03	3.097947e-05	7.498634e-03	-8.219196e-03
1.740000e+01	6.457375e-04	3.038553e-03	6.771092e-04	7.758328e-03	-7.552307e-03
1.745000e+01	1.150610e-03	2.728765e-03	1.122779e-03	8.475033e-03	-7.474990e-03
1.750000e+01	1.540347e-03	2.538200e-03	1.625046e-03	9.523901e-03	-7.658513e-03
1.755000e+01	1.741745e-03	2.571621e-03	1.748243e-03	9.183444e-03	-6.918103e-03
1.760000e+01	1.716978e-03	2.766011e-03	1.657709e-03	9.945295e-03	-5.688477e-03
1.765000e+01	1.476212e-03	2.964023e-03	1.428834e-03	9.993722e-03	-7.080532e-03
1.770000e+01	1.076212e-03	3.041442e-03	9.664132e-04	9.659356e-03	-7.765438e-03
1.775000e+01	6.045854e-04	2.958488e-03	5.000738e-04	9.030211e-03	-7.586083e-03
1.780000e+01	1.546486e-04	2.766265e-03	1.740234e-04	8.159324e-03	-8.267658e-03
1.785000e+01	-2.005378e-04	2.582846e-03	-1.679537e-04	7.451268e-03	-8.511125e-03
1.790000e+01	-4.261155e-04	2.513909e-03	-3.674595e-04	6.702160e-03	-7.610807e-03
1.795000e+01	-5.295798e-04	2.553334e-03	-4.209294e-04	5.808786e-03	-7.684767e-03
1.800000e+01	-5.506028e-04	2.598134e-03	-4.447620e-04	5.468462e-03	-8.015596e-03
1.805000e+01	-5.383335e-04	2.564698e-03	-4.634243e-04	5.126912e-03	-8.280533e-03
1.810000e+01	-5.408766e-04	2.439947e-03	-3.007200e-04	4.906324e-03	-7.912356e-03
1.815000e+01	-5.786963e-04	2.287791e-03	-4.263014e-04	4.363631e-03	-8.377635e-03
1.820000e+01	-6.438730e-04	2.188966e-03	-5.698004e-04	4.968357e-03	-8.266545e-03
1.825000e+01	-7.081537e-04	2.177246e-03	-8.598276e-04	5.392254e-03	-7.797247e-03
1.830000e+01	-7.383909e-04	2.227522e-03	-9.431016e-04	5.151357e-03	-6.428528e-03
1.835000e+01	-7.122405e-04	2.298121e-03	-8.643480e-04	4.418657e-03	-6.295062e-03
1.840000e+01	-6.274793e-04	2.359033e-03	-5.601579e-04	4.592831e-03	-7.027143e-03
1.845000e+01	-5.014964e-04	2.387645e-03	-2.135303e-04	5.318263e-03	-6.825039e-03
1.850000e+01	-3.619386e-04	2.366174e-03	-2.699741e-04	5.461112e-03	-5.697417e-03
1.855000e+01	-2.332462e-04	2.296621e-03	-2.951606e-04	5.330299e-03	-5.104728e-03
1.860000e+01	-1.253603e-04	2.214781e-03	-1.817819e-04	4.920747e-03	-5.957127e-03
1.865000e+01	-2.969056e-05	2.174897e-03	1.869331e-05	4.987197e-03	-7.486963e-03
1.870000e+01	7.588733e-05	2.201301e-03	3.044001e-04	5.213045e-03	-8.076163e-03
1.875000e+01	2.151952e-04	2.259037e-03	3.797856e-04	5.034766e-03	-7.824433e-03
1.880000e+01	4.001946e-04	2.288701e-03	4.710973e-04	6.557781e-03	-7.271595e-03
1.885000e+01	6.215504e-04	2.263421e-03	5.977768e-04	7.076368e-03	-5.785584e-03
1.890000e+01	8.474531e-04	2.212907e-03	7.181977e-04	6.805985e-03	-5.500685e-03
1.895000e+01	1.031494e-03	2.199288e-03	8.880865e-04	6.549682e-03	-6.062782e-03
1.900000e+01	1.126802e-03	2.256660e-03	1.103533e-03	7.714872e-03	-5.983652e-03
1.905000e+01	1.102200e-03	2.356861e-03	1.115751e-03	7.895008e-03	-5.556912e-03
1.910000e+01	9.486451e-04	2.425879e-03	1.087202e-03	8.083776e-03	-4.999222e-03
1.915000e+01	6.882911e-04	2.409854e-03	8.912885e-04	8.577480e-03	-5.588319e-03
1.920000e+01	3.660418e-04	2.298025e-03	5.714558e-04	8.096679e-03	-6.611100e-03
1.925000e+01	3.649536e-05	2.121461e-03	1.245687e-04	6.517213e-03	-6.999349e-03
1.930000e+01	-2.511126e-04	1.939431e-03	-2.718071e-04	5.248868e-03	-6.351463e-03
1.935000e+01	-4.649510e-04	1.817544e-03	-5.294081e-04	5.760196e-03	-4.991445e-03
1.940000e+01	-5.960791e-04	1.794093e-03	-6.688791e-04	5.791045e-03	-5.091495e-03
1.945000e+01	-6.563863e-04	1.854070e-03	-6.693580e-04	5.362925e-03	-6.005655e-03
1.950000e+01	-6.705966e-04	1.947181e-03	-7.190053e-04	4.806639e-03	-6.935768e-03
1.955000e+01	-6.656743e-04	2.030692e-03	-7.192496e-04	4.890053e-03	-7.371650e-03
1.960000e+01	-6.613408e-04	2.090116e-03	-6.995555e-04	4.359376e-03	-7.030179e-03
1.965000e+01	-6.645047e-04	2.128157e-03	-6.164669e-04	4.454097e-03	-7.092441e-03
1.970000e+01	-6.687352e-04	2.141413e-03	-6.924221e-04	5.011484e-03	-6.634864e-03
1.975000e+01	-6.581709e-04	2.114068e-03	-8.464961e-04	5.743670e-03	-5.800835e-03
1.980000e+01	-6.140263e-04	2.040318e-03	-8.023555e-04	5.725990e-03	-5.256640e-03
1.985000e+01	-5.214243e-04	1.952316e-03	-6.795169e-04	5.202889e-03	-5.894767e-03
1.990000e+01	-3.745972e-04	1.913040e-03	-3.758835e-04	4.554400e-03	-5.794453e-03
1.995000e+01	-1.792755e-04	1.955809e-03	-1.766782e-04	5.336588e-03	-5.494513e-03
2.000000e+01	4.801189e-05	2.037110e-03	6.955496e-05	6.415754e-03	-5.872901e-03
