# k	<chi>	std	chi_median	chi_max	chi_min
0.000000e+00	-3.111725e-03	9.380982e-02	0.000000e+00	3.639316e-01	-4.853330e-01
5.000000e-02	-7.212332e-03	1.294088e-01	-5.893440e-03	3.835619e-01	-4.976139e-01
1.000000e-01	-1.457858e-02	1.283549e-01	-7.162009e-03	3.662345e-01	-5.097624e-01
1.500000e-01	-3.730501e-02	1.287909e-01	-1.844962e-02	3.136171e-01	-5.452481e-01
2.000000e-01	-6.121825e-02	1.339863e-01	-3.218344e-02	2.594150e-01	-5.795340e-01
2.500000e-01	-1.022011e-01	1.504975e-01	-5.139226e-02	1.674944e-01	-6.337358e-01
3.000000e-01	-1.456046e-01	1.725581e-01	-7.367418e-02	1.089430e-01	-6.844497e-01
3.500000e-01	-2.065319e-01	2.079532e-01	-1.100616e-01	8.061999e-02	-7.498655e-01
4.000000e-01	-2.691184e-01	2.432194e-01	-1.756586e-01	6.604493e-02	-8.076448e-01
4.500000e-01	-3.460163e-01	2.867982e-01	-2.893771e-01	5.810190e-02	-8.791092e-01
5.000000e-01	-4.201728e-01	3.238527e-01	-3.901780e-01	4.177767e-02	-9.517544e-01
5.500000e-01	-4.997244e-01	3.604549e-01	-4.978283e-01	2.584403e-02	-1.053460e+00
6.000000e-01	-5.681864e-01	3.841351e-01	-5.923112e-01	-4.640403e-03	-1.122814e+00
6.500000e-01	-6.279221e-01	3.964367e-01	-6.773225e-01	-5.102041e-02	-1.170078e+00
7.000000e-01	-6.662756e-01	3.910077e-01	-7.213467e-01	-9.393748e-02	-1.218860e+00
7.500000e-01	-6.807846e-01	3.661185e-01	-7.203856e-01	-1.205978e-01	-1.214167e+00
8.000000e-01	-6.667492e-01	3.241762e-01	-6.877171e-01	-1.486310e-01	-1.148453e+00
8.500000e-01	-6.204747e-01	2.636218e-01	-6.194849e-01	-1.778947e-01	-1.055761e+00
9.000000e-01	-5.482110e-01	1.955662e-01	-5.262105e-01	-1.899825e-01	-9.205089e-01
9.500000e-01	-4.496452e-01	1.229694e-01	-4.429241e-01	-1.933328e-01	-7.425798e-01
1.000000e+00	-3.410192e-01	7.002318e-02	-3.460771e-01	-1.816338e-01	-5.483729e-01
1.050000e+00	-2.271314e-01	6.965497e-02	-2.335762e-01	-3.199790e-02	-4.382140e-01
1.100000e+00	-1.272938e-01	9.918862e-02	-1.377213e-01	1.005787e-01	-3.589819e-01
1.150000e+00	-4.820453e-02	1.198218e-01	-4.649480e-02	1.861701e-01	-2.723847e-01
1.200000e+00	-1.062640e-03	1.203969e-01	3.647134e-03	2.194284e-01	-2.113355e-01
1.250000e+00	1.264662e-02	1.032379e-01	3.049015e-02	2.005599e-01	-1.930617e-01
1.300000e+00	-2.547879e-03	7.590522e-02	1.266879e-02	1.686190e-01	-1.808877e-01
1.350000e+00	-3.881779e-02	5.362600e-02	-4.031184e-02	1.175095e-01	-1.683288e-01
1.400000e+00	-7.920586e-02	5.635581e-02	-9.035567e-02	1.104972e-01	-2.051143e-01
1.450000e+00	-1.114316e-01	7.175954e-02	-1.217034e-01	8.415997e-02	-2.306061e-01
1.500000e+00	-1.206019e-01	7.807389e-02	-1.123052e-01	5.236399e-02	-2.604995e-01
1.550000e+00	-1.008356e-01	6.909779e-02	-9.267332e-02	7.163765e-02	-2.362183e-01
1.600000e+00	-5.330816e-02	4.680213e-02	-4.449957e-02	8.908330e-02	-1.741066e-01
1.650000e+00	1.551172e-02	2.893737e-02	1.369133e-02	1.298282e-01	-7.452193e-02
1.700000e+00	8.872151e-02	4.921559e-02	8.869422e-02	2.169818e-01	-1.857012e-02
1.750000e+00	1.545282e-01	7.998421e-02	1.457163e-01	3.013908e-01	5.514873e-03
1.800000e+00	1.958421e-01	9.978565e-02	1.939056e-01	3.387836e-01	2.890702e-02
1.850000e+00	2.093827e-01	1.048488e-01	2.037323e-01	3.457634e-01	4.720270e-02
1.900000e+00	1.924482e-01	9.315504e-02	1.882926e-01	3.235318e-01	4.392080e-02
1.950000e+00	1.549124e-01	6.974586e-02	1.534091e-01	2.671612e-01	3.659931e-02
2.000000e+00	1.068457e-01	4.039741e-02	1.050568e-01	1.850301e-01	3.080984e-02
2.050000e+00	6.028436e-02	1.436788e-02	5.950155e-02	1.052363e-01	2.789694e-02
2.100000e+00	2.634575e-02	1.899552e-02	2.349107e-02	7.887110e-02	-1.278154e-02
2.150000e+00	9.559248e-03	2.952790e-02	5.611419e-03	7.397837e-02	-3.851207e-02
2.200000e+00	7.166595e-03	3.094535e-02	-2.263877e-03	7.021354e-02	-4.245378e-02
2.250000e+00	1.001998e-02	2.829007e-02	3.880114e-04	6.860885e-02	-3.800215e-02
2.300000e+00	1.264435e-02	2.390020e-02	3.263432e-03	6.060743e-02	-2.901861e-02
2.350000e+00	1.114309e-02	2.027610e-02	5.391711e-03	4.773391e-02	-2.173572e-02
2.400000e+00	4.707771e-03	1.840885e-02	2.271769e-03	3.917561e-02	-2.594810e-02
2.450000e+00	-4.927841e-04	1.675121e-02	-2.997869e-03	3.101952e-02	-3.012648e-02
2.500000e+00	-6.235051e-03	1.509415e-02	-7.131588e-03	2.180707e-02	-3.334492e-02
2.550000e+00	-1.136685e-02	1.312829e-02	-1.246375e-02	1.402114e-02	-3.456997e-02
2.600000e+00	-1.481081e-02	1.061100e-02	-1.714799e-02	5.592497e-03	-3.285229e-02
2.650000e+00	-1.833398e-02	8.196009e-03	-2.023398e-02	-2.375854e-03	-3.263996e-02
2.700000e+00	-2.009050e-02	5.668397e-03	-2.084160e-02	-6.570013e-03	-3.155319e-02
2.750000e+00	-1.988040e-02	3.703723e-03	-2.023962e-02	-8.548632e-03	-2.828460e-02
2.800000e+00	-1.790115e-02	3.557458e-03	-1.784503e-02	-7.949119e-03	-2.747984e-02
2.850000e+00	-1.597702e-02	4.937386e-03	-1.541566e-02	-5.007602e-03	-2.908369e-02
2.900000e+00	-1.256113e-02	6.404290e-03	-1.118623e-02	3.227548e-04	-2.758492e-02
2.950000e+00	-8.216415e-03	7.400883e-03	-6.538721e-03	7.579929e-03	-2.408580e-02
3.000000e+00	-3.536514e-03	7.790858e-03	-2.385358e-03	1.383861e-02	-1.998288e-02
3.050000e+00	1.346471e-03	7.887719e-03	1.500361e-03	1.935873e-02	-1.490886e-02
3.100000e+00	5.653538e-03	7.448070e-03	5.060552e-03	2.306440e-02	-8.471885e-03
3.150000e+00	9.021557e-03	6.645452e-03	7.924277e-03	2.507106e-02	-5.127416e-03
3.200000e+00	1.133055e-02	5.713164e-03	1.049245e-02	2.687169e-02	-2.237227e-03
3.250000e+00	1.255537e-02	4.783130e-03	1.253983e-02	2.616113e-02	-9.807226e-04
3.300000e+00	1.293613e-02	4.417427e-03	1.300793e-02	2.395623e-02	7.644781e-04
3.350000e+00	1.279577e-02	4.785767e-03	1.248481e-02	2.494194e-02	1.315806e-03
3.400000e+00	1.237343e-02	5.572379e-03	1.198093e-02	2.763185e-02	-1.594931e-03
3.450000e+00	1.178879e-02	6.385811e-03	1.155698e-02	3.151169e-02	-4.192307e-03
3.500000e+00	1.101196e-02	6.774540e-03	1.092758e-02	3.355984e-02	-5.339512e-03
3.550000e+00	9.866998e-03	6.608540e-03	1.015998e-02	3.367637e-02	-4.966150e-03
3.600000e+00	8.161062e-03	6.021286e-03	8.155196e-03	3.155424e-02	-3.530343e-03
3.650000e+00	5.821368e-03	5.439996e-03	5.796651e-03	2.695910e-02	-5.911711e-03
3.700000e+00	2.702587e-03	5.638309e-03	2.224925e-03	2.028756e-02	-8.898682e-03
3.750000e+00	-1.081539e-03	6.660458e-03	-2.296585e-03	1.911844e-02	-1.441439e-02
3.800000e+00	-5.323609e-03	7.772535e-03	-6.808211e-03	1.753343e-02	-2.164521e-02
3.850000e+00	-9.790674e-03	8.374924e-03	-1.084797e-02	1.370843e-02	-2.735543e-02
3.900000e+00	-1.435086e-02	8.103569e-03	-1.464715e-02	6.370035e-03	-3.137687e-02
3.950000e+00	-1.869880e-02	7.183477e-03	-1.723316e-02	-4.060252e-03	-3.551323e-02
4.000000e+00	-2.245582e-02	6.408502e-03	-2.039255e-02	-9.121403e-03	-3.716821e-02
4.050000e+00	-2.537439e-02	6.783440e-03	-2.537163e-02	-8.589985e-03	-3.940115e-02
4.100000e+00	-2.689584e-02	8.099591e-03	-2.873416e-02	-8.910570e-03	-4.178020e-02
4.150000e+00	-2.640171e-02	9.285228e-03	-2.800495e-02	-8.306001e-03	-4.517115e-02
4.200000e+00	-2.341009e-02	9.642428e-03	-2.325956e-02	-6.426146e-03	-4.444223e-02
4.250000e+00	-1.828509e-02	9.217930e-03	-1.661918e-02	2.598449e-04	-4.110763e-02
4.300000e+00	-1.083875e-02	8.417884e-03	-1.028506e-02	7.186411e-03	-3.470373e-02
4.350000e+00	-1.710523e-03	8.236363e-03	-2.472490e-03	1.518129e-02	-2.528729e-02
4.400000e+00	8.068821e-03	9.175945e-03	7.784075e-03	2.737570e-02	-1.470442e-02
4.450000e+00	1.703923e-02	1.057322e-02	1.800847e-02	3.752672e-02	-6.737897e-03
4.500000e+00	2.456808e-02	1.163746e-02	2.641861e-02	4.588114e-02	-3.389293e-03
4.550000e+00	2.995662e-02	1.194759e-02	3.251502e-02	5.163739e-02	-4.522174e-04
4.600000e+00	3.296059e-02	1.152473e-02	3.539899e-02	5.365639e-02	3.264307e-03
4.650000e+00	3.379007e-02	1.075142e-02	3.504583e-02	5.645594e-02	8.043928e-03
4.700000e+00	3.300786e-02	1.005561e-02	3.404765e-02	5.830683e-02	1.191489e-02
4.750000e+00	3.110097e-02	9.789569e-03	3.166123e-02	5.774833e-02	9.124924e-03
4.800000e+00	2.838951e-02	1.001032e-02	2.917753e-02	5.939208e-02	6.825954e-03
4.850000e+00	2.493615e-02	1.045420e-02	2.703246e-02	5.762577e-02	9.330888e-04
4.900000e+00	2.058080e-02	1.076294e-02	2.161337e-02	5.234642e-02	-4.958982e-03
4.950000e+00	1.509466e-02	1.077196e-02	1.433549e-02	4.514054e-02	-1.065243e-02
5.000000e+00	8.402043e-03	1.070118e-02	7.672837e-03	3.569763e-02	-1.825563e-02
5.050000e+00	7.581812e-04	1.104458e-02	8.278854e-04	2.669024e-02	-3.040416e-02
5.100000e+00	-7.183857e-03	1.209742e-02	-7.275561e-03	2.169457e-02	-4.077908e-02
5.150000e+00	-1.458841e-02	1.346240e-02	-1.559294e-02	1.588661e-02	-4.736556e-02
5.200000e+00	-2.062803e-02	1.447871e-02	-2.217918e-02	9.303680e-03	-4.911536e-02
5.250000e+00	-2.468728e-02	1.476449e-02	-2.661433e-02	5.624860e-03	-5.100697e-02
5.300000e+00	-2.671919e-02	1.449930e-02	-2.675895e-02	3.638464e-03	-5.606868e-02
5.350000e+00	-2.715279e-02	1.410253e-02	-2.638418e-02	3.799999e-03	-5.834480e-02
5.400000e+00	-2.675589e-02	1.375600e-02	-2.541354e-02	3.282948e-03	-5.816563e-02
5.450000e+00	-2.618252e-02	1.312532e-02	-2.574007e-02	3.832759e-03	-5.574956e-02
5.500000e+00	-2.609632e-02	1.200892e-02	-2.631907e-02	4.482874e-03	-5.527052e-02
5.550000e+00	-2.653637e-02	1.073676e-02	-2.802846e-02	3.835744e-03	-5.513971e-02
5.600000e+00	-2.700165e-02	1.030804e-02	-2.910030e-02	2.107626e-03	-5.396840e-02
5.650000e+00	-2.651808e-02	1.117175e-02	-2.814394e-02	-2.156741e-04	-5.209457e-02
5.700000e+00	-2.430862e-02	1.251129e-02	-2.410978e-02	3.769737e-03	-5.893753e-02
5.750000e+00	-1.978811e-02	1.341142e-02	-1.917679e-02	1.270920e-02	-5.850124e-02
5.800000e+00	-1.292864e-02	1.396171e-02	-1.304552e-02	2.507999e-02	-5.043894e-02
5.850000e+00	-4.229747e-03	1.504198e-02	-5.174985e-03	3.695354e-02	-3.583090e-02
5.900000e+00	5.184290e-03	1.722956e-02	2.873990e-03	4.709945e-02	-3.488970e-02
5.950000e+00	1.416411e-02	1.987043e-02	1.345367e-02	6.014275e-02	-3.270175e-02
6.000000e+00	2.177385e-02	2.184379e-02	2.399866e-02	7.040025e-02	-2.756464e-02
6.050000e+00	2.754278e-02	2.235447e-02	3.132260e-02	7.417982e-02	-2.022284e-02
6.100000e+00	3.134877e-02	2.142921e-02	3.509694e-02	7.202788e-02	-2.011993e-02
6.150000e+00	3.350394e-02	1.961015e-02	3.707722e-02	6.608529e-02	-2.133731e-02
6.200000e+00	3.439668e-02	1.767417e-02	3.630929e-02	6.839557e-02	-2.155927e-02
6.250000e+00	3.424257e-02	1.620745e-02	3.556757e-02	7.200610e-02	-1.971960e-02
6.300000e+00	3.296020e-02	1.531588e-02	3.251889e-02	7.237012e-02	-1.568080e-02
6.350000e+00	3.022541e-02	1.476047e-02	3.013632e-02	6.887148e-02	-1.009675e-02
6.400000e+00	2.567712e-02	1.438635e-02	2.610676e-02	6.232771e-02	-1.291402e-02
6.450000e+00	1.917936e-02	1.440110e-02	2.034392e-02	6.152285e-02	-1.722321e-02
6.500000e+00	1.101728e-02	1.522791e-02	1.206687e-02	5.696904e-02	-2.826522e-02
6.550000e+00	1.814206e-03	1.695457e-02	2.275285e-03	4.955445e-02	-4.102411e-02
6.600000e+00	-7.237322e-03	1.905993e-02	-7.188153e-03	3.937258e-02	-5.248709e-02
6.650000e+00	-1.507359e-02	2.070518e-02	-1.538587e-02	3.192455e-02	-6.093184e-02
6.700000e+00	-2.094481e-02	2.123079e-02	-2.169331e-02	3.145599e-02	-6.653416e-02
6.750000e+00	-2.461746e-02	2.042882e-02	-2.365899e-02	3.108082e-02	-6.578126e-02
6.800000e+00	-2.638347e-02	1.862308e-02	-2.729743e-02	3.155003e-02	-6.024870e-02
6.850000e+00	-2.687286e-02	1.657879e-02	-2.954092e-02	3.306846e-02	-5.528004e-02
6.900000e+00	-2.674788e-02	1.516108e-02	-2.900246e-02	3.179754e-02	-5.519571e-02
6.950000e+00	-2.640616e-02	1.471791e-02	-2.700722e-02	2.861185e-02	-6.112977e-02
7.000000e+00	-2.581655e-02	1.478448e-02	-2.536459e-02	2.169980e-02	-6.569478e-02
7.050000e+00	-2.449549e-02	1.460305e-02	-2.431522e-02	1.719456e-02	-6.457148e-02
7.100000e+00	-2.190105e-02	1.391594e-02	-2.230754e-02	2.288777e-02	-5.543762e-02
7.150000e+00	-1.758536e-02	1.313070e-02	-1.868226e-02	2.551175e-02	-4.659915e-02
7.200000e+00	-1.151273e-02	1.319781e-02	-1.174783e-02	2.422531e-02	-4.732697e-02
7.250000e+00	-4.170588e-03	1.468483e-02	-2.716548e-03	3.085805e-02	-4.533953e-02
7.300000e+00	3.530662e-03	1.699776e-02	5.477057e-03	4.093643e-02	-4.349881e-02
7.350000e+00	1.053179e-02	1.905987e-02	1.216189e-02	5.013687e-02	-4.151531e-02
7.400000e+00	1.596319e-02	2.014102e-02	1.668905e-02	5.522898e-02	-3.657072e-02
7.450000e+00	1.941146e-02	2.007407e-02	2.186611e-02	6.114878e-02	-3.248408e-02
7.500000e+00	2.100795e-02	1.915861e-02	2.385614e-02	6.477052e-02	-2.716285e-02
7.550000e+00	2.125946e-02	1.786792e-02	2.356276e-02	6.264079e-02	-2.436084e-02
7.600000e+00	2.092460e-02	1.669312e-02	2.244947e-02	6.356064e-02	-2.411273e-02
7.650000e+00	2.053673e-02	1.583128e-02	2.240394e-02	6.479320e-02	-2.031983e-02
7.700000e+00	2.023743e-02	1.528259e-02	2.297146e-02	6.294152e-02	-2.203591e-02
7.750000e+00	1.974140e-02	1.496064e-02	2.253201e-02	5.754815e-02	-2.485420e-02
7.800000e+00	1.849636e-02	1.472544e-02	2.104569e-02	5.760919e-02	-2.613849e-02
7.850000e+00	1.596625e-02	1.442412e-02	1.790681e-02	5.614156e-02	-2.469165e-02
7.900000e+00	1.191508e-02	1.403427e-02	1.347275e-02	4.920548e-02	-2.413221e-02
7.950000e+00	6.569280e-03	1.381577e-02	7.523690e-03	4.297981e-02	-3.609729e-02
8.000000e+00	5.884157e-04	1.425646e-02	1.669763e-03	3.822652e-02	-4.552632e-02
8.050000e+00	-5.190558e-03	1.563848e-02	-2.942201e-03	3.084014e-02	-5.213134e-02
8.100000e+00	-9.886155e-03	1.770445e-02	-7.336962e-03	2.920918e-02	-5.432465e-02
8.150000e+00	-1.305362e-02	1.970724e-02	-1.080913e-02	3.139460e-02	-5.511748e-02
8.200000e+00	-1.473757e-02	2.085162e-02	-1.543760e-02	3.492997e-02	-5.599686e-02
8.250000e+00	-1.539975e-02	2.064139e-02	-1.853549e-02	3.968452e-02	-5.599104e-02
8.300000e+00	-1.568217e-02	1.916482e-02	-1.883965e-02	3.946004e-02	-5.165257e-02
8.350000e+00	-1.610622e-02	1.728133e-02	-1.956609e-02	3.385512e-02	-4.788625e-02
8.400000e+00	-1.683377e-02	1.633053e-02	-1.939470e-02	2.371873e-02	-5.405912e-02
8.450000e+00	-1.758839e-02	1.685741e-02	-1.850227e-02	1.950273e-02	-7.350591e-02
8.500000e+00	-1.776774e-02	1.784593e-02	-1.688152e-02	1.824694e-02	-8.395549e-02
8.550000e+00	-1.667409e-02	1.800852e-02	-1.508885e-02	2.149222e-02	-8.549936e-02
8.600000e+00	-1.387352e-02	1.712724e-02	-1.276512e-02	3.372116e-02	-7.240172e-02
8.650000e+00	-9.360619e-03	1.620206e-02	-1.048739e-02	4.356956e-02	-4.692930e-02
8.700000e+00	-3.618081e-03	1.658056e-02	-5.244666e-03	4.921857e-02	-4.069028e-02
8.750000e+00	2.518100e-03	1.826926e-02	2.561598e-03	5.008584e-02	-3.731752e-02
8.800000e+00	8.118389e-03	1.995550e-02	9.672952e-03	5.844012e-02	-3.459149e-02
8.850000e+00	1.244048e-02	2.054379e-02	1.426815e-02	6.687488e-02	-3.758739e-02
8.900000e+00	1.512435e-02	1.979274e-02	1.667822e-02	6.446170e-02	-3.740694e-02
8.950000e+00	1.623491e-02	1.813419e-02	1.699344e-02	5.696162e-02	-3.307096e-02
9.000000e+00	1.615045e-02	1.623927e-02	1.696341e-02	4.927952e-02	-2.475357e-02
9.050000e+00	1.537549e-02	1.461190e-02	1.623102e-02	5.008598e-02	-2.337100e-02
9.100000e+00	1.425772e-02	1.335057e-02	1.493116e-02	4.955774e-02	-2.220176e-02
9.150000e+00	1.295622e-02	1.232570e-02	1.347055e-02	4.589373e-02	-2.221736e-02
9.200000e+00	1.140767e-02	1.139158e-02	1.218319e-02	4.356431e-02	-2.022673e-02
9.250000e+00	9.437699e-03	1.058817e-02	1.019458e-02	4.043670e-02	-1.588628e-02
9.300000e+00	6.919605e-03	1.031323e-02	7.482808e-03	3.583709e-02	-1.699736e-02
9.350000e+00	3.900040e-03	1.108512e-02	4.270472e-03	3.216814e-02	-2.501660e-02
9.400000e+00	6.314982e-04	1.277295e-02	9.776447e-04	2.948778e-02	-3.549754e-02
9.450000e+00	-2.502556e-03	1.455061e-02	-1.919855e-03	2.798330e-02	-4.149915e-02
9.500000e+00	-5.132884e-03	1.565851e-02	-5.204461e-03	3.024050e-02	-3.990034e-02
9.550000e+00	-7.065948e-03	1.589505e-02	-8.408857e-03	3.226487e-02	-4.191643e-02
9.600000e+00	-8.306028e-03	1.558835e-02	-9.750916e-03	2.890033e-02	-4.228183e-02
9.650000e+00	-9.083763e-03	1.522759e-02	-1.105686e-02	2.452828e-02	-3.880815e-02
9.700000e+00	-9.709830e-03	1.486518e-02	-1.188049e-02	2.158420e-02	-3.726753e-02
9.750000e+00	-1.040747e-02	1.408550e-02	-1.219791e-02	2.195926e-02	-3.650036e-02
9.800000e+00	-1.118026e-02	1.262776e-02	-1.213491e-02	1.810040e-02	-4.127605e-02
9.850000e+00	-1.177779e-02	1.094989e-02	-1.211807e-02	1.382444e-02	-4.169917e-02
9.900000e+00	-1.178044e-02	1.014134e-02	-1.204602e-02	1.525624e-02	-3.721373e-02
9.950000e+00	-1.077255e-02	1.070837e-02	-1.048509e-02	1.586870e-02	-4.311570e-02
1.000000e+01	-8.533798e-03	1.181586e-02	-7.529552e-03	1.591642e-02	-4.939934e-02
1.005000e+01	-5.150899e-03	1.260833e-02	-3.773093e-03	2.229965e-02	-4.801380e-02
1.010000e+01	-1.083078e-03	1.305129e-02	1.327706e-04	3.475015e-02	-3.741128e-02
1.015000e+01	3.009895e-03	1.355100e-02	2.883869e-03	4.346518e-02	-2.698384e-02
1.020000e+01	6.454563e-03	1.420661e-02	6.777707e-03	4.638625e-02	-2.720203e-02
1.025000e+01	8.772152e-03	1.459187e-02	9.546412e-03	4.316508e-02	-2.647367e-02
1.030000e+01	9.812876e-03	1.425494e-02	1.135724e-02	3.678174e-02	-2.259056e-02
1.035000e+01	9.767268e-03	1.320711e-02	1.144403e-02	4.239324e-02	-1.674114e-02
1.040000e+01	9.055672e-03	1.199073e-02	1.085145e-02	4.353284e-02	-1.846199e-02
1.045000e+01	8.145141e-03	1.128636e-02	8.928468e-03	4.039664e-02	-2.208442e-02
1.050000e+01	7.369352e-03	1.124375e-02	8.656800e-03	3.541300e-02	-2.431581e-02
1.055000e+01	6.821794e-03	1.136498e-02	8.075724e-03	3.396484e-02	-2.382967e-02
1.060000e+01	6.358839e-03	1.112380e-02	7.227659e-03	3.157152e-02	-2.469253e-02
1.065000e+01	5.702444e-03	1.038860e-02	6.210505e-03	3.035371e-02	-2.346281e-02
1.070000e+01	4.592256e-03	9.442899e-03	3.759404e-03	3.345914e-02	-1.888204e-02
1.075000e+01	2.919852e-03	8.847209e-03	2.073591e-03	3.228289e-02	-1.935214e-02
1.080000e+01	7.897452e-04	9.082161e-03	1.046791e-03	2.815018e-02	-2.230013e-02
1.085000e+01	-1.513917e-03	1.005774e-02	-8.703760e-04	2.244878e-02	-2.608057e-02
1.090000e+01	-3.634975e-03	1.120084e-02	-3.593068e-03	2.230282e-02	-2.990116e-02
1.095000e+01	-5.276991e-03	1.195895e-02	-5.772242e-03	2.078857e-02	-3.277919e-02
1.100000e+01	-6.301747e-03	1.205878e-02	-7.853940e-03	2.045902e-02	-3.310795e-02
1.105000e+01	-6.770358e-03	1.155558e-02	-8.222418e-03	2.094025e-02	-3.097763e-02
1.110000e+01	-6.841336e-03	1.067673e-02	-7.842705e-03	2.047614e-02	-3.044349e-02
1.115000e+01	-6.718831e-03	9.717696e-03	-7.231283e-03	1.825790e-02	-2.818554e-02
1.120000e+01	-6.527644e-03	8.850962e-03	-7.128837e-03	1.611781e-02	-2.687923e-02
1.125000e+01	-6.255079e-03	8.108483e-03	-7.064977e-03	1.621827e-02	-2.912234e-02
1.130000e+01	-5.765759e-03	7.516332e-03	-6.428044e-03	1.542931e-02	-2.819753e-02
1.135000e+01	-4.880917e-03	7.168689e-03	-5.228492e-03	1.335907e-02	-2.326828e-02
1.140000e+01	-3.484671e-03	7.117975e-03	-4.228711e-03	1.387475e-02	-2.316484e-02
1.145000e+01	-1.608110e-03	7.275545e-03	-2.099762e-03	1.971024e-02	-2.425176e-02
1.150000e+01	5.477415e-04	7.525456e-03	3.964806e-04	2.526711e-02	-2.187106e-02
1.155000e+01	2.661791e-03	7.874434e-03	2.898596e-03	2.803139e-02	-1.741444e-02
1.160000e+01	4.395433e-03	8.400788e-03	4.565035e-03	2.779535e-02	-1.786382e-02
1.165000e+01	5.505049e-03	9.067276e-03	6.814850e-03	2.962419e-02	-2.196437e-02
1.170000e+01	5.917911e-03	9.657601e-03	7.125149e-03	2.992046e-02	-2.395902e-02
1.175000e+01	5.741256e-03	9.907616e-03	7.288025e-03	2.717385e-02	-2.299503e-02
1.180000e+01	5.203019e-03	9.660938e-03	6.906519e-03	2.695957e-02	-1.886257e-02
1.185000e+01	4.551393e-03	8.934206e-03	5.642759e-03	2.484194e-02	-1.510122e-02
1.190000e+01	3.956636e-03	7.897312e-03	4.455986e-03	2.262763e-02	-1.321188e-02
1.195000e+01	3.455828e-03	6.815353e-03	3.946622e-03	2.123080e-02	-1.186349e-02
1.200000e+01	2.961388e-03	5.994857e-03	2.912586e-03	1.841338e-02	-1.122909e-02
1.205000e+01	2.322762e-03	5.722688e-03	2.074706e-03	2.034543e-02	-1.250637e-02
1.210000e+01	1.423507e-03	6.064155e-03	1.230392e-03	2.363856e-02	-1.326823e-02
1.215000e+01	2.529523e-04	6.794374e-03	5.068741e-05	2.407377e-02	-1.592865e-02
1.220000e+01	-1.069511e-03	7.574800e-03	-1.367538e-03	2.572364e-02	-1.829069e-02
1.225000e+01	-2.328850e-03	8.164050e-03	-2.798249e-03	2.416422e-02	-2.057940e-02
1.230000e+01	-3.293171e-03	8.493070e-03	-4.477534e-03	1.854066e-02	-2.487914e-02
1.235000e+01	-3.802353e-03	8.627984e-03	-4.924912e-03	1.892183e-02	-2.561073e-02
1.240000e+01	-3.828344e-03	8.646528e-03	-4.545444e-03	2.050006e-02	-2.323403e-02
1.245000e+01	-3.481780e-03	8.524383e-03	-3.806394e-03	2.008708e-02	-2.440058e-02
1.250000e+01	-2.962940e-03	8.165746e-03	-3.423021e-03	1.832856e-02	-2.405385e-02
1.255000e+01	-2.478682e-03	7.566176e-03	-2.510742e-03	1.626102e-02	-2.124720e-02
1.260000e+01	-2.160809e-03	6.942063e-03	-1.743888e-03	1.659479e-02	-1.804044e-02
1.265000e+01	-2.019707e-03	6.635134e-03	-1.965542e-03	1.674053e-02	-2.013891e-02
1.270000e+01	-1.951220e-03	6.744693e-03	-1.740448e-03	1.614451e-02	-2.654605e-02
1.275000e+01	-1.791806e-03	6.966869e-03	-1.386630e-03	1.532664e-02	-3.144735e-02
1.280000e+01	-1.396928e-03	6.955132e-03	-1.062922e-03	1.350985e-02	-3.008012e-02
1.285000e+01	-7.088724e-04	6.664351e-03	-7.249978e-04	1.547989e-02	-2.235558e-02
1.290000e+01	2.140104e-04	6.380505e-03	1.187835e-04	1.666533e-02	-1.492211e-02
1.295000e+01	1.217261e-03	6.446467e-03	1.338644e-03	1.684713e-02	-1.581399e-02
1.300000e+01	2.108940e-03	6.864864e-03	2.267576e-03	2.227059e-02	-1.550755e-02
1.305000e+01	2.740785e-03	7.334608e-03	2.887788e-03	2.697106e-02	-1.588884e-02
1.310000e+01	3.027452e-03	7.555945e-03	3.300652e-03	2.729588e-02	-1.498663e-02
1.315000e+01	2.996787e-03	7.446917e-03	3.074162e-03	2.555196e-02	-1.548288e-02
1.320000e+01	2.754600e-03	7.084671e-03	3.187588e-03	2.142494e-02	-1.482744e-02
1.325000e+01	2.429458e-03	6.601334e-03	3.005995e-03	1.983479e-02	-1.572352e-02
1.330000e+01	2.114422e-03	6.109536e-03	2.771529e-03	1.977086e-02	-1.653153e-02
1.335000e+01	1.831649e-03	5.687106e-03	2.537111e-03	1.926029e-02	-1.682521e-02
1.340000e+01	1.534174e-03	5.396714e-03	1.947937e-03	1.836128e-02	-1.704848e-02
1.345000e+01	1.141728e-03	5.299190e-03	1.049409e-03	1.726087e-02	-1.620472e-02
1.350000e+01	5.921084e-04	5.438097e-03	5.528856e-04	1.605475e-02	-1.530127e-02
1.355000e+01	-1.166528e-04	5.794862e-03	-3.130426e-04	1.529841e-02	-1.771288e-02
1.360000e+01	-9.127771e-04	6.253869e-03	-1.156859e-03	1.561583e-02	-1.829857e-02
1.365000e+01	-1.671433e-03	6.634470e-03	-1.724902e-03	1.659653e-02	-1.733995e-02
1.370000e+01	-2.259303e-03	6.783098e-03	-2.156585e-03	1.808853e-02	-1.720974e-02
1.375000e+01	-2.582342e-03	6.665103e-03	-3.052377e-03	1.739865e-02	-1.923403e-02
1.380000e+01	-2.615690e-03	6.395208e-03	-3.502719e-03	1.829575e-02	-1.957740e-02
1.385000e+01	-2.404001e-03	6.156818e-03	-2.873956e-03	1.772831e-02	-1.767928e-02
1.390000e+01	-2.034600e-03	6.031174e-03	-2.372079e-03	1.651593e-02	-1.536118e-02
1.395000e+01	-1.597938e-03	5.917037e-03	-2.079081e-03	1.616428e-02	-1.545041e-02
1.400000e+01	-1.154416e-03	5.667464e-03	-1.519570e-03	1.439880e-02	-1.759910e-02
1.405000e+01	-7.263832e-04	5.292162e-03	-7.952495e-04	1.591042e-02	-1.803272e-02
1.410000e+01	-2.961064e-04	4.945525e-03	-5.639050e-04	1.566057e-02	-1.571641e-02
1.415000e+01	1.586141e-04	4.826376e-03	3.950904e-05	1.367135e-02	-1.191364e-02
1.420000e+01	6.347391e-04	4.933366e-03	5.960899e-04	1.317206e-02	-1.321383e-02
1.425000e+01	1.087356e-03	5.089356e-03	1.420756e-03	1.402607e-02	-1.430238e-02
1.430000e+01	1.437589e-03	5.172703e-03	1.763000e-03	1.617122e-02	-1.372550e-02
1.435000e+01	1.602886e-03	5.217576e-03	1.818280e-03	1.742447e-02	-1.476369e-02
1.440000e+01	1.536171e-03	5.320476e-03	1.827000e-03	1.595392e-02	-1.538656e-02
1.445000e+01	1.255136e-03	5.492235e-03	1.755733e-03	1.544043e-02	-1.499813e-02
1.450000e+01	8.463500e-04	5.627041e-03	9.005645e-04	1.500482e-02	-1.349260e-02
1.455000e+01	4.396471e-04	5.599670e-03	7.450797e-04	1.477755e-02	-1.438606e-02
1.460000e+01	1.615570e-04	5.355716e-03	4.868601e-04	1.390839e-02	-1.505155e-02
1.465000e+01	8.649289e-05	4.932702e-03	2.443002e-04	1.191180e-02	-1.371004e-02
1.470000e+01	2.063779e-04	4.439047e-03	5.760742e-04	1.031789e-02	-1.183460e-02
1.475000e+01	4.323407e-04	4.020042e-03	5.876528e-04	1.138268e-02	-1.018654e-02
1.480000e+01	6.289386e-04	3.806757e-03	7.624902e-04	1.348018e-02	-8.224820e-03
1.485000e+01	6.677183e-04	3.843509e-03	6.105000e-04	1.431714e-02	-9.429495e-03
1.490000e+01	4.786795e-04	4.061220e-03	2.108834e-04	1.611235e-02	-9.957146e-03
1.495000e+01	7.892591e-05	4.342345e-03	-1.121739e-04	1.628551e-02	-1.012907e-02
1.500000e+01	-4.328601e-04	4.589894e-03	-5.241133e-04	1.471872e-02	-1.100250e-02
1.505000e+01	-9.171641e-04	4.754034e-03	-1.061035e-03	1.172916e-02	-1.246277e-02
1.510000e+01	-1.231000e-03	4.787384e-03	-1.474130e-03	1.076097e-02	-1.250535e-02
1.515000e+01	-1.296450e-03	4.677779e-03	-1.589977e-03	1.087124e-02	-1.237613e-02
1.520000e+01	-1.120505e-03	4.448119e-03	-1.624663e-03	1.115588e-02	-1.218754e-02
1.525000e+01	-7.871269e-04	4.162190e-03	-1.257732e-03	1.236722e-02	-1.044302e-02
1.530000e+01	-4.205049e-04	3.903284e-03	-7.055572e-04	1.249995e-02	-9.984678e-03
1.535000e+01	-1.357334e-04	3.724436e-03	-2.556674e-04	1.187718e-02	-1.034303e-02
1.540000e+01	2.688346e-06	3.613264e-03	-8.350558e-05	1.150968e-02	-1.019200e-02
1.545000e+01	-1.415956e-06	3.521087e-03	-2.345415e-04	9.755142e-03	-9.199355e-03
1.550000e+01	-8.703836e-05	3.431479e-03	-1.539109e-04	9.943995e-03	-1.041875e-02
1.555000e+01	-1.687895e-04	3.396466e-03	-3.149615e-04	9.820940e-03	-1.028854e-02
1.560000e+01	-1.757246e-04	3.497320e-03	-2.584181e-04	8.481998e-03	-1.152277e-02
1.565000e+01	-7.935509e-05	3.752522e-03	-1.368532e-04	1.008735e-02	-1.193044e-02
1.570000e+01	9.987444e-05	4.078942e-03	3.207875e-04	1.122443e-02	-1.117733e-02
1.575000e+01	3.080634e-04	4.351591e-03	5.680996e-04	1.229522e-02	-9.860334e-03
1.580000e+01	4.860068e-04	4.476974e-03	5.084189e-04	1.194097e-02	-1.008697e-02
1.585000e+01	5.959020e-04	4.423799e-03	5.135368e-04	1.085789e-02	-1.031049e-02
1.590000e+01	6.343775e-04	4.217344e-03	6.452007e-04	1.172909e-02	-9.955597e-03
1.595000e+01	6.269586e-04	3.914671e-03	7.032659e-04	1.185070e-02	-1.052521e-02
1.600000e+01	6.082523e-04	3.577569e-03	5.286469e-04	1.035732e-02	-1.011438e-02
1.605000e+01	5.995192e-04	3.266235e-03	6.183828e-04	1.009954e-02	-8.819009e-03
1.610000e+01	5.906329e-04	3.022346e-03	7.934786e-04	1.020124e-02	-9.223415e-03
1.615000e+01	5.487766e-04	2.896753e-03	7.402346e-04	9.235933e-03	-9.661238e-03
1.620000e+01	4.313456e-04	2.916107e-03	4.971490e-04	8.606829e-03	-9.828537e-03
1.625000e+01	2.108595e-04	3.052083e-03	-1.412084e-05	8.565109e-03	-9.312020e-03
1.630000e+01	-1.037375e-04	3.232933e-03	-5.669182e-04	9.116063e-03	-8.126218e-03
1.635000e+01	-4.603152e-04	3.385718e-03	-1.088729e-03	8.776290e-03	-1.024457e-02
1.640000e+01	-7.760727e-04	3.465370e-03	-1.186648e-03	9.523287e-03	-1.159626e-02
1.645000e+01	-9.654885e-04	3.461151e-03	-1.210757e-03	9.860026e-03	-1.134774e-02
1.650000e+01	-9.727375e-04	3.388873e-03	-9.792515e-04	9.536189e-03	-1.007383e-02
1.655000e+01	-7.951115e-04	3.273620e-03	-6.828791e-04	8.655966e-03	-9.462942e-03
1.660000e+01	-4.872748e-04	3.130663e-03	-6.769329e-04	8.201763e-03	-8.604108e-03
1.665000e+01	-1.438948e-04	2.961913e-03	-3.142593e-04	7.501289e-03	-9.462726e-03
1.670000e+01	1.329831e-04	2.778484e-03	1.708320e-04	7.423886e-03	-8.847575e-03
1.675000e+01	2.692456e-04	2.628842e-03	4.095205e-04	6.885984e-03	-7.630076e-03
1.680000e+01	2.431445e-04	2.584736e-03	2.769556e-04	6.946762e-03	-7.925619e-03
1.685000e+01	8.984948e-05	2.666986e-03	-1.948704e-06	7.673745e-03	-7.230092e-03
1.690000e+01	-1.148024e-04	2.803862e-03	-2.756229e-04	7.087982e-03	-7.800150e-03
1.695000e+01	-2.841177e-04	2.898851e-03	-3.995039e-04	7.950178e-03	-8.500554e-03
1.700000e+01	-3.517937e-04	2.918993e-03	-3.346125e-04	7.824515e-03	-8.804112e-03
1.705000e+01	-2.942805e-04	2.922209e-03	-2.313984e-04	8.112181e-03	-8.222470e-03
1.710000e+01	-1.298715e-04	2.978428e-03	-1.430336e-04	7.729273e-03	-7.744645e-03
1.715000e+01	9.157325e-05	3.093387e-03	-1.263860e-04	9.534758e-03	-7.967056e-03
1.720000e+01	3.112526e-04	3.185789e-03	4.145321e-06	1.054400e-02	-8.639246e-03
1.725000e+01	4.831424e-04	3.165024e-03	2.677303e-04	1.008107e-02	-8.824238e-03
1.730000e+01	5.865600e-04	3.010037e-03	4.154182e-04	1.037830e-02	-8.183862e-03
1.735000e+01	6.258382e-04	2.795474e-03	6.732481e-04	9.313318e-03	-8.212660e-03
1.740000e+01	6.193680e-04	2.655299e-03	5.481061e-04	7.096191e-03	-7.800769e-03
1.745000e+01	5.846891e-04	2.675519e-03	7.521658e-04	7.012982e-03	-6.987629e-03
1.750000e+01	5.273669e-04	2.804856e-03	7.123849e-04	7.517831e-03	-7.454827e-03
1.755000e+01	4.388569e-04	2.915196e-03	5.408167e-04	7.704981e-03	-8.615329e-03
1.760000e+01	3.038349e-04	2.917044e-03	3.124272e-04	7.646577e-03	-9.185709e-03
1.765000e+01	1.128122e-04	2.808026e-03	1.037738e-04	7.869022e-03	-9.921325e-03
1.770000e+01	-1.266001e-04	2.663263e-03	-1.630398e-04	7.602569e-03	-9.652450e-03
1.775000e+01	-3.856789e-04	2.581961e-03	-4.711102e-04	7.486454e-03	-8.399694e-03
1.780000e+01	-6.202630e-04	2.603653e-03	-4.782846e-04	7.101557e-03	-7.288704e-03
1.785000e+01	-7.840477e-04	2.674373e-03	-4.974557e-04	6.938041e-03	-8.418721e-03
1.790000e+01	-8.439698e-04	2.709626e-03	-7.142042e-04	6.884537e-03	-8.694038e-03
1.795000e+01	-7.912517e-04	2.666882e-03	-8.171569e-04	8.632788e-03	-8.729139e-03
1.800000e+01	-6.436473e-04	2.562509e-03	-7.426164e-04	9.559155e-03	-7.672278e-03
1.805000e+01	-4.373451e-04	2.447948e-03	-6.360385e-04	9.194786e-03	-6.957105e-03
1.810000e+01	-2.157286e-04	2.358306e-03	-4.070495e-04	8.088398e-03	-7.262454e-03
1.815000e+01	-1.579355e-05	2.299973e-03	-1.223297e-04	7.163106e-03	-6.876138e-03
1.820000e+01	1.416499e-04	2.259699e-03	2.606608e-05	6.762447e-03	-5.747870e-03
1.825000e+01	2.531897e-04	2.230009e-03	1.901959e-04	5.939531e-03	-5.896991e-03
1.830000e+01	3.269169e-04	2.216116e-03	4.044053e-04	6.433470e-03	-6.230698e-03
1.835000e+01	3.732307e-04	2.224641e-03	4.389055e-04	6.802074e-03	-6.284449e-03
1.840000e+01	3.972277e-04	2.253230e-03	4.344251e-04	6.654878e-03	-5.801327e-03
1.845000e+01	3.962869e-04	2.291663e-03	3.658952e-04	6.455314e-03	-5.536653e-03
1.850000e+01	3.635752e-04	2.329494e-03	4.830134e-04	7.154358e-03	-6.236499e-03
1.855000e+01	2.951298e-04	2.361567e-03	3.165182e-04	7.024373e-03	-7.666121e-03
1.860000e+01	1.963916e-04	2.386890e-03	1.958359e-04	5.892199e-03	-8.535061e-03
1.865000e+01	8.436731e-05	2.400482e-03	3.049477e-05	6.263229e-03	-9.016162e-03
1.870000e+01	-1.621357e-05	2.385120e-03	-7.569225e-05	6.299943e-03	-8.921620e-03
1.875000e+01	-8.138540e-05	2.315777e-03	-1.873778e-04	6.227015e-03	-7.896278e-03
1.880000e+01	-9.735313e-05	2.181761e-03	-1.433193e-04	5.989199e-03	-6.706646e-03
1.885000e+01	-6.648604e-05	2.014897e-03	-1.899618e-04	5.599284e-03	-5.702258e-03
1.890000e+01	-6.989712e-06	1.897270e-03	-1.612239e-04	5.865342e-03	-5.294343e-03
1.895000e+01	5.385269e-05	1.910183e-03	-5.306720e-05	5.719813e-03	-5.503163e-03
1.900000e+01	9.009978e-05	2.045695e-03	-2.591277e-05	6.769480e-03	-5.035798e-03
1.905000e+01	8.609595e-05	2.215086e-03	-9.900371e-05	7.675403e-03	-5.112280e-03
1.910000e+01	4.291595e-05	2.330629e-03	-1.922876e-04	7.386916e-03	-5.774792e-03
1.915000e+01	-2.365559e-05	2.361211e-03	-2.167283e-04	7.488520e-03	-5.779198e-03
1.920000e+01	-9.143650e-05	2.320332e-03	-2.860805e-04	7.464791e-03	-6.450877e-03
1.925000e+01	-1.419439e-04	2.236305e-03	-3.334618e-04	6.806489e-03	-7.127617e-03
1.930000e+01	-1.679725e-04	2.129807e-03	-3.024184e-04	6.776711e-03	-7.070395e-03
1.935000e+01	-1.753015e-04	2.014478e-03	-1.754366e-04	6.830173e-03	-6.357746e-03
1.940000e+01	-1.779439e-04	1.911436e-03	-1.068756e-04	5.915743e-03	-5.132019e-03
1.945000e+01	-1.893511e-04	1.851103e-03	-1.417147e-04	6.155355e-03	-5.020941e-03
1.950000e+01	-2.138541e-04	1.850712e-03	-2.111302e-04	6.201569e-03	-5.488981e-03
1.955000e+01	-2.425280e-04	1.893324e-03	-2.490292e-04	6.096730e-03	-5.845796e-03
1.960000e+01	-2.556555e-04	1.939732e-03	-2.726501e-04	5.478218e-03	-6.015650e-03
1.965000e+01	-2.309588e-04	1.958868e-03	-2.198029e-04	4.901276e-03	-5.851467e-03
1.970000e+01	-1.541103e-04	1.945843e-03	-1.060767e-04	5.179961e-03	-6.163228e-03
1.975000e+01	-2.690550e-05	1.920400e-03	4.111378e-05	5.814322e-03	-6.391731e-03
1.980000e+01	1.306200e-04	1.910651e-03	1.935070e-04	5.900432e-03	-6.173221e-03
1.985000e+01	2.853290e-04	1.930287e-03	3.646900e-04	5.336746e-03	-5.481509e-03
1.990000e+01	4.015316e-04	1.966015e-03	4.379957e-04	6.290121e-03	-5.926187e-03
1.995000e+01	4.528509e-04	1.987884e-03	5.071981e-04	7.248945e-03	-6.052300e-03
2.000000e+01	4.307915e-04	1.972061e-03	4.525670e-04	7.064289e-03	-5.767294e-03
