# k	<chi>	std	chi_median	chi_max	chi_min
0.000000e+00	-9.531561e-02	2.331223e-01	0.000000e+00	7.442710e-01	-5.891616e-01
5.000000e-02	-1.880520e-01	2.968627e-01	-2.683101e-01	7.351307e-01	-6.007974e-01
1.000000e-01	-1.923512e-01	2.967187e-01	-2.771501e-01	7.254839e-01	-6.035974e-01
1.500000e-01	-2.057730e-01	2.958709e-01	-2.866865e-01	6.927923e-01	-6.116685e-01
2.000000e-01	-2.197556e-01	2.948260e-01	-2.908247e-01	6.559524e-01	-6.209737e-01
2.500000e-01	-2.442966e-01	2.920841e-01	-2.890454e-01	5.888994e-01	-6.387345e-01
3.000000e-01	-2.697939e-01	2.891169e-01	-2.892292e-01	5.141393e-01	-6.727488e-01
3.500000e-01	-3.060838e-01	2.843180e-01	-2.977363e-01	4.088237e-01	-7.392589e-01
4.000000e-01	-3.422770e-01	2.802336e-01	-3.225877e-01	2.924196e-01	-8.004265e-01
4.500000e-01	-3.856689e-01	2.763318e-01	-3.758147e-01	1.368489e-01	-8.739477e-01
5.000000e-01	-4.251168e-01	2.748417e-01	-4.584669e-01	5.482489e-03	-9.341047e-01
5.500000e-01	-4.634485e-01	2.754909e-01	-5.310223e-01	-2.294356e-02	-9.828407e-01
6.000000e-01	-4.914332e-01	2.778430e-01	-5.687043e-01	-5.246826e-02	-1.028519e+00
6.500000e-01	-5.074104e-01	2.796539e-01	-5.600458e-01	-7.392425e-02	-1.070601e+00
7.000000e-01	-5.067495e-01	2.785159e-01	-5.226201e-01	-6.754555e-02	-1.069256e+00
7.500000e-01	-4.853931e-01	2.708915e-01	-4.571072e-01	-6.374128e-02	-1.038609e+00
8.000000e-01	-4.457602e-01	2.562224e-01	-3.779340e-01	-6.321461e-02	-1.005363e+00
8.500000e-01	-3.846347e-01	2.322403e-01	-2.902907e-01	-6.332752e-02	-9.630752e-01
9.000000e-01	-3.121209e-01	2.031303e-01	-2.104326e-01	-6.219415e-02	-8.741950e-01
9.500000e-01	-2.284342e-01	1.704545e-01	-1.574631e-01	4.466507e-02	-7.488197e-01
1.000000e+00	-1.483854e-01	1.436282e-01	-1.252025e-01	1.452954e-01	-6.162375e-01
1.050000e+00	-7.506821e-02	1.275443e-01	-8.004122e-02	2.214443e-01	-4.546533e-01
1.100000e+00	-2.133366e-02	1.253204e-01	-5.778724e-02	2.713929e-01	-2.874954e-01
1.150000e+00	1.046337e-02	1.291682e-01	-3.648658e-02	3.124973e-01	-1.811283e-01
1.200000e+00	1.672499e-02	1.298731e-01	-3.541698e-02	3.080533e-01	-1.945534e-01
1.250000e+00	-2.442883e-05	1.216447e-01	-4.036087e-02	2.585439e-01	-2.079591e-01
1.300000e+00	-3.175150e-02	1.034350e-01	-5.526055e-02	1.750060e-01	-2.216785e-01
1.350000e+00	-7.080437e-02	7.709037e-02	-7.183992e-02	1.217274e-01	-2.367400e-01
1.400000e+00	-1.033237e-01	5.065852e-02	-9.486801e-02	7.523951e-02	-2.393573e-01
1.450000e+00	-1.217519e-01	3.891694e-02	-1.168155e-01	3.347678e-02	-2.243262e-01
1.500000e+00	-1.173988e-01	5.102811e-02	-1.298159e-01	9.290502e-03	-2.005079e-01
1.550000e+00	-8.940121e-02	6.869235e-02	-1.039563e-01	4.807507e-02	-2.209619e-01
1.600000e+00	-4.173032e-02	7.999608e-02	-5.063689e-02	1.019391e-01	-2.145187e-01
1.650000e+00	1.851067e-02	8.420802e-02	2.287749e-02	1.514080e-01	-1.806506e-01
1.700000e+00	7.795931e-02	8.139750e-02	9.793660e-02	1.868271e-01	-1.287708e-01
1.750000e+00	1.282511e-01	7.431044e-02	1.536954e-01	2.107872e-01	-7.156121e-02
1.800000e+00	1.580964e-01	6.399270e-02	1.801895e-01	2.450368e-01	-2.222893e-02
1.850000e+00	1.666456e-01	5.256459e-02	1.754691e-01	2.488504e-01	1.571879e-02
1.900000e+00	1.530840e-01	4.197886e-02	1.590894e-01	2.326558e-01	3.931506e-02
1.950000e+00	1.255053e-01	3.698997e-02	1.184536e-01	1.994697e-01	5.440605e-02
2.000000e+00	9.077072e-02	3.870710e-02	8.711808e-02	1.739096e-01	2.188466e-02
2.050000e+00	5.842321e-02	4.428896e-02	4.939982e-02	1.523858e-01	-2.031629e-02
2.100000e+00	3.365354e-02	4.663997e-02	2.101894e-02	1.267123e-01	-5.106143e-02
2.150000e+00	1.922133e-02	4.427794e-02	1.103373e-02	1.012193e-01	-6.702256e-02
2.200000e+00	1.366754e-02	3.895007e-02	1.639905e-02	7.587909e-02	-7.450368e-02
2.250000e+00	1.237400e-02	3.301480e-02	2.441295e-02	5.553893e-02	-7.350621e-02
2.300000e+00	1.098264e-02	2.657415e-02	2.000892e-02	4.115748e-02	-6.577941e-02
2.350000e+00	7.220897e-03	1.960842e-02	1.372542e-02	3.906036e-02	-5.183948e-02
2.400000e+00	1.106293e-03	1.349612e-02	4.455701e-03	2.863052e-02	-3.581001e-02
2.450000e+00	-4.232599e-03	1.198196e-02	-1.498238e-03	2.161727e-02	-3.079741e-02
2.500000e+00	-9.088936e-03	1.352972e-02	-5.695786e-03	1.609119e-02	-4.115495e-02
2.550000e+00	-1.257781e-02	1.562569e-02	-9.693460e-03	1.441458e-02	-4.596164e-02
2.600000e+00	-1.408811e-02	1.661988e-02	-1.541114e-02	1.489759e-02	-4.469438e-02
2.650000e+00	-1.523578e-02	1.733040e-02	-1.926101e-02	1.671425e-02	-4.480757e-02
2.700000e+00	-1.470029e-02	1.703584e-02	-2.070567e-02	1.985351e-02	-4.153998e-02
2.750000e+00	-1.271040e-02	1.597037e-02	-2.079871e-02	2.198310e-02	-3.487595e-02
2.800000e+00	-9.725856e-03	1.444281e-02	-1.653197e-02	2.265275e-02	-2.868426e-02
2.850000e+00	-6.968061e-03	1.302697e-02	-1.155765e-02	2.317365e-02	-2.813960e-02
2.900000e+00	-3.904527e-03	1.134649e-02	-6.436257e-03	2.247954e-02	-2.695829e-02
2.950000e+00	-1.032763e-03	9.581052e-03	-1.985757e-03	2.038864e-02	-2.321424e-02
3.000000e+00	1.278007e-03	7.919767e-03	1.714447e-03	1.736156e-02	-1.797861e-02
3.050000e+00	2.782494e-03	6.477424e-03	4.207054e-03	1.584533e-02	-1.240354e-02
3.100000e+00	3.552352e-03	5.785337e-03	4.014474e-03	1.904598e-02	-8.404924e-03
3.150000e+00	3.734368e-03	5.853946e-03	2.397288e-03	2.042085e-02	-5.760669e-03
3.200000e+00	3.578967e-03	6.424909e-03	2.384450e-03	2.134140e-02	-9.208203e-03
3.250000e+00	3.309493e-03	7.076812e-03	2.895234e-03	2.216390e-02	-1.334727e-02
3.300000e+00	3.343741e-03	7.761202e-03	3.994488e-03	2.229603e-02	-1.613943e-02
3.350000e+00	3.792472e-03	8.439408e-03	4.700272e-03	2.224704e-02	-1.773775e-02
3.400000e+00	4.537768e-03	8.994894e-03	5.691928e-03	2.266841e-02	-1.769756e-02
3.450000e+00	5.425491e-03	9.186542e-03	6.877600e-03	2.428130e-02	-1.582911e-02
3.500000e+00	5.959744e-03	8.908739e-03	7.454567e-03	2.419282e-02	-1.404275e-02
3.550000e+00	5.712830e-03	8.089195e-03	6.117614e-03	2.155257e-02	-1.155066e-02
3.600000e+00	4.420504e-03	6.893928e-03	3.739869e-03	2.023553e-02	-8.501113e-03
3.650000e+00	2.205019e-03	5.726107e-03	2.653433e-04	1.784872e-02	-7.559627e-03
3.700000e+00	-9.343430e-04	5.406016e-03	-1.457288e-03	1.401360e-02	-1.132793e-02
3.750000e+00	-4.572737e-03	6.139701e-03	-3.327499e-03	7.607483e-03	-1.913093e-02
3.800000e+00	-8.180905e-03	7.162092e-03	-5.359333e-03	1.707548e-03	-2.681431e-02
3.850000e+00	-1.125055e-02	7.794510e-03	-8.624937e-03	1.040454e-03	-3.155970e-02
3.900000e+00	-1.350119e-02	7.769732e-03	-1.110003e-02	1.325698e-03	-3.326757e-02
3.950000e+00	-1.464466e-02	7.240863e-03	-1.332803e-02	2.572527e-03	-3.270173e-02
4.000000e+00	-1.454343e-02	6.631619e-03	-1.394982e-02	3.798572e-03	-3.011815e-02
4.050000e+00	-1.339339e-02	6.399187e-03	-1.221859e-02	4.483202e-03	-3.035643e-02
4.100000e+00	-1.115166e-02	6.533388e-03	-9.566385e-03	4.550285e-03	-3.027286e-02
4.150000e+00	-7.923834e-03	6.742962e-03	-6.440524e-03	5.924480e-03	-2.867333e-02
4.200000e+00	-3.920196e-03	7.001901e-03	-3.760908e-03	1.246497e-02	-2.306009e-02
4.250000e+00	2.662370e-04	7.728435e-03	1.370264e-04	1.984099e-02	-2.121432e-02
4.300000e+00	4.498103e-03	9.156080e-03	4.314844e-03	2.528507e-02	-1.895580e-02
4.350000e+00	8.289782e-03	1.099901e-02	9.249343e-03	2.756994e-02	-1.539325e-02
4.400000e+00	1.117153e-02	1.256910e-02	1.246996e-02	3.165465e-02	-1.216425e-02
4.450000e+00	1.269920e-02	1.318576e-02	1.387361e-02	3.705539e-02	-1.078684e-02
4.500000e+00	1.295844e-02	1.258474e-02	1.324565e-02	3.888467e-02	-9.694002e-03
4.550000e+00	1.215762e-02	1.083776e-02	1.112730e-02	3.699079e-02	-8.384811e-03
4.600000e+00	1.076143e-02	8.536770e-03	9.039376e-03	3.425326e-02	-6.351210e-03
4.650000e+00	9.286327e-03	7.017353e-03	8.445897e-03	3.006268e-02	-7.997758e-03
4.700000e+00	8.359169e-03	7.570123e-03	9.183011e-03	2.652301e-02	-1.310247e-02
4.750000e+00	8.275637e-03	9.587087e-03	9.093983e-03	2.784405e-02	-1.629328e-02
4.800000e+00	8.976171e-03	1.171576e-02	9.120893e-03	3.029715e-02	-1.753362e-02
4.850000e+00	1.006470e-02	1.329536e-02	1.018620e-02	3.833142e-02	-1.727822e-02
4.900000e+00	1.094801e-02	1.405718e-02	1.058869e-02	4.401441e-02	-1.600166e-02
4.950000e+00	1.096203e-02	1.389299e-02	1.070926e-02	4.554471e-02	-1.604179e-02
5.000000e+00	9.623068e-03	1.282207e-02	8.871730e-03	4.227276e-02	-1.789725e-02
5.050000e+00	6.819734e-03	1.109279e-02	6.097139e-03	3.455332e-02	-2.128887e-02
5.100000e+00	2.768808e-03	9.360533e-03	1.278395e-03	2.614622e-02	-2.276303e-02
5.150000e+00	-2.017348e-03	8.713704e-03	-2.817399e-03	1.968020e-02	-2.320790e-02
5.200000e+00	-6.904548e-03	9.741439e-03	-6.956479e-03	1.351581e-02	-3.121046e-02
5.250000e+00	-1.128238e-02	1.168933e-02	-1.137762e-02	1.650534e-02	-3.781164e-02
5.300000e+00	-1.482554e-02	1.363174e-02	-1.562355e-02	2.021605e-02	-4.437871e-02
5.350000e+00	-1.745413e-02	1.509597e-02	-1.886188e-02	2.363221e-02	-4.805555e-02
5.400000e+00	-1.928610e-02	1.601246e-02	-2.159220e-02	2.558305e-02	-4.788920e-02
5.450000e+00	-2.040589e-02	1.645433e-02	-2.352055e-02	2.636875e-02	-4.979559e-02
5.500000e+00	-2.099653e-02	1.665596e-02	-2.460105e-02	2.594165e-02	-4.995565e-02
5.550000e+00	-2.099061e-02	1.671025e-02	-2.394658e-02	2.436624e-02	-5.079678e-02
5.600000e+00	-2.014917e-02	1.654078e-02	-2.200172e-02	2.168961e-02	-5.349394e-02
5.650000e+00	-1.808251e-02	1.589410e-02	-1.977797e-02	2.265451e-02	-5.429343e-02
5.700000e+00	-1.465619e-02	1.473483e-02	-1.571238e-02	2.651994e-02	-4.963479e-02
5.750000e+00	-9.862775e-03	1.329343e-02	-1.015594e-02	2.913004e-02	-4.486831e-02
5.800000e+00	-3.974618e-03	1.233004e-02	-3.636165e-03	3.007397e-02	-4.009634e-02
5.850000e+00	2.533452e-03	1.274335e-02	2.590487e-03	3.248245e-02	-3.074570e-02
5.900000e+00	8.951796e-03	1.457390e-02	1.051279e-02	4.814226e-02	-2.903520e-02
5.950000e+00	1.467759e-02	1.686313e-02	1.584663e-02	6.006623e-02	-2.813247e-02
6.000000e+00	1.927670e-02	1.871312e-02	1.917583e-02	6.549135e-02	-2.682574e-02
6.050000e+00	2.248561e-02	1.965743e-02	2.306385e-02	6.412472e-02	-2.366639e-02
6.100000e+00	2.425996e-02	1.981039e-02	2.752992e-02	6.455302e-02	-2.449674e-02
6.150000e+00	2.465180e-02	1.945535e-02	2.977991e-02	6.295436e-02	-2.846147e-02
6.200000e+00	2.369394e-02	1.884872e-02	2.955474e-02	6.140403e-02	-3.418832e-02
6.250000e+00	2.135412e-02	1.808327e-02	2.626520e-02	6.073300e-02	-3.588801e-02
6.300000e+00	1.757648e-02	1.713263e-02	2.097443e-02	5.994259e-02	-3.405093e-02
6.350000e+00	1.239554e-02	1.597473e-02	1.410886e-02	5.457170e-02	-2.966206e-02
6.400000e+00	6.067911e-03	1.465296e-02	6.014809e-03	4.569039e-02	-2.961375e-02
6.450000e+00	-8.504582e-04	1.327275e-02	-2.047709e-03	3.888196e-02	-3.113831e-02
6.500000e+00	-7.537887e-03	1.204258e-02	-8.735566e-03	3.250941e-02	-3.296642e-02
6.550000e+00	-1.307930e-02	1.134567e-02	-1.429571e-02	2.457611e-02	-3.608653e-02
6.600000e+00	-1.663355e-02	1.181722e-02	-1.735610e-02	1.828312e-02	-4.454202e-02
6.650000e+00	-1.779428e-02	1.357873e-02	-1.741899e-02	1.411868e-02	-5.157534e-02
6.700000e+00	-1.668290e-02	1.604503e-02	-1.475791e-02	1.726614e-02	-5.688590e-02
6.750000e+00	-1.393137e-02	1.841508e-02	-1.211702e-02	2.357398e-02	-5.760023e-02
6.800000e+00	-1.049799e-02	2.007133e-02	-1.021090e-02	2.958593e-02	-5.697895e-02
6.850000e+00	-7.373253e-03	2.070585e-02	-8.401254e-03	3.354814e-02	-5.266160e-02
6.900000e+00	-5.276454e-03	2.035304e-02	-6.452995e-03	3.812528e-02	-4.941238e-02
6.950000e+00	-4.450579e-03	1.937109e-02	-5.877127e-03	3.849151e-02	-4.736521e-02
7.000000e+00	-4.627649e-03	1.832668e-02	-5.562665e-03	3.654979e-02	-4.383996e-02
7.050000e+00	-5.157888e-03	1.768083e-02	-5.039324e-03	3.410950e-02	-4.831657e-02
7.100000e+00	-5.313001e-03	1.759203e-02	-5.009718e-03	3.420762e-02	-4.977583e-02
7.150000e+00	-4.543819e-03	1.771467e-02	-3.789314e-03	3.765168e-02	-4.993717e-02
7.200000e+00	-2.686483e-03	1.757519e-02	-1.623123e-03	4.150268e-02	-4.604273e-02
7.250000e+00	2.375779e-06	1.691507e-02	2.703806e-04	4.241153e-02	-3.828672e-02
7.300000e+00	2.975300e-03	1.584542e-02	2.133923e-03	3.881443e-02	-3.159853e-02
7.350000e+00	5.627363e-03	1.485561e-02	4.706932e-03	4.768703e-02	-2.894644e-02
7.400000e+00	7.533092e-03	1.463322e-02	5.893699e-03	5.631406e-02	-2.714106e-02
7.450000e+00	8.589333e-03	1.557981e-02	7.641277e-03	5.966863e-02	-3.305493e-02
7.500000e+00	9.008760e-03	1.744052e-02	9.804952e-03	5.752759e-02	-3.959883e-02
7.550000e+00	9.132709e-03	1.954819e-02	1.122264e-02	5.281500e-02	-4.275946e-02
7.600000e+00	9.321162e-03	2.139921e-02	1.228799e-02	5.236673e-02	-4.321925e-02
7.650000e+00	9.669601e-03	2.268482e-02	1.399105e-02	5.233275e-02	-4.135419e-02
7.700000e+00	9.951318e-03	2.326037e-02	1.416537e-02	6.085766e-02	-4.306338e-02
7.750000e+00	9.692415e-03	2.303579e-02	1.295581e-02	6.591105e-02	-4.295106e-02
7.800000e+00	8.374125e-03	2.192908e-02	1.052610e-02	6.581738e-02	-4.448013e-02
7.850000e+00	5.681342e-03	1.994320e-02	6.128520e-03	5.932483e-02	-4.356334e-02
7.900000e+00	1.694628e-03	1.736277e-02	2.218660e-03	5.034293e-02	-3.838202e-02
7.950000e+00	-3.056971e-03	1.499878e-02	-3.354772e-03	4.101867e-02	-3.718304e-02
8.000000e+00	-7.711395e-03	1.413160e-02	-7.754640e-03	2.849501e-02	-4.384617e-02
8.050000e+00	-1.130606e-02	1.534100e-02	-1.037191e-02	2.805427e-02	-5.111220e-02
8.100000e+00	-1.308564e-02	1.766141e-02	-1.223860e-02	3.741066e-02	-5.616452e-02
8.150000e+00	-1.276221e-02	1.969392e-02	-1.238509e-02	4.410413e-02	-5.644557e-02
8.200000e+00	-1.057785e-02	2.062597e-02	-1.081654e-02	4.680797e-02	-6.459683e-02
8.250000e+00	-7.216028e-03	2.029794e-02	-7.756104e-03	4.785566e-02	-6.484670e-02
8.300000e+00	-3.577582e-03	1.905274e-02	-5.802359e-03	4.817039e-02	-5.803396e-02
8.350000e+00	-5.049453e-04	1.751544e-02	-2.473319e-03	4.493367e-02	-4.634053e-02
8.400000e+00	1.449078e-03	1.627158e-02	1.187125e-03	4.492332e-02	-4.079157e-02
8.450000e+00	2.135064e-03	1.553917e-02	2.045361e-03	4.375771e-02	-3.908743e-02
8.500000e+00	1.779183e-03	1.511797e-02	1.156735e-03	4.055921e-02	-4.293488e-02
8.550000e+00	8.402011e-04	1.466308e-02	-1.121550e-03	3.347779e-02	-4.519036e-02
8.600000e+00	-1.706112e-04	1.396901e-02	-1.267649e-03	3.358319e-02	-4.267250e-02
8.650000e+00	-8.506587e-04	1.301082e-02	-1.698155e-03	3.372524e-02	-3.566089e-02
8.700000e+00	-9.974775e-04	1.198923e-02	-1.709560e-03	3.267642e-02	-3.019034e-02
8.750000e+00	-6.050399e-04	1.141329e-02	-2.068859e-03	3.446502e-02	-2.797957e-02
8.800000e+00	2.067614e-04	1.194624e-02	-6.544893e-04	3.657493e-02	-2.981160e-02
8.850000e+00	1.282368e-03	1.373281e-02	1.742711e-03	4.127635e-02	-4.157313e-02
8.900000e+00	2.493902e-03	1.612225e-02	4.895611e-03	4.044461e-02	-4.773437e-02
8.950000e+00	3.752455e-03	1.823920e-02	7.664387e-03	4.567697e-02	-4.923207e-02
9.000000e+00	4.973234e-03	1.945429e-02	9.360989e-03	4.906476e-02	-4.542977e-02
9.050000e+00	6.034053e-03	1.954273e-02	1.109821e-02	4.910774e-02	-4.446458e-02
9.100000e+00	6.714681e-03	1.865090e-02	1.124754e-02	4.696371e-02	-4.364171e-02
9.150000e+00	6.771023e-03	1.723705e-02	1.038672e-02	4.259206e-02	-4.561105e-02
9.200000e+00	5.994624e-03	1.582494e-02	9.099766e-03	4.000430e-02	-4.449682e-02
9.250000e+00	4.307332e-03	1.471584e-02	7.042154e-03	3.868283e-02	-4.157544e-02
9.300000e+00	1.833234e-03	1.385548e-02	3.873212e-03	3.398821e-02	-3.840361e-02
9.350000e+00	-1.089457e-03	1.304474e-02	9.541902e-05	3.028367e-02	-3.696545e-02
9.400000e+00	-3.971341e-03	1.231939e-02	-3.244076e-03	2.978314e-02	-3.449046e-02
9.450000e+00	-6.293996e-03	1.212884e-02	-6.937409e-03	2.818776e-02	-3.487293e-02
9.500000e+00	-7.650706e-03	1.298351e-02	-9.448359e-03	2.640944e-02	-3.611534e-02
9.550000e+00	-7.859588e-03	1.478806e-02	-9.658303e-03	3.214876e-02	-4.253764e-02
9.600000e+00	-6.990409e-03	1.676820e-02	-7.933465e-03	3.633811e-02	-4.665021e-02
9.650000e+00	-5.341055e-03	1.810724e-02	-5.562085e-03	3.772473e-02	-5.061810e-02
9.700000e+00	-3.326675e-03	1.831560e-02	-2.854216e-03	3.678968e-02	-4.924409e-02
9.750000e+00	-1.353543e-03	1.734941e-02	-1.044529e-03	4.014585e-02	-4.234436e-02
9.800000e+00	2.836442e-04	1.560783e-02	-3.602833e-04	4.392138e-02	-3.600666e-02
9.850000e+00	1.448730e-03	1.381826e-02	9.420000e-04	4.214798e-02	-3.827810e-02
9.900000e+00	2.148084e-03	1.272231e-02	1.644339e-03	3.742380e-02	-3.584671e-02
9.950000e+00	2.470140e-03	1.257137e-02	2.179630e-03	3.449720e-02	-2.993843e-02
1.000000e+01	2.514587e-03	1.297731e-02	1.892102e-03	3.520092e-02	-2.661884e-02
1.005000e+01	2.345718e-03	1.340114e-02	1.777637e-03	3.856950e-02	-3.207691e-02
1.010000e+01	1.986993e-03	1.352963e-02	1.172390e-03	3.802948e-02	-3.525309e-02
1.015000e+01	1.448441e-03	1.333171e-02	6.796847e-04	3.473079e-02	-3.505395e-02
1.020000e+01	7.731136e-04	1.295594e-02	1.638488e-04	3.602221e-02	-3.504974e-02
1.025000e+01	6.837050e-05	1.262095e-02	3.448247e-04	3.879021e-02	-3.175720e-02
1.030000e+01	-4.994238e-04	1.247370e-02	1.931142e-04	3.643492e-02	-3.183988e-02
1.035000e+01	-7.502604e-04	1.246709e-02	-2.040921e-04	3.539380e-02	-3.144654e-02
1.040000e+01	-5.589401e-04	1.239196e-02	-1.262682e-04	3.500211e-02	-3.128845e-02
1.045000e+01	8.317640e-05	1.205849e-02	1.905203e-04	3.624670e-02	-3.316271e-02
1.050000e+01	1.042287e-03	1.146322e-02	-9.633038e-05	3.473035e-02	-3.360546e-02
1.055000e+01	2.067437e-03	1.082221e-02	9.375756e-04	3.312644e-02	-3.660443e-02
1.060000e+01	2.861282e-03	1.043813e-02	1.992282e-03	3.247677e-02	-3.688060e-02
1.065000e+01	3.171691e-03	1.045562e-02	2.872671e-03	3.424613e-02	-3.401926e-02
1.070000e+01	2.870717e-03	1.072595e-02	2.986290e-03	3.938032e-02	-2.833495e-02
1.075000e+01	1.992434e-03	1.093599e-02	2.016040e-03	3.879461e-02	-2.758301e-02
1.080000e+01	7.173663e-04	1.082551e-02	7.734695e-04	3.343580e-02	-2.817310e-02
1.085000e+01	-6.882146e-04	1.032619e-02	-3.441343e-04	2.819436e-02	-3.095926e-02
1.090000e+01	-1.953736e-03	9.633757e-03	-1.260029e-03	2.472981e-02	-3.269944e-02
1.095000e+01	-2.876608e-03	9.178590e-03	-2.465764e-03	1.901266e-02	-3.090777e-02
1.100000e+01	-3.362165e-03	9.323789e-03	-3.532063e-03	2.368316e-02	-2.769653e-02
1.105000e+01	-3.423474e-03	9.950380e-03	-4.103369e-03	2.562366e-02	-2.575881e-02
1.110000e+01	-3.145052e-03	1.050024e-02	-3.804499e-03	2.912279e-02	-2.519731e-02
1.115000e+01	-2.646520e-03	1.051040e-02	-3.451506e-03	2.954944e-02	-2.706940e-02
1.120000e+01	-2.038606e-03	9.900500e-03	-3.038532e-03	2.692232e-02	-2.757157e-02
1.125000e+01	-1.402739e-03	9.017153e-03	-1.943543e-03	2.405000e-02	-2.380771e-02
1.130000e+01	-7.912474e-04	8.436389e-03	-8.625920e-04	2.357616e-02	-2.334628e-02
1.135000e+01	-2.388951e-04	8.461579e-03	2.971939e-04	2.092188e-02	-2.218974e-02
1.140000e+01	2.273021e-04	8.809354e-03	3.216933e-04	2.115737e-02	-2.293227e-02
1.145000e+01	5.888181e-04	9.024851e-03	3.214799e-04	2.587681e-02	-2.529582e-02
1.150000e+01	8.464915e-04	8.947222e-03	4.958997e-04	2.856406e-02	-2.649071e-02
1.155000e+01	1.032225e-03	8.744716e-03	6.673592e-04	2.626499e-02	-2.510326e-02
1.160000e+01	1.208972e-03	8.677334e-03	9.571106e-04	2.529721e-02	-2.186366e-02
1.165000e+01	1.451208e-03	8.822067e-03	1.392243e-03	2.655894e-02	-1.908903e-02
1.170000e+01	1.808778e-03	9.029115e-03	1.831816e-03	2.793397e-02	-2.114277e-02
1.175000e+01	2.268423e-03	9.105732e-03	2.232164e-03	2.741740e-02	-2.311412e-02
1.180000e+01	2.732938e-03	8.954721e-03	3.156918e-03	2.443164e-02	-2.281155e-02
1.185000e+01	3.034151e-03	8.574731e-03	3.646546e-03	2.399799e-02	-2.001882e-02
1.190000e+01	2.982856e-03	8.022100e-03	3.071631e-03	2.320321e-02	-1.748679e-02
1.195000e+01	2.441924e-03	7.420062e-03	2.421057e-03	2.217494e-02	-1.603039e-02
1.200000e+01	1.395411e-03	6.992148e-03	7.817711e-04	2.302743e-02	-1.515481e-02
1.205000e+01	-2.542288e-05	7.009984e-03	-6.937816e-04	2.211596e-02	-1.638559e-02
1.210000e+01	-1.539082e-03	7.510670e-03	-2.432619e-03	2.196032e-02	-2.004818e-02
1.215000e+01	-2.801688e-03	8.252935e-03	-3.148276e-03	2.137672e-02	-2.395372e-02
1.220000e+01	-3.511531e-03	8.896640e-03	-2.925190e-03	2.010208e-02	-2.808022e-02
1.225000e+01	-3.510608e-03	9.197765e-03	-2.454034e-03	1.733117e-02	-2.972827e-02
1.230000e+01	-2.842947e-03	9.066270e-03	-2.000606e-03	2.013610e-02	-3.026584e-02
1.235000e+01	-1.745309e-03	8.558842e-03	-1.125785e-03	2.263366e-02	-2.758376e-02
1.240000e+01	-5.704609e-04	7.857295e-03	-9.763587e-05	2.401686e-02	-2.430647e-02
1.245000e+01	3.311278e-04	7.225499e-03	2.615104e-04	2.323796e-02	-1.973848e-02
1.250000e+01	7.286417e-04	6.894612e-03	9.805232e-04	2.115549e-02	-1.926731e-02
1.255000e+01	5.843436e-04	6.892697e-03	7.656382e-04	2.077736e-02	-2.012636e-02
1.260000e+01	5.621772e-05	7.019843e-03	-6.031162e-06	2.151251e-02	-2.118910e-02
1.265000e+01	-5.702060e-04	7.039135e-03	-8.321895e-04	1.980670e-02	-2.015519e-02
1.270000e+01	-9.939584e-04	6.857108e-03	-1.071834e-03	1.613678e-02	-1.939400e-02
1.275000e+01	-1.011381e-03	6.564607e-03	-9.169818e-04	1.626285e-02	-1.853714e-02
1.280000e+01	-5.868501e-04	6.348526e-03	-5.333738e-04	1.981705e-02	-1.661181e-02
1.285000e+01	1.438658e-04	6.316943e-03	-2.163473e-05	2.490500e-02	-1.570741e-02
1.290000e+01	9.360134e-04	6.388432e-03	3.953125e-04	2.811181e-02	-1.489428e-02
1.295000e+01	1.536696e-03	6.380089e-03	1.177034e-03	2.894443e-02	-1.292583e-02
1.300000e+01	1.782654e-03	6.171848e-03	1.684425e-03	2.718538e-02	-1.180876e-02
1.305000e+01	1.658413e-03	5.800291e-03	1.716725e-03	2.297277e-02	-1.284596e-02
1.310000e+01	1.283200e-03	5.413789e-03	1.127610e-03	1.689473e-02	-1.266292e-02
1.315000e+01	8.551942e-04	5.218057e-03	9.123014e-04	1.531105e-02	-1.386065e-02
1.320000e+01	5.593294e-04	5.315112e-03	5.673154e-04	1.601981e-02	-1.465969e-02
1.325000e+01	4.872739e-04	5.618921e-03	2.043347e-04	1.782323e-02	-1.470737e-02
1.330000e+01	6.008259e-04	5.941283e-03	3.761742e-04	2.207769e-02	-1.427940e-02
1.335000e+01	7.529527e-04	6.125624e-03	8.587030e-04	2.422597e-02	-1.624725e-02
1.340000e+01	7.564956e-04	6.112978e-03	8.365402e-04	2.407923e-02	-1.811888e-02
1.345000e+01	4.710460e-04	5.949561e-03	5.322255e-04	2.227600e-02	-1.808518e-02
1.350000e+01	-1.285466e-04	5.750844e-03	-2.975329e-04	1.843774e-02	-1.671039e-02
1.355000e+01	-9.305753e-04	5.623452e-03	-8.499685e-04	1.560915e-02	-1.692415e-02
1.360000e+01	-1.720881e-03	5.588026e-03	-1.356221e-03	1.403173e-02	-2.054334e-02
1.365000e+01	-2.259602e-03	5.581685e-03	-1.797592e-03	1.158956e-02	-2.186768e-02
1.370000e+01	-2.369795e-03	5.537620e-03	-1.998878e-03	1.306296e-02	-2.061102e-02
1.375000e+01	-2.003233e-03	5.449198e-03	-1.935488e-03	1.500083e-02	-1.703645e-02
1.380000e+01	-1.258413e-03	5.363068e-03	-1.236823e-03	1.525546e-02	-1.437854e-02
1.385000e+01	-3.451119e-04	5.321560e-03	-2.576166e-04	1.400240e-02	-1.463102e-02
1.390000e+01	4.892872e-04	5.315612e-03	5.189533e-04	1.647916e-02	-1.482116e-02
1.395000e+01	1.042562e-03	5.294015e-03	1.046433e-03	1.736941e-02	-1.433530e-02
1.400000e+01	1.218606e-03	5.209655e-03	1.309469e-03	1.619158e-02	-1.336243e-02
1.405000e+01	1.047015e-03	5.070012e-03	1.297035e-03	1.543412e-02	-1.288100e-02
1.410000e+01	6.537847e-04	4.892241e-03	9.305786e-04	1.423399e-02	-1.302359e-02
1.415000e+01	2.110568e-04	4.736057e-03	1.300763e-04	1.545821e-02	-1.138346e-02
1.420000e+01	-1.298062e-04	4.649759e-03	-4.282938e-04	1.716232e-02	-1.168394e-02
1.425000e+01	-2.845203e-04	4.640379e-03	-5.001382e-04	1.729247e-02	-1.164021e-02
1.430000e+01	-2.492512e-04	4.675253e-03	-4.173106e-04	1.608337e-02	-1.157902e-02
1.435000e+01	-8.164899e-05	4.711626e-03	-1.880008e-04	1.394520e-02	-1.346577e-02
1.440000e+01	1.366729e-04	4.720634e-03	2.571564e-04	1.194119e-02	-1.628357e-02
1.445000e+01	3.369184e-04	4.686273e-03	2.206725e-04	1.323039e-02	-1.646745e-02
1.450000e+01	4.835889e-04	4.594537e-03	2.620823e-04	1.424619e-02	-1.395063e-02
1.455000e+01	5.732983e-04	4.438552e-03	3.347381e-04	1.406023e-02	-1.156132e-02
1.460000e+01	6.177469e-04	4.241625e-03	2.360195e-04	1.374557e-02	-1.018733e-02
1.465000e+01	6.234776e-04	4.068564e-03	5.569936e-04	1.679277e-02	-9.604840e-03
1.470000e+01	5.807516e-04	3.991912e-03	4.218961e-04	1.832214e-02	-1.098121e-02
1.475000e+01	4.674425e-04	4.027258e-03	3.188128e-04	1.829723e-02	-1.157500e-02
1.480000e+01	2.650609e-04	4.115015e-03	1.363483e-04	1.603669e-02	-1.234835e-02
1.485000e+01	-2.257782e-05	4.178134e-03	2.268118e-05	1.184459e-02	-1.337237e-02
1.490000e+01	-3.589109e-04	4.181426e-03	-2.638997e-04	1.317006e-02	-1.427596e-02
1.495000e+01	-6.791535e-04	4.135245e-03	-4.536836e-04	1.309092e-02	-1.418702e-02
1.500000e+01	-9.092302e-04	4.060135e-03	-7.174071e-04	1.176591e-02	-1.324494e-02
1.505000e+01	-9.967602e-04	3.972441e-03	-9.062439e-04	9.931603e-03	-1.222850e-02
1.510000e+01	-9.120508e-04	3.877200e-03	-9.691558e-04	9.581602e-03	-1.286157e-02
1.515000e+01	-6.831315e-04	3.825352e-03	-4.767171e-04	1.008193e-02	-1.337147e-02
1.520000e+01	-3.801975e-04	3.881975e-03	-7.772497e-05	1.075528e-02	-1.227807e-02
1.525000e+01	-8.989467e-05	4.047982e-03	2.415406e-04	1.115973e-02	-1.147560e-02
1.530000e+01	1.167937e-04	4.230936e-03	3.708309e-04	1.204706e-02	-1.100211e-02
1.535000e+01	2.095346e-04	4.316395e-03	2.128318e-04	1.280388e-02	-1.111065e-02
1.540000e+01	2.060526e-04	4.252986e-03	6.584807e-05	1.186569e-02	-1.189758e-02
1.545000e+01	1.592513e-04	4.078748e-03	-1.570359e-04	1.061958e-02	-1.261380e-02
1.550000e+01	1.302618e-04	3.883985e-03	-1.235427e-04	1.166122e-02	-1.236383e-02
1.555000e+01	1.596985e-04	3.740403e-03	2.652125e-05	1.117038e-02	-1.092686e-02
1.560000e+01	2.498934e-04	3.658085e-03	1.016509e-05	1.109373e-02	-1.063604e-02
1.565000e+01	3.656457e-04	3.612347e-03	2.166410e-04	1.110160e-02	-1.022039e-02
1.570000e+01	4.524896e-04	3.592555e-03	2.881751e-04	1.056223e-02	-1.009857e-02
1.575000e+01	4.635733e-04	3.605691e-03	2.696761e-04	1.000149e-02	-9.637241e-03
1.580000e+01	3.825258e-04	3.645357e-03	3.978183e-04	1.043853e-02	-9.885628e-03
1.585000e+01	2.317876e-04	3.682582e-03	1.437965e-04	1.130540e-02	-9.381134e-03
1.590000e+01	6.274742e-05	3.692280e-03	-1.197642e-04	1.099915e-02	-9.918183e-03
1.595000e+01	-6.753796e-05	3.674861e-03	-3.792920e-04	1.010555e-02	-1.029128e-02
1.600000e+01	-1.221370e-04	3.644213e-03	-4.538915e-04	1.104218e-02	-1.030435e-02
1.605000e+01	-9.667989e-05	3.607132e-03	-2.904309e-04	1.103404e-02	-9.983734e-03
1.610000e+01	-3.019313e-05	3.537119e-03	-2.108967e-04	1.094135e-02	-8.869700e-03
1.615000e+01	2.118468e-05	3.418915e-03	8.764218e-05	1.010371e-02	-9.554595e-03
1.620000e+01	9.316161e-06	3.267849e-03	4.940651e-05	9.819624e-03	-9.625699e-03
1.625000e+01	-8.215603e-05	3.125011e-03	-1.342246e-04	1.000969e-02	-9.208592e-03
1.630000e+01	-2.282348e-04	3.028894e-03	-2.763277e-04	9.749413e-03	-9.692117e-03
1.635000e+01	-3.718748e-04	2.993442e-03	-3.253894e-04	8.701067e-03	-9.624984e-03
1.640000e+01	-4.484043e-04	3.009978e-03	-5.118461e-04	8.488440e-03	-1.109414e-02
1.645000e+01	-4.144651e-04	3.056801e-03	-4.932026e-04	1.036236e-02	-1.179152e-02
1.650000e+01	-2.686881e-04	3.101978e-03	-4.018479e-04	1.049383e-02	-1.114209e-02
1.655000e+01	-5.476962e-05	3.112658e-03	-1.202279e-04	1.051526e-02	-9.447280e-03
1.660000e+01	1.548031e-04	3.078896e-03	2.429113e-04	9.513262e-03	-8.474048e-03
1.665000e+01	2.877237e-04	3.030003e-03	3.941712e-04	9.485090e-03	-8.388589e-03
1.670000e+01	3.013261e-04	3.013207e-03	3.107669e-04	9.209891e-03	-7.692498e-03
1.675000e+01	2.000239e-04	3.040481e-03	3.143701e-04	8.400709e-03	-8.162874e-03
1.680000e+01	3.331129e-05	3.065645e-03	1.832637e-04	8.740684e-03	-8.178197e-03
1.685000e+01	-1.248358e-04	3.030206e-03	4.333461e-06	9.537419e-03	-9.149857e-03
1.690000e+01	-2.064572e-04	2.927819e-03	-1.224870e-04	9.456022e-03	-1.014095e-02
1.695000e+01	-1.772038e-04	2.823142e-03	-5.209307e-05	9.391724e-03	-1.040520e-02
1.700000e+01	-4.959767e-05	2.798922e-03	7.774916e-05	8.746715e-03	-9.676233e-03
1.705000e+01	1.246640e-04	2.870605e-03	8.604952e-05	8.298450e-03	-8.834171e-03
1.710000e+01	2.725767e-04	2.962291e-03	1.990656e-04	8.704515e-03	-9.511951e-03
1.715000e+01	3.334146e-04	2.991447e-03	2.775126e-04	8.160461e-03	-9.360588e-03
1.720000e+01	2.834713e-04	2.937071e-03	2.777293e-04	8.897423e-03	-9.918367e-03
1.725000e+01	1.449012e-04	2.838869e-03	1.958312e-04	8.486522e-03	-9.243919e-03
1.730000e+01	-2.503489e-05	2.751073e-03	-1.279423e-04	7.672522e-03	-9.136697e-03
1.735000e+01	-1.592489e-04	2.698871e-03	-2.863145e-04	8.180824e-03	-7.812695e-03
1.740000e+01	-2.094683e-04	2.677420e-03	-3.818988e-04	8.175603e-03	-6.170125e-03
1.745000e+01	-1.659163e-04	2.677871e-03	-3.902400e-04	8.289780e-03	-7.307914e-03
1.750000e+01	-5.984196e-05	2.692541e-03	-2.480584e-04	8.331993e-03	-8.086151e-03
1.755000e+01	5.172614e-05	2.697883e-03	-6.652482e-05	7.962618e-03	-8.122053e-03
1.760000e+01	1.119806e-04	2.656908e-03	-1.154968e-05	8.854557e-03	-7.425806e-03
1.765000e+01	8.961783e-05	2.554696e-03	-3.183975e-05	8.770685e-03	-6.433843e-03
1.770000e+01	-7.492319e-06	2.432849e-03	-1.831930e-05	9.058149e-03	-5.963298e-03
1.775000e+01	-1.359073e-04	2.376069e-03	-9.287789e-05	8.490380e-03	-6.438304e-03
1.780000e+01	-2.356155e-04	2.432487e-03	-2.152683e-04	9.762933e-03	-7.801751e-03
1.785000e+01	-2.560389e-04	2.550935e-03	-4.875065e-05	9.702111e-03	-9.085989e-03
1.790000e+01	-1.778525e-04	2.632793e-03	-1.865673e-05	8.376284e-03	-9.084277e-03
1.795000e+01	-2.149488e-05	2.621537e-03	2.004796e-04	8.367029e-03	-9.443542e-03
1.800000e+01	1.609002e-04	2.534779e-03	3.103089e-04	8.642235e-03	-9.038423e-03
1.805000e+01	3.076398e-04	2.439242e-03	3.363562e-04	8.988162e-03	-7.463289e-03
1.810000e+01	3.684209e-04	2.376363e-03	3.061239e-04	7.802841e-03	-7.242770e-03
1.815000e+01	3.251014e-04	2.336616e-03	3.606019e-04	6.462001e-03	-7.881583e-03
1.820000e+01	1.967127e-04	2.287593e-03	2.835808e-04	5.798173e-03	-7.591471e-03
1.825000e+01	2.984624e-05	2.226507e-03	2.491052e-04	5.402691e-03	-7.152880e-03
1.830000e+01	-1.210978e-04	2.185578e-03	1.124216e-04	4.569544e-03	-8.262405e-03
1.835000e+01	-2.150787e-04	2.188381e-03	-2.015342e-05	5.189722e-03	-8.585476e-03
1.840000e+01	-2.382341e-04	2.217270e-03	-9.819032e-05	5.776003e-03	-8.136211e-03
1.845000e+01	-2.052441e-04	2.237884e-03	-1.768121e-04	6.342887e-03	-7.032361e-03
1.850000e+01	-1.487583e-04	2.241329e-03	-1.898628e-04	7.008040e-03	-6.854925e-03
1.855000e+01	-1.024500e-04	2.246873e-03	-2.147804e-04	7.024677e-03	-6.687661e-03
1.860000e+01	-8.559798e-05	2.266999e-03	-2.152879e-04	7.209319e-03	-6.469010e-03
1.865000e+01	-9.585591e-05	2.284616e-03	-2.240421e-04	7.398542e-03	-6.781876e-03
1.870000e+01	-1.127929e-04	2.274684e-03	-2.479446e-04	7.030227e-03	-6.192655e-03
1.875000e+01	-1.098220e-04	2.238500e-03	-2.042940e-04	6.618716e-03	-6.122826e-03
1.880000e+01	-6.851217e-05	2.203846e-03	-1.884248e-04	6.996596e-03	-6.860476e-03
1.885000e+01	1.146446e-05	2.188124e-03	-6.991601e-05	7.186676e-03	-6.600142e-03
1.890000e+01	1.111823e-04	2.172167e-03	8.591024e-05	6.559439e-03	-6.625627e-03
1.895000e+01	2.003496e-04	2.124805e-03	1.908050e-04	5.377773e-03	-7.016078e-03
1.900000e+01	2.503658e-04	2.048057e-03	2.717538e-04	6.404486e-03	-6.551666e-03
1.905000e+01	2.470053e-04	1.989830e-03	1.571064e-04	7.277301e-03	-5.835978e-03
1.910000e+01	1.947083e-04	1.989583e-03	4.217345e-05	6.920434e-03	-5.264404e-03
1.915000e+01	1.153662e-04	2.036001e-03	-1.316126e-05	6.230085e-03	-5.255393e-03
1.920000e+01	3.806056e-05	2.077783e-03	-2.433105e-05	5.910797e-03	-6.370932e-03
1.925000e+01	-1.338000e-05	2.082955e-03	9.769465e-06	6.299047e-03	-7.353392e-03
1.930000e+01	-2.969653e-05	2.064593e-03	-6.331548e-05	6.521467e-03	-7.389591e-03
1.935000e+01	-1.840736e-05	2.053625e-03	-4.827782e-05	6.029475e-03	-6.349807e-03
1.940000e+01	1.669235e-06	2.055244e-03	1.200517e-04	6.485922e-03	-5.225095e-03
1.945000e+01	1.061584e-05	2.042181e-03	3.467521e-05	6.696196e-03	-6.116863e-03
1.950000e+01	-2.661346e-06	1.989797e-03	-7.705609e-05	6.723204e-03	-6.440363e-03
1.955000e+01	-3.544835e-05	1.905820e-03	-1.473853e-04	5.904315e-03	-5.971571e-03
1.960000e+01	-7.334412e-05	1.824713e-03	-1.991965e-04	5.158152e-03	-5.401876e-03
1.965000e+01	-9.822143e-05	1.776422e-03	-2.031878e-04	5.672371e-03	-5.940332e-03
1.970000e+01	-9.800704e-05	1.763895e-03	-8.997221e-05	5.054139e-03	-5.967002e-03
1.975000e+01	-7.344715e-05	1.772254e-03	6.073749e-05	4.704513e-03	-5.800040e-03
1.980000e+01	-3.849984e-05	1.788020e-03	1.913190e-04	4.109394e-03	-7.515932e-03
1.985000e+01	-1.404076e-05	1.801474e-03	1.117001e-04	4.479983e-03	-7.900861e-03
1.990000e+01	-1.775422e-05	1.801340e-03	-3.925964e-05	4.617994e-03	-7.109454e-03
1.995000e+01	-5.492810e-05	1.780745e-03	-3.069291e-05	5.012324e-03	-5.622394e-03
2.000000e+01	-1.145329e-04	1.749129e-03	-1.379268e-04	4.703187e-03	-4.960168e-03
