# k	<chi>	std	chi_median	chi_max	chi_min
0.000000e+00	-3.055743e-02	2.759978e-01	0.000000e+00	7.060453e-01	-9.537692e-01
5.000000e-02	-8.578301e-02	3.703414e-01	-2.107111e-01	7.040659e-01	-9.561097e-01
1.000000e-01	-9.621698e-02	3.641981e-01	-2.189329e-01	6.825169e-01	-9.583332e-01
1.500000e-01	-1.279725e-01	3.454153e-01	-2.422076e-01	6.161805e-01	-9.643487e-01
2.000000e-01	-1.605552e-01	3.261488e-01	-2.638967e-01	5.469522e-01	-9.692715e-01
2.500000e-01	-2.152944e-01	2.936084e-01	-3.005724e-01	4.276693e-01	-9.750528e-01
3.000000e-01	-2.709004e-01	2.607849e-01	-3.332259e-01	3.067863e-01	-9.776558e-01
3.500000e-01	-3.464402e-01	2.167648e-01	-3.814356e-01	1.421484e-01	-9.926277e-01
4.000000e-01	-4.200634e-01	1.766805e-01	-4.384526e-01	-2.389276e-02	-1.010529e+00
4.500000e-01	-5.053778e-01	1.391260e-01	-4.996707e-01	-2.253006e-01	-1.022058e+00
5.000000e-01	-5.815695e-01	1.264069e-01	-5.704986e-01	-3.515750e-01	-1.021399e+00
5.500000e-01	-6.545559e-01	1.461806e-01	-6.372858e-01	-3.832830e-01	-1.002741e+00
6.000000e-01	-7.074698e-01	1.852690e-01	-6.749401e-01	-3.708751e-01	-1.072774e+00
6.500000e-01	-7.386929e-01	2.315115e-01	-6.880205e-01	-3.511480e-01	-1.159019e+00
7.000000e-01	-7.393443e-01	2.702630e-01	-6.679150e-01	-3.253252e-01	-1.207298e+00
7.500000e-01	-7.035638e-01	2.987087e-01	-6.156063e-01	-2.886467e-01	-1.243871e+00
8.000000e-01	-6.344237e-01	3.110977e-01	-5.370339e-01	-2.125672e-01	-1.226298e+00
8.500000e-01	-5.272085e-01	3.062726e-01	-4.108833e-01	-1.094564e-01	-1.132535e+00
9.000000e-01	-3.981607e-01	2.857174e-01	-2.790128e-01	-2.802237e-03	-9.747716e-01
9.500000e-01	-2.481933e-01	2.502574e-01	-1.432770e-01	1.023554e-01	-7.578001e-01
1.000000e+00	-1.020245e-01	2.074056e-01	-1.344655e-02	1.854850e-01	-5.476882e-01
1.050000e+00	3.414045e-02	1.607077e-01	9.737451e-02	2.483983e-01	-3.252355e-01
1.100000e+00	1.377038e-01	1.204883e-01	1.870483e-01	3.370731e-01	-1.304867e-01
1.150000e+00	2.029333e-01	9.189744e-02	2.365270e-01	3.791022e-01	2.180233e-02
1.200000e+00	2.210929e-01	7.918965e-02	2.371417e-01	3.665160e-01	6.572067e-03
1.250000e+00	1.940690e-01	7.620841e-02	2.070383e-01	3.007593e-01	-3.777643e-02
1.300000e+00	1.318969e-01	7.460069e-02	1.540533e-01	2.346175e-01	-9.207754e-02
1.350000e+00	4.576303e-02	7.049799e-02	6.568912e-02	1.633554e-01	-1.435457e-01
1.400000e+00	-4.248746e-02	6.263477e-02	-2.672732e-02	8.268668e-02	-1.752120e-01
1.450000e+00	-1.192499e-01	5.088806e-02	-1.101918e-01	2.201366e-03	-2.349057e-01
1.500000e+00	-1.662927e-01	3.639124e-02	-1.635471e-01	-6.043883e-02	-2.578081e-01
1.550000e+00	-1.781980e-01	2.961103e-02	-1.833304e-01	-8.242017e-02	-2.342396e-01
1.600000e+00	-1.529820e-01	4.596765e-02	-1.660255e-01	-7.265989e-03	-2.191792e-01
1.650000e+00	-9.794389e-02	7.341241e-02	-1.308808e-01	7.848508e-02	-1.930901e-01
1.700000e+00	-2.672870e-02	9.707461e-02	-7.706935e-02	1.529418e-01	-1.483292e-01
1.750000e+00	4.761904e-02	1.111643e-01	-8.368487e-03	2.378780e-01	-8.735577e-02
1.800000e+00	1.088798e-01	1.096156e-01	5.435466e-02	3.081172e-01	-2.138146e-02
1.850000e+00	1.507231e-01	9.296395e-02	1.088516e-01	3.318979e-01	3.843569e-02
1.900000e+00	1.668472e-01	6.392558e-02	1.404024e-01	2.970114e-01	8.441328e-02
1.950000e+00	1.628251e-01	3.062334e-02	1.542707e-01	2.225958e-01	1.145453e-01
2.000000e+00	1.424509e-01	2.113233e-02	1.428118e-01	1.960267e-01	8.186502e-02
2.050000e+00	1.169161e-01	4.336704e-02	1.385613e-01	1.810046e-01	3.949393e-02
2.100000e+00	8.973589e-02	5.522072e-02	1.220843e-01	1.580283e-01	-1.131198e-02
2.150000e+00	6.600861e-02	5.157097e-02	9.800536e-02	1.259685e-01	-2.911835e-02
2.200000e+00	4.747558e-02	3.661910e-02	6.798832e-02	9.505274e-02	-1.741632e-02
2.250000e+00	2.885831e-02	1.654576e-02	3.394306e-02	6.104474e-02	-6.124347e-03
2.300000e+00	1.267745e-02	8.504178e-03	1.165960e-02	3.466972e-02	-4.998528e-03
2.350000e+00	-5.988013e-04	1.365187e-02	-5.163859e-03	3.111933e-02	-2.271639e-02
2.400000e+00	-1.057426e-02	1.264237e-02	-1.495213e-02	1.791303e-02	-3.047873e-02
2.450000e+00	-1.541644e-02	8.787415e-03	-1.750659e-02	5.997496e-03	-3.988390e-02
2.500000e+00	-1.717167e-02	5.014729e-03	-1.676787e-02	-5.202547e-03	-4.363326e-02
2.550000e+00	-1.639464e-02	6.611225e-03	-1.522707e-02	-5.217860e-03	-4.307870e-02
2.600000e+00	-1.374609e-02	9.737014e-03	-9.418744e-03	-5.826022e-04	-3.996866e-02
2.650000e+00	-1.146585e-02	1.160813e-02	-5.802163e-03	4.092424e-03	-3.842355e-02
2.700000e+00	-8.497370e-03	1.205906e-02	-2.629876e-03	8.519100e-03	-3.514887e-02
2.750000e+00	-5.325527e-03	1.123038e-02	-8.070983e-04	1.206271e-02	-3.063064e-02
2.800000e+00	-2.336019e-03	9.652639e-03	2.952927e-04	1.419677e-02	-2.524388e-02
2.850000e+00	-7.635177e-04	8.092473e-03	4.079927e-04	1.442978e-02	-2.014732e-02
2.900000e+00	9.249359e-04	6.751845e-03	1.568577e-03	1.429676e-02	-1.490745e-02
2.950000e+00	2.799348e-03	5.921409e-03	3.218502e-03	1.506608e-02	-9.198800e-03
3.000000e+00	4.834850e-03	5.752087e-03	5.880532e-03	1.598812e-02	-5.009863e-03
3.050000e+00	6.724884e-03	5.676435e-03	8.482481e-03	1.596071e-02	-4.453871e-03
3.100000e+00	8.479216e-03	6.045671e-03	1.056676e-02	1.681370e-02	-4.298497e-03
3.150000e+00	9.472429e-03	6.327367e-03	1.207670e-02	1.769229e-02	-4.378850e-03
3.200000e+00	9.095259e-03	6.003226e-03	1.108633e-02	2.028306e-02	-4.513995e-03
3.250000e+00	6.573308e-03	4.654697e-03	6.925654e-03	2.165870e-02	-4.350384e-03
3.300000e+00	2.601919e-03	3.168704e-03	2.035348e-03	2.074556e-02	-4.223340e-03
3.350000e+00	-2.274886e-03	2.974754e-03	-2.549302e-03	1.787468e-02	-7.895619e-03
3.400000e+00	-7.216738e-03	4.457719e-03	-8.662676e-03	1.484484e-02	-1.447460e-02
3.450000e+00	-1.148874e-02	6.255658e-03	-1.470978e-02	1.086208e-02	-1.958777e-02
3.500000e+00	-1.347913e-02	7.242683e-03	-1.748265e-02	7.813043e-03	-2.198353e-02
3.550000e+00	-1.261821e-02	7.195403e-03	-1.677230e-02	6.392149e-03	-2.042060e-02
3.600000e+00	-8.977972e-03	6.289389e-03	-1.234971e-02	6.743784e-03	-1.599742e-02
3.650000e+00	-3.039381e-03	5.035836e-03	-5.372907e-03	8.125014e-03	-9.891452e-03
3.700000e+00	3.934111e-03	3.785442e-03	3.036175e-03	1.199426e-02	-3.289329e-03
3.750000e+00	1.034128e-02	3.092474e-03	9.858278e-03	1.911736e-02	3.051731e-03
3.800000e+00	1.467187e-02	3.107544e-03	1.430729e-02	2.427934e-02	6.503756e-03
3.850000e+00	1.596250e-02	3.454166e-03	1.588772e-02	2.594749e-02	3.587930e-03
3.900000e+00	1.364564e-02	3.686657e-03	1.380993e-02	2.274491e-02	-1.425671e-03
3.950000e+00	8.199134e-03	3.781842e-03	8.264056e-03	1.691361e-02	-7.850261e-03
4.000000e+00	8.589093e-04	4.108531e-03	8.506479e-04	1.072895e-02	-1.461425e-02
4.050000e+00	-7.235588e-03	5.080487e-03	-6.995163e-03	3.545694e-03	-2.110576e-02
4.100000e+00	-1.399985e-02	6.839022e-03	-1.137433e-02	-2.359922e-03	-2.867893e-02
4.150000e+00	-1.817538e-02	8.653526e-03	-1.371848e-02	-6.888306e-03	-3.758602e-02
4.200000e+00	-1.921123e-02	9.614037e-03	-1.378266e-02	-9.210820e-03	-4.055641e-02
4.250000e+00	-1.735775e-02	9.445160e-03	-1.189428e-02	-7.686491e-03	-3.781152e-02
4.300000e+00	-1.318323e-02	7.673092e-03	-9.400690e-03	-3.467641e-03	-2.959411e-02
4.350000e+00	-7.994699e-03	4.584942e-03	-6.878532e-03	1.113676e-04	-1.833317e-02
4.400000e+00	-3.048746e-03	3.081439e-03	-3.252991e-03	5.236078e-03	-1.032778e-02
4.450000e+00	8.386398e-04	6.471768e-03	-4.418761e-04	1.542398e-02	-1.094079e-02
4.500000e+00	3.163830e-03	1.049418e-02	-1.027487e-03	2.558745e-02	-1.245845e-02
4.550000e+00	4.047187e-03	1.368825e-02	-2.257325e-03	3.166500e-02	-1.428561e-02
4.600000e+00	4.042831e-03	1.566623e-02	-3.485889e-03	3.392769e-02	-1.676351e-02
4.650000e+00	3.875123e-03	1.646366e-02	-3.461792e-03	3.366702e-02	-1.946051e-02
4.700000e+00	4.076194e-03	1.644250e-02	-2.458198e-03	3.221488e-02	-2.074858e-02
4.750000e+00	4.818258e-03	1.592662e-02	-1.186519e-03	3.091867e-02	-2.042053e-02
4.800000e+00	5.849056e-03	1.511214e-02	1.599815e-04	2.972562e-02	-1.891837e-02
4.850000e+00	6.725805e-03	1.396109e-02	1.475067e-03	2.862703e-02	-1.666814e-02
4.900000e+00	6.860935e-03	1.228604e-02	2.377117e-03	2.781854e-02	-1.446614e-02
4.950000e+00	5.970691e-03	9.880681e-03	2.917485e-03	2.512376e-02	-1.221547e-02
5.000000e+00	4.229921e-03	6.878642e-03	2.500672e-03	2.025775e-02	-1.238941e-02
5.050000e+00	2.376898e-03	4.986377e-03	2.481479e-03	1.408194e-02	-1.296520e-02
5.100000e+00	1.231876e-03	7.630405e-03	3.526841e-03	1.101968e-02	-2.543080e-02
5.150000e+00	1.639391e-03	1.248169e-02	6.502750e-03	1.790487e-02	-3.459812e-02
5.200000e+00	4.028483e-03	1.719107e-02	1.139543e-02	2.637927e-02	-3.819472e-02
5.250000e+00	8.148014e-03	2.081874e-02	1.670976e-02	3.521193e-02	-3.546268e-02
5.300000e+00	1.298440e-02	2.292265e-02	2.170185e-02	4.735898e-02	-2.808351e-02
5.350000e+00	1.706682e-02	2.351377e-02	2.480927e-02	5.713234e-02	-2.818569e-02
5.400000e+00	1.882945e-02	2.288689e-02	2.472833e-02	6.252892e-02	-2.776435e-02
5.450000e+00	1.706079e-02	2.133787e-02	2.050741e-02	6.190468e-02	-2.635602e-02
5.500000e+00	1.146013e-02	1.927017e-02	1.301071e-02	5.497717e-02	-2.486808e-02
5.550000e+00	2.658312e-03	1.692002e-02	3.069957e-03	4.240166e-02	-2.397521e-02
5.600000e+00	-7.836129e-03	1.446460e-02	-7.039692e-03	2.583588e-02	-3.139087e-02
5.650000e+00	-1.797252e-02	1.197839e-02	-1.673617e-02	7.859547e-03	-4.202780e-02
5.700000e+00	-2.574949e-02	9.676706e-03	-2.355344e-02	-6.047200e-03	-5.287924e-02
5.750000e+00	-2.972416e-02	7.796989e-03	-2.707077e-02	-1.622448e-02	-5.772647e-02
5.800000e+00	-2.936520e-02	6.967450e-03	-2.898468e-02	-1.332257e-02	-5.507034e-02
5.850000e+00	-2.510872e-02	7.850895e-03	-2.506373e-02	-7.935491e-03	-4.466632e-02
5.900000e+00	-1.834807e-02	1.011086e-02	-1.790646e-02	-4.188218e-04	-4.160922e-02
5.950000e+00	-1.084059e-02	1.287811e-02	-1.031237e-02	1.267514e-02	-3.997988e-02
6.000000e+00	-4.289234e-03	1.572261e-02	-3.504536e-03	2.422604e-02	-3.709576e-02
6.050000e+00	1.604189e-04	1.860672e-02	-3.168849e-03	3.316825e-02	-3.431855e-02
6.100000e+00	1.888904e-03	2.180382e-02	-4.590577e-03	4.175102e-02	-3.312287e-02
6.150000e+00	1.163868e-03	2.544240e-02	-1.031914e-02	4.810919e-02	-3.398670e-02
6.200000e+00	-1.165639e-03	2.929549e-02	-1.702131e-02	5.255129e-02	-3.659860e-02
6.250000e+00	-3.972086e-03	3.273759e-02	-2.266174e-02	5.485634e-02	-4.103979e-02
6.300000e+00	-6.171317e-03	3.488788e-02	-2.678587e-02	5.481580e-02	-4.307753e-02
6.350000e+00	-6.970280e-03	3.485298e-02	-2.788147e-02	5.281876e-02	-4.417300e-02
6.400000e+00	-5.986166e-03	3.200276e-02	-2.457412e-02	5.226432e-02	-4.244652e-02
6.450000e+00	-3.232538e-03	2.622452e-02	-1.610136e-02	4.954728e-02	-3.750678e-02
6.500000e+00	9.889142e-04	1.817537e-02	-4.162671e-03	4.274250e-02	-2.831374e-02
6.550000e+00	6.281907e-03	1.019194e-02	6.025573e-03	3.208525e-02	-1.472680e-02
6.600000e+00	1.203989e-02	1.105339e-02	1.275285e-02	3.480089e-02	-1.906223e-02
6.650000e+00	1.777874e-02	1.980757e-02	2.462649e-02	5.087780e-02	-2.898933e-02
6.700000e+00	2.305695e-02	2.889428e-02	3.601156e-02	6.463164e-02	-3.496024e-02
6.750000e+00	2.744564e-02	3.650483e-02	4.438214e-02	7.508513e-02	-3.736441e-02
6.800000e+00	3.049707e-02	4.216476e-02	4.872159e-02	8.248085e-02	-4.008426e-02
6.850000e+00	3.174574e-02	4.576271e-02	5.152370e-02	9.016088e-02	-4.266518e-02
6.900000e+00	3.075939e-02	4.726368e-02	5.123452e-02	9.310613e-02	-4.461512e-02
6.950000e+00	2.723449e-02	4.654388e-02	4.744276e-02	9.233723e-02	-4.658889e-02
7.000000e+00	2.110966e-02	4.333147e-02	3.986910e-02	8.500075e-02	-4.916156e-02
7.050000e+00	1.257116e-02	3.716938e-02	2.972704e-02	7.124764e-02	-5.663622e-02
7.100000e+00	2.413482e-03	2.820534e-02	1.411218e-02	5.180076e-02	-5.773960e-02
7.150000e+00	-8.380218e-03	1.727246e-02	-5.772479e-03	2.846718e-02	-5.166477e-02
7.200000e+00	-1.863796e-02	8.943533e-03	-1.849236e-02	4.114510e-03	-3.797080e-02
7.250000e+00	-2.718717e-02	1.502315e-02	-2.919167e-02	5.435064e-03	-5.594627e-02
7.300000e+00	-3.306794e-02	2.523893e-02	-4.309394e-02	2.030691e-02	-7.014846e-02
7.350000e+00	-3.572430e-02	3.280086e-02	-5.189013e-02	3.178677e-02	-7.719640e-02
7.400000e+00	-3.512680e-02	3.628401e-02	-5.415415e-02	3.842038e-02	-7.851973e-02
7.450000e+00	-3.179048e-02	3.583348e-02	-5.099887e-02	4.051030e-02	-7.661643e-02
7.500000e+00	-2.667315e-02	3.269081e-02	-4.361458e-02	3.881978e-02	-7.043659e-02
7.550000e+00	-2.095654e-02	2.867360e-02	-3.443885e-02	3.516945e-02	-6.150652e-02
7.600000e+00	-1.581343e-02	2.564955e-02	-2.743738e-02	3.216659e-02	-5.234877e-02
7.650000e+00	-1.203824e-02	2.473142e-02	-2.305790e-02	3.456018e-02	-4.539587e-02
7.700000e+00	-9.867201e-03	2.594771e-02	-2.259987e-02	3.852770e-02	-4.306765e-02
7.750000e+00	-8.903956e-03	2.826819e-02	-2.311506e-02	4.130443e-02	-4.521621e-02
7.800000e+00	-8.212892e-03	2.998467e-02	-2.335113e-02	4.433363e-02	-4.932431e-02
7.850000e+00	-6.570493e-03	2.932063e-02	-2.040291e-02	4.775002e-02	-4.918543e-02
7.900000e+00	-2.820290e-03	2.514016e-02	-1.163816e-02	4.755375e-02	-4.267519e-02
7.950000e+00	3.756970e-03	1.781284e-02	1.880275e-03	4.260283e-02	-3.081265e-02
8.000000e+00	1.315873e-02	1.209259e-02	1.302823e-02	3.883820e-02	-1.207153e-02
8.050000e+00	2.446283e-02	1.832734e-02	2.557375e-02	6.483127e-02	-1.858169e-02
8.100000e+00	3.615594e-02	3.049141e-02	4.766515e-02	8.670919e-02	-2.243365e-02
8.150000e+00	4.624254e-02	4.184746e-02	6.799586e-02	1.008484e-01	-3.065175e-02
8.200000e+00	5.274335e-02	5.001591e-02	8.051575e-02	1.070847e-01	-3.927923e-02
8.250000e+00	5.415189e-02	5.401529e-02	8.249792e-02	1.118219e-01	-4.488571e-02
8.300000e+00	4.979312e-02	5.371550e-02	7.833603e-02	1.132107e-01	-4.645924e-02
8.350000e+00	3.999141e-02	4.959885e-02	6.260381e-02	1.043792e-01	-4.456365e-02
8.400000e+00	2.600670e-02	4.254761e-02	4.108360e-02	8.689826e-02	-4.258199e-02
8.450000e+00	9.761486e-03	3.366678e-02	1.955453e-02	6.382342e-02	-4.762944e-02
8.500000e+00	-6.565039e-03	2.424364e-02	-3.212053e-03	3.897819e-02	-5.923769e-02
8.550000e+00	-2.100575e-02	1.622134e-02	-2.054917e-02	1.411883e-02	-7.201427e-02
8.600000e+00	-3.198637e-02	1.388677e-02	-3.199742e-02	-9.626924e-04	-7.306608e-02
8.650000e+00	-3.876970e-02	1.881884e-02	-4.416329e-02	6.093579e-03	-6.593216e-02
8.700000e+00	-4.139454e-02	2.596661e-02	-5.298822e-02	1.479959e-02	-7.387970e-02
8.750000e+00	-4.051830e-02	3.214145e-02	-5.879694e-02	2.107515e-02	-7.893516e-02
8.800000e+00	-3.715756e-02	3.597954e-02	-5.887183e-02	2.714830e-02	-7.732322e-02
8.850000e+00	-3.241000e-02	3.695712e-02	-5.520311e-02	4.047159e-02	-6.877838e-02
8.900000e+00	-2.722704e-02	3.525482e-02	-4.799037e-02	4.743359e-02	-6.208878e-02
8.950000e+00	-2.227421e-02	3.164864e-02	-3.965306e-02	4.815779e-02	-5.807210e-02
9.000000e+00	-1.788235e-02	2.724387e-02	-3.151719e-02	4.443537e-02	-4.956389e-02
9.050000e+00	-1.404803e-02	2.312851e-02	-2.464053e-02	3.910447e-02	-4.319284e-02
9.100000e+00	-1.052422e-02	2.004604e-02	-1.784855e-02	3.443615e-02	-3.831020e-02
9.150000e+00	-6.928356e-03	1.821074e-02	-1.213338e-02	3.117039e-02	-3.463555e-02
9.200000e+00	-2.849160e-03	1.718069e-02	-6.081251e-03	2.911926e-02	-3.259212e-02
9.250000e+00	2.053502e-03	1.611362e-02	2.602732e-03	3.197147e-02	-3.188763e-02
9.300000e+00	7.956157e-03	1.451658e-02	1.076357e-02	3.705848e-02	-2.823099e-02
9.350000e+00	1.479009e-02	1.328128e-02	1.602976e-02	4.486037e-02	-2.080557e-02
9.400000e+00	2.218496e-02	1.492545e-02	2.257336e-02	5.126888e-02	-1.590519e-02
9.450000e+00	2.946177e-02	2.019385e-02	3.289669e-02	6.257639e-02	-2.805699e-02
9.500000e+00	3.569837e-02	2.690751e-02	4.606546e-02	7.174577e-02	-3.694131e-02
9.550000e+00	3.990529e-02	3.296350e-02	5.596931e-02	7.995153e-02	-3.994505e-02
9.600000e+00	4.112418e-02	3.698625e-02	6.080983e-02	8.620207e-02	-3.605794e-02
9.650000e+00	3.877164e-02	3.839402e-02	6.015123e-02	9.023710e-02	-2.898875e-02
9.700000e+00	3.277112e-02	3.717765e-02	5.043186e-02	8.867568e-02	-3.691649e-02
9.750000e+00	2.363260e-02	3.367377e-02	3.704544e-02	7.875070e-02	-4.207966e-02
9.800000e+00	1.239817e-02	2.837315e-02	2.060983e-02	6.207957e-02	-4.274716e-02
9.850000e+00	4.545673e-04	2.186890e-02	3.986606e-03	4.131604e-02	-4.059543e-02
9.900000e+00	-1.074512e-02	1.501525e-02	-1.123027e-02	1.939389e-02	-4.089120e-02
9.950000e+00	-1.997758e-02	9.605661e-03	-2.157513e-02	4.185786e-03	-3.735558e-02
1.000000e+01	-2.648168e-02	9.306018e-03	-2.771166e-02	-4.001187e-03	-4.635491e-02
1.005000e+01	-3.012682e-02	1.349524e-02	-3.455664e-02	2.804436e-03	-5.221675e-02
1.010000e+01	-3.114454e-02	1.823420e-02	-4.011737e-02	7.358008e-03	-5.483652e-02
1.015000e+01	-3.019668e-02	2.217998e-02	-4.191061e-02	1.540116e-02	-5.658879e-02
1.020000e+01	-2.805074e-02	2.499767e-02	-4.197900e-02	2.256714e-02	-5.714282e-02
1.025000e+01	-2.534217e-02	2.656498e-02	-4.066498e-02	2.659261e-02	-5.337621e-02
1.030000e+01	-2.241742e-02	2.681528e-02	-3.789999e-02	2.686979e-02	-5.212332e-02
1.035000e+01	-1.929905e-02	2.576436e-02	-3.351983e-02	2.418650e-02	-4.952165e-02
1.040000e+01	-1.577121e-02	2.355783e-02	-2.762179e-02	2.572493e-02	-4.669859e-02
1.045000e+01	-1.154435e-02	2.047033e-02	-2.049405e-02	2.876894e-02	-4.203754e-02
1.050000e+01	-6.434408e-03	1.688086e-02	-1.169714e-02	2.936938e-02	-3.464917e-02
1.055000e+01	-4.928075e-04	1.330786e-02	-2.211828e-03	2.830554e-02	-2.708294e-02
1.060000e+01	5.954603e-03	1.056949e-02	7.849807e-03	2.636437e-02	-1.911263e-02
1.065000e+01	1.236625e-02	9.769324e-03	1.252925e-02	3.826420e-02	-9.827580e-03
1.070000e+01	1.811383e-02	1.118031e-02	1.531844e-02	5.109286e-02	-3.619403e-04
1.075000e+01	2.263270e-02	1.377520e-02	1.963514e-02	5.922502e-02	9.462345e-04
1.080000e+01	2.554239e-02	1.662678e-02	2.530437e-02	6.115319e-02	-2.688834e-03
1.085000e+01	2.670202e-02	1.928717e-02	3.124262e-02	5.688036e-02	-8.924606e-03
1.090000e+01	2.619206e-02	2.148635e-02	3.462493e-02	5.329923e-02	-1.752437e-02
1.095000e+01	2.424084e-02	2.293674e-02	3.438285e-02	5.641445e-02	-2.435041e-02
1.100000e+01	2.113114e-02	2.332038e-02	3.055971e-02	5.668366e-02	-2.875207e-02
1.105000e+01	1.715704e-02	2.243645e-02	2.469844e-02	5.200873e-02	-3.036260e-02
1.110000e+01	1.246633e-02	2.016836e-02	1.744328e-02	4.778480e-02	-2.955581e-02
1.115000e+01	7.219588e-03	1.674811e-02	1.152038e-02	4.172482e-02	-2.678920e-02
1.120000e+01	1.589389e-03	1.271495e-02	3.205746e-03	3.247083e-02	-2.250779e-02
1.125000e+01	-4.190612e-03	8.948653e-03	-4.861129e-03	2.075277e-02	-2.093495e-02
1.130000e+01	-9.800877e-03	6.811058e-03	-1.080887e-02	7.861691e-03	-2.637368e-02
1.135000e+01	-1.485129e-02	7.315184e-03	-1.506614e-02	1.633299e-03	-3.515336e-02
1.140000e+01	-1.893525e-02	9.353923e-03	-1.911789e-02	1.779858e-03	-4.090640e-02
1.145000e+01	-2.170550e-02	1.170801e-02	-2.450187e-02	5.242930e-03	-4.340021e-02
1.150000e+01	-2.294594e-02	1.393695e-02	-2.801936e-02	8.701096e-03	-4.287192e-02
1.155000e+01	-2.261496e-02	1.576667e-02	-2.884796e-02	1.186627e-02	-4.416204e-02
1.160000e+01	-2.084653e-02	1.688218e-02	-2.777925e-02	1.435697e-02	-4.634948e-02
1.165000e+01	-1.790983e-02	1.702361e-02	-2.473830e-02	1.574126e-02	-4.512046e-02
1.170000e+01	-1.414250e-02	1.613225e-02	-1.934540e-02	1.672524e-02	-3.986518e-02
1.175000e+01	-9.880264e-03	1.441149e-02	-1.455016e-02	1.830679e-02	-3.328884e-02
1.180000e+01	-5.405042e-03	1.226960e-02	-7.876136e-03	1.877791e-02	-2.981838e-02
1.185000e+01	-9.254585e-04	1.017352e-02	-6.296621e-04	1.877051e-02	-2.404362e-02
1.190000e+01	3.409161e-03	8.485237e-03	5.686270e-03	1.736540e-02	-1.880135e-02
1.195000e+01	7.472444e-03	7.385186e-03	9.093699e-03	2.129711e-02	-1.278150e-02
1.200000e+01	1.112106e-02	6.937867e-03	1.193514e-02	2.914203e-02	-5.935701e-03
1.205000e+01	1.419584e-02	7.180400e-03	1.306044e-02	3.437855e-02	-1.249071e-03
1.210000e+01	1.643318e-02	8.000681e-03	1.547982e-02	3.709475e-02	1.095511e-03
1.215000e+01	1.762022e-02	9.168373e-03	1.679869e-02	3.715425e-02	-1.593868e-03
1.220000e+01	1.760860e-02	1.040133e-02	1.736810e-02	3.818319e-02	-4.105604e-03
1.225000e+01	1.636416e-02	1.143847e-02	1.692872e-02	3.701004e-02	-6.552508e-03
1.230000e+01	1.399672e-02	1.208455e-02	1.536596e-02	3.455839e-02	-9.272416e-03
1.235000e+01	1.075788e-02	1.225444e-02	1.344518e-02	3.017324e-02	-1.375949e-02
1.240000e+01	7.004473e-03	1.199315e-02	1.033833e-02	2.514522e-02	-1.798716e-02
1.245000e+01	3.134955e-03	1.142136e-02	7.196731e-03	2.243051e-02	-2.045303e-02
1.250000e+01	-4.851412e-04	1.061017e-02	2.773042e-03	1.929172e-02	-2.072438e-02
1.255000e+01	-3.588799e-03	9.497451e-03	-1.377775e-03	1.518521e-02	-2.093359e-02
1.260000e+01	-6.045728e-03	7.974966e-03	-4.926581e-03	1.039577e-02	-2.089085e-02
1.265000e+01	-7.862239e-03	6.149731e-03	-8.212134e-03	5.126685e-03	-1.967925e-02
1.270000e+01	-9.143071e-03	4.772727e-03	-9.046803e-03	2.799710e-03	-2.057535e-02
1.275000e+01	-1.002747e-02	5.220117e-03	-9.661562e-03	2.388732e-03	-2.456547e-02
1.280000e+01	-1.062060e-02	7.202360e-03	-1.121088e-02	7.336563e-03	-2.717374e-02
1.285000e+01	-1.094372e-02	9.368554e-03	-1.311455e-02	1.045933e-02	-2.807993e-02
1.290000e+01	-1.092103e-02	1.102721e-02	-1.343071e-02	1.242126e-02	-2.735434e-02
1.295000e+01	-1.040915e-02	1.192505e-02	-1.261520e-02	1.404290e-02	-2.858424e-02
1.300000e+01	-9.260089e-03	1.200711e-02	-1.163139e-02	1.536406e-02	-2.709759e-02
1.305000e+01	-7.389752e-03	1.133560e-02	-9.399738e-03	1.513142e-02	-2.660684e-02
1.310000e+01	-4.851868e-03	1.000581e-02	-4.663989e-03	1.400536e-02	-2.435743e-02
1.315000e+01	-1.850027e-03	8.235826e-03	-1.349863e-03	1.644769e-02	-2.140426e-02
1.320000e+01	1.293869e-03	6.420627e-03	1.975376e-03	1.575894e-02	-1.761476e-02
1.325000e+01	4.207546e-03	5.188981e-03	4.327615e-03	1.523643e-02	-1.199727e-02
1.330000e+01	6.557228e-03	5.094405e-03	6.727707e-03	1.778593e-02	-5.231531e-03
1.335000e+01	8.129092e-03	5.843728e-03	7.520879e-03	2.014585e-02	-2.581454e-03
1.340000e+01	8.875723e-03	6.707835e-03	7.589163e-03	2.558930e-02	-1.317962e-03
1.345000e+01	8.910722e-03	7.257457e-03	6.919547e-03	2.795347e-02	-1.628814e-03
1.350000e+01	8.452202e-03	7.357773e-03	6.888057e-03	2.704297e-02	-3.927064e-03
1.355000e+01	7.734332e-03	7.079206e-03	6.425344e-03	2.464757e-02	-5.296023e-03
1.360000e+01	6.918717e-03	6.668658e-03	5.958863e-03	2.543932e-02	-4.754260e-03
1.365000e+01	6.039002e-03	6.433891e-03	5.134646e-03	2.401050e-02	-7.269895e-03
1.370000e+01	5.001269e-03	6.463206e-03	4.346084e-03	2.155865e-02	-1.023137e-02
1.375000e+01	3.642614e-03	6.492771e-03	3.545091e-03	1.754098e-02	-1.235306e-02
1.380000e+01	1.827668e-03	6.172130e-03	2.168300e-03	1.398287e-02	-1.298563e-02
1.385000e+01	-4.536963e-04	5.381289e-03	-3.257115e-04	1.091731e-02	-1.264077e-02
1.390000e+01	-3.027739e-03	4.373928e-03	-2.847825e-03	8.265127e-03	-1.395437e-02
1.395000e+01	-5.545696e-03	3.754148e-03	-5.583695e-03	4.087054e-03	-1.436767e-02
1.400000e+01	-7.564435e-03	3.933604e-03	-7.295391e-03	2.346262e-03	-1.667589e-02
1.405000e+01	-8.688904e-03	4.509017e-03	-8.424278e-03	3.054515e-03	-2.081998e-02
1.410000e+01	-8.689211e-03	4.938191e-03	-8.854576e-03	2.956691e-03	-2.263901e-02
1.415000e+01	-7.575001e-03	5.114460e-03	-7.961986e-03	5.304459e-03	-2.178845e-02
1.420000e+01	-5.613627e-03	5.206349e-03	-6.204905e-03	8.680438e-03	-1.845346e-02
1.425000e+01	-3.261674e-03	5.379055e-03	-3.548759e-03	1.077372e-02	-1.358026e-02
1.430000e+01	-1.033991e-03	5.616418e-03	-1.439463e-03	1.229301e-02	-1.324010e-02
1.435000e+01	6.476526e-04	5.792014e-03	1.296686e-04	1.333617e-02	-1.371135e-02
1.440000e+01	1.575355e-03	5.824350e-03	1.109075e-03	1.496895e-02	-1.422660e-02
1.445000e+01	1.803691e-03	5.711071e-03	1.532198e-03	1.434653e-02	-1.457059e-02
1.450000e+01	1.609087e-03	5.465260e-03	1.243982e-03	1.266275e-02	-1.435112e-02
1.455000e+01	1.374332e-03	5.073205e-03	9.388121e-04	1.193173e-02	-1.305151e-02
1.460000e+01	1.439320e-03	4.539479e-03	1.418396e-03	1.163788e-02	-1.039707e-02
1.465000e+01	1.971343e-03	3.983865e-03	2.271294e-03	1.100207e-02	-8.948008e-03
1.470000e+01	2.901223e-03	3.685890e-03	3.276207e-03	9.871882e-03	-7.253109e-03
1.475000e+01	3.947678e-03	3.887123e-03	4.440965e-03	1.190648e-02	-6.673313e-03
1.480000e+01	4.720336e-03	4.461730e-03	4.763148e-03	1.508847e-02	-6.747374e-03
1.485000e+01	4.863468e-03	5.057160e-03	4.247932e-03	1.674929e-02	-6.073872e-03
1.490000e+01	4.188200e-03	5.397811e-03	3.382775e-03	1.691908e-02	-5.803230e-03
1.495000e+01	2.745890e-03	5.358861e-03	1.955709e-03	1.585476e-02	-6.079325e-03
1.500000e+01	8.173701e-04	4.951760e-03	3.112066e-04	1.350869e-02	-7.372674e-03
1.505000e+01	-1.173470e-03	4.313858e-03	-1.009988e-03	1.055182e-02	-1.115397e-02
1.510000e+01	-2.832418e-03	3.631800e-03	-2.748268e-03	7.288761e-03	-1.353850e-02
1.515000e+01	-3.852673e-03	3.119446e-03	-3.990619e-03	4.538639e-03	-1.392578e-02
1.520000e+01	-4.123715e-03	2.868295e-03	-3.967289e-03	3.348820e-03	-1.208480e-02
1.525000e+01	-3.744595e-03	2.790590e-03	-3.299377e-03	2.328970e-03	-1.054794e-02
1.530000e+01	-2.966482e-03	2.772625e-03	-2.283918e-03	3.254494e-03	-1.088814e-02
1.535000e+01	-2.089463e-03	2.819063e-03	-1.886591e-03	4.652090e-03	-1.009911e-02
1.540000e+01	-1.353767e-03	3.012096e-03	-1.672092e-03	7.363152e-03	-8.574178e-03
1.545000e+01	-8.653718e-04	3.369526e-03	-1.466652e-03	9.753851e-03	-9.595422e-03
1.550000e+01	-5.809550e-04	3.789425e-03	-9.944320e-04	1.064684e-02	-9.933262e-03
1.555000e+01	-3.534501e-04	4.127456e-03	-7.102997e-04	1.045807e-02	-9.392071e-03
1.560000e+01	-1.631096e-05	4.284981e-03	-2.588523e-04	9.664625e-03	-8.945438e-03
1.565000e+01	5.293775e-04	4.255935e-03	1.305902e-04	1.103163e-02	-8.902209e-03
1.570000e+01	1.260503e-03	4.130263e-03	5.905490e-04	1.204918e-02	-9.154837e-03
1.575000e+01	2.031791e-03	4.028969e-03	1.718976e-03	1.273251e-02	-9.416170e-03
1.580000e+01	2.629427e-03	3.983214e-03	2.457450e-03	1.292137e-02	-9.115259e-03
1.585000e+01	2.856515e-03	3.894003e-03	3.195349e-03	1.244472e-02	-8.515789e-03
1.590000e+01	2.615843e-03	3.661094e-03	2.848239e-03	1.080215e-02	-7.675997e-03
1.595000e+01	1.956366e-03	3.359349e-03	2.025845e-03	8.027776e-03	-6.560068e-03
1.600000e+01	1.063846e-03	3.284053e-03	1.108838e-03	7.857758e-03	-8.039395e-03
1.605000e+01	2.010595e-04	3.656057e-03	2.127785e-04	8.822882e-03	-1.014445e-02
1.610000e+01	-4.003567e-04	4.240504e-03	1.310850e-04	9.244977e-03	-1.228867e-02
1.615000e+01	-6.083790e-04	4.660801e-03	2.739698e-04	8.640400e-03	-1.261634e-02
1.620000e+01	-4.509195e-04	4.710712e-03	4.846950e-04	1.041622e-02	-1.168341e-02
1.625000e+01	-1.097224e-04	4.420093e-03	6.216408e-04	1.193705e-02	-1.150884e-02
1.630000e+01	1.438716e-04	3.993375e-03	1.775727e-04	1.216570e-02	-1.020816e-02
1.635000e+01	5.005055e-05	3.643919e-03	-6.982393e-05	1.094153e-02	-8.148856e-03
1.640000e+01	-5.365759e-04	3.397948e-03	-4.985372e-04	8.312261e-03	-8.588815e-03
1.645000e+01	-1.579064e-03	3.118074e-03	-1.268910e-03	4.926735e-03	-1.063962e-02
1.650000e+01	-2.850688e-03	2.742638e-03	-2.607630e-03	2.408760e-03	-1.178168e-02
1.655000e+01	-3.993147e-03	2.430251e-03	-4.054317e-03	2.788401e-03	-1.147199e-02
1.660000e+01	-4.623287e-03	2.429017e-03	-4.876679e-03	2.751985e-03	-1.095473e-02
1.665000e+01	-4.454459e-03	2.732386e-03	-4.568672e-03	2.614998e-03	-1.206073e-02
1.670000e+01	-3.393176e-03	3.141927e-03	-3.381362e-03	6.702818e-03	-1.161896e-02
1.675000e+01	-1.579352e-03	3.584786e-03	-2.249004e-03	1.073550e-02	-9.018230e-03
1.680000e+01	6.435204e-04	4.094261e-03	-3.895113e-04	1.332756e-02	-6.091841e-03
1.685000e+01	2.819442e-03	4.625691e-03	2.180766e-03	1.589595e-02	-6.672376e-03
1.690000e+01	4.504007e-03	5.006421e-03	4.550920e-03	1.674636e-02	-6.409887e-03
1.695000e+01	5.383291e-03	5.053205e-03	5.693696e-03	1.697920e-02	-5.492108e-03
1.700000e+01	5.351672e-03	4.705061e-03	5.555994e-03	1.581789e-02	-4.877955e-03
1.705000e+01	4.521221e-03	4.082556e-03	4.491870e-03	1.588417e-02	-4.069479e-03
1.710000e+01	3.193879e-03	3.496834e-03	2.690776e-03	1.517168e-02	-4.622756e-03
1.715000e+01	1.737264e-03	3.254739e-03	1.505586e-03	1.275197e-02	-7.343866e-03
1.720000e+01	4.832324e-04	3.331569e-03	6.717174e-04	9.238084e-03	-8.792506e-03
1.725000e+01	-3.615368e-04	3.431283e-03	-3.348140e-04	8.586430e-03	-8.623949e-03
1.730000e+01	-7.573803e-04	3.367976e-03	-8.949585e-04	9.052668e-03	-9.519256e-03
1.735000e+01	-8.165126e-04	3.181308e-03	-7.112435e-04	8.122735e-03	-1.045495e-02
1.740000e+01	-7.406389e-04	3.044127e-03	-4.449233e-04	6.096007e-03	-1.038980e-02
1.745000e+01	-7.359709e-04	3.090931e-03	-2.359066e-04	5.677705e-03	-9.963975e-03
1.750000e+01	-9.361923e-04	3.292610e-03	-4.848458e-04	6.291915e-03	-9.871442e-03
1.755000e+01	-1.359145e-03	3.518066e-03	-8.020727e-04	7.670494e-03	-9.851975e-03
1.760000e+01	-1.909645e-03	3.647310e-03	-1.688656e-03	7.883753e-03	-9.988743e-03
1.765000e+01	-2.423829e-03	3.603463e-03	-2.468836e-03	7.079974e-03	-1.179158e-02
1.770000e+01	-2.735919e-03	3.355264e-03	-3.001446e-03	5.539314e-03	-1.228974e-02
1.775000e+01	-2.741242e-03	2.936601e-03	-2.891232e-03	5.607744e-03	-1.148938e-02
1.780000e+01	-2.432130e-03	2.472760e-03	-2.429728e-03	4.857934e-03	-9.689669e-03
1.785000e+01	-1.894515e-03	2.164528e-03	-1.929442e-03	3.239345e-03	-8.985999e-03
1.790000e+01	-1.268431e-03	2.140302e-03	-1.194697e-03	4.206073e-03	-7.596990e-03
1.795000e+01	-6.893372e-04	2.304037e-03	-9.057983e-04	5.940316e-03	-5.094571e-03
1.800000e+01	-2.342275e-04	2.496904e-03	-5.185942e-04	7.030919e-03	-5.392459e-03
1.805000e+01	1.121812e-04	2.679513e-03	-1.232463e-04	7.399409e-03	-5.218615e-03
1.810000e+01	4.321543e-04	2.875355e-03	1.251984e-04	7.670077e-03	-6.465457e-03
1.815000e+01	8.388044e-04	3.092948e-03	4.750687e-04	8.539548e-03	-6.838263e-03
1.820000e+01	1.415773e-03	3.298618e-03	1.299565e-03	1.045799e-02	-6.338859e-03
1.825000e+01	2.164808e-03	3.461933e-03	2.319967e-03	1.112014e-02	-5.458930e-03
1.830000e+01	2.982949e-03	3.582211e-03	3.371051e-03	1.091188e-02	-5.409234e-03
1.835000e+01	3.680788e-03	3.659269e-03	4.196263e-03	1.199654e-02	-4.588411e-03
1.840000e+01	4.037985e-03	3.659034e-03	4.298581e-03	1.234822e-02	-4.296499e-03
1.845000e+01	3.877807e-03	3.537896e-03	3.516173e-03	1.152118e-02	-3.281291e-03
1.850000e+01	3.134467e-03	3.317971e-03	2.664538e-03	1.159958e-02	-3.006240e-03
1.855000e+01	1.888452e-03	3.141330e-03	1.156563e-03	1.070185e-02	-5.413460e-03
1.860000e+01	3.556185e-04	3.195519e-03	3.470971e-04	8.178171e-03	-8.458188e-03
1.865000e+01	-1.168234e-03	3.496131e-03	-1.216191e-03	5.593920e-03	-1.013577e-02
1.870000e+01	-2.389977e-03	3.844295e-03	-3.040269e-03	5.452869e-03	-1.113845e-02
1.875000e+01	-3.101957e-03	4.027241e-03	-3.828501e-03	5.479514e-03	-1.250124e-02
1.880000e+01	-3.237808e-03	3.947894e-03	-3.300986e-03	5.195612e-03	-1.193973e-02
1.885000e+01	-2.883328e-03	3.634965e-03	-2.695769e-03	4.443323e-03	-9.851654e-03
1.890000e+01	-2.239910e-03	3.201702e-03	-1.944211e-03	4.979829e-03	-9.337403e-03
1.895000e+01	-1.553983e-03	2.781036e-03	-1.339192e-03	6.318295e-03	-7.483150e-03
1.900000e+01	-1.036885e-03	2.457993e-03	-9.172404e-04	6.969796e-03	-6.581336e-03
1.905000e+01	-8.020692e-04	2.244487e-03	-7.994424e-04	6.141076e-03	-6.947175e-03
1.910000e+01	-8.421106e-04	2.116734e-03	-8.267806e-04	4.605349e-03	-7.467852e-03
1.915000e+01	-1.037041e-03	2.069847e-03	-1.126344e-03	5.519974e-03	-8.018086e-03
1.920000e+01	-1.208156e-03	2.117251e-03	-1.402160e-03	6.336259e-03	-7.923805e-03
1.925000e+01	-1.185684e-03	2.253333e-03	-1.308924e-03	6.086961e-03	-6.854033e-03
1.930000e+01	-8.683678e-04	2.438818e-03	-8.982709e-04	6.357671e-03	-5.747331e-03
1.935000e+01	-2.555058e-04	2.621341e-03	-3.820126e-04	7.683277e-03	-5.541720e-03
1.940000e+01	5.570801e-04	2.759320e-03	2.862227e-04	9.309043e-03	-5.773705e-03
1.945000e+01	1.412554e-03	2.833305e-03	1.060789e-03	1.044367e-02	-5.054026e-03
1.950000e+01	2.145036e-03	2.845655e-03	2.283061e-03	9.963915e-03	-3.459355e-03
1.955000e+01	2.628764e-03	2.809426e-03	2.997364e-03	8.327592e-03	-3.715139e-03
1.960000e+01	2.808120e-03	2.732073e-03	3.275706e-03	8.945970e-03	-4.442433e-03
1.965000e+01	2.700718e-03	2.608872e-03	3.144707e-03	8.478132e-03	-4.734400e-03
1.970000e+01	2.376223e-03	2.437023e-03	2.725428e-03	8.351450e-03	-4.376443e-03
1.975000e+01	1.922053e-03	2.241570e-03	2.076188e-03	7.545491e-03	-3.421054e-03
1.980000e+01	1.410599e-03	2.087849e-03	1.384794e-03	6.472775e-03	-4.694652e-03
1.985000e+01	8.802770e-04	2.051692e-03	9.722728e-04	5.604736e-03	-5.936972e-03
1.990000e+01	3.359633e-04	2.154514e-03	3.114558e-04	5.643429e-03	-6.270124e-03
1.995000e+01	-2.339501e-04	2.347888e-03	-8.785365e-05	5.172293e-03	-6.293047e-03
2.000000e+01	-8.331485e-04	2.570848e-03	-4.610898e-04	4.164720e-03	-7.652440e-03
