# k	<chi>	std	chi_median	chi_max	chi_min
0.000000e+00	-9.730814e-03	2.098014e-01	0.000000e+00	7.163276e-01	-4.129726e-01
5.000000e-02	-3.002954e-02	2.936387e-01	-1.456953e-01	7.036711e-01	-4.342311e-01
1.000000e-01	-3.466130e-02	2.871784e-01	-1.489747e-01	6.906086e-01	-4.317775e-01
1.500000e-01	-4.940122e-02	2.674145e-01	-1.655244e-01	6.487634e-01	-4.288014e-01
2.000000e-01	-6.506159e-02	2.473486e-01	-1.645189e-01	6.035572e-01	-4.309161e-01
2.500000e-01	-9.317107e-02	2.136334e-01	-1.689244e-01	5.209939e-01	-4.331548e-01
3.000000e-01	-1.229671e-01	1.809879e-01	-1.644243e-01	4.310756e-01	-4.340277e-01
3.500000e-01	-1.662878e-01	1.411451e-01	-1.899098e-01	2.957919e-01	-4.417511e-01
4.000000e-01	-2.104673e-01	1.167646e-01	-2.213477e-01	1.527359e-01	-4.833279e-01
4.500000e-01	-2.652509e-01	1.224989e-01	-2.470442e-01	-2.253820e-02	-5.847737e-01
5.000000e-01	-3.170843e-01	1.602244e-01	-2.833661e-01	8.393183e-03	-6.797766e-01
5.500000e-01	-3.716900e-01	2.171278e-01	-3.786039e-01	3.718081e-02	-7.799997e-01
6.000000e-01	-4.166470e-01	2.710907e-01	-4.840861e-01	5.731607e-02	-8.809685e-01
6.500000e-01	-4.533193e-01	3.201910e-01	-5.085784e-01	6.818868e-02	-9.903139e-01
7.000000e-01	-4.731389e-01	3.528452e-01	-5.265512e-01	6.714980e-02	-1.066831e+00
7.500000e-01	-4.745634e-01	3.677105e-01	-5.120309e-01	5.413971e-02	-1.093498e+00
8.000000e-01	-4.558348e-01	3.616880e-01	-4.718630e-01	3.803294e-02	-1.060491e+00
8.500000e-01	-4.151616e-01	3.334499e-01	-4.176063e-01	3.881173e-02	-1.022649e+00
9.000000e-01	-3.592368e-01	2.883851e-01	-3.457516e-01	6.224368e-02	-9.296316e-01
9.500000e-01	-2.886815e-01	2.269655e-01	-2.741512e-01	7.252108e-02	-7.797100e-01
1.000000e+00	-2.166304e-01	1.606978e-01	-2.078020e-01	6.627709e-02	-6.001013e-01
1.050000e+00	-1.460543e-01	9.319136e-02	-1.485544e-01	4.260035e-02	-4.040142e-01
1.100000e+00	-9.048895e-02	4.629535e-02	-8.146977e-02	1.116721e-02	-2.176031e-01
1.150000e+00	-5.277686e-02	5.438473e-02	-6.840124e-02	1.298199e-01	-1.773956e-01
1.200000e+00	-3.868960e-02	8.274929e-02	-6.012603e-02	2.116731e-01	-1.899354e-01
1.250000e+00	-4.716510e-02	1.001727e-01	-6.249143e-02	2.340511e-01	-2.094159e-01
1.300000e+00	-7.190000e-02	1.025381e-01	-9.111585e-02	2.030933e-01	-2.350727e-01
1.350000e+00	-1.068375e-01	9.224288e-02	-1.213786e-01	1.311012e-01	-2.836444e-01
1.400000e+00	-1.375383e-01	7.564297e-02	-1.498912e-01	5.912407e-02	-3.111127e-01
1.450000e+00	-1.569073e-01	5.821149e-02	-1.588868e-01	-1.987422e-02	-3.156473e-01
1.500000e+00	-1.535437e-01	4.763949e-02	-1.492958e-01	-5.009839e-02	-2.928889e-01
1.550000e+00	-1.257156e-01	4.484391e-02	-1.235609e-01	-2.299965e-02	-2.452962e-01
1.600000e+00	-7.495627e-02	4.644097e-02	-7.331295e-02	2.032487e-02	-1.796840e-01
1.650000e+00	-7.530735e-03	4.931790e-02	-8.301619e-03	9.140340e-02	-1.040237e-01
1.700000e+00	6.278823e-02	5.159620e-02	6.612603e-02	1.621432e-01	-2.966350e-02
1.750000e+00	1.271020e-01	5.254687e-02	1.264248e-01	2.153007e-01	3.694097e-02
1.800000e+00	1.709068e-01	4.859357e-02	1.657879e-01	2.535245e-01	9.289746e-02
1.850000e+00	1.920729e-01	3.947194e-02	1.797310e-01	2.681074e-01	1.370010e-01
1.900000e+00	1.864439e-01	2.670498e-02	1.767581e-01	2.557773e-01	1.410777e-01
1.950000e+00	1.618747e-01	2.130311e-02	1.684327e-01	2.158647e-01	1.046974e-01
2.000000e+00	1.244308e-01	3.083862e-02	1.247016e-01	1.745838e-01	6.258217e-02
2.050000e+00	8.492034e-02	4.302632e-02	8.071859e-02	1.537595e-01	2.664432e-02
2.100000e+00	5.111922e-02	4.707638e-02	4.524106e-02	1.244929e-01	-1.705262e-02
2.150000e+00	2.865823e-02	4.168383e-02	3.034128e-02	9.348401e-02	-3.697102e-02
2.200000e+00	1.772456e-02	3.012123e-02	2.186305e-02	6.755213e-02	-3.429463e-02
2.250000e+00	1.332523e-02	2.010272e-02	1.714969e-02	4.945616e-02	-2.764665e-02
2.300000e+00	1.204877e-02	1.351096e-02	1.267530e-02	3.908429e-02	-2.179915e-02
2.350000e+00	1.049748e-02	1.128343e-02	9.054388e-03	3.573024e-02	-1.423153e-02
2.400000e+00	6.709892e-03	1.045460e-02	5.158920e-03	3.064288e-02	-1.665972e-02
2.450000e+00	3.268200e-03	1.029170e-02	2.012375e-03	2.567832e-02	-2.244671e-02
2.500000e+00	-9.733893e-04	9.437147e-03	-7.518285e-04	1.903444e-02	-2.561691e-02
2.550000e+00	-5.425830e-03	7.856428e-03	-4.130347e-03	1.083227e-02	-2.661193e-02
2.600000e+00	-9.296415e-03	5.991662e-03	-8.097423e-03	1.653819e-03	-2.614002e-02
2.650000e+00	-1.343837e-02	4.679059e-03	-1.261016e-02	-3.353992e-03	-2.826129e-02
2.700000e+00	-1.639558e-02	4.306311e-03	-1.589963e-02	-5.204127e-03	-2.788080e-02
2.750000e+00	-1.779103e-02	4.876112e-03	-1.816611e-02	-2.851322e-03	-2.760236e-02
2.800000e+00	-1.756270e-02	5.666766e-03	-1.830852e-02	3.372863e-04	-2.906402e-02
2.850000e+00	-1.686260e-02	6.348456e-03	-1.705127e-02	2.314125e-03	-2.866447e-02
2.900000e+00	-1.475349e-02	6.637042e-03	-1.473247e-02	3.313746e-03	-2.722892e-02
2.950000e+00	-1.181830e-02	6.628928e-03	-1.178211e-02	3.658182e-03	-2.414818e-02
3.000000e+00	-8.700716e-03	6.518995e-03	-8.459145e-03	2.529647e-03	-2.036691e-02
3.050000e+00	-5.793225e-03	6.312812e-03	-5.236330e-03	6.839585e-03	-1.662876e-02
3.100000e+00	-3.559477e-03	6.414648e-03	-3.031679e-03	1.026073e-02	-1.426396e-02
3.150000e+00	-2.163177e-03	6.620408e-03	-1.627642e-03	1.189838e-02	-1.411650e-02
3.200000e+00	-1.461957e-03	6.520221e-03	-1.138142e-03	1.166494e-02	-1.351193e-02
3.250000e+00	-1.009856e-03	5.822948e-03	-6.067035e-04	9.961274e-03	-1.211162e-02
3.300000e+00	-3.582745e-04	4.432763e-03	-3.713053e-04	9.538320e-03	-1.050951e-02
3.350000e+00	8.739822e-04	3.090821e-03	7.248966e-04	9.314491e-03	-6.878140e-03
3.400000e+00	2.799559e-03	4.014681e-03	2.050584e-03	1.456482e-02	-4.103914e-03
3.450000e+00	5.422150e-03	6.570514e-03	4.574849e-03	2.111813e-02	-4.461291e-03
3.500000e+00	8.090469e-03	8.920808e-03	6.133464e-03	2.590760e-02	-5.272883e-03
3.550000e+00	1.015599e-02	1.027906e-02	7.018369e-03	2.804427e-02	-5.354120e-03
3.600000e+00	1.104610e-02	1.036947e-02	8.031779e-03	2.918680e-02	-4.954627e-03
3.650000e+00	1.058443e-02	9.202845e-03	8.901849e-03	2.612740e-02	-5.145042e-03
3.700000e+00	8.498789e-03	7.372835e-03	8.378188e-03	2.073860e-02	-5.433629e-03
3.750000e+00	5.126524e-03	5.795955e-03	4.955968e-03	1.549583e-02	-5.874984e-03
3.800000e+00	1.046882e-03	5.181328e-03	1.345684e-03	1.376654e-02	-1.070874e-02
3.850000e+00	-3.091546e-03	5.185589e-03	-2.426190e-03	1.147456e-02	-1.631636e-02
3.900000e+00	-6.845543e-03	5.007289e-03	-6.425829e-03	7.306891e-03	-2.001619e-02
3.950000e+00	-9.779375e-03	4.434852e-03	-9.592192e-03	1.798339e-03	-2.191991e-02
4.000000e+00	-1.166849e-02	4.073379e-03	-1.206272e-02	-2.474401e-03	-2.181854e-02
4.050000e+00	-1.269178e-02	4.746244e-03	-1.304743e-02	-2.518615e-04	-2.575774e-02
4.100000e+00	-1.285879e-02	5.940918e-03	-1.271762e-02	1.780031e-03	-3.183111e-02
4.150000e+00	-1.222364e-02	6.780450e-03	-1.218988e-02	3.091996e-03	-3.418262e-02
4.200000e+00	-1.084870e-02	6.773054e-03	-1.126623e-02	3.237841e-03	-3.265903e-02
4.250000e+00	-9.188747e-03	5.980267e-03	-1.003226e-02	4.054803e-03	-2.724057e-02
4.300000e+00	-6.943653e-03	4.714925e-03	-7.556411e-03	3.945155e-03	-1.843508e-02
4.350000e+00	-4.187223e-03	4.386417e-03	-4.699646e-03	7.751868e-03	-1.389752e-02
4.400000e+00	-1.060228e-03	5.971514e-03	-1.993719e-03	1.632102e-02	-1.255475e-02
4.450000e+00	2.043218e-03	8.162773e-03	-2.907060e-04	2.396082e-02	-1.052337e-02
4.500000e+00	5.222640e-03	9.787521e-03	4.091017e-03	3.042284e-02	-1.242571e-02
4.550000e+00	8.389063e-03	1.020668e-02	8.748424e-03	3.414699e-02	-1.269220e-02
4.600000e+00	1.152744e-02	9.257120e-03	1.192299e-02	3.511490e-02	-1.044613e-02
4.650000e+00	1.453354e-02	7.412275e-03	1.476417e-02	3.411727e-02	-6.143215e-03
4.700000e+00	1.759946e-02	5.722362e-03	1.848801e-02	3.151085e-02	5.937373e-04
4.750000e+00	2.063404e-02	5.929090e-03	2.204101e-02	3.099412e-02	5.404804e-03
4.800000e+00	2.335422e-02	7.720588e-03	2.437470e-02	3.616183e-02	5.347552e-03
4.850000e+00	2.528829e-02	9.414137e-03	2.563340e-02	4.063499e-02	4.668411e-03
4.900000e+00	2.593022e-02	1.025367e-02	2.612573e-02	4.287528e-02	2.077509e-03
4.950000e+00	2.471572e-02	1.022563e-02	2.609337e-02	4.320482e-02	6.340008e-05
5.000000e+00	2.127734e-02	9.793937e-03	2.278280e-02	4.018565e-02	-2.599049e-03
5.050000e+00	1.562711e-02	9.560192e-03	1.638272e-02	3.358986e-02	-6.760986e-03
5.100000e+00	8.154133e-03	9.709544e-03	9.494732e-03	2.967663e-02	-1.343602e-02
5.150000e+00	-4.097149e-04	9.939876e-03	3.389248e-04	2.467100e-02	-2.370183e-02
5.200000e+00	-9.133255e-03	9.866111e-03	-8.689577e-03	1.785384e-02	-3.200892e-02
5.250000e+00	-1.705606e-02	9.418428e-03	-1.797159e-02	1.000099e-02	-3.726030e-02
5.300000e+00	-2.350026e-02	8.942563e-03	-2.461426e-02	1.819515e-03	-4.097260e-02
5.350000e+00	-2.813684e-02	8.861204e-03	-2.829580e-02	-4.835217e-03	-4.370770e-02
5.400000e+00	-3.100381e-02	9.214317e-03	-3.151305e-02	-1.010587e-02	-4.881841e-02
5.450000e+00	-3.225033e-02	9.585542e-03	-3.316237e-02	-1.269595e-02	-5.388615e-02
5.500000e+00	-3.238372e-02	9.637548e-03	-3.337123e-02	-1.339135e-02	-5.639894e-02
5.550000e+00	-3.170341e-02	9.306906e-03	-3.159160e-02	-9.542331e-03	-5.673756e-02
5.600000e+00	-3.028443e-02	8.850200e-03	-2.990886e-02	-6.615542e-03	-5.496316e-02
5.650000e+00	-2.784526e-02	8.626271e-03	-2.806879e-02	-4.848855e-03	-5.003446e-02
5.700000e+00	-2.424447e-02	8.877117e-03	-2.516176e-02	-3.009148e-03	-4.311708e-02
5.750000e+00	-1.922029e-02	9.533754e-03	-1.986774e-02	3.476590e-03	-4.149046e-02
5.800000e+00	-1.269847e-02	1.038966e-02	-1.255777e-02	1.040822e-02	-3.883075e-02
5.850000e+00	-4.825197e-03	1.121769e-02	-4.201826e-03	1.806608e-02	-3.364890e-02
5.900000e+00	3.797525e-03	1.186250e-02	4.392412e-03	2.566435e-02	-2.629688e-02
5.950000e+00	1.248091e-02	1.217882e-02	1.354554e-02	3.198772e-02	-1.718593e-02
6.000000e+00	2.050548e-02	1.209088e-02	2.170250e-02	4.497612e-02	-8.627934e-03
6.050000e+00	2.722864e-02	1.155406e-02	2.782581e-02	5.507518e-02	-1.400868e-03
6.100000e+00	3.220477e-02	1.065936e-02	3.318422e-02	6.077838e-02	6.622195e-03
6.150000e+00	3.526379e-02	9.495852e-03	3.528195e-02	6.150975e-02	1.468752e-02
6.200000e+00	3.640071e-02	8.283623e-03	3.502820e-02	5.853920e-02	2.107016e-02
6.250000e+00	3.568572e-02	7.550212e-03	3.375708e-02	6.147942e-02	2.157389e-02
6.300000e+00	3.319698e-02	7.946370e-03	3.190615e-02	5.847754e-02	1.562288e-02
6.350000e+00	2.901043e-02	9.416567e-03	2.746986e-02	5.594366e-02	7.352509e-03
6.400000e+00	2.324960e-02	1.120889e-02	2.076701e-02	5.752683e-02	-8.408771e-04
6.450000e+00	1.616576e-02	1.266905e-02	1.384284e-02	5.447880e-02	-8.238224e-03
6.500000e+00	8.199946e-03	1.352637e-02	4.807560e-03	4.640588e-02	-1.516451e-02
6.550000e+00	-9.020435e-05	1.378947e-02	-2.879462e-03	3.351217e-02	-2.607749e-02
6.600000e+00	-7.843859e-03	1.372380e-02	-9.644877e-03	2.675953e-02	-3.600046e-02
6.650000e+00	-1.436167e-02	1.352147e-02	-1.490867e-02	2.014151e-02	-4.769475e-02
6.700000e+00	-1.915730e-02	1.320751e-02	-1.874001e-02	1.211295e-02	-5.612160e-02
6.750000e+00	-2.207568e-02	1.271244e-02	-2.119177e-02	5.710345e-03	-5.917470e-02
6.800000e+00	-2.331661e-02	1.202978e-02	-2.209120e-02	3.791670e-03	-5.669256e-02
6.850000e+00	-2.334890e-02	1.128538e-02	-2.315898e-02	7.430459e-04	-4.974275e-02
6.900000e+00	-2.274160e-02	1.066980e-02	-2.198593e-02	-2.184612e-03	-5.253071e-02
6.950000e+00	-2.197083e-02	1.031335e-02	-2.047551e-02	-2.428409e-03	-5.222417e-02
7.000000e+00	-2.127053e-02	1.023196e-02	-2.068646e-02	-1.643548e-03	-4.929461e-02
7.050000e+00	-2.052842e-02	1.036372e-02	-2.056930e-02	9.772977e-04	-4.663669e-02
7.100000e+00	-1.949828e-02	1.071655e-02	-1.928106e-02	2.145766e-03	-4.818720e-02
7.150000e+00	-1.777850e-02	1.129308e-02	-1.803447e-02	9.874445e-03	-5.432749e-02
7.200000e+00	-1.503682e-02	1.205931e-02	-1.540094e-02	1.820828e-02	-5.598393e-02
7.250000e+00	-1.114563e-02	1.290974e-02	-1.136746e-02	2.603537e-02	-5.193093e-02
7.300000e+00	-6.232597e-03	1.368490e-02	-6.326326e-03	3.276082e-02	-4.208968e-02
7.350000e+00	-6.354494e-04	1.421596e-02	-5.474064e-04	3.749246e-02	-3.228991e-02
7.400000e+00	5.210753e-03	1.436799e-02	5.805529e-03	3.937856e-02	-3.599479e-02
7.450000e+00	1.090009e-02	1.407646e-02	1.283603e-02	4.277292e-02	-3.652650e-02
7.500000e+00	1.614053e-02	1.338362e-02	1.827476e-02	4.535546e-02	-3.259444e-02
7.550000e+00	2.070245e-02	1.244255e-02	2.252074e-02	4.511703e-02	-2.406656e-02
7.600000e+00	2.452005e-02	1.161168e-02	2.583870e-02	4.377921e-02	-1.273948e-02
7.650000e+00	2.746458e-02	1.123469e-02	2.807901e-02	5.229921e-02	-2.867960e-03
7.700000e+00	2.929994e-02	1.142465e-02	2.984004e-02	5.948855e-02	3.245665e-03
7.750000e+00	2.967602e-02	1.196808e-02	3.080008e-02	6.134964e-02	3.885384e-03
7.800000e+00	2.820914e-02	1.255698e-02	2.900937e-02	6.354863e-02	2.850845e-04
7.850000e+00	2.462760e-02	1.304373e-02	2.501510e-02	6.511623e-02	-6.049439e-03
7.900000e+00	1.892811e-02	1.346465e-02	1.896579e-02	6.170295e-02	-1.128401e-02
7.950000e+00	1.147723e-02	1.387764e-02	1.026195e-02	5.567550e-02	-1.834166e-02
8.000000e+00	3.007415e-03	1.420898e-02	9.240886e-04	4.972205e-02	-2.809930e-02
8.050000e+00	-5.525266e-03	1.423814e-02	-7.253085e-03	4.349741e-02	-3.392925e-02
8.100000e+00	-1.304824e-02	1.390035e-02	-1.407747e-02	3.539526e-02	-3.860215e-02
8.150000e+00	-1.876106e-02	1.327242e-02	-1.896070e-02	2.511897e-02	-4.684917e-02
8.200000e+00	-2.225409e-02	1.256095e-02	-2.227774e-02	1.275359e-02	-5.324159e-02
8.250000e+00	-2.357254e-02	1.192093e-02	-2.379503e-02	-5.672421e-05	-5.618686e-02
8.300000e+00	-2.314639e-02	1.132331e-02	-2.278533e-02	-2.440620e-03	-5.453554e-02
8.350000e+00	-2.161405e-02	1.063600e-02	-2.122442e-02	2.551518e-03	-4.753980e-02
8.400000e+00	-1.960298e-02	9.836019e-03	-1.872206e-02	5.347881e-03	-4.239856e-02
8.450000e+00	-1.754256e-02	9.146206e-03	-1.702635e-02	5.091258e-03	-3.757693e-02
8.500000e+00	-1.556929e-02	8.974300e-03	-1.563338e-02	4.588719e-03	-3.835117e-02
8.550000e+00	-1.353014e-02	9.605396e-03	-1.393303e-02	1.555921e-02	-3.770443e-02
8.600000e+00	-1.115165e-02	1.091966e-02	-1.170081e-02	2.671079e-02	-3.506728e-02
8.650000e+00	-8.153990e-03	1.246337e-02	-9.655396e-03	3.464275e-02	-3.062759e-02
8.700000e+00	-4.411459e-03	1.373263e-02	-6.778599e-03	3.843239e-02	-2.682439e-02
8.750000e+00	-2.843455e-05	1.430964e-02	-2.312068e-03	3.825689e-02	-2.614184e-02
8.800000e+00	4.676169e-03	1.394955e-02	3.166549e-03	3.539959e-02	-2.213113e-02
8.850000e+00	9.260971e-03	1.267218e-02	9.705339e-03	3.555360e-02	-1.576554e-02
8.900000e+00	1.328800e-02	1.084091e-02	1.394595e-02	3.801220e-02	-9.136414e-03
8.950000e+00	1.643089e-02	9.187658e-03	1.681105e-02	3.845244e-02	-1.359365e-03
9.000000e+00	1.852657e-02	8.559148e-03	1.857726e-02	3.817639e-02	1.262223e-03
9.050000e+00	1.958721e-02	9.114872e-03	1.996841e-02	3.979839e-02	-1.856469e-03
9.100000e+00	1.963758e-02	1.012790e-02	2.064278e-02	4.185476e-02	-1.005518e-02
9.150000e+00	1.874384e-02	1.089200e-02	2.045590e-02	3.941585e-02	-1.488303e-02
9.200000e+00	1.693253e-02	1.113573e-02	1.780859e-02	4.296291e-02	-1.592133e-02
9.250000e+00	1.419369e-02	1.094551e-02	1.496534e-02	4.387174e-02	-1.377810e-02
9.300000e+00	1.053512e-02	1.063007e-02	1.072396e-02	4.111691e-02	-1.373190e-02
9.350000e+00	6.061692e-03	1.055086e-02	5.512985e-03	3.452995e-02	-1.761238e-02
9.400000e+00	1.039693e-03	1.087883e-02	1.106599e-03	3.192325e-02	-2.629730e-02
9.450000e+00	-4.091367e-03	1.143904e-02	-4.630731e-03	2.867144e-02	-3.279529e-02
9.500000e+00	-8.776869e-03	1.183593e-02	-8.880988e-03	2.076748e-02	-3.598988e-02
9.550000e+00	-1.248831e-02	1.172542e-02	-1.288532e-02	9.645496e-03	-3.615948e-02
9.600000e+00	-1.478429e-02	1.100859e-02	-1.487280e-02	9.752597e-03	-3.723161e-02
9.650000e+00	-1.550770e-02	1.000336e-02	-1.525106e-02	8.472384e-03	-3.866886e-02
9.700000e+00	-1.480611e-02	9.411630e-03	-1.408128e-02	5.923979e-03	-4.262054e-02
9.750000e+00	-1.309018e-02	9.787493e-03	-1.280619e-02	9.114075e-03	-4.156701e-02
9.800000e+00	-1.091260e-02	1.081593e-02	-1.174189e-02	1.490779e-02	-3.604462e-02
9.850000e+00	-8.804775e-03	1.165468e-02	-9.801864e-03	2.095075e-02	-3.021195e-02
9.900000e+00	-7.124478e-03	1.169108e-02	-8.444577e-03	2.345491e-02	-2.799424e-02
9.950000e+00	-5.964221e-03	1.081317e-02	-6.616124e-03	2.281345e-02	-2.435034e-02
1.000000e+01	-5.150163e-03	9.436324e-03	-6.992346e-03	1.903557e-02	-2.224344e-02
1.005000e+01	-4.321154e-03	8.423691e-03	-4.842203e-03	1.735061e-02	-2.393204e-02
1.010000e+01	-3.098379e-03	8.574895e-03	-3.745664e-03	1.850611e-02	-2.401378e-02
1.015000e+01	-1.217657e-03	9.717949e-03	-9.031804e-04	2.439932e-02	-2.267738e-02
1.020000e+01	1.356947e-03	1.104637e-02	1.344659e-03	3.027319e-02	-2.033431e-02
1.025000e+01	4.402893e-03	1.194982e-02	4.115559e-03	3.528743e-02	-1.912886e-02
1.030000e+01	7.495453e-03	1.213833e-02	7.739613e-03	3.654120e-02	-1.639511e-02
1.035000e+01	1.013011e-02	1.154393e-02	1.109668e-02	3.893033e-02	-1.642641e-02
1.040000e+01	1.186945e-02	1.030453e-02	1.318753e-02	3.786744e-02	-1.645824e-02
1.045000e+01	1.246609e-02	8.827275e-03	1.355519e-02	3.306314e-02	-1.434587e-02
1.050000e+01	1.192249e-02	7.798665e-03	1.176553e-02	2.946408e-02	-1.004432e-02
1.055000e+01	1.047082e-02	7.777782e-03	1.001105e-02	2.723529e-02	-1.269210e-02
1.060000e+01	8.483291e-03	8.519532e-03	7.895015e-03	3.064599e-02	-1.736697e-02
1.065000e+01	6.346333e-03	9.316872e-03	6.954804e-03	3.271005e-02	-1.862955e-02
1.070000e+01	4.343231e-03	9.748566e-03	5.114005e-03	3.126871e-02	-1.672436e-02
1.075000e+01	2.585000e-03	9.812943e-03	3.187358e-03	2.971785e-02	-2.095842e-02
1.080000e+01	1.011104e-03	9.739336e-03	1.248527e-03	2.702867e-02	-2.285615e-02
1.085000e+01	-5.440302e-04	9.715777e-03	-4.669166e-04	2.253869e-02	-2.303219e-02
1.090000e+01	-2.246267e-03	9.705426e-03	-2.152907e-03	1.955641e-02	-2.217076e-02
1.095000e+01	-4.159743e-03	9.506267e-03	-4.037983e-03	1.747609e-02	-2.692626e-02
1.100000e+01	-6.186859e-03	8.953678e-03	-6.109328e-03	1.250732e-02	-2.910319e-02
1.105000e+01	-8.096889e-03	8.079167e-03	-7.100356e-03	9.233095e-03	-2.831679e-02
1.110000e+01	-9.526981e-03	7.133546e-03	-8.748633e-03	7.874416e-03	-2.640173e-02
1.115000e+01	-1.015704e-02	6.547427e-03	-9.995727e-03	4.597691e-03	-2.609916e-02
1.120000e+01	-9.801102e-03	6.594878e-03	-9.803042e-03	3.361582e-03	-2.710846e-02
1.125000e+01	-8.480078e-03	7.069908e-03	-8.603691e-03	7.088550e-03	-2.431468e-02
1.130000e+01	-6.429515e-03	7.535168e-03	-6.216546e-03	1.189056e-02	-2.243626e-02
1.135000e+01	-4.038084e-03	7.729056e-03	-3.841347e-03	1.735334e-02	-2.101842e-02
1.140000e+01	-1.736514e-03	7.664618e-03	-2.398458e-03	1.954327e-02	-1.936319e-02
1.145000e+01	1.260860e-04	7.525865e-03	-4.542381e-04	1.842481e-02	-1.682336e-02
1.150000e+01	1.377158e-03	7.484300e-03	8.220647e-04	1.973198e-02	-1.447263e-02
1.155000e+01	2.055399e-03	7.569139e-03	1.883518e-03	1.967097e-02	-1.522497e-02
1.160000e+01	2.374644e-03	7.702391e-03	2.475220e-03	1.933716e-02	-1.406834e-02
1.165000e+01	2.630706e-03	7.799003e-03	2.088527e-03	1.783104e-02	-1.583784e-02
1.170000e+01	3.084375e-03	7.783953e-03	2.616929e-03	1.727432e-02	-1.821242e-02
1.175000e+01	3.861367e-03	7.566860e-03	4.411211e-03	1.899857e-02	-1.865263e-02
1.180000e+01	4.903245e-03	7.090695e-03	5.515357e-03	1.901934e-02	-1.611315e-02
1.185000e+01	5.984919e-03	6.455564e-03	5.568287e-03	1.975795e-02	-1.107471e-02
1.190000e+01	6.790884e-03	5.979932e-03	7.254954e-03	2.038574e-02	-5.941763e-03
1.195000e+01	7.022432e-03	5.978975e-03	7.131228e-03	2.008284e-02	-8.557676e-03
1.200000e+01	6.498489e-03	6.356008e-03	6.102704e-03	2.263282e-02	-1.321980e-02
1.205000e+01	5.221918e-03	6.711359e-03	4.589866e-03	2.458802e-02	-1.673473e-02
1.210000e+01	3.356821e-03	6.738420e-03	2.777824e-03	2.428448e-02	-1.876333e-02
1.215000e+01	1.210403e-03	6.490060e-03	1.037623e-03	2.174879e-02	-1.877465e-02
1.220000e+01	-8.676950e-04	6.269609e-03	-1.081928e-03	1.706619e-02	-1.809017e-02
1.225000e+01	-2.578727e-03	6.324933e-03	-2.846597e-03	1.114425e-02	-2.042684e-02
1.230000e+01	-3.743935e-03	6.591524e-03	-4.190726e-03	1.040559e-02	-2.187738e-02
1.235000e+01	-4.330468e-03	6.830914e-03	-5.006109e-03	1.118429e-02	-2.435831e-02
1.240000e+01	-4.431509e-03	6.900775e-03	-5.325721e-03	1.137379e-02	-2.280051e-02
1.245000e+01	-4.213440e-03	6.800983e-03	-4.718182e-03	1.064936e-02	-1.931505e-02
1.250000e+01	-3.852178e-03	6.569972e-03	-3.855968e-03	1.070091e-02	-1.832325e-02
1.255000e+01	-3.481073e-03	6.233046e-03	-3.144996e-03	1.087354e-02	-1.792907e-02
1.260000e+01	-3.165073e-03	5.880803e-03	-2.975503e-03	1.240212e-02	-1.978237e-02
1.265000e+01	-2.903878e-03	5.742722e-03	-3.178182e-03	1.352478e-02	-2.190686e-02
1.270000e+01	-2.655803e-03	6.028539e-03	-3.235903e-03	1.378753e-02	-2.171079e-02
1.275000e+01	-2.368089e-03	6.644779e-03	-3.208975e-03	1.560247e-02	-1.932638e-02
1.280000e+01	-2.000208e-03	7.264142e-03	-2.340682e-03	1.699712e-02	-1.952451e-02
1.285000e+01	-1.532969e-03	7.623949e-03	-1.967672e-03	1.775907e-02	-2.201362e-02
1.290000e+01	-9.645472e-04	7.659470e-03	-1.236432e-03	1.830062e-02	-2.385233e-02
1.295000e+01	-3.008422e-04	7.458326e-03	-9.793374e-04	2.049412e-02	-2.241982e-02
1.300000e+01	4.507601e-04	7.138464e-03	-1.636993e-04	2.057354e-02	-1.803083e-02
1.305000e+01	1.289132e-03	6.770322e-03	6.113429e-04	1.882401e-02	-1.191065e-02
1.310000e+01	2.179097e-03	6.333286e-03	1.248810e-03	1.624718e-02	-1.123371e-02
1.315000e+01	3.062414e-03	5.842825e-03	2.324340e-03	1.662841e-02	-1.041175e-02
1.320000e+01	3.848396e-03	5.373171e-03	3.103993e-03	1.753628e-02	-8.609194e-03
1.325000e+01	4.424220e-03	5.029959e-03	3.730843e-03	1.904488e-02	-5.952633e-03
1.330000e+01	4.678867e-03	4.896937e-03	4.305126e-03	1.855853e-02	-6.787447e-03
1.335000e+01	4.533565e-03	4.993972e-03	4.816931e-03	1.723021e-02	-9.569520e-03
1.340000e+01	3.967891e-03	5.246702e-03	4.353463e-03	1.696461e-02	-1.228741e-02
1.345000e+01	3.031548e-03	5.492270e-03	3.501006e-03	1.539962e-02	-1.398481e-02
1.350000e+01	1.836930e-03	5.552920e-03	2.247848e-03	1.392438e-02	-1.464051e-02
1.355000e+01	5.346058e-04	5.344342e-03	8.124498e-04	1.333424e-02	-1.398431e-02
1.360000e+01	-7.201109e-04	4.956612e-03	-8.877181e-04	1.143496e-02	-1.194586e-02
1.365000e+01	-1.798581e-03	4.641662e-03	-2.073508e-03	1.172282e-02	-1.055315e-02
1.370000e+01	-2.618813e-03	4.623391e-03	-2.309709e-03	1.121887e-02	-1.226454e-02
1.375000e+01	-3.149419e-03	4.849665e-03	-3.499232e-03	1.012172e-02	-1.485848e-02
1.380000e+01	-3.399194e-03	5.068332e-03	-3.182871e-03	9.463797e-03	-1.657092e-02
1.385000e+01	-3.399127e-03	5.094230e-03	-3.298920e-03	8.667129e-03	-1.674421e-02
1.390000e+01	-3.185683e-03	4.902948e-03	-3.475458e-03	9.637609e-03	-1.558194e-02
1.395000e+01	-2.792454e-03	4.574810e-03	-3.022973e-03	9.407030e-03	-1.308934e-02
1.400000e+01	-2.252459e-03	4.226485e-03	-2.635510e-03	9.054025e-03	-1.198918e-02
1.405000e+01	-1.611212e-03	4.017738e-03	-1.956610e-03	7.382461e-03	-1.025642e-02
1.410000e+01	-9.166184e-04	4.123153e-03	-6.861792e-04	1.070110e-02	-1.148712e-02
1.415000e+01	-2.449363e-04	4.607665e-03	-3.787508e-04	1.354664e-02	-1.265052e-02
1.420000e+01	3.186846e-04	5.271468e-03	-3.725705e-04	1.558738e-02	-1.225702e-02
1.425000e+01	7.033191e-04	5.802830e-03	2.606109e-04	1.855441e-02	-1.113578e-02
1.430000e+01	8.790233e-04	5.986233e-03	3.027557e-04	1.846240e-02	-1.138546e-02
1.435000e+01	8.746237e-04	5.791231e-03	-4.337555e-05	1.518997e-02	-1.223831e-02
1.440000e+01	7.754642e-04	5.361124e-03	5.582862e-04	1.310473e-02	-1.223612e-02
1.445000e+01	6.975548e-04	4.913458e-03	6.841221e-04	1.049389e-02	-1.241126e-02
1.450000e+01	7.452375e-04	4.588301e-03	1.119717e-03	1.032840e-02	-1.094403e-02
1.455000e+01	9.683255e-04	4.382979e-03	1.692446e-03	1.204247e-02	-9.190691e-03
1.460000e+01	1.337025e-03	4.262818e-03	2.021249e-03	1.241600e-02	-1.047076e-02
1.465000e+01	1.746914e-03	4.267939e-03	2.025631e-03	1.165184e-02	-9.682040e-03
1.470000e+01	2.054031e-03	4.432727e-03	1.994028e-03	1.373616e-02	-7.325891e-03
1.475000e+01	2.127141e-03	4.650072e-03	2.075927e-03	1.555653e-02	-8.633859e-03
1.480000e+01	1.896618e-03	4.719243e-03	1.910419e-03	1.568083e-02	-9.012177e-03
1.485000e+01	1.380650e-03	4.514006e-03	1.224948e-03	1.514886e-02	-8.378724e-03
1.490000e+01	6.790557e-04	4.097751e-03	4.510762e-04	1.269767e-02	-8.488799e-03
1.495000e+01	-6.164499e-05	3.725985e-03	-4.863966e-04	1.082526e-02	-8.945120e-03
1.500000e+01	-6.972270e-04	3.656288e-03	-8.536036e-04	9.906282e-03	-1.014314e-02
1.505000e+01	-1.142325e-03	3.852591e-03	-1.249115e-03	8.377394e-03	-1.198951e-02
1.510000e+01	-1.345651e-03	4.032567e-03	-1.670851e-03	7.032872e-03	-1.209193e-02
1.515000e+01	-1.347098e-03	4.021758e-03	-1.746640e-03	6.770479e-03	-1.121992e-02
1.520000e+01	-1.238656e-03	3.859589e-03	-1.466578e-03	6.717661e-03	-9.852383e-03
1.525000e+01	-1.123303e-03	3.719306e-03	-9.866223e-04	6.778336e-03	-1.209744e-02
1.530000e+01	-1.073455e-03	3.720433e-03	-1.135191e-03	7.256253e-03	-1.371263e-02
1.535000e+01	-1.104818e-03	3.799043e-03	-1.101574e-03	7.987806e-03	-1.385082e-02
1.540000e+01	-1.174715e-03	3.805461e-03	-1.132231e-03	8.807944e-03	-1.251394e-02
1.545000e+01	-1.204007e-03	3.668989e-03	-1.168697e-03	9.814497e-03	-1.057189e-02
1.550000e+01	-1.112656e-03	3.450119e-03	-1.100824e-03	9.779928e-03	-1.107005e-02
1.555000e+01	-8.543208e-04	3.293813e-03	-8.637004e-04	8.634569e-03	-1.137151e-02
1.560000e+01	-4.366925e-04	3.327469e-03	-4.779220e-04	8.684280e-03	-1.232769e-02
1.565000e+01	7.933670e-05	3.565319e-03	2.004376e-04	1.003272e-02	-1.255628e-02
1.570000e+01	5.999739e-04	3.906538e-03	8.735621e-04	1.079994e-02	-1.194589e-02
1.575000e+01	1.029327e-03	4.199518e-03	1.422075e-03	1.145760e-02	-9.940565e-03
1.580000e+01	1.298565e-03	4.297278e-03	1.343095e-03	1.206152e-02	-9.604172e-03
1.585000e+01	1.383123e-03	4.108577e-03	1.056845e-03	1.156481e-02	-7.812106e-03
1.590000e+01	1.303243e-03	3.659718e-03	9.623195e-04	1.051780e-02	-7.472402e-03
1.595000e+01	1.109984e-03	3.154169e-03	9.235633e-04	9.858319e-03	-6.278542e-03
1.600000e+01	8.639561e-04	2.941848e-03	1.018835e-03	8.641736e-03	-5.765081e-03
1.605000e+01	6.235470e-04	3.192668e-03	4.990739e-04	8.767299e-03	-7.576491e-03
1.610000e+01	4.072245e-04	3.612589e-03	1.032062e-05	9.487863e-03	-8.460538e-03
1.615000e+01	2.200361e-04	3.857874e-03	-8.763811e-05	1.056982e-02	-8.055342e-03
1.620000e+01	5.442775e-05	3.805702e-03	-2.811209e-04	1.146078e-02	-9.192513e-03
1.625000e+01	-9.762098e-05	3.551622e-03	-3.841778e-04	1.213988e-02	-9.054965e-03
1.630000e+01	-2.356791e-04	3.324895e-03	-1.953889e-04	1.180366e-02	-8.277441e-03
1.635000e+01	-3.490611e-04	3.307719e-03	-4.777085e-04	1.080566e-02	-8.162224e-03
1.640000e+01	-4.221921e-04	3.456911e-03	-3.137441e-04	9.025756e-03	-7.648794e-03
1.645000e+01	-4.437448e-04	3.586715e-03	-3.173187e-04	8.416958e-03	-8.192386e-03
1.650000e+01	-4.145828e-04	3.567097e-03	-5.186077e-04	8.693153e-03	-7.543283e-03
1.655000e+01	-3.504141e-04	3.388797e-03	-4.451755e-04	7.593043e-03	-8.585498e-03
1.660000e+01	-2.777546e-04	3.129682e-03	-7.940217e-05	6.782607e-03	-1.027602e-02
1.665000e+01	-2.249691e-04	2.892758e-03	1.130933e-04	5.713629e-03	-1.042707e-02
1.670000e+01	-2.123045e-04	2.750092e-03	1.513096e-05	6.323693e-03	-9.511359e-03
1.675000e+01	-2.450699e-04	2.723636e-03	-1.646543e-04	6.378559e-03	-8.694106e-03
1.680000e+01	-3.124845e-04	2.802888e-03	-3.168377e-04	6.125081e-03	-7.324597e-03
1.685000e+01	-3.921069e-04	2.954035e-03	-6.085854e-04	6.947472e-03	-7.783588e-03
1.690000e+01	-4.574595e-04	3.110224e-03	-4.898286e-04	7.604244e-03	-8.774529e-03
1.695000e+01	-4.854988e-04	3.183227e-03	-7.261864e-04	7.326126e-03	-8.997620e-03
1.700000e+01	-4.612731e-04	3.107596e-03	-4.576130e-04	6.493532e-03	-8.488678e-03
1.705000e+01	-3.806266e-04	2.892074e-03	-2.831656e-04	7.780615e-03	-7.195132e-03
1.710000e+01	-2.384510e-04	2.638738e-03	-2.169392e-04	8.071581e-03	-5.523679e-03
1.715000e+01	-4.385813e-05	2.500844e-03	1.162755e-04	7.233199e-03	-6.520019e-03
1.720000e+01	1.871306e-04	2.545364e-03	3.110495e-04	6.217903e-03	-8.164082e-03
1.725000e+01	4.325958e-04	2.681850e-03	4.334704e-04	8.083248e-03	-8.784970e-03
1.730000e+01	6.655351e-04	2.783707e-03	5.495037e-04	8.737673e-03	-8.415262e-03
1.735000e+01	8.556691e-04	2.803375e-03	6.634160e-04	8.553103e-03	-7.469697e-03
1.740000e+01	9.733019e-04	2.770597e-03	8.993566e-04	8.259692e-03	-6.888106e-03
1.745000e+01	9.952352e-04	2.732014e-03	9.264581e-04	7.418811e-03	-5.292673e-03
1.750000e+01	9.112804e-04	2.703037e-03	9.303313e-04	7.721329e-03	-6.681045e-03
1.755000e+01	7.288731e-04	2.673923e-03	7.498355e-04	7.847812e-03	-7.336264e-03
1.760000e+01	4.733748e-04	2.642909e-03	6.216688e-04	8.609607e-03	-6.929386e-03
1.765000e+01	1.829965e-04	2.622422e-03	6.677247e-05	8.304563e-03	-5.768088e-03
1.770000e+01	-1.005805e-04	2.617435e-03	-1.545241e-04	7.508311e-03	-5.089819e-03
1.775000e+01	-3.428249e-04	2.618225e-03	-3.228276e-04	7.719801e-03	-5.671206e-03
1.780000e+01	-5.243057e-04	2.620508e-03	-6.304089e-04	7.036560e-03	-5.962846e-03
1.785000e+01	-6.428793e-04	2.636335e-03	-7.203979e-04	6.239123e-03	-7.410860e-03
1.790000e+01	-7.092805e-04	2.671540e-03	-6.381240e-04	7.070430e-03	-8.847594e-03
1.795000e+01	-7.380943e-04	2.700886e-03	-8.086351e-04	7.262639e-03	-1.004346e-02
1.800000e+01	-7.381833e-04	2.682794e-03	-6.418456e-04	6.422655e-03	-1.003967e-02
1.805000e+01	-7.097001e-04	2.602110e-03	-6.753505e-04	5.266641e-03	-8.767531e-03
1.810000e+01	-6.363379e-04	2.490242e-03	-5.471187e-04	5.829228e-03	-7.645095e-03
1.815000e+01	-5.020059e-04	2.415120e-03	-5.647905e-04	5.577464e-03	-8.146203e-03
1.820000e+01	-3.006631e-04	2.423297e-03	-2.544775e-04	5.604471e-03	-7.972461e-03
1.825000e+01	-4.576898e-05	2.502049e-03	9.514825e-05	6.803425e-03	-6.872591e-03
1.830000e+01	2.274213e-04	2.598561e-03	4.119247e-04	7.500672e-03	-7.155653e-03
1.835000e+01	4.687673e-04	2.658359e-03	5.680729e-04	7.258194e-03	-7.694536e-03
1.840000e+01	6.275815e-04	2.643195e-03	7.854650e-04	7.233654e-03	-7.316656e-03
1.845000e+01	6.693274e-04	2.540544e-03	8.085212e-04	6.592309e-03	-7.617489e-03
1.850000e+01	5.882844e-04	2.379184e-03	8.316227e-04	6.475277e-03	-8.032371e-03
1.855000e+01	4.110504e-04	2.234806e-03	5.259518e-04	7.052005e-03	-7.226738e-03
1.860000e+01	1.891545e-04	2.188596e-03	2.841865e-04	6.766539e-03	-5.334699e-03
1.865000e+01	-1.678473e-05	2.246508e-03	1.617667e-05	6.211897e-03	-6.437111e-03
1.870000e+01	-1.556800e-04	2.328640e-03	-1.282822e-04	5.823770e-03	-7.796948e-03
1.875000e+01	-2.007096e-04	2.354362e-03	-1.591723e-04	5.408316e-03	-8.035416e-03
1.880000e+01	-1.551336e-04	2.306905e-03	-2.230586e-04	5.721607e-03	-7.113058e-03
1.885000e+01	-4.770902e-05	2.228828e-03	-2.841954e-04	5.902378e-03	-5.259409e-03
1.890000e+01	7.979794e-05	2.170894e-03	-1.966967e-04	6.544113e-03	-4.160250e-03
1.895000e+01	1.877137e-04	2.142530e-03	1.536097e-05	6.631613e-03	-4.142131e-03
1.900000e+01	2.503571e-04	2.116819e-03	1.534354e-04	6.028625e-03	-5.678947e-03
1.905000e+01	2.596780e-04	2.078345e-03	2.784977e-04	6.287703e-03	-6.798359e-03
1.910000e+01	2.255761e-04	2.032668e-03	3.862496e-04	5.711945e-03	-7.094312e-03
1.915000e+01	1.648704e-04	1.997265e-03	2.883484e-04	4.954198e-03	-6.523290e-03
1.920000e+01	9.186545e-05	1.977312e-03	1.393440e-04	5.214043e-03	-6.764761e-03
1.925000e+01	1.239025e-05	1.975599e-03	2.506384e-05	4.622472e-03	-6.686621e-03
1.930000e+01	-7.592705e-05	2.010606e-03	7.843647e-05	4.394647e-03	-5.720568e-03
1.935000e+01	-1.778798e-04	2.099136e-03	1.396773e-04	5.258347e-03	-6.458132e-03
1.940000e+01	-2.928028e-04	2.217167e-03	-6.294563e-05	6.382386e-03	-7.241615e-03
1.945000e+01	-4.089699e-04	2.300514e-03	-2.445113e-04	6.696370e-03	-7.200378e-03
1.950000e+01	-5.035443e-04	2.290930e-03	-5.995639e-04	6.116252e-03	-6.855181e-03
1.955000e+01	-5.487173e-04	2.178468e-03	-6.645640e-04	5.020783e-03	-6.192465e-03
1.960000e+01	-5.217309e-04	2.011622e-03	-5.019821e-04	4.865630e-03	-5.295939e-03
1.965000e+01	-4.145748e-04	1.869543e-03	-3.103700e-04	4.742700e-03	-4.479751e-03
1.970000e+01	-2.391201e-04	1.805308e-03	-4.300914e-05	4.568917e-03	-4.585254e-03
1.975000e+01	-2.530671e-05	1.812154e-03	2.069540e-04	5.417758e-03	-4.660866e-03
1.980000e+01	1.871158e-04	1.857987e-03	4.390241e-04	5.899465e-03	-4.861098e-03
1.985000e+01	3.601484e-04	1.928263e-03	5.480395e-04	5.479077e-03	-5.308733e-03
1.990000e+01	4.679993e-04	2.015475e-03	5.332018e-04	5.029539e-03	-5.719417e-03
1.995000e+01	5.026649e-04	2.089369e-03	4.921736e-04	5.852428e-03	-5.426121e-03
2.000000e+01	4.730315e-04	2.103039e-03	3.438836e-04	7.215514e-03	-4.368518e-03
