# k	<chi>	std	chi_median	chi_max	chi_min
0.000000e+00	-2.252128e-01	2.337222e-01	0.000000e+00	0.000000e+00	-7.060747e-01
5.000000e-02	-4.501971e-01	7.389838e-02	-4.474584e-01	-2.810733e-01	-6.997316e-01
1.000000e-01	-4.427131e-01	7.349299e-02	-4.398951e-01	-2.757717e-01	-6.912202e-01
1.500000e-01	-4.205338e-01	7.220255e-02	-4.169757e-01	-2.604836e-01	-6.873926e-01
2.000000e-01	-3.985782e-01	7.082063e-02	-3.934009e-01	-2.409196e-01	-6.864990e-01
2.500000e-01	-3.633824e-01	6.828652e-02	-3.579113e-01	-2.023135e-01	-6.827320e-01
3.000000e-01	-3.294413e-01	6.551673e-02	-3.222442e-01	-1.672847e-01	-6.770367e-01
3.500000e-01	-2.860655e-01	6.130293e-02	-2.791010e-01	-1.256041e-01	-6.650502e-01
4.000000e-01	-2.463586e-01	5.687389e-02	-2.407441e-01	-9.151982e-02	-6.498604e-01
4.500000e-01	-2.035572e-01	5.132392e-02	-1.997969e-01	-6.003326e-02	-6.252848e-01
5.000000e-01	-1.678008e-01	4.643352e-02	-1.661235e-01	-4.043418e-02	-5.967722e-01
5.500000e-01	-1.360517e-01	4.247750e-02	-1.383251e-01	-3.192410e-02	-5.575089e-01
6.000000e-01	-1.138611e-01	4.130796e-02	-1.134866e-01	-1.803171e-02	-5.149008e-01
6.500000e-01	-1.002222e-01	4.319530e-02	-1.011164e-01	1.174531e-02	-4.630748e-01
7.000000e-01	-9.548777e-02	4.704621e-02	-9.662356e-02	3.521799e-02	-4.103882e-01
7.500000e-01	-9.856879e-02	5.120776e-02	-9.999149e-02	5.846033e-02	-3.530716e-01
8.000000e-01	-1.060121e-01	5.383378e-02	-1.108710e-01	6.880308e-02	-2.991268e-01
8.500000e-01	-1.160538e-01	5.360596e-02	-1.218847e-01	6.384223e-02	-2.739708e-01
9.000000e-01	-1.248906e-01	5.050721e-02	-1.300000e-01	4.534038e-02	-2.613815e-01
9.500000e-01	-1.312225e-01	4.421825e-02	-1.375743e-01	9.591789e-03	-2.326902e-01
1.000000e+00	-1.342645e-01	3.693901e-02	-1.389785e-01	-1.799538e-02	-2.146048e-01
1.050000e+00	-1.349637e-01	3.050484e-02	-1.351065e-01	-3.307063e-02	-2.119795e-01
1.100000e+00	-1.357012e-01	2.867374e-02	-1.341900e-01	-5.811235e-02	-2.106180e-01
1.150000e+00	-1.392147e-01	3.181919e-02	-1.358502e-01	-6.936798e-02	-2.173416e-01
1.200000e+00	-1.473426e-01	3.713448e-02	-1.426946e-01	-6.005091e-02	-2.574076e-01
1.250000e+00	-1.614372e-01	4.220061e-02	-1.567166e-01	-6.773150e-02	-2.972445e-01
1.300000e+00	-1.789160e-01	4.574624e-02	-1.693887e-01	-9.068873e-02	-3.221378e-01
1.350000e+00	-1.972530e-01	4.759098e-02	-1.880122e-01	-1.062289e-01	-3.304257e-01
1.400000e+00	-2.101368e-01	4.799028e-02	-2.025229e-01	-1.087263e-01	-3.310012e-01
1.450000e+00	-2.130981e-01	4.677438e-02	-2.117147e-01	-1.054847e-01	-3.307491e-01
1.500000e+00	-2.016119e-01	4.445673e-02	-2.048967e-01	-9.091013e-02	-3.148919e-01
1.550000e+00	-1.740649e-01	4.085847e-02	-1.767307e-01	-7.154574e-02	-2.755502e-01
1.600000e+00	-1.326863e-01	3.684889e-02	-1.337866e-01	-3.353942e-02	-2.241997e-01
1.650000e+00	-8.091196e-02	3.276924e-02	-8.176415e-02	1.130643e-02	-1.584248e-01
1.700000e+00	-2.633206e-02	2.923666e-02	-2.638538e-02	5.249549e-02	-8.847357e-02
1.750000e+00	2.588463e-02	2.632896e-02	2.508849e-02	8.831463e-02	-3.640283e-02
1.800000e+00	6.896219e-02	2.365689e-02	6.814478e-02	1.231384e-01	6.603546e-03
1.850000e+00	1.011950e-01	2.104352e-02	1.002389e-01	1.499869e-01	4.176521e-02
1.900000e+00	1.204040e-01	1.798606e-02	1.203015e-01	1.602633e-01	6.853933e-02
1.950000e+00	1.294741e-01	1.468398e-02	1.290867e-01	1.606517e-01	8.454131e-02
2.000000e+00	1.290916e-01	1.139698e-02	1.291340e-01	1.587615e-01	9.034317e-02
2.050000e+00	1.242229e-01	9.673239e-03	1.236775e-01	1.611961e-01	9.579028e-02
2.100000e+00	1.141404e-01	1.076852e-02	1.127474e-01	1.551091e-01	9.289811e-02
2.150000e+00	1.007658e-01	1.339024e-02	1.009711e-01	1.415509e-01	6.660390e-02
2.200000e+00	8.524866e-02	1.550967e-02	8.649172e-02	1.231704e-01	4.383012e-02
2.250000e+00	6.944842e-02	1.647980e-02	7.244958e-02	1.017580e-01	2.604383e-02
2.300000e+00	5.218561e-02	1.547977e-02	5.623670e-02	7.949525e-02	1.368788e-02
2.350000e+00	3.514301e-02	1.278403e-02	3.880998e-02	5.762739e-02	2.496222e-03
2.400000e+00	2.067293e-02	9.199079e-03	2.308652e-02	3.792553e-02	-3.141515e-03
2.450000e+00	9.994293e-03	6.299164e-03	1.075298e-02	2.291112e-02	-9.084441e-03
2.500000e+00	3.288117e-03	4.238817e-03	3.285038e-03	1.332121e-02	-1.201556e-02
2.550000e+00	8.888741e-04	4.047268e-03	8.189987e-04	1.089869e-02	-1.133397e-02
2.600000e+00	2.260077e-03	5.066353e-03	2.363876e-03	1.697095e-02	-1.033537e-02
2.650000e+00	4.937980e-03	6.237110e-03	5.412403e-03	2.293772e-02	-1.136870e-02
2.700000e+00	9.293944e-03	7.004682e-03	1.013886e-02	2.869568e-02	-9.579731e-03
2.750000e+00	1.416828e-02	7.231126e-03	1.508083e-02	3.317481e-02	-5.849268e-03
2.800000e+00	1.838590e-02	6.929490e-03	1.897761e-02	3.536589e-02	-1.182153e-03
2.850000e+00	1.964822e-02	6.343475e-03	1.991471e-02	3.361762e-02	1.157926e-03
2.900000e+00	1.872204e-02	5.459627e-03	1.865256e-02	2.984084e-02	1.342095e-03
2.950000e+00	1.550264e-02	4.609064e-03	1.573560e-02	2.672525e-02	-3.317640e-03
3.000000e+00	1.039632e-02	4.254568e-03	1.028876e-02	2.097224e-02	-9.147362e-03
3.050000e+00	2.832704e-03	4.478828e-03	2.598047e-03	1.377897e-02	-1.626456e-02
3.100000e+00	-4.495343e-03	5.132947e-03	-5.074540e-03	8.710375e-03	-2.210824e-02
3.150000e+00	-1.038911e-02	5.747224e-03	-1.144456e-02	4.567902e-03	-2.571127e-02
3.200000e+00	-1.396745e-02	6.043370e-03	-1.520654e-02	2.612445e-03	-2.679871e-02
3.250000e+00	-1.542021e-02	5.829067e-03	-1.632038e-02	1.759158e-03	-2.739998e-02
3.300000e+00	-1.351659e-02	5.337942e-03	-1.418530e-02	2.652588e-03	-2.433867e-02
3.350000e+00	-8.987175e-03	4.837140e-03	-9.734570e-03	5.327958e-03	-1.895890e-02
3.400000e+00	-3.089861e-03	4.563135e-03	-4.036968e-03	9.185163e-03	-1.218460e-02
3.450000e+00	3.183970e-03	4.470701e-03	2.247534e-03	1.491494e-02	-5.183317e-03
3.500000e+00	8.536720e-03	4.444535e-03	7.719071e-03	2.012542e-02	-1.874056e-03
3.550000e+00	1.180218e-02	4.259642e-03	1.098755e-02	2.266989e-02	1.164221e-03
3.600000e+00	1.236968e-02	3.888106e-03	1.144930e-02	2.365048e-02	3.140881e-03
3.650000e+00	1.104404e-02	3.483471e-03	1.030815e-02	2.298778e-02	4.035513e-03
3.700000e+00	7.449161e-03	3.381984e-03	6.949050e-03	1.948188e-02	8.909630e-04
3.750000e+00	2.240672e-03	3.658820e-03	2.222494e-03	1.312550e-02	-5.434141e-03
3.800000e+00	-3.788708e-03	4.021997e-03	-3.654634e-03	5.954974e-03	-1.320123e-02
3.850000e+00	-9.458738e-03	4.140530e-03	-9.378159e-03	1.773897e-03	-1.997155e-02
3.900000e+00	-1.488072e-02	4.047595e-03	-1.492142e-02	-3.129240e-03	-2.504352e-02
3.950000e+00	-1.961012e-02	4.033387e-03	-1.966868e-02	-8.733103e-03	-2.916924e-02
4.000000e+00	-2.328419e-02	4.475457e-03	-2.261377e-02	-1.405355e-02	-3.481502e-02
4.050000e+00	-2.555557e-02	5.347295e-03	-2.444724e-02	-1.380674e-02	-4.012572e-02
4.100000e+00	-2.638476e-02	6.221948e-03	-2.543666e-02	-1.293778e-02	-4.348866e-02
4.150000e+00	-2.552368e-02	6.680990e-03	-2.462341e-02	-1.159793e-02	-4.364042e-02
4.200000e+00	-2.284899e-02	6.482614e-03	-2.182345e-02	-9.657018e-03	-4.040263e-02
4.250000e+00	-1.874840e-02	5.614719e-03	-1.763969e-02	-7.831980e-03	-3.580259e-02
4.300000e+00	-1.347622e-02	4.384301e-03	-1.241494e-02	-5.660392e-03	-2.920799e-02
4.350000e+00	-7.608541e-03	3.435831e-03	-7.166288e-03	-1.506543e-03	-2.114280e-02
4.400000e+00	-1.815463e-03	3.489345e-03	-1.646193e-03	6.953316e-03	-1.263191e-02
4.450000e+00	3.030324e-03	4.205424e-03	2.943160e-03	1.381650e-02	-6.186946e-03
4.500000e+00	6.885965e-03	4.908140e-03	6.921677e-03	1.962439e-02	-5.067458e-03
4.550000e+00	9.799986e-03	5.356192e-03	9.840107e-03	2.346445e-02	-3.462014e-03
4.600000e+00	1.212965e-02	5.770757e-03	1.218962e-02	2.581214e-02	-9.437619e-04
4.650000e+00	1.421354e-02	6.559154e-03	1.455406e-02	2.906610e-02	-2.964462e-03
4.700000e+00	1.673969e-02	7.845997e-03	1.727030e-02	3.683713e-02	-5.143185e-03
4.750000e+00	1.994965e-02	9.367290e-03	2.035573e-02	4.483148e-02	-5.677174e-03
4.800000e+00	2.371263e-02	1.068669e-02	2.421770e-02	5.193018e-02	-5.197313e-03
4.850000e+00	2.737875e-02	1.140116e-02	2.814747e-02	5.706383e-02	-3.191705e-03
4.900000e+00	3.041468e-02	1.125036e-02	3.132522e-02	5.911989e-02	2.961486e-05
4.950000e+00	3.209696e-02	1.012018e-02	3.235840e-02	5.744884e-02	4.245763e-03
5.000000e+00	3.193910e-02	8.171748e-03	3.197309e-02	5.176957e-02	9.336343e-03
5.050000e+00	2.984806e-02	6.244413e-03	2.988647e-02	4.412080e-02	1.442253e-02
5.100000e+00	2.618328e-02	6.387369e-03	2.571109e-02	4.214528e-02	9.891855e-03
5.150000e+00	2.151578e-02	9.455830e-03	2.261188e-02	4.159252e-02	-1.319415e-03
5.200000e+00	1.644366e-02	1.370516e-02	1.844606e-02	4.128207e-02	-1.570130e-02
5.250000e+00	1.131876e-02	1.781425e-02	1.383156e-02	4.704028e-02	-3.243608e-02
5.300000e+00	6.226415e-03	2.109262e-02	8.174902e-03	5.129166e-02	-4.656058e-02
5.350000e+00	8.605743e-04	2.305423e-02	2.626133e-03	5.247350e-02	-5.728928e-02
5.400000e+00	-5.245866e-03	2.343894e-02	-4.405284e-03	4.940115e-02	-6.438202e-02
5.450000e+00	-1.238857e-02	2.216687e-02	-1.212274e-02	4.131738e-02	-6.802542e-02
5.500000e+00	-2.053186e-02	1.954737e-02	-2.054151e-02	2.937058e-02	-6.901679e-02
5.550000e+00	-2.916652e-02	1.598476e-02	-2.995770e-02	1.392691e-02	-6.811315e-02
5.600000e+00	-3.734164e-02	1.202307e-02	-3.912252e-02	-2.521158e-03	-6.596656e-02
5.650000e+00	-4.374178e-02	8.494250e-03	-4.453056e-02	-1.822085e-02	-6.669127e-02
5.700000e+00	-4.746887e-02	7.204121e-03	-4.743010e-02	-2.225021e-02	-6.800416e-02
5.750000e+00	-4.793781e-02	9.212781e-03	-4.792580e-02	-2.158581e-02	-7.209261e-02
5.800000e+00	-4.515621e-02	1.270783e-02	-4.536668e-02	-1.782635e-02	-7.398813e-02
5.850000e+00	-3.956716e-02	1.613614e-02	-4.036416e-02	-2.806191e-03	-7.360287e-02
5.900000e+00	-3.229831e-02	1.888025e-02	-3.373015e-02	1.224663e-02	-6.929467e-02
5.950000e+00	-2.438267e-02	2.070029e-02	-2.649990e-02	2.949137e-02	-6.514638e-02
6.000000e+00	-1.665057e-02	2.160597e-02	-1.986996e-02	4.459300e-02	-5.796499e-02
6.050000e+00	-9.424981e-03	2.168279e-02	-1.189255e-02	5.576904e-02	-5.123256e-02
6.100000e+00	-2.973023e-03	2.115762e-02	-5.157211e-03	6.233239e-02	-4.400002e-02
6.150000e+00	2.880275e-03	2.012980e-02	1.602322e-03	6.435962e-02	-3.669474e-02
6.200000e+00	8.409625e-03	1.862233e-02	7.965029e-03	6.266397e-02	-2.958951e-02
6.250000e+00	1.385635e-02	1.665121e-02	1.388664e-02	5.858282e-02	-2.411069e-02
6.300000e+00	1.937015e-02	1.431360e-02	1.991510e-02	5.225956e-02	-1.577005e-02
6.350000e+00	2.502081e-02	1.188564e-02	2.624340e-02	5.334667e-02	-6.497021e-03
6.400000e+00	3.083198e-02	1.000234e-02	3.151611e-02	5.908243e-02	4.429223e-03
6.450000e+00	3.677718e-02	9.755241e-03	3.589710e-02	6.634249e-02	1.446342e-02
6.500000e+00	4.270492e-02	1.171927e-02	4.275023e-02	7.358069e-02	1.223576e-02
6.550000e+00	4.808781e-02	1.502864e-02	4.948667e-02	8.169768e-02	5.335627e-03
6.600000e+00	5.220257e-02	1.848225e-02	5.474340e-02	8.706492e-02	-3.874161e-03
6.650000e+00	5.392256e-02	2.118005e-02	5.765932e-02	9.051818e-02	-1.178722e-02
6.700000e+00	5.197966e-02	2.263812e-02	5.471341e-02	9.685341e-02	-1.815496e-02
6.750000e+00	4.533966e-02	2.289265e-02	4.621473e-02	9.565755e-02	-2.317132e-02
6.800000e+00	3.364181e-02	2.250773e-02	3.312884e-02	8.876378e-02	-2.707854e-02
6.850000e+00	1.753730e-02	2.220665e-02	1.668715e-02	7.310627e-02	-3.040707e-02
6.900000e+00	-1.236261e-03	2.214551e-02	-9.846228e-04	4.969977e-02	-5.769555e-02
6.950000e+00	-2.013258e-02	2.160703e-02	-2.000641e-02	3.046775e-02	-8.173581e-02
7.000000e+00	-3.638894e-02	1.963027e-02	-3.538455e-02	1.078698e-02	-9.456296e-02
7.050000e+00	-4.775581e-02	1.587559e-02	-4.692732e-02	-8.073734e-03	-9.391420e-02
7.100000e+00	-5.304075e-02	1.172215e-02	-5.313189e-02	-1.945160e-02	-8.076081e-02
7.150000e+00	-5.268420e-02	1.080991e-02	-5.441812e-02	-1.547855e-02	-7.464731e-02
7.200000e+00	-4.843311e-02	1.423520e-02	-5.169477e-02	-1.086001e-02	-7.421148e-02
7.250000e+00	-4.269618e-02	1.804792e-02	-4.618266e-02	4.650977e-03	-7.902005e-02
7.300000e+00	-3.766925e-02	1.985064e-02	-4.045065e-02	1.508018e-02	-7.799468e-02
7.350000e+00	-3.454626e-02	1.931715e-02	-3.707581e-02	1.771137e-02	-7.232764e-02
7.400000e+00	-3.311386e-02	1.763947e-02	-3.533707e-02	1.329739e-02	-7.105172e-02
7.450000e+00	-3.189287e-02	1.694866e-02	-3.336450e-02	9.847982e-03	-7.312846e-02
7.500000e+00	-2.878572e-02	1.841175e-02	-2.926702e-02	2.285714e-02	-7.155375e-02
7.550000e+00	-2.181476e-02	2.085602e-02	-2.263011e-02	3.496246e-02	-6.516822e-02
7.600000e+00	-1.051174e-02	2.268144e-02	-1.241274e-02	4.617778e-02	-5.876553e-02
7.650000e+00	4.166288e-03	2.316939e-02	4.143410e-03	5.486555e-02	-4.829697e-02
7.700000e+00	1.988648e-02	2.238104e-02	2.166435e-02	6.388445e-02	-3.407197e-02
7.750000e+00	3.369018e-02	2.067359e-02	3.559629e-02	7.598603e-02	-2.008207e-02
7.800000e+00	4.301097e-02	1.835390e-02	4.405641e-02	8.093422e-02	-7.842129e-03
7.850000e+00	4.656966e-02	1.563191e-02	4.734829e-02	7.904960e-02	-1.678334e-03
7.900000e+00	4.479587e-02	1.281250e-02	4.518026e-02	7.194091e-02	2.811502e-03
7.950000e+00	3.960559e-02	1.052354e-02	4.018146e-02	6.323368e-02	6.452965e-03
8.000000e+00	3.361489e-02	9.704011e-03	3.356236e-02	5.831272e-02	1.648762e-03
8.050000e+00	2.901502e-02	1.078093e-02	2.896993e-02	5.718667e-02	-6.201732e-03
8.100000e+00	2.695962e-02	1.315523e-02	2.796062e-02	6.109876e-02	-9.352004e-03
8.150000e+00	2.681666e-02	1.590253e-02	2.756998e-02	6.756954e-02	-9.538290e-03
8.200000e+00	2.662772e-02	1.828394e-02	2.606009e-02	7.069184e-02	-1.526704e-02
8.250000e+00	2.397398e-02	1.973887e-02	2.305336e-02	6.705240e-02	-2.088032e-02
8.300000e+00	1.705742e-02	1.999183e-02	1.604303e-02	5.844010e-02	-2.827460e-02
8.350000e+00	5.567989e-03	1.928069e-02	4.794943e-03	4.582067e-02	-3.801737e-02
8.400000e+00	-9.013359e-03	1.850109e-02	-8.869523e-03	3.313126e-02	-4.883031e-02
8.450000e+00	-2.380864e-02	1.878673e-02	-2.378197e-02	2.352866e-02	-6.568624e-02
8.500000e+00	-3.549725e-02	2.030108e-02	-3.633741e-02	1.444369e-02	-7.648482e-02
8.550000e+00	-4.144284e-02	2.179685e-02	-4.268497e-02	7.355935e-03	-8.479125e-02
8.600000e+00	-4.068556e-02	2.170618e-02	-4.101994e-02	4.603330e-03	-8.339814e-02
8.650000e+00	-3.432674e-02	1.916302e-02	-3.347935e-02	1.183158e-03	-7.378994e-02
8.700000e+00	-2.510736e-02	1.451766e-02	-2.322199e-02	3.953616e-03	-6.024896e-02
8.750000e+00	-1.643132e-02	1.019154e-02	-1.588448e-02	7.742875e-03	-4.366798e-02
8.800000e+00	-1.115999e-02	1.104398e-02	-1.092704e-02	1.300848e-02	-4.249701e-02
8.850000e+00	-1.061847e-02	1.583259e-02	-1.092869e-02	2.785381e-02	-4.643685e-02
8.900000e+00	-1.417072e-02	2.005444e-02	-1.643843e-02	3.810224e-02	-5.015251e-02
8.950000e+00	-1.950597e-02	2.220892e-02	-2.317532e-02	3.989249e-02	-6.095865e-02
9.000000e+00	-2.351540e-02	2.246109e-02	-2.658461e-02	3.607703e-02	-6.539528e-02
9.050000e+00	-2.342637e-02	2.166513e-02	-2.447854e-02	3.039054e-02	-6.410553e-02
9.100000e+00	-1.772330e-02	2.046750e-02	-1.743781e-02	2.848812e-02	-6.115213e-02
9.150000e+00	-6.771067e-03	1.896650e-02	-5.572216e-03	3.086349e-02	-4.971878e-02
9.200000e+00	7.385782e-03	1.722180e-02	8.692130e-03	4.256038e-02	-3.096013e-02
9.250000e+00	2.172805e-02	1.589252e-02	2.272567e-02	5.515947e-02	-2.197692e-02
9.300000e+00	3.324171e-02	1.568344e-02	3.475512e-02	6.497381e-02	-1.203724e-02
9.350000e+00	3.982046e-02	1.601683e-02	4.211673e-02	7.199845e-02	-6.867235e-03
9.400000e+00	4.079595e-02	1.551873e-02	4.219697e-02	7.098253e-02	-3.946700e-03
9.450000e+00	3.695731e-02	1.384922e-02	3.845587e-02	6.528983e-02	-5.092399e-03
9.500000e+00	3.011138e-02	1.289981e-02	3.034765e-02	5.996583e-02	-2.486917e-03
9.550000e+00	2.237945e-02	1.525708e-02	2.428213e-02	5.214584e-02	-1.601121e-02
9.600000e+00	1.551965e-02	1.962412e-02	1.830457e-02	5.003449e-02	-3.473226e-02
9.650000e+00	1.048363e-02	2.302178e-02	1.384716e-02	5.594229e-02	-4.639994e-02
9.700000e+00	7.298911e-03	2.380465e-02	9.819523e-03	5.769129e-02	-4.940482e-02
9.750000e+00	5.285627e-03	2.185313e-02	7.271550e-03	5.391033e-02	-4.464872e-02
9.800000e+00	3.457259e-03	1.828490e-02	4.111762e-03	4.602562e-02	-3.538556e-02
9.850000e+00	9.326434e-04	1.490333e-02	-7.048681e-04	3.417792e-02	-3.039645e-02
9.900000e+00	-2.780114e-03	1.303542e-02	-4.412427e-03	3.428971e-02	-3.037083e-02
9.950000e+00	-7.689039e-03	1.230292e-02	-8.549209e-03	3.229410e-02	-3.460518e-02
1.000000e+01	-1.339089e-02	1.151612e-02	-1.375533e-02	2.436162e-02	-4.331307e-02
1.005000e+01	-1.926578e-02	1.028233e-02	-1.950979e-02	1.138992e-02	-4.841255e-02
1.010000e+01	-2.454174e-02	9.165172e-03	-2.403098e-02	8.497165e-04	-4.859495e-02
1.015000e+01	-2.853876e-02	9.077884e-03	-2.879277e-02	-4.944834e-03	-5.158649e-02
1.020000e+01	-3.069242e-02	1.037678e-02	-3.205251e-02	3.342457e-04	-5.518617e-02
1.025000e+01	-3.058868e-02	1.243802e-02	-3.207460e-02	9.751657e-03	-5.405528e-02
1.030000e+01	-2.801087e-02	1.427633e-02	-2.940865e-02	1.585940e-02	-5.771888e-02
1.035000e+01	-2.301202e-02	1.510830e-02	-2.369904e-02	1.806814e-02	-5.533418e-02
1.040000e+01	-1.598694e-02	1.469574e-02	-1.709351e-02	2.272119e-02	-4.719597e-02
1.045000e+01	-7.691377e-03	1.356835e-02	-8.678835e-03	2.512880e-02	-3.862086e-02
1.050000e+01	8.404719e-04	1.278503e-02	-4.243521e-04	2.853385e-02	-2.962631e-02
1.055000e+01	8.491796e-03	1.287912e-02	7.792246e-03	3.621832e-02	-1.888096e-02
1.060000e+01	1.432982e-02	1.321658e-02	1.315464e-02	4.352668e-02	-1.357465e-02
1.065000e+01	1.785582e-02	1.308954e-02	1.686836e-02	4.852665e-02	-1.009975e-02
1.070000e+01	1.914002e-02	1.273902e-02	1.831034e-02	4.736440e-02	-1.087887e-02
1.075000e+01	1.877578e-02	1.295083e-02	2.000672e-02	4.300506e-02	-1.366722e-02
1.080000e+01	1.765369e-02	1.366731e-02	1.961590e-02	4.573749e-02	-1.804999e-02
1.085000e+01	1.662947e-02	1.378759e-02	1.785301e-02	4.801163e-02	-1.830195e-02
1.090000e+01	1.620758e-02	1.252372e-02	1.596567e-02	5.119754e-02	-1.441536e-02
1.095000e+01	1.636262e-02	1.054929e-02	1.613319e-02	4.883091e-02	-7.889501e-03
1.100000e+01	1.657042e-02	1.033520e-02	1.764528e-02	4.218270e-02	-7.928314e-03
1.105000e+01	1.606977e-02	1.304172e-02	1.950168e-02	3.835074e-02	-1.779845e-02
1.110000e+01	1.408947e-02	1.629404e-02	1.589827e-02	4.311842e-02	-2.652505e-02
1.115000e+01	1.029529e-02	1.807212e-02	1.198471e-02	4.806399e-02	-3.137422e-02
1.120000e+01	4.909669e-03	1.777457e-02	4.934035e-03	4.595993e-02	-3.191624e-02
1.125000e+01	-1.333784e-03	1.584575e-02	-2.101737e-03	3.821256e-02	-3.140828e-02
1.130000e+01	-7.428829e-03	1.331791e-02	-8.278696e-03	2.690009e-02	-3.193869e-02
1.135000e+01	-1.243063e-02	1.120379e-02	-1.264986e-02	1.695412e-02	-3.568660e-02
1.140000e+01	-1.575170e-02	9.889884e-03	-1.634642e-02	1.159713e-02	-3.920652e-02
1.145000e+01	-1.730545e-02	9.147327e-03	-1.817730e-02	8.138898e-03	-3.922479e-02
1.150000e+01	-1.744903e-02	8.741053e-03	-1.917994e-02	8.862252e-03	-3.638926e-02
1.155000e+01	-1.676117e-02	8.589082e-03	-1.808855e-02	1.130521e-02	-3.598461e-02
1.160000e+01	-1.575790e-02	8.498464e-03	-1.633660e-02	1.129135e-02	-4.018354e-02
1.165000e+01	-1.467093e-02	8.273837e-03	-1.507278e-02	9.102762e-03	-4.076684e-02
1.170000e+01	-1.338182e-02	8.101939e-03	-1.391288e-02	8.297470e-03	-3.700662e-02
1.175000e+01	-1.153472e-02	8.523751e-03	-1.235040e-02	1.257226e-02	-2.914821e-02
1.180000e+01	-8.771667e-03	9.725445e-03	-9.417576e-03	1.593814e-02	-3.124064e-02
1.185000e+01	-4.980691e-03	1.119118e-02	-5.968924e-03	1.974015e-02	-3.334444e-02
1.190000e+01	-4.417693e-04	1.226245e-02	-1.272901e-03	2.597877e-02	-3.097182e-02
1.195000e+01	4.200305e-03	1.257635e-02	3.163391e-03	3.227793e-02	-2.485012e-02
1.200000e+01	8.132140e-03	1.212689e-02	7.249689e-03	3.574640e-02	-1.663719e-02
1.205000e+01	1.069372e-02	1.119020e-02	1.039964e-02	3.800124e-02	-1.095957e-02
1.210000e+01	1.153021e-02	1.006877e-02	1.135994e-02	3.668243e-02	-9.036819e-03
1.215000e+01	1.083409e-02	8.953757e-03	1.075981e-02	3.310578e-02	-1.024146e-02
1.220000e+01	9.245196e-03	7.791567e-03	9.341738e-03	3.030088e-02	-1.187717e-02
1.225000e+01	7.611442e-03	6.543282e-03	7.900633e-03	2.563584e-02	-1.397862e-02
1.230000e+01	6.668735e-03	5.744605e-03	6.976412e-03	1.915373e-02	-1.276291e-02
1.235000e+01	6.764957e-03	6.472856e-03	7.186826e-03	2.162814e-02	-1.342977e-02
1.240000e+01	7.734621e-03	8.557342e-03	8.210222e-03	2.556458e-02	-1.827187e-02
1.245000e+01	8.970728e-03	1.074810e-02	9.840749e-03	3.027675e-02	-2.268235e-02
1.250000e+01	9.662979e-03	1.214903e-02	1.126521e-02	3.496976e-02	-2.572881e-02
1.255000e+01	9.108319e-03	1.243470e-02	1.040475e-02	3.541319e-02	-2.616317e-02
1.260000e+01	6.975358e-03	1.178451e-02	7.683522e-03	3.311806e-02	-2.429212e-02
1.265000e+01	3.426615e-03	1.069997e-02	3.574831e-03	2.957158e-02	-2.108100e-02
1.270000e+01	-9.392344e-04	9.648016e-03	-1.610121e-03	2.374260e-02	-2.130936e-02
1.275000e+01	-5.293414e-03	8.734803e-03	-6.187965e-03	1.734934e-02	-2.457420e-02
1.280000e+01	-8.846794e-03	7.809106e-03	-9.612122e-03	1.049207e-02	-2.823506e-02
1.285000e+01	-1.108186e-02	6.882249e-03	-1.146089e-02	1.107240e-02	-2.925067e-02
1.290000e+01	-1.186849e-02	6.267402e-03	-1.242871e-02	1.173360e-02	-2.727014e-02
1.295000e+01	-1.143609e-02	6.184987e-03	-1.160805e-02	1.145756e-02	-2.502915e-02
1.300000e+01	-1.023070e-02	6.428018e-03	-1.033873e-02	9.473142e-03	-2.658454e-02
1.305000e+01	-8.739469e-03	6.782748e-03	-8.984407e-03	8.645475e-03	-2.529807e-02
1.310000e+01	-7.302706e-03	7.341500e-03	-7.861198e-03	1.099003e-02	-2.451857e-02
1.315000e+01	-6.048220e-03	8.241871e-03	-6.329012e-03	1.472352e-02	-2.365534e-02
1.320000e+01	-4.904168e-03	9.255558e-03	-5.088299e-03	1.848891e-02	-2.389292e-02
1.325000e+01	-3.694609e-03	9.920144e-03	-3.514567e-03	2.051936e-02	-2.367975e-02
1.330000e+01	-2.258674e-03	9.909834e-03	-2.282709e-03	2.180315e-02	-2.342032e-02
1.335000e+01	-5.404203e-04	9.223044e-03	-7.054023e-04	2.107875e-02	-2.170411e-02
1.340000e+01	1.382507e-03	8.162471e-03	9.860587e-04	1.909187e-02	-1.788543e-02
1.345000e+01	3.332058e-03	7.168228e-03	3.119248e-03	1.913282e-02	-1.669086e-02
1.350000e+01	5.099008e-03	6.551675e-03	5.178988e-03	2.247154e-02	-1.348050e-02
1.355000e+01	6.511584e-03	6.303196e-03	6.588899e-03	2.550462e-02	-9.578470e-03
1.360000e+01	7.474216e-03	6.207029e-03	7.809009e-03	2.617275e-02	-6.529259e-03
1.365000e+01	7.966724e-03	6.084436e-03	8.110232e-03	2.672492e-02	-5.746610e-03
1.370000e+01	8.015122e-03	5.885239e-03	8.162512e-03	2.509312e-02	-7.141798e-03
1.375000e+01	7.657186e-03	5.684525e-03	7.987701e-03	2.217973e-02	-6.597206e-03
1.380000e+01	6.924102e-03	5.646382e-03	7.482434e-03	1.972836e-02	-8.279111e-03
1.385000e+01	5.846427e-03	5.887223e-03	6.008817e-03	1.919972e-02	-1.126851e-02
1.390000e+01	4.476252e-03	6.317038e-03	4.712542e-03	1.770187e-02	-1.273111e-02
1.395000e+01	2.906915e-03	6.696330e-03	2.765826e-03	1.753398e-02	-1.404360e-02
1.400000e+01	1.272512e-03	6.842465e-03	1.023228e-03	1.578573e-02	-1.496063e-02
1.405000e+01	-3.214191e-04	6.777294e-03	-9.081643e-04	1.415275e-02	-1.643944e-02
1.410000e+01	-1.697632e-03	6.650633e-03	-1.774552e-03	1.207059e-02	-1.776671e-02
1.415000e+01	-2.783829e-03	6.651276e-03	-2.964116e-03	1.131262e-02	-1.886933e-02
1.420000e+01	-3.601359e-03	6.790257e-03	-4.048088e-03	1.174910e-02	-1.849680e-02
1.425000e+01	-4.243778e-03	6.880675e-03	-4.395167e-03	1.273809e-02	-1.932879e-02
1.430000e+01	-4.819181e-03	6.710970e-03	-4.877124e-03	1.335540e-02	-2.011565e-02
1.435000e+01	-5.381508e-03	6.213405e-03	-5.760638e-03	1.166610e-02	-1.914700e-02
1.440000e+01	-5.884254e-03	5.541749e-03	-5.805809e-03	7.702313e-03	-1.887801e-02
1.445000e+01	-6.182241e-03	5.051940e-03	-6.027022e-03	7.481643e-03	-1.861959e-02
1.450000e+01	-6.086126e-03	5.073460e-03	-6.189723e-03	8.824214e-03	-1.781962e-02
1.455000e+01	-5.449128e-03	5.547607e-03	-5.614692e-03	9.263040e-03	-1.776471e-02
1.460000e+01	-4.248167e-03	6.119990e-03	-4.853280e-03	1.089731e-02	-1.825730e-02
1.465000e+01	-2.620771e-03	6.509192e-03	-3.424880e-03	1.201677e-02	-1.668883e-02
1.470000e+01	-8.364134e-04	6.617759e-03	-1.398114e-03	1.323206e-02	-1.656560e-02
1.475000e+01	7.906933e-04	6.472580e-03	7.617756e-04	1.491458e-02	-1.528825e-02
1.480000e+01	2.013255e-03	6.145843e-03	2.157985e-03	1.528829e-02	-1.296504e-02
1.485000e+01	2.739680e-03	5.708374e-03	2.913311e-03	1.448066e-02	-1.187146e-02
1.490000e+01	3.060062e-03	5.220814e-03	3.369591e-03	1.363440e-02	-1.094704e-02
1.495000e+01	3.195139e-03	4.739759e-03	3.535013e-03	1.343187e-02	-1.099732e-02
1.500000e+01	3.387452e-03	4.323125e-03	3.617604e-03	1.370971e-02	-9.598360e-03
1.505000e+01	3.805082e-03	4.054938e-03	4.001736e-03	1.383824e-02	-7.412503e-03
1.510000e+01	4.390879e-03	4.005458e-03	4.546603e-03	1.458423e-02	-6.049982e-03
1.515000e+01	4.920784e-03	4.197092e-03	4.897549e-03	1.601330e-02	-9.195444e-03
1.520000e+01	5.073905e-03	4.529362e-03	5.333727e-03	1.586713e-02	-1.104097e-02
1.525000e+01	4.572871e-03	4.840861e-03	5.527686e-03	1.516364e-02	-1.172597e-02
1.530000e+01	3.321229e-03	5.027826e-03	4.360869e-03	1.443235e-02	-1.185003e-02
1.535000e+01	1.478212e-03	5.088063e-03	2.374852e-03	1.262904e-02	-1.228024e-02
1.540000e+01	-5.659447e-04	5.065157e-03	3.060463e-04	1.050293e-02	-1.383376e-02
1.545000e+01	-2.311490e-03	4.964813e-03	-1.733684e-03	1.019457e-02	-1.412165e-02
1.550000e+01	-3.324559e-03	4.761706e-03	-2.937841e-03	1.025215e-02	-1.507049e-02
1.555000e+01	-3.399372e-03	4.510928e-03	-3.562246e-03	1.094806e-02	-1.483694e-02
1.560000e+01	-2.642403e-03	4.403097e-03	-3.094218e-03	1.199953e-02	-1.296273e-02
1.565000e+01	-1.442300e-03	4.573869e-03	-1.851547e-03	1.231039e-02	-1.449629e-02
1.570000e+01	-3.332791e-04	4.855636e-03	-5.504076e-04	1.312073e-02	-1.518820e-02
1.575000e+01	1.985233e-04	4.921175e-03	1.354539e-04	1.267280e-02	-1.408061e-02
1.580000e+01	-1.066290e-04	4.619159e-03	-3.686748e-05	1.206662e-02	-1.151558e-02
1.585000e+01	-1.186186e-03	4.177247e-03	-8.250528e-04	9.144058e-03	-1.143180e-02
1.590000e+01	-2.677592e-03	4.150088e-03	-2.691913e-03	7.352208e-03	-1.509654e-02
1.595000e+01	-4.049472e-03	4.776192e-03	-3.904926e-03	7.650091e-03	-2.037630e-02
1.600000e+01	-4.791596e-03	5.596588e-03	-4.860147e-03	7.189810e-03	-2.230590e-02
1.605000e+01	-4.581546e-03	6.109019e-03	-4.573930e-03	9.996215e-03	-2.043780e-02
1.610000e+01	-3.405348e-03	6.092812e-03	-3.411463e-03	1.319991e-02	-1.806199e-02
1.615000e+01	-1.553200e-03	5.639345e-03	-1.692421e-03	1.502603e-02	-1.396505e-02
1.620000e+01	5.009333e-04	5.005024e-03	4.398153e-04	1.511570e-02	-9.823898e-03
1.625000e+01	2.267845e-03	4.432771e-03	2.335073e-03	1.345295e-02	-8.619606e-03
1.630000e+01	3.402558e-03	4.000453e-03	3.336843e-03	1.192122e-02	-7.951573e-03
1.635000e+01	3.797490e-03	3.648513e-03	3.671003e-03	1.325673e-02	-6.207774e-03
1.640000e+01	3.581199e-03	3.351598e-03	3.475732e-03	1.291765e-02	-5.683409e-03
1.645000e+01	3.032602e-03	3.195543e-03	2.880739e-03	1.198667e-02	-7.206225e-03
1.650000e+01	2.451965e-03	3.267570e-03	2.681749e-03	1.158845e-02	-1.016104e-02
1.655000e+01	2.042874e-03	3.519827e-03	2.023532e-03	1.146493e-02	-1.144390e-02
1.660000e+01	1.849985e-03	3.810835e-03	1.888557e-03	1.101521e-02	-1.114154e-02
1.665000e+01	1.770943e-03	4.021996e-03	1.900225e-03	1.087919e-02	-9.998753e-03
1.670000e+01	1.629349e-03	4.101822e-03	1.586546e-03	1.068740e-02	-8.681251e-03
1.675000e+01	1.272038e-03	4.061321e-03	1.397511e-03	1.057739e-02	-8.145136e-03
1.680000e+01	6.472684e-04	3.952381e-03	1.055997e-03	9.403902e-03	-8.421288e-03
1.685000e+01	-1.679465e-04	3.829303e-03	-1.702269e-04	9.124741e-03	-1.026407e-02
1.690000e+01	-9.993324e-04	3.711452e-03	-1.129316e-03	8.762534e-03	-1.189759e-02
1.695000e+01	-1.648376e-03	3.588079e-03	-1.602968e-03	8.543594e-03	-1.295816e-02
1.700000e+01	-1.973456e-03	3.464307e-03	-1.766433e-03	8.100190e-03	-1.364141e-02
1.705000e+01	-1.949685e-03	3.388346e-03	-1.960273e-03	8.108294e-03	-1.260988e-02
1.710000e+01	-1.667099e-03	3.389149e-03	-1.665058e-03	8.673250e-03	-1.028741e-02
1.715000e+01	-1.290058e-03	3.426875e-03	-1.112800e-03	8.126851e-03	-1.058533e-02
1.720000e+01	-9.929845e-04	3.416228e-03	-7.973069e-04	9.951742e-03	-1.048221e-02
1.725000e+01	-8.931553e-04	3.317305e-03	-8.407001e-04	1.168768e-02	-8.981503e-03
1.730000e+01	-1.010328e-03	3.192463e-03	-1.028143e-03	1.131562e-02	-8.117082e-03
1.735000e+01	-1.266881e-03	3.170754e-03	-1.317460e-03	9.109365e-03	-8.074005e-03
1.740000e+01	-1.524769e-03	3.317904e-03	-1.738340e-03	6.730020e-03	-8.726156e-03
1.745000e+01	-1.641345e-03	3.550271e-03	-1.679438e-03	8.121823e-03	-1.027145e-02
1.750000e+01	-1.520592e-03	3.717386e-03	-1.833711e-03	9.406353e-03	-1.065923e-02
1.755000e+01	-1.140974e-03	3.726834e-03	-1.215644e-03	1.001212e-02	-9.946644e-03
1.760000e+01	-5.528965e-04	3.601748e-03	-6.082158e-04	9.990422e-03	-9.413416e-03
1.765000e+01	1.480337e-04	3.468524e-03	1.604965e-05	1.040366e-02	-8.098929e-03
1.770000e+01	8.569500e-04	3.456628e-03	7.132850e-04	1.259567e-02	-8.010086e-03
1.775000e+01	1.488774e-03	3.554366e-03	1.501642e-03	1.316758e-02	-7.598707e-03
1.780000e+01	1.990364e-03	3.610589e-03	1.875750e-03	1.210836e-02	-8.460043e-03
1.785000e+01	2.335493e-03	3.497816e-03	2.425274e-03	1.063270e-02	-9.197021e-03
1.790000e+01	2.510758e-03	3.248171e-03	2.466947e-03	1.061673e-02	-8.811332e-03
1.795000e+01	2.503762e-03	3.066747e-03	2.570490e-03	1.106168e-02	-6.998152e-03
1.800000e+01	2.301904e-03	3.142623e-03	2.505693e-03	1.089333e-02	-5.670802e-03
1.805000e+01	1.902370e-03	3.391082e-03	2.039728e-03	1.028734e-02	-6.819776e-03
1.810000e+01	1.326569e-03	3.545630e-03	1.385546e-03	1.021707e-02	-7.509998e-03
1.815000e+01	6.370139e-04	3.460270e-03	7.622834e-04	9.363967e-03	-8.476679e-03
1.820000e+01	-7.084501e-05	3.208770e-03	4.342375e-05	8.051818e-03	-8.166520e-03
1.825000e+01	-6.890877e-04	3.013447e-03	-3.886436e-04	8.622721e-03	-9.574321e-03
1.830000e+01	-1.127648e-03	3.013430e-03	-9.480960e-04	7.952013e-03	-1.006260e-02
1.835000e+01	-1.342627e-03	3.093600e-03	-1.259124e-03	7.294250e-03	-1.002608e-02
1.840000e+01	-1.350377e-03	3.065919e-03	-1.181663e-03	6.028243e-03	-9.782212e-03
1.845000e+01	-1.220466e-03	2.901156e-03	-1.079906e-03	5.201594e-03	-9.157452e-03
1.850000e+01	-1.049355e-03	2.751423e-03	-9.918603e-04	5.975736e-03	-8.811471e-03
1.855000e+01	-9.247988e-04	2.777726e-03	-8.788738e-04	6.566426e-03	-8.964917e-03
1.860000e+01	-8.950169e-04	2.939743e-03	-7.718569e-04	6.155668e-03	-9.189173e-03
1.865000e+01	-9.546568e-04	3.067714e-03	-7.759493e-04	6.312133e-03	-9.421101e-03
1.870000e+01	-1.052440e-03	3.073651e-03	-6.618655e-04	6.776990e-03	-9.226285e-03
1.875000e+01	-1.116271e-03	3.009246e-03	-9.127019e-04	7.140921e-03	-8.223669e-03
1.880000e+01	-1.084488e-03	2.981629e-03	-9.235231e-04	7.391571e-03	-7.766855e-03
1.885000e+01	-9.299244e-04	3.026352e-03	-9.443437e-04	7.980055e-03	-8.941908e-03
1.890000e+01	-6.672518e-04	3.079138e-03	-5.945905e-04	8.617464e-03	-1.117218e-02
1.895000e+01	-3.418573e-04	3.070066e-03	-2.611514e-04	7.931883e-03	-1.180566e-02
1.900000e+01	-6.772043e-06	3.000765e-03	2.353609e-04	7.437732e-03	-1.063376e-02
1.905000e+01	3.008805e-04	2.936341e-03	5.846096e-04	8.001339e-03	-8.435080e-03
1.910000e+01	5.750423e-04	2.917775e-03	5.620816e-04	7.682480e-03	-8.339954e-03
1.915000e+01	8.328698e-04	2.921067e-03	8.068464e-04	7.213971e-03	-7.700586e-03
1.920000e+01	1.098037e-03	2.878246e-03	1.341098e-03	7.566921e-03	-6.905465e-03
1.925000e+01	1.377622e-03	2.756895e-03	1.609355e-03	7.984961e-03	-6.644554e-03
1.930000e+01	1.645962e-03	2.613749e-03	1.611084e-03	8.526727e-03	-7.555454e-03
1.935000e+01	1.844344e-03	2.572229e-03	1.876501e-03	9.333636e-03	-7.568928e-03
1.940000e+01	1.898278e-03	2.698318e-03	1.915736e-03	1.001274e-02	-6.757217e-03
1.945000e+01	1.746075e-03	2.902370e-03	1.785405e-03	9.918389e-03	-5.288172e-03
1.950000e+01	1.367011e-03	3.023450e-03	1.505801e-03	1.085288e-02	-5.765001e-03
1.955000e+01	7.970049e-04	2.960578e-03	8.847736e-04	1.019914e-02	-6.391797e-03
1.960000e+01	1.244896e-04	2.727956e-03	2.866195e-04	8.542307e-03	-6.940279e-03
1.965000e+01	-5.328389e-04	2.448925e-03	-4.354409e-04	6.569615e-03	-8.268538e-03
1.970000e+01	-1.062088e-03	2.286264e-03	-9.476340e-04	6.599041e-03	-8.755040e-03
1.975000e+01	-1.387496e-03	2.304367e-03	-1.315780e-03	6.523183e-03	-8.228120e-03
1.980000e+01	-1.489392e-03	2.418762e-03	-1.527694e-03	6.776761e-03	-8.962319e-03
1.985000e+01	-1.403688e-03	2.522155e-03	-1.446701e-03	7.235918e-03	-8.557502e-03
1.990000e+01	-1.203437e-03	2.573552e-03	-1.314807e-03	6.838657e-03	-8.587652e-03
1.995000e+01	-9.706460e-04	2.576016e-03	-1.217906e-03	7.333022e-03	-8.414215e-03
2.000000e+01	-7.694122e-04	2.531347e-03	-9.332609e-04	7.808701e-03	-7.305443e-03
