# k	<chi>	std	chi_median	chi_max	chi_min
0.000000e+00	-1.063057e-01	1.818933e-01	0.000000e+00	1.948356e-01	-6.001272e-01
5.000000e-02	-1.884927e-01	2.114535e-01	-2.638332e-01	2.347212e-01	-5.857807e-01
1.000000e-01	-1.768832e-01	2.089178e-01	-2.503409e-01	2.403268e-01	-5.713624e-01
1.500000e-01	-1.428811e-01	2.010680e-01	-2.130164e-01	2.557073e-01	-5.283236e-01
2.000000e-01	-1.096677e-01	1.927587e-01	-1.766561e-01	2.692506e-01	-4.848801e-01
2.500000e-01	-5.728960e-02	1.783526e-01	-1.155039e-01	2.874412e-01	-4.722156e-01
3.000000e-01	-7.772557e-03	1.631194e-01	-5.911701e-02	3.006963e-01	-4.584033e-01
3.500000e-01	5.454015e-02	1.415640e-01	1.768564e-02	3.193374e-01	-4.365258e-01
4.000000e-01	1.098630e-01	1.198163e-01	8.511485e-02	3.299338e-01	-4.117175e-01
4.500000e-01	1.682134e-01	9.403436e-02	1.631163e-01	3.314387e-01	-3.759779e-01
5.000000e-01	2.135921e-01	7.235581e-02	2.170708e-01	3.212401e-01	-3.363757e-01
5.500000e-01	2.504001e-01	5.785614e-02	2.571863e-01	3.506826e-01	-2.840524e-01
6.000000e-01	2.682766e-01	5.990534e-02	2.721467e-01	3.876120e-01	-2.286794e-01
6.500000e-01	2.676155e-01	7.486375e-02	2.855181e-01	4.121025e-01	-1.621918e-01
7.000000e-01	2.452797e-01	9.158630e-02	2.826504e-01	4.026615e-01	-9.684385e-02
7.500000e-01	2.002421e-01	1.059924e-01	2.487411e-01	3.653790e-01	-3.941885e-02
8.000000e-01	1.367236e-01	1.134466e-01	1.856273e-01	3.101011e-01	-1.155452e-01
8.500000e-01	5.467000e-02	1.142067e-01	1.027786e-01	2.356347e-01	-1.924990e-01
9.000000e-01	-3.609281e-02	1.074558e-01	7.047134e-03	1.491519e-01	-2.606597e-01
9.500000e-01	-1.348097e-01	9.477972e-02	-1.015590e-01	1.188578e-01	-3.257678e-01
1.000000e+00	-2.287606e-01	7.803747e-02	-2.030199e-01	9.943292e-02	-3.824931e-01
1.050000e+00	-3.178879e-01	5.967843e-02	-3.057632e-01	5.128540e-02	-4.310498e-01
1.100000e+00	-3.897207e-01	4.351338e-02	-3.893095e-01	-1.923856e-02	-4.703332e-01
1.150000e+00	-4.465364e-01	3.346341e-02	-4.477039e-01	-1.105354e-01	-4.980584e-01
1.200000e+00	-4.785815e-01	3.242251e-02	-4.811247e-01	-2.067722e-01	-5.407551e-01
1.250000e+00	-4.905740e-01	3.692689e-02	-4.940438e-01	-3.030480e-01	-5.641473e-01
1.300000e+00	-4.771714e-01	4.122994e-02	-4.824217e-01	-3.657789e-01	-5.522512e-01
1.350000e+00	-4.442067e-01	4.382042e-02	-4.502806e-01	-3.239071e-01	-5.252018e-01
1.400000e+00	-3.916659e-01	4.336661e-02	-3.988089e-01	-2.748337e-01	-4.787411e-01
1.450000e+00	-3.249604e-01	4.092963e-02	-3.314166e-01	-2.188896e-01	-4.427558e-01
1.500000e+00	-2.490655e-01	3.682077e-02	-2.518475e-01	-1.621302e-01	-3.952607e-01
1.550000e+00	-1.679506e-01	3.273474e-02	-1.709020e-01	-9.497182e-02	-3.214271e-01
1.600000e+00	-8.939529e-02	2.987700e-02	-9.610425e-02	-1.462622e-02	-2.298048e-01
1.650000e+00	-1.559233e-02	2.912269e-02	-2.079295e-02	6.648533e-02	-1.303728e-01
1.700000e+00	4.665333e-02	2.954018e-02	4.180529e-02	1.315710e-01	-3.434505e-02
1.750000e+00	9.782832e-02	2.978322e-02	9.262967e-02	1.845271e-01	5.237023e-02
1.800000e+00	1.343616e-01	2.843883e-02	1.300136e-01	2.157481e-01	8.440383e-02
1.850000e+00	1.594870e-01	2.537326e-02	1.554487e-01	2.304976e-01	1.081301e-01
1.900000e+00	1.720681e-01	2.056915e-02	1.699432e-01	2.290352e-01	1.260218e-01
1.950000e+00	1.770328e-01	1.505713e-02	1.771719e-01	2.188821e-01	1.408369e-01
2.000000e+00	1.730655e-01	9.643993e-03	1.738326e-01	2.120712e-01	1.493302e-01
2.050000e+00	1.672188e-01	5.985038e-03	1.665256e-01	1.982803e-01	1.532697e-01
2.100000e+00	1.551004e-01	5.412905e-03	1.550006e-01	1.727201e-01	1.418531e-01
2.150000e+00	1.378854e-01	6.548644e-03	1.386408e-01	1.536612e-01	1.194963e-01
2.200000e+00	1.168715e-01	7.295556e-03	1.177964e-01	1.297959e-01	9.421253e-02
2.250000e+00	9.748859e-02	7.689500e-03	9.746626e-02	1.128643e-01	7.385530e-02
2.300000e+00	7.616421e-02	7.458870e-03	7.556523e-02	9.318475e-02	4.771230e-02
2.350000e+00	5.417377e-02	6.714612e-03	5.368953e-02	7.092896e-02	2.861068e-02
2.400000e+00	3.313125e-02	5.694348e-03	3.288109e-02	4.823856e-02	1.686985e-02
2.450000e+00	1.483188e-02	4.984293e-03	1.485827e-02	2.773954e-02	3.545854e-03
2.500000e+00	-8.717603e-04	4.445800e-03	-4.374043e-04	9.537602e-03	-1.000351e-02
2.550000e+00	-1.310264e-02	4.269711e-03	-1.318349e-02	-5.031160e-04	-2.234703e-02
2.600000e+00	-2.132380e-02	4.410956e-03	-2.160687e-02	-2.879732e-03	-3.082207e-02
2.650000e+00	-2.635672e-02	4.827891e-03	-2.699519e-02	-3.921627e-03	-3.564411e-02
2.700000e+00	-2.800493e-02	5.091458e-03	-2.897103e-02	-4.757309e-03	-3.843892e-02
2.750000e+00	-2.662600e-02	5.025156e-03	-2.773764e-02	-5.740246e-03	-3.767124e-02
2.800000e+00	-2.279742e-02	4.556670e-03	-2.359924e-02	-6.924825e-03	-3.371337e-02
2.850000e+00	-1.876843e-02	3.719570e-03	-1.934931e-02	-9.909020e-03	-2.850087e-02
2.900000e+00	-1.365149e-02	2.678039e-03	-1.361231e-02	-7.719391e-03	-2.147986e-02
2.950000e+00	-8.196847e-03	2.023898e-03	-8.095969e-03	-3.850522e-03	-1.590732e-02
3.000000e+00	-3.093208e-03	2.463642e-03	-2.819729e-03	2.160907e-03	-1.707362e-02
3.050000e+00	7.652376e-04	3.485239e-03	1.349551e-03	6.866317e-03	-1.725560e-02
3.100000e+00	3.447429e-03	4.343230e-03	4.579673e-03	9.918884e-03	-1.529583e-02
3.150000e+00	4.668781e-03	4.748865e-03	5.996443e-03	1.157369e-02	-1.157591e-02
3.200000e+00	4.334354e-03	4.628166e-03	5.651385e-03	1.117280e-02	-6.917272e-03
3.250000e+00	2.548518e-03	4.042493e-03	3.614785e-03	8.755025e-03	-7.673140e-03
3.300000e+00	-3.180206e-04	3.094608e-03	4.438057e-04	5.316053e-03	-8.406519e-03
3.350000e+00	-3.733890e-03	2.050698e-03	-3.841484e-03	3.974984e-03	-8.628067e-03
3.400000e+00	-7.027549e-03	1.489217e-03	-6.947392e-03	3.218357e-03	-1.003695e-02
3.450000e+00	-9.425268e-03	2.023998e-03	-9.691037e-03	1.391809e-03	-1.389126e-02
3.500000e+00	-1.021083e-02	2.931755e-03	-1.039800e-02	-1.212712e-03	-1.580601e-02
3.550000e+00	-8.979971e-03	3.612249e-03	-9.223417e-03	-1.293620e-04	-1.560181e-02
3.600000e+00	-5.724128e-03	3.860294e-03	-6.033823e-03	4.120921e-03	-1.282996e-02
3.650000e+00	-3.970999e-04	3.671907e-03	-7.476660e-04	9.101644e-03	-7.031234e-03
3.700000e+00	5.796829e-03	2.967534e-03	5.296599e-03	1.347332e-02	4.228380e-04
3.750000e+00	1.156915e-02	1.935984e-03	1.130523e-02	1.635801e-02	6.691559e-03
3.800000e+00	1.559742e-02	1.153227e-03	1.560828e-02	1.837568e-02	1.262662e-02
3.850000e+00	1.752905e-02	1.712591e-03	1.740983e-02	2.142732e-02	1.423565e-02
3.900000e+00	1.578577e-02	2.750836e-03	1.557993e-02	2.155632e-02	9.984404e-03
3.950000e+00	1.042084e-02	3.493341e-03	1.033503e-02	1.774563e-02	2.639487e-03
4.000000e+00	2.324393e-03	3.739878e-03	2.269002e-03	1.001348e-02	-6.264241e-03
4.050000e+00	-6.857608e-03	3.514463e-03	-6.778964e-03	1.070597e-04	-1.510723e-02
4.100000e+00	-1.590661e-02	2.882674e-03	-1.575207e-02	-1.050329e-02	-2.264272e-02
4.150000e+00	-2.303668e-02	2.123144e-03	-2.291273e-02	-1.865363e-02	-2.798327e-02
4.200000e+00	-2.694619e-02	1.720383e-03	-2.697144e-02	-2.304763e-02	-3.238103e-02
4.250000e+00	-2.749970e-02	1.974930e-03	-2.734690e-02	-2.372879e-02	-3.423291e-02
4.300000e+00	-2.483269e-02	2.477607e-03	-2.449585e-02	-2.094225e-02	-3.134813e-02
4.350000e+00	-1.996250e-02	2.885904e-03	-1.962751e-02	-1.399708e-02	-2.609435e-02
4.400000e+00	-1.433722e-02	3.146363e-03	-1.407213e-02	-6.855735e-03	-2.115139e-02
4.450000e+00	-9.648031e-03	3.324784e-03	-9.845629e-03	-1.261193e-03	-1.653373e-02
4.500000e+00	-6.649770e-03	3.551007e-03	-7.015472e-03	2.223903e-03	-1.338078e-02
4.550000e+00	-5.596610e-03	3.836263e-03	-6.191745e-03	4.081528e-03	-1.198715e-02
4.600000e+00	-5.882370e-03	4.078848e-03	-6.796285e-03	4.157592e-03	-1.263715e-02
4.650000e+00	-6.586513e-03	4.174564e-03	-7.401275e-03	3.173943e-03	-1.411355e-02
4.700000e+00	-5.818688e-03	4.095131e-03	-6.155944e-03	2.880725e-03	-1.343326e-02
4.750000e+00	-2.063519e-03	3.956142e-03	-1.999100e-03	6.564515e-03	-1.145222e-02
4.800000e+00	5.598909e-03	4.039925e-03	5.965201e-03	1.624712e-02	-5.271662e-03
4.850000e+00	1.676315e-02	4.585683e-03	1.638242e-02	2.904569e-02	4.813759e-03
4.900000e+00	3.076567e-02	5.474031e-03	2.983478e-02	4.409838e-02	1.864632e-02
4.950000e+00	4.575180e-02	6.367883e-03	4.548016e-02	5.924907e-02	3.032696e-02
5.000000e+00	5.935952e-02	6.934845e-03	6.006061e-02	7.151315e-02	4.099848e-02
5.050000e+00	6.915968e-02	6.984688e-03	7.091699e-02	7.876223e-02	4.949998e-02
5.100000e+00	7.353743e-02	6.518195e-03	7.577513e-02	8.293799e-02	5.469795e-02
5.150000e+00	7.153829e-02	5.876364e-03	7.320855e-02	8.092281e-02	5.607588e-02
5.200000e+00	6.322649e-02	5.858203e-03	6.384239e-02	7.304400e-02	5.021218e-02
5.250000e+00	4.951105e-02	7.107252e-03	4.968418e-02	6.155560e-02	2.961355e-02
5.300000e+00	3.209409e-02	9.253123e-03	3.341885e-02	5.111138e-02	5.955843e-03
5.350000e+00	1.282197e-02	1.153013e-02	1.416345e-02	3.939006e-02	-1.803105e-02
5.400000e+00	-6.573667e-03	1.332436e-02	-5.346612e-03	2.619759e-02	-3.999874e-02
5.450000e+00	-2.482148e-02	1.415818e-02	-2.423745e-02	1.157753e-02	-5.813877e-02
5.500000e+00	-4.069440e-02	1.382538e-02	-4.064866e-02	-4.229535e-03	-7.108424e-02
5.550000e+00	-5.358581e-02	1.225003e-02	-5.367618e-02	-2.047566e-02	-7.824194e-02
5.600000e+00	-6.312667e-02	9.549571e-03	-6.334350e-02	-3.682512e-02	-8.014908e-02
5.650000e+00	-6.879149e-02	6.087359e-03	-6.909614e-02	-5.203083e-02	-7.967773e-02
5.700000e+00	-7.057805e-02	3.331328e-03	-7.069399e-02	-6.040768e-02	-7.812920e-02
5.750000e+00	-6.847193e-02	4.961583e-03	-6.873608e-02	-5.338325e-02	-7.867445e-02
5.800000e+00	-6.272330e-02	8.468228e-03	-6.298213e-02	-3.889218e-02	-7.888232e-02
5.850000e+00	-5.378212e-02	1.141078e-02	-5.292982e-02	-2.400449e-02	-7.737816e-02
5.900000e+00	-4.299957e-02	1.312901e-02	-4.219626e-02	-1.076475e-02	-7.143761e-02
5.950000e+00	-3.176563e-02	1.337200e-02	-3.144121e-02	-7.220571e-04	-6.174153e-02
6.000000e+00	-2.148223e-02	1.220342e-02	-2.140018e-02	5.178559e-03	-5.010221e-02
6.050000e+00	-1.308013e-02	1.003181e-02	-1.397723e-02	9.461688e-03	-3.810092e-02
6.100000e+00	-7.057449e-03	7.951514e-03	-7.524161e-03	1.276210e-02	-2.817848e-02
6.150000e+00	-2.953748e-03	7.553582e-03	-2.314857e-03	1.430980e-02	-2.075765e-02
6.200000e+00	3.799122e-04	9.190356e-03	1.676760e-03	1.791067e-02	-1.818916e-02
6.250000e+00	4.431830e-03	1.141936e-02	4.697947e-03	2.512736e-02	-1.838553e-02
6.300000e+00	1.053943e-02	1.313483e-02	1.000405e-02	3.607738e-02	-1.487683e-02
6.350000e+00	1.941207e-02	1.389671e-02	1.934474e-02	4.702644e-02	-7.625681e-03
6.400000e+00	3.082770e-02	1.363535e-02	3.081152e-02	5.765446e-02	3.339231e-03
6.450000e+00	4.361232e-02	1.249238e-02	4.358985e-02	6.946949e-02	1.754030e-02
6.500000e+00	5.591766e-02	1.076422e-02	5.595780e-02	7.984061e-02	3.317403e-02
6.550000e+00	6.555861e-02	8.868638e-03	6.474947e-02	8.804027e-02	4.794405e-02
6.600000e+00	7.086442e-02	7.603659e-03	7.030825e-02	9.186242e-02	5.822713e-02
6.650000e+00	7.098231e-02	7.671909e-03	7.049569e-02	9.323516e-02	5.190499e-02
6.700000e+00	6.600568e-02	9.127157e-03	6.645589e-02	8.858753e-02	4.165273e-02
6.750000e+00	5.682147e-02	1.160038e-02	5.739577e-02	7.844946e-02	2.993905e-02
6.800000e+00	4.474343e-02	1.480186e-02	4.571591e-02	7.397176e-02	1.397537e-02
6.850000e+00	3.108184e-02	1.829203e-02	3.063415e-02	6.908263e-02	-9.760682e-03
6.900000e+00	1.681299e-02	2.125249e-02	1.655659e-02	6.067737e-02	-3.105203e-02
6.950000e+00	2.461269e-03	2.262633e-02	2.903668e-03	4.789196e-02	-5.223389e-02
7.000000e+00	-1.178538e-02	2.147634e-02	-1.027771e-02	3.006682e-02	-6.679398e-02
7.050000e+00	-2.587765e-02	1.728394e-02	-2.475825e-02	7.065213e-03	-7.276556e-02
7.100000e+00	-3.929906e-02	1.067689e-02	-3.907345e-02	-1.304737e-02	-6.981307e-02
7.150000e+00	-5.129774e-02	5.300982e-03	-5.100507e-02	-3.049113e-02	-6.300446e-02
7.200000e+00	-6.080208e-02	1.023261e-02	-6.237475e-02	-3.943449e-02	-7.718816e-02
7.250000e+00	-6.669087e-02	1.704727e-02	-7.137441e-02	-2.948061e-02	-8.921064e-02
7.300000e+00	-6.816634e-02	2.119507e-02	-7.515956e-02	-1.867890e-02	-9.656716e-02
7.350000e+00	-6.507694e-02	2.158702e-02	-7.186659e-02	-1.257631e-02	-9.455407e-02
7.400000e+00	-5.805071e-02	1.832040e-02	-6.345394e-02	-1.202507e-02	-8.351998e-02
7.450000e+00	-4.837113e-02	1.250821e-02	-5.045394e-02	-1.615013e-02	-6.812987e-02
7.500000e+00	-3.762730e-02	6.575451e-03	-3.812304e-02	-2.207742e-02	-4.942360e-02
7.550000e+00	-2.715405e-02	6.448142e-03	-2.745611e-02	-9.250769e-03	-4.023464e-02
7.600000e+00	-1.803485e-02	1.065659e-02	-1.704194e-02	9.951462e-03	-4.043270e-02
7.650000e+00	-1.037317e-02	1.378251e-02	-8.920613e-03	2.658219e-02	-4.017458e-02
7.700000e+00	-3.585775e-03	1.518694e-02	-2.501092e-03	3.921712e-02	-3.668002e-02
7.750000e+00	3.278912e-03	1.541302e-02	2.286222e-03	4.824842e-02	-3.039224e-02
7.800000e+00	1.111544e-02	1.514616e-02	1.000373e-02	5.423247e-02	-2.260794e-02
7.850000e+00	2.038486e-02	1.470918e-02	1.986548e-02	5.882844e-02	-1.464136e-02
7.900000e+00	3.091348e-02	1.402066e-02	3.107796e-02	6.257872e-02	-4.811374e-03
7.950000e+00	4.191765e-02	1.287965e-02	4.212368e-02	6.605558e-02	8.065957e-03
8.000000e+00	5.221699e-02	1.118242e-02	5.220369e-02	7.440679e-02	2.220977e-02
8.050000e+00	6.038612e-02	9.019776e-03	5.982635e-02	7.779098e-02	3.631316e-02
8.100000e+00	6.537279e-02	7.293836e-03	6.626516e-02	7.886570e-02	4.430481e-02
8.150000e+00	6.645115e-02	7.962687e-03	6.807400e-02	7.998866e-02	3.582595e-02
8.200000e+00	6.327222e-02	1.132055e-02	6.376713e-02	8.868485e-02	2.518611e-02
8.250000e+00	5.580841e-02	1.546361e-02	5.711674e-02	9.191052e-02	1.373727e-02
8.300000e+00	4.430567e-02	1.891625e-02	4.635314e-02	8.860652e-02	8.207859e-05
8.350000e+00	2.930238e-02	2.080797e-02	3.195911e-02	7.727805e-02	-1.884405e-02
8.400000e+00	1.171545e-02	2.075003e-02	1.406404e-02	6.004553e-02	-3.566179e-02
8.450000e+00	-7.069660e-03	1.882190e-02	-6.247321e-03	3.813118e-02	-4.894458e-02
8.500000e+00	-2.520489e-02	1.556987e-02	-2.512661e-02	1.355048e-02	-5.788387e-02
8.550000e+00	-4.056913e-02	1.208360e-02	-4.275600e-02	-1.138829e-02	-6.461252e-02
8.600000e+00	-5.111722e-02	1.019768e-02	-5.145856e-02	-2.699682e-02	-7.548381e-02
8.650000e+00	-5.549022e-02	1.117771e-02	-5.244301e-02	-3.459932e-02	-8.090172e-02
8.700000e+00	-5.345348e-02	1.367025e-02	-5.056608e-02	-3.128838e-02	-8.192809e-02
8.750000e+00	-4.613179e-02	1.585725e-02	-4.391624e-02	-2.020879e-02	-7.896230e-02
8.800000e+00	-3.585894e-02	1.683755e-02	-3.386341e-02	-8.245344e-03	-7.587628e-02
8.850000e+00	-2.562055e-02	1.626623e-02	-2.353406e-02	9.965569e-05	-6.872243e-02
8.900000e+00	-1.821912e-02	1.405596e-02	-1.543181e-02	2.974860e-03	-5.895806e-02
8.950000e+00	-1.541230e-02	1.040522e-02	-1.321105e-02	1.054034e-03	-4.894101e-02
9.000000e+00	-1.731556e-02	6.759746e-03	-1.619640e-02	-5.497259e-03	-4.149159e-02
9.050000e+00	-2.233140e-02	8.277244e-03	-2.252245e-02	-4.656286e-03	-3.744072e-02
9.100000e+00	-2.748799e-02	1.437933e-02	-2.924752e-02	5.759993e-03	-5.006693e-02
9.150000e+00	-2.946815e-02	2.046198e-02	-3.435054e-02	1.770193e-02	-6.296623e-02
9.200000e+00	-2.567372e-02	2.435013e-02	-3.006343e-02	3.036142e-02	-6.870188e-02
9.250000e+00	-1.512417e-02	2.485223e-02	-1.767071e-02	4.080802e-02	-6.190736e-02
9.300000e+00	1.142590e-03	2.173262e-02	9.445915e-04	4.800537e-02	-4.317374e-02
9.350000e+00	2.031075e-02	1.602824e-02	2.102682e-02	5.232584e-02	-1.613490e-02
9.400000e+00	3.859607e-02	1.086788e-02	3.908122e-02	5.956092e-02	7.286488e-03
9.450000e+00	5.235902e-02	1.145369e-02	5.191022e-02	8.013394e-02	2.653734e-02
9.500000e+00	5.915427e-02	1.565725e-02	6.079450e-02	9.291673e-02	2.353098e-02
9.550000e+00	5.840100e-02	1.844111e-02	6.140195e-02	9.519606e-02	1.874531e-02
9.600000e+00	5.131229e-02	1.832354e-02	5.367990e-02	8.634070e-02	1.581817e-02
9.650000e+00	4.050354e-02	1.579934e-02	4.087997e-02	7.139586e-02	7.004027e-03
9.700000e+00	2.898783e-02	1.252955e-02	2.944092e-02	5.929919e-02	7.414260e-04
9.750000e+00	1.919449e-02	1.060433e-02	1.971781e-02	4.423699e-02	-6.378451e-03
9.800000e+00	1.228198e-02	1.066054e-02	1.298876e-02	3.720049e-02	-1.569122e-02
9.850000e+00	7.959227e-03	1.129589e-02	9.233106e-03	3.613264e-02	-2.630380e-02
9.900000e+00	4.838832e-03	1.152103e-02	5.662041e-03	2.996604e-02	-3.117612e-02
9.950000e+00	1.155323e-03	1.137770e-02	2.306011e-03	2.681519e-02	-3.240728e-02
1.000000e+01	-4.438025e-03	1.106225e-02	-4.063918e-03	2.375303e-02	-3.249056e-02
1.005000e+01	-1.236312e-02	1.042161e-02	-1.262131e-02	1.733397e-02	-3.335579e-02
1.010000e+01	-2.170136e-02	9.361527e-03	-2.170398e-02	6.861872e-03	-3.831822e-02
1.015000e+01	-3.075872e-02	8.411291e-03	-3.031029e-02	-5.463571e-03	-5.167085e-02
1.020000e+01	-3.761158e-02	8.432995e-03	-3.763659e-02	-1.691400e-02	-6.333077e-02
1.025000e+01	-4.079961e-02	9.200773e-03	-4.128759e-02	-1.840300e-02	-6.748296e-02
1.030000e+01	-3.982440e-02	9.463148e-03	-4.139846e-02	-1.188687e-02	-6.299269e-02
1.035000e+01	-3.528053e-02	8.392403e-03	-3.710477e-02	-7.222666e-03	-5.109759e-02
1.040000e+01	-2.859180e-02	6.412849e-03	-3.014636e-02	-6.981899e-03	-3.991460e-02
1.045000e+01	-2.147249e-02	6.165598e-03	-2.184664e-02	-3.350358e-03	-3.565959e-02
1.050000e+01	-1.532665e-02	9.331789e-03	-1.600844e-02	1.100075e-02	-3.220803e-02
1.055000e+01	-1.080779e-02	1.327024e-02	-1.253115e-02	2.189155e-02	-3.846662e-02
1.060000e+01	-7.687724e-03	1.609437e-02	-8.912899e-03	2.833447e-02	-4.903925e-02
1.065000e+01	-5.060595e-03	1.700975e-02	-5.839979e-03	3.046189e-02	-5.489742e-02
1.070000e+01	-1.784288e-03	1.594126e-02	-1.429890e-03	2.964130e-02	-5.275000e-02
1.075000e+01	3.017652e-03	1.352137e-02	3.372516e-03	2.764583e-02	-4.142289e-02
1.080000e+01	9.579505e-03	1.121698e-02	1.139076e-02	2.693889e-02	-2.214889e-02
1.085000e+01	1.736912e-02	1.095418e-02	1.919629e-02	4.025309e-02	-9.375487e-03
1.090000e+01	2.524294e-02	1.283587e-02	2.476987e-02	5.155232e-02	-1.853697e-03
1.095000e+01	3.180639e-02	1.494931e-02	2.924932e-02	5.832178e-02	1.783545e-03
1.100000e+01	3.584016e-02	1.578183e-02	3.333412e-02	6.350043e-02	6.981199e-03
1.105000e+01	3.671297e-02	1.474498e-02	3.636717e-02	6.794776e-02	1.255271e-02
1.110000e+01	3.430796e-02	1.205881e-02	3.509082e-02	6.296642e-02	1.136103e-02
1.115000e+01	2.920199e-02	8.950365e-03	2.925532e-02	5.065762e-02	8.860256e-03
1.120000e+01	2.235187e-02	7.977052e-03	2.218427e-02	3.934839e-02	4.773390e-03
1.125000e+01	1.479460e-02	1.002632e-02	1.412852e-02	3.604898e-02	-6.699455e-03
1.130000e+01	7.388434e-03	1.242436e-02	7.330032e-03	3.574426e-02	-1.617869e-02
1.135000e+01	6.706584e-04	1.334517e-02	1.025323e-03	3.142524e-02	-2.527645e-02
1.140000e+01	-5.146762e-03	1.234753e-02	-5.356438e-03	2.353173e-02	-3.013872e-02
1.145000e+01	-1.007559e-02	9.915846e-03	-9.931321e-03	1.299527e-02	-3.119703e-02
1.150000e+01	-1.420771e-02	7.276052e-03	-1.442505e-02	1.460092e-03	-3.066549e-02
1.155000e+01	-1.759571e-02	5.951555e-03	-1.751794e-02	-1.214302e-03	-3.158099e-02
1.160000e+01	-2.020003e-02	5.977538e-03	-1.987979e-02	-1.921742e-03	-3.168310e-02
1.165000e+01	-2.190931e-02	5.867566e-03	-2.186759e-02	-5.992919e-03	-3.388267e-02
1.170000e+01	-2.260841e-02	5.169024e-03	-2.273645e-02	-8.717691e-03	-3.456435e-02
1.175000e+01	-2.225283e-02	4.800074e-03	-2.224621e-02	-6.709911e-03	-3.263336e-02
1.180000e+01	-2.091250e-02	5.465021e-03	-2.143922e-02	-4.638752e-03	-3.325745e-02
1.185000e+01	-1.876697e-02	6.261620e-03	-1.867570e-02	-3.283718e-03	-3.518260e-02
1.190000e+01	-1.605776e-02	6.470009e-03	-1.624998e-02	-6.916093e-04	-3.309655e-02
1.195000e+01	-1.302133e-02	6.722171e-03	-1.339999e-02	8.318881e-03	-2.645511e-02
1.200000e+01	-9.831288e-03	8.196888e-03	-1.003570e-02	1.549957e-02	-2.436415e-02
1.205000e+01	-6.596482e-03	1.049537e-02	-6.662767e-03	2.025936e-02	-2.587112e-02
1.210000e+01	-3.271423e-03	1.209486e-02	-3.456622e-03	2.498032e-02	-2.572819e-02
1.215000e+01	1.971279e-04	1.194817e-02	-5.632249e-04	3.141261e-02	-2.253795e-02
1.220000e+01	3.849799e-03	1.004199e-02	4.087237e-03	3.291304e-02	-1.709127e-02
1.225000e+01	7.666068e-03	7.937582e-03	9.171936e-03	2.893592e-02	-1.483471e-02
1.230000e+01	1.153509e-02	8.522817e-03	1.126653e-02	3.066507e-02	-1.271424e-02
1.235000e+01	1.525013e-02	1.125901e-02	1.433952e-02	3.750038e-02	-9.000981e-03
1.240000e+01	1.852434e-02	1.321764e-02	1.894581e-02	4.251701e-02	-4.160317e-03
1.245000e+01	2.102316e-02	1.293235e-02	2.205698e-02	4.511632e-02	-7.402443e-04
1.250000e+01	2.240967e-02	1.027322e-02	2.401887e-02	4.228324e-02	9.587868e-04
1.255000e+01	2.240017e-02	6.278653e-03	2.270232e-02	3.471376e-02	5.260659e-03
1.260000e+01	2.082562e-02	4.382837e-03	2.157814e-02	2.991522e-02	9.459223e-03
1.265000e+01	1.768968e-02	7.186500e-03	1.809587e-02	3.210160e-02	-1.029854e-03
1.270000e+01	1.320774e-02	1.004059e-02	1.510935e-02	3.173544e-02	-8.956447e-03
1.275000e+01	7.808828e-03	1.120828e-02	1.029785e-02	2.826305e-02	-1.524743e-02
1.280000e+01	2.086679e-03	1.063072e-02	3.553239e-03	2.211676e-02	-2.114928e-02
1.285000e+01	-3.300872e-03	8.906692e-03	-1.788126e-03	1.346851e-02	-2.439574e-02
1.290000e+01	-7.766405e-03	6.952966e-03	-6.977551e-03	9.073384e-03	-2.476370e-02
1.295000e+01	-1.092688e-02	5.651204e-03	-1.127361e-02	4.535172e-03	-2.360546e-02
1.300000e+01	-1.269484e-02	5.280813e-03	-1.364291e-02	1.372580e-03	-2.189275e-02
1.305000e+01	-1.329435e-02	5.378996e-03	-1.368547e-02	-1.125807e-03	-2.481528e-02
1.310000e+01	-1.320007e-02	5.522824e-03	-1.327222e-02	-2.158278e-03	-2.895669e-02
1.315000e+01	-1.295452e-02	5.661617e-03	-1.270477e-02	-1.417941e-03	-3.025455e-02
1.320000e+01	-1.297782e-02	5.861112e-03	-1.319135e-02	1.287321e-03	-2.914434e-02
1.325000e+01	-1.341348e-02	6.102813e-03	-1.374707e-02	2.564882e-03	-2.626137e-02
1.330000e+01	-1.406644e-02	6.278559e-03	-1.383480e-02	1.874676e-03	-2.713786e-02
1.335000e+01	-1.445991e-02	6.317435e-03	-1.394132e-02	1.516401e-04	-2.944203e-02
1.340000e+01	-1.399762e-02	6.314771e-03	-1.335252e-02	7.177026e-04	-2.932520e-02
1.345000e+01	-1.217971e-02	6.517025e-03	-1.157729e-02	3.056917e-03	-2.764469e-02
1.350000e+01	-8.799532e-03	7.062525e-03	-9.041480e-03	5.832508e-03	-2.236371e-02
1.355000e+01	-4.052589e-03	7.752405e-03	-4.169650e-03	1.067711e-02	-1.986101e-02
1.360000e+01	1.482756e-03	8.207478e-03	1.712826e-03	1.797334e-02	-1.714412e-02
1.365000e+01	6.989254e-03	8.154940e-03	7.784816e-03	2.290260e-02	-1.338731e-02
1.370000e+01	1.163299e-02	7.551459e-03	1.239443e-02	2.692749e-02	-9.009839e-03
1.375000e+01	1.479021e-02	6.549109e-03	1.583045e-02	2.785664e-02	-2.883360e-03
1.380000e+01	1.620381e-02	5.390112e-03	1.702963e-02	2.765936e-02	2.532000e-03
1.385000e+01	1.601979e-02	4.335997e-03	1.622208e-02	2.737191e-02	3.704665e-03
1.390000e+01	1.469624e-02	3.689921e-03	1.463914e-02	2.438730e-02	2.127220e-03
1.395000e+01	1.282147e-02	3.685719e-03	1.305142e-02	2.096907e-02	2.378024e-03
1.400000e+01	1.090846e-02	4.119065e-03	1.085823e-02	2.330484e-02	2.026911e-03
1.405000e+01	9.220178e-03	4.551599e-03	9.054848e-03	2.415162e-02	-1.087413e-03
1.410000e+01	7.782607e-03	4.779121e-03	7.791340e-03	2.229962e-02	-3.126111e-03
1.415000e+01	6.371104e-03	4.978633e-03	6.482882e-03	1.724401e-02	-4.889892e-03
1.420000e+01	4.651247e-03	5.399764e-03	4.665395e-03	1.738107e-02	-8.465970e-03
1.425000e+01	2.354324e-03	5.918277e-03	1.668112e-03	1.711388e-02	-1.117708e-02
1.430000e+01	-5.763735e-04	6.089525e-03	-1.459016e-03	1.506178e-02	-1.478346e-02
1.435000e+01	-3.923370e-03	5.590966e-03	-3.986733e-03	1.031381e-02	-1.675370e-02
1.440000e+01	-7.239474e-03	4.570710e-03	-7.298929e-03	3.325565e-03	-1.705502e-02
1.445000e+01	-9.981848e-03	3.892034e-03	-1.019980e-02	-1.388403e-03	-1.820218e-02
1.450000e+01	-1.168630e-02	4.465668e-03	-1.147215e-02	-1.946744e-03	-2.258833e-02
1.455000e+01	-1.211884e-02	5.582981e-03	-1.154113e-02	4.188580e-04	-2.420580e-02
1.460000e+01	-1.135065e-02	6.203201e-03	-1.071404e-02	4.872097e-03	-2.491151e-02
1.465000e+01	-9.731166e-03	5.994356e-03	-9.322854e-03	6.625695e-03	-2.331926e-02
1.470000e+01	-7.769963e-03	5.273099e-03	-7.506733e-03	7.094931e-03	-2.011145e-02
1.475000e+01	-5.969985e-03	4.832088e-03	-5.982576e-03	9.059680e-03	-1.648906e-02
1.480000e+01	-4.670182e-03	5.180585e-03	-4.902895e-03	9.100629e-03	-1.575537e-02
1.485000e+01	-3.950405e-03	5.834930e-03	-3.902959e-03	8.207577e-03	-1.603994e-02
1.490000e+01	-3.628120e-03	6.178121e-03	-3.121515e-03	9.441725e-03	-1.937188e-02
1.495000e+01	-3.343944e-03	6.125721e-03	-3.266461e-03	1.061966e-02	-2.169895e-02
1.500000e+01	-2.702979e-03	6.028228e-03	-2.038679e-03	1.072697e-02	-2.046503e-02
1.505000e+01	-1.415021e-03	6.242702e-03	-4.827873e-04	1.089641e-02	-1.686841e-02
1.510000e+01	6.204746e-04	6.628344e-03	1.831850e-03	1.435848e-02	-1.865126e-02
1.515000e+01	3.226155e-03	6.760876e-03	3.914535e-03	1.619649e-02	-1.737234e-02
1.520000e+01	6.022016e-03	6.358581e-03	6.578587e-03	1.845467e-02	-1.355056e-02
1.525000e+01	8.538054e-03	5.454291e-03	9.590312e-03	1.991370e-02	-8.234151e-03
1.530000e+01	1.034819e-02	4.377537e-03	1.115928e-02	1.951175e-02	-2.630447e-03
1.535000e+01	1.118232e-02	3.647180e-03	1.146572e-02	2.087445e-02	2.022446e-03
1.540000e+01	1.098385e-02	3.591191e-03	1.113360e-02	2.129032e-02	1.020906e-03
1.545000e+01	9.899900e-03	3.938766e-03	9.516235e-03	1.936091e-02	-2.579318e-03
1.550000e+01	8.213690e-03	4.283131e-03	8.306494e-03	1.680209e-02	-4.874451e-03
1.555000e+01	6.246084e-03	4.495349e-03	6.262863e-03	1.519543e-02	-5.620416e-03
1.560000e+01	4.260463e-03	4.640901e-03	4.177699e-03	1.359366e-02	-5.403129e-03
1.565000e+01	2.401159e-03	4.809693e-03	2.210267e-03	1.231380e-02	-8.396868e-03
1.570000e+01	6.821603e-04	5.004127e-03	5.082685e-04	1.206352e-02	-1.114424e-02
1.575000e+01	-9.749551e-04	5.135281e-03	-4.663180e-04	1.070799e-02	-1.300858e-02
1.580000e+01	-2.671187e-03	5.096472e-03	-2.211231e-03	8.389797e-03	-1.343125e-02
1.585000e+01	-4.455337e-03	4.841012e-03	-4.196049e-03	5.625008e-03	-1.575184e-02
1.590000e+01	-6.271636e-03	4.435949e-03	-6.543702e-03	3.141194e-03	-1.635569e-02
1.595000e+01	-7.948609e-03	4.080736e-03	-7.960178e-03	1.893568e-03	-1.729580e-02
1.600000e+01	-9.233721e-03	4.016910e-03	-8.777781e-03	9.186571e-04	-1.820441e-02
1.605000e+01	-9.858010e-03	4.296110e-03	-9.418860e-03	-1.157755e-04	-1.932057e-02
1.610000e+01	-9.624669e-03	4.676545e-03	-9.911657e-03	5.459381e-04	-1.834960e-02
1.615000e+01	-8.497945e-03	4.870860e-03	-9.510581e-03	3.470196e-03	-1.773109e-02
1.620000e+01	-6.607452e-03	4.782998e-03	-7.520530e-03	5.555857e-03	-1.642305e-02
1.625000e+01	-4.227706e-03	4.555977e-03	-4.582490e-03	8.326386e-03	-1.592517e-02
1.630000e+01	-1.716843e-03	4.467028e-03	-1.793764e-03	1.146015e-02	-1.427333e-02
1.635000e+01	5.681985e-04	4.637379e-03	8.726286e-04	1.243221e-02	-1.117326e-02
1.640000e+01	2.355512e-03	4.863116e-03	2.699117e-03	1.217618e-02	-9.342360e-03
1.645000e+01	3.516817e-03	4.849771e-03	3.682864e-03	1.419310e-02	-7.217928e-03
1.650000e+01	4.084190e-03	4.487039e-03	4.650268e-03	1.461866e-02	-5.508446e-03
1.655000e+01	4.221084e-03	3.941920e-03	4.542042e-03	1.315938e-02	-4.237470e-03
1.660000e+01	4.157798e-03	3.586967e-03	4.368739e-03	1.171300e-02	-3.590682e-03
1.665000e+01	4.112278e-03	3.654502e-03	4.365800e-03	1.337421e-02	-7.286056e-03
1.670000e+01	4.221165e-03	3.930538e-03	4.335330e-03	1.417302e-02	-9.595731e-03
1.675000e+01	4.502006e-03	4.080043e-03	4.308980e-03	1.382764e-02	-1.019191e-02
1.680000e+01	4.856778e-03	3.981271e-03	4.997982e-03	1.466068e-02	-9.111427e-03
1.685000e+01	5.113177e-03	3.716667e-03	5.242929e-03	1.486440e-02	-6.688264e-03
1.690000e+01	5.087988e-03	3.435888e-03	4.994802e-03	1.398257e-02	-3.437502e-03
1.695000e+01	4.650480e-03	3.238951e-03	4.728467e-03	1.261120e-02	-2.465767e-03
1.700000e+01	3.765115e-03	3.184274e-03	4.134558e-03	1.459671e-02	-4.208768e-03
1.705000e+01	2.494986e-03	3.341451e-03	2.520650e-03	1.382146e-02	-5.665700e-03
1.710000e+01	9.690067e-04	3.708541e-03	9.061387e-04	1.004399e-02	-8.921067e-03
1.715000e+01	-6.183637e-04	4.121710e-03	-3.445520e-04	8.617775e-03	-1.455972e-02
1.720000e+01	-2.086082e-03	4.360706e-03	-1.672766e-03	8.266716e-03	-1.775698e-02
1.725000e+01	-3.310439e-03	4.306083e-03	-2.758432e-03	7.196767e-03	-1.798285e-02
1.730000e+01	-4.243691e-03	4.027341e-03	-3.962874e-03	5.659627e-03	-1.541465e-02
1.735000e+01	-4.903563e-03	3.757355e-03	-4.950781e-03	4.903969e-03	-1.726004e-02
1.740000e+01	-5.340570e-03	3.692941e-03	-5.322413e-03	5.865095e-03	-1.630939e-02
1.745000e+01	-5.597933e-03	3.762117e-03	-5.786022e-03	5.191555e-03	-1.384386e-02
1.750000e+01	-5.680782e-03	3.736906e-03	-5.893989e-03	2.650246e-03	-1.456366e-02
1.755000e+01	-5.547065e-03	3.534802e-03	-5.910854e-03	3.900997e-03	-1.525296e-02
1.760000e+01	-5.123726e-03	3.349616e-03	-5.550833e-03	4.503284e-03	-1.492512e-02
1.765000e+01	-4.341772e-03	3.496153e-03	-4.458195e-03	6.928161e-03	-1.292293e-02
1.770000e+01	-3.176532e-03	3.987836e-03	-3.275733e-03	8.622426e-03	-1.262274e-02
1.775000e+01	-1.677244e-03	4.498027e-03	-1.672297e-03	9.568677e-03	-1.414301e-02
1.780000e+01	2.608833e-05	4.722530e-03	5.737579e-04	9.671947e-03	-1.364284e-02
1.785000e+01	1.742528e-03	4.541869e-03	2.382042e-03	1.177286e-02	-1.110825e-02
1.790000e+01	3.261264e-03	4.021280e-03	3.623784e-03	1.297454e-02	-7.860151e-03
1.795000e+01	4.401078e-03	3.381044e-03	4.559848e-03	1.272933e-02	-5.642926e-03
1.800000e+01	5.052669e-03	2.945888e-03	5.118820e-03	1.122710e-02	-2.912447e-03
1.805000e+01	5.205686e-03	2.955376e-03	5.337583e-03	1.186093e-02	-1.777332e-03
1.810000e+01	4.923779e-03	3.308857e-03	5.083515e-03	1.424858e-02	-3.158515e-03
1.815000e+01	4.350918e-03	3.700504e-03	4.402176e-03	1.576551e-02	-3.744168e-03
1.820000e+01	3.653766e-03	3.921120e-03	3.335721e-03	1.601079e-02	-3.447885e-03
1.825000e+01	2.975494e-03	3.892683e-03	2.421414e-03	1.440849e-02	-3.435035e-03
1.830000e+01	2.401496e-03	3.642726e-03	1.835427e-03	1.278881e-02	-4.245032e-03
1.835000e+01	1.945816e-03	3.303306e-03	1.820456e-03	1.237096e-02	-4.853641e-03
1.840000e+01	1.560032e-03	3.093383e-03	1.647026e-03	1.100487e-02	-6.082634e-03
1.845000e+01	1.159507e-03	3.177181e-03	1.153435e-03	9.204231e-03	-6.528775e-03
1.850000e+01	6.574083e-04	3.472761e-03	3.794808e-04	8.872377e-03	-6.906087e-03
1.855000e+01	-4.100197e-06	3.740530e-03	-4.413238e-04	9.165118e-03	-7.801917e-03
1.860000e+01	-8.338521e-04	3.801842e-03	-1.107025e-03	8.347451e-03	-9.488211e-03
1.865000e+01	-1.786861e-03	3.626692e-03	-2.065185e-03	7.887695e-03	-1.103419e-02
1.870000e+01	-2.773952e-03	3.328839e-03	-3.023606e-03	5.901062e-03	-1.195271e-02
1.875000e+01	-3.681414e-03	3.093116e-03	-4.101938e-03	2.852053e-03	-1.161668e-02
1.880000e+01	-4.394531e-03	3.021581e-03	-4.525256e-03	3.073964e-03	-1.124657e-02
1.885000e+01	-4.819066e-03	3.036579e-03	-4.772917e-03	2.812380e-03	-1.327689e-02
1.890000e+01	-4.896509e-03	3.002790e-03	-4.873846e-03	1.747144e-03	-1.347501e-02
1.895000e+01	-4.611156e-03	2.890930e-03	-4.724512e-03	1.985219e-03	-1.194134e-02
1.900000e+01	-3.989231e-03	2.803469e-03	-4.000212e-03	3.855806e-03	-1.078020e-02
1.905000e+01	-3.099811e-03	2.869008e-03	-3.076308e-03	5.163811e-03	-1.187407e-02
1.910000e+01	-2.020181e-03	3.071064e-03	-2.189615e-03	5.776951e-03	-1.161747e-02
1.915000e+01	-8.430132e-04	3.268434e-03	-1.073804e-03	7.647615e-03	-9.820652e-03
1.920000e+01	3.407485e-04	3.345024e-03	1.080437e-04	8.674826e-03	-8.274427e-03
1.925000e+01	1.449967e-03	3.275517e-03	1.446691e-03	8.721440e-03	-8.793280e-03
1.930000e+01	2.417809e-03	3.100137e-03	2.837328e-03	9.582233e-03	-8.356963e-03
1.935000e+01	3.193161e-03	2.873221e-03	3.801853e-03	9.360911e-03	-7.447010e-03
1.940000e+01	3.740206e-03	2.637417e-03	4.254556e-03	9.850695e-03	-7.485389e-03
1.945000e+01	4.037678e-03	2.443990e-03	4.405571e-03	1.169247e-02	-6.142268e-03
1.950000e+01	4.078991e-03	2.375082e-03	4.560480e-03	1.194615e-02	-3.626524e-03
1.955000e+01	3.873648e-03	2.489735e-03	4.252411e-03	1.077022e-02	-2.465468e-03
1.960000e+01	3.449190e-03	2.734983e-03	3.897808e-03	1.049736e-02	-4.434479e-03
1.965000e+01	2.852025e-03	2.973424e-03	3.329907e-03	1.111335e-02	-6.043415e-03
1.970000e+01	2.145119e-03	3.082009e-03	2.110547e-03	1.071024e-02	-6.880079e-03
1.975000e+01	1.401152e-03	3.009803e-03	9.441811e-04	9.718264e-03	-6.645882e-03
1.980000e+01	6.912388e-04	2.800572e-03	2.638930e-04	9.923505e-03	-5.322543e-03
1.985000e+01	7.131870e-05	2.600551e-03	-5.414263e-05	8.705075e-03	-4.806133e-03
1.990000e+01	-4.300515e-04	2.605023e-03	-5.423838e-04	9.088302e-03	-6.426867e-03
1.995000e+01	-8.181528e-04	2.879440e-03	-9.465141e-04	8.698476e-03	-7.396925e-03
2.000000e+01	-1.129492e-03	3.271713e-03	-1.471031e-03	7.174967e-03	-7.722795e-03
