# k	<chi>	std	chi_median	chi_max	chi_min
0.000000e+00	7.341902e-02	3.067385e-01	0.000000e+00	7.920623e-01	-3.817644e-01
5.000000e-02	1.138720e-01	4.010100e-01	6.280025e-02	7.727016e-01	-3.792721e-01
1.000000e-01	1.045464e-01	3.900562e-01	5.276760e-02	7.527858e-01	-3.767528e-01
1.500000e-01	7.606892e-02	3.563438e-01	2.356610e-02	6.907447e-01	-3.685638e-01
2.000000e-01	4.631482e-02	3.217860e-01	-5.296200e-03	6.245043e-01	-3.602153e-01
2.500000e-01	-4.196944e-03	2.624175e-01	-5.341960e-02	5.094002e-01	-3.626975e-01
3.000000e-01	-5.642508e-02	2.023846e-01	-1.028430e-01	3.864851e-01	-3.782518e-01
3.500000e-01	-1.286601e-01	1.206866e-01	-1.671370e-01	2.106044e-01	-3.965392e-01
4.000000e-01	-2.027784e-01	5.479007e-02	-2.078453e-01	2.994533e-02	-4.118819e-01
4.500000e-01	-2.924018e-01	9.717230e-02	-2.653703e-01	-1.290031e-01	-5.095442e-01
5.000000e-01	-3.780812e-01	1.907692e-01	-4.266990e-01	-1.265524e-01	-6.931730e-01
5.500000e-01	-4.692086e-01	2.960433e-01	-5.501124e-01	-1.223372e-01	-8.865034e-01
6.000000e-01	-5.459890e-01	3.869580e-01	-6.396447e-01	-1.023166e-01	-1.057565e+00
6.500000e-01	-6.115053e-01	4.675481e-01	-7.019990e-01	-8.465704e-02	-1.213233e+00
7.000000e-01	-6.501448e-01	5.212719e-01	-7.211003e-01	-6.267127e-02	-1.303969e+00
7.500000e-01	-6.598785e-01	5.471958e-01	-7.100017e-01	-3.518325e-02	-1.326944e+00
8.000000e-01	-6.352502e-01	5.396610e-01	-6.719383e-01	-1.354591e-02	-1.297298e+00
8.500000e-01	-5.738376e-01	4.961336e-01	-6.025901e-01	1.090198e-03	-1.196568e+00
9.000000e-01	-4.841566e-01	4.240785e-01	-5.084709e-01	7.889462e-03	-1.036778e+00
9.500000e-01	-3.687219e-01	3.236703e-01	-3.922857e-01	6.890888e-03	-8.086286e-01
1.000000e+00	-2.475709e-01	2.126540e-01	-2.629955e-01	7.046663e-03	-5.524422e-01
1.050000e+00	-1.286108e-01	9.574770e-02	-1.322858e-01	8.567416e-03	-3.013340e-01
1.100000e+00	-3.368243e-02	2.820763e-02	-3.505775e-02	7.302033e-02	-1.037658e-01
1.150000e+00	2.946135e-02	1.050890e-01	2.711562e-02	2.282418e-01	-1.221693e-01
1.200000e+00	5.046165e-02	1.627446e-01	4.609474e-02	3.046214e-01	-1.638878e-01
1.250000e+00	3.012133e-02	1.913072e-01	2.395874e-02	3.071541e-01	-2.167199e-01
1.300000e+00	-2.321433e-02	1.903939e-01	-2.576573e-02	2.348639e-01	-2.647460e-01
1.350000e+00	-9.735937e-02	1.664233e-01	-9.682466e-02	1.360277e-01	-3.081365e-01
1.400000e+00	-1.713214e-01	1.300131e-01	-1.757935e-01	1.724954e-02	-3.405946e-01
1.450000e+00	-2.290423e-01	9.060482e-02	-2.361271e-01	-9.652895e-02	-3.525784e-01
1.500000e+00	-2.537305e-01	5.977636e-02	-2.605823e-01	-1.602847e-01	-3.429456e-01
1.550000e+00	-2.385447e-01	4.282393e-02	-2.444182e-01	-1.602463e-01	-3.141174e-01
1.600000e+00	-1.850895e-01	4.210033e-02	-1.851444e-01	-1.087983e-01	-2.657874e-01
1.650000e+00	-1.018748e-01	5.468951e-02	-9.969616e-02	4.352009e-03	-1.976492e-01
1.700000e+00	-7.335041e-03	7.365893e-02	-1.411775e-03	1.240916e-01	-1.233537e-01
1.750000e+00	8.331975e-02	9.237491e-02	9.309950e-02	2.284679e-01	-5.514097e-02
1.800000e+00	1.512011e-01	1.013073e-01	1.617922e-01	2.907786e-01	5.475095e-03
1.850000e+00	1.899447e-01	9.745002e-02	2.010064e-01	3.146509e-01	5.409435e-02
1.900000e+00	1.949682e-01	7.844512e-02	2.041952e-01	2.971619e-01	8.207823e-02
1.950000e+00	1.747393e-01	4.881595e-02	1.868729e-01	2.474774e-01	9.751603e-02
2.000000e+00	1.376844e-01	1.625947e-02	1.375982e-01	1.746117e-01	9.993724e-02
2.050000e+00	9.785691e-02	2.378955e-02	9.590881e-02	1.671289e-01	5.058857e-02
2.100000e+00	6.408021e-02	4.735291e-02	6.318034e-02	1.532262e-01	-9.607241e-03
2.150000e+00	4.218033e-02	5.824274e-02	4.158860e-02	1.352671e-01	-3.917510e-02
2.200000e+00	3.174942e-02	5.660157e-02	3.030368e-02	1.146641e-01	-4.148040e-02
2.250000e+00	2.865963e-02	5.036006e-02	2.735764e-02	9.799142e-02	-3.477790e-02
2.300000e+00	2.508558e-02	4.139766e-02	2.501920e-02	8.428889e-02	-2.705386e-02
2.350000e+00	1.799120e-02	3.275239e-02	1.675487e-02	6.577341e-02	-2.280223e-02
2.400000e+00	7.249189e-03	2.616264e-02	6.120345e-03	4.470721e-02	-2.456288e-02
2.450000e+00	-1.623265e-03	2.035188e-02	-2.009755e-03	2.620789e-02	-2.715977e-02
2.500000e+00	-1.000497e-02	1.527646e-02	-9.461132e-03	1.304185e-02	-3.092598e-02
2.550000e+00	-1.656944e-02	1.094932e-02	-1.653387e-02	1.917857e-03	-3.312844e-02
2.600000e+00	-2.027639e-02	7.274397e-03	-2.053040e-02	-6.219469e-03	-3.292324e-02
2.650000e+00	-2.279551e-02	4.821359e-03	-2.373872e-02	-1.210631e-02	-3.203589e-02
2.700000e+00	-2.312423e-02	3.432065e-03	-2.376812e-02	-1.474588e-02	-2.964398e-02
2.750000e+00	-2.137596e-02	3.295878e-03	-2.102643e-02	-1.439277e-02	-3.081358e-02
2.800000e+00	-1.797933e-02	3.717472e-03	-1.709041e-02	-1.132368e-02	-2.934690e-02
2.850000e+00	-1.486435e-02	3.950654e-03	-1.394509e-02	-7.934849e-03	-2.898794e-02
2.900000e+00	-1.098293e-02	3.766107e-03	-1.018864e-02	-3.510955e-03	-2.692191e-02
2.950000e+00	-6.782902e-03	3.229621e-03	-6.372130e-03	5.266459e-04	-2.315421e-02
3.000000e+00	-2.603724e-03	2.663187e-03	-2.396383e-03	3.619519e-03	-1.948629e-02
3.050000e+00	1.256815e-03	2.743610e-03	1.756070e-03	7.700106e-03	-1.684912e-02
3.100000e+00	4.716056e-03	3.143391e-03	5.252501e-03	1.243971e-02	-1.292436e-02
3.150000e+00	7.706289e-03	3.627013e-03	8.022359e-03	1.652066e-02	-7.931368e-03
3.200000e+00	1.022939e-02	3.938794e-03	1.033776e-02	1.971767e-02	-2.278551e-03
3.250000e+00	1.178520e-02	3.885666e-03	1.179926e-02	2.136484e-02	2.700260e-03
3.300000e+00	1.296868e-02	3.487623e-03	1.284429e-02	2.197889e-02	4.226818e-03
3.350000e+00	1.395389e-02	2.867672e-03	1.395731e-02	2.208787e-02	6.390576e-03
3.400000e+00	1.482466e-02	2.313371e-03	1.492766e-02	2.322694e-02	8.677926e-03
3.450000e+00	1.526606e-02	2.332574e-03	1.497071e-02	2.267330e-02	9.586030e-03
3.500000e+00	1.565706e-02	2.896614e-03	1.565052e-02	2.290514e-02	8.444280e-03
3.550000e+00	1.592805e-02	3.483165e-03	1.625069e-02	2.470060e-02	6.003593e-03
3.600000e+00	1.597042e-02	3.812387e-03	1.670061e-02	2.607254e-02	4.756363e-03
3.650000e+00	1.562941e-02	3.948536e-03	1.607174e-02	2.698387e-02	4.679073e-03
3.700000e+00	1.484351e-02	4.083784e-03	1.513136e-02	2.721746e-02	5.617718e-03
3.750000e+00	1.342591e-02	4.548400e-03	1.360650e-02	2.625232e-02	1.594586e-03
3.800000e+00	1.116121e-02	5.275489e-03	1.164020e-02	2.348903e-02	-3.854511e-03
3.850000e+00	7.936250e-03	6.026216e-03	9.236780e-03	2.110913e-02	-8.511396e-03
3.900000e+00	3.403955e-03	6.317609e-03	3.889111e-03	1.718870e-02	-1.202194e-02
3.950000e+00	-2.421166e-03	5.941198e-03	-2.851589e-03	1.076032e-02	-1.465819e-02
4.000000e+00	-9.207633e-03	4.969391e-03	-9.980328e-03	2.248880e-03	-1.772892e-02
4.050000e+00	-1.646020e-02	3.893609e-03	-1.667001e-02	-6.028216e-03	-2.397223e-02
4.100000e+00	-2.330383e-02	3.276307e-03	-2.288041e-02	-1.489201e-02	-3.377540e-02
4.150000e+00	-2.860202e-02	3.763710e-03	-2.858436e-02	-1.940691e-02	-4.136426e-02
4.200000e+00	-3.133140e-02	4.891080e-03	-3.169626e-02	-1.994085e-02	-4.519696e-02
4.250000e+00	-3.128176e-02	5.887851e-03	-3.220167e-02	-1.964443e-02	-4.505103e-02
4.300000e+00	-2.807874e-02	6.652733e-03	-2.741258e-02	-1.639841e-02	-4.230512e-02
4.350000e+00	-2.225347e-02	7.158316e-03	-2.088813e-02	-1.009830e-02	-3.650490e-02
4.400000e+00	-1.487937e-02	7.460482e-03	-1.395561e-02	-2.693144e-03	-2.804505e-02
4.450000e+00	-7.549768e-03	7.677060e-03	-7.063075e-03	5.717265e-03	-1.956355e-02
4.500000e+00	-1.119086e-03	7.989018e-03	-3.320304e-04	1.246300e-02	-1.448031e-02
4.550000e+00	3.650889e-03	8.529997e-03	4.862564e-03	1.702454e-02	-1.151004e-02
4.600000e+00	6.599662e-03	9.353941e-03	7.205780e-03	2.076002e-02	-1.039076e-02
4.650000e+00	8.145683e-03	1.039289e-02	8.820259e-03	2.372823e-02	-1.040633e-02
4.700000e+00	9.211524e-03	1.136762e-02	1.133962e-02	2.703075e-02	-1.021357e-02
4.750000e+00	1.067604e-02	1.181270e-02	1.372841e-02	2.934274e-02	-1.009035e-02
4.800000e+00	1.312832e-02	1.122597e-02	1.633945e-02	3.089215e-02	-8.612312e-03
4.850000e+00	1.664070e-02	9.404754e-03	1.897898e-02	3.211451e-02	-4.689720e-03
4.900000e+00	2.075055e-02	6.534714e-03	2.148362e-02	3.468528e-02	1.489264e-03
4.950000e+00	2.458720e-02	5.538051e-03	2.448353e-02	4.197325e-02	9.352867e-03
5.000000e+00	2.718606e-02	9.972042e-03	2.623001e-02	4.775849e-02	8.937279e-03
5.050000e+00	2.781658e-02	1.627113e-02	2.502504e-02	5.746784e-02	2.752034e-03
5.100000e+00	2.627992e-02	2.217156e-02	2.315465e-02	6.418785e-02	-5.143790e-03
5.150000e+00	2.286397e-02	2.645984e-02	1.985486e-02	6.666851e-02	-1.271320e-02
5.200000e+00	1.824585e-02	2.844707e-02	1.537647e-02	6.412049e-02	-1.881561e-02
5.250000e+00	1.312924e-02	2.794736e-02	1.236026e-02	5.660401e-02	-2.519605e-02
5.300000e+00	8.176497e-03	2.543803e-02	8.411345e-03	4.568328e-02	-3.147330e-02
5.350000e+00	3.564757e-03	2.173053e-02	2.650278e-03	3.923415e-02	-3.414615e-02
5.400000e+00	-9.702334e-04	1.772767e-02	9.127620e-06	3.576375e-02	-3.365368e-02
5.450000e+00	-5.902024e-03	1.400968e-02	-7.435875e-03	3.068354e-02	-3.106255e-02
5.500000e+00	-1.168416e-02	1.096935e-02	-1.309552e-02	2.312027e-02	-3.010200e-02
5.550000e+00	-1.845599e-02	8.703498e-03	-2.025750e-02	1.235095e-02	-3.764778e-02
5.600000e+00	-2.580873e-02	7.765213e-03	-2.564349e-02	-1.559469e-03	-4.518257e-02
5.650000e+00	-3.263831e-02	9.170284e-03	-3.112188e-02	-1.698514e-02	-5.600099e-02
5.700000e+00	-3.779894e-02	1.276621e-02	-3.649413e-02	-1.561496e-02	-6.496188e-02
5.750000e+00	-4.010450e-02	1.739472e-02	-3.823011e-02	-9.793028e-03	-7.473391e-02
5.800000e+00	-3.881192e-02	2.191731e-02	-3.590433e-02	-2.061819e-03	-7.971117e-02
5.850000e+00	-3.378092e-02	2.521976e-02	-3.040449e-02	6.403100e-03	-7.743964e-02
5.900000e+00	-2.591276e-02	2.654041e-02	-2.267766e-02	1.418240e-02	-6.846045e-02
5.950000e+00	-1.652363e-02	2.553744e-02	-1.393914e-02	1.996516e-02	-5.533733e-02
6.000000e+00	-7.116988e-03	2.249376e-02	-4.321814e-03	2.356768e-02	-4.258988e-02
6.050000e+00	1.037761e-03	1.820346e-02	4.415612e-03	2.993660e-02	-2.878192e-02
6.100000e+00	7.186077e-03	1.397573e-02	8.577035e-03	3.302326e-02	-1.935390e-02
6.150000e+00	1.133344e-02	1.091061e-02	1.221196e-02	3.373420e-02	-1.426964e-02
6.200000e+00	1.406203e-02	9.424062e-03	1.426787e-02	3.400910e-02	-1.017491e-02
6.250000e+00	1.623586e-02	9.065211e-03	1.584957e-02	3.383499e-02	-6.107575e-03
6.300000e+00	1.863760e-02	9.026063e-03	1.826808e-02	3.619145e-02	-8.981003e-04
6.350000e+00	2.166289e-02	8.593642e-03	2.125922e-02	4.009853e-02	1.505260e-03
6.400000e+00	2.516999e-02	7.833745e-03	2.478156e-02	5.012142e-02	4.533421e-03
6.450000e+00	2.852259e-02	9.028874e-03	2.820962e-02	6.183270e-02	9.706222e-03
6.500000e+00	3.079676e-02	1.417640e-02	2.952661e-02	7.265593e-02	5.123373e-03
6.550000e+00	3.105535e-02	2.138926e-02	2.618972e-02	7.986535e-02	-3.649472e-03
6.600000e+00	2.859449e-02	2.809633e-02	2.239670e-02	8.133739e-02	-1.303772e-02
6.650000e+00	2.326731e-02	3.227513e-02	2.007191e-02	7.564378e-02	-2.283843e-02
6.700000e+00	1.546256e-02	3.267789e-02	1.547704e-02	6.687054e-02	-3.291466e-02
6.750000e+00	6.008758e-03	2.912665e-02	4.870780e-03	5.157015e-02	-3.898912e-02
6.800000e+00	-4.008031e-03	2.266435e-02	-5.713422e-03	3.656415e-02	-4.042475e-02
6.850000e+00	-1.345030e-02	1.563553e-02	-1.491649e-02	2.345444e-02	-4.329561e-02
6.900000e+00	-2.130750e-02	1.178693e-02	-2.245551e-02	1.167676e-02	-4.517078e-02
6.950000e+00	-2.681977e-02	1.275974e-02	-2.728824e-02	8.418091e-04	-6.075258e-02
7.000000e+00	-2.954538e-02	1.454987e-02	-2.834578e-02	-1.017410e-03	-7.033144e-02
7.050000e+00	-2.936715e-02	1.450261e-02	-2.682689e-02	-2.997933e-03	-6.917597e-02
7.100000e+00	-2.652675e-02	1.275830e-02	-2.531932e-02	-3.915140e-04	-6.067223e-02
7.150000e+00	-2.158899e-02	1.091477e-02	-1.980088e-02	3.677798e-03	-5.202621e-02
7.200000e+00	-1.535629e-02	1.077354e-02	-1.356136e-02	8.478673e-03	-4.398495e-02
7.250000e+00	-8.760527e-03	1.221729e-02	-6.460531e-03	1.392267e-02	-4.636484e-02
7.300000e+00	-2.716659e-03	1.379246e-02	7.084558e-04	2.662537e-02	-4.697429e-02
7.350000e+00	2.041494e-03	1.474403e-02	5.314429e-03	3.226591e-02	-4.361319e-02
7.400000e+00	5.104604e-03	1.515492e-02	9.677088e-03	3.113202e-02	-3.669550e-02
7.450000e+00	6.464263e-03	1.540738e-02	1.119364e-02	2.734926e-02	-2.804930e-02
7.500000e+00	6.488574e-03	1.568221e-02	1.047270e-02	3.136089e-02	-2.332633e-02
7.550000e+00	5.764884e-03	1.573780e-02	7.351448e-03	3.230116e-02	-2.361759e-02
7.600000e+00	4.986571e-03	1.525678e-02	6.759931e-03	3.090418e-02	-2.647227e-02
7.650000e+00	4.653863e-03	1.401485e-02	6.433369e-03	2.920319e-02	-2.605910e-02
7.700000e+00	4.952528e-03	1.211759e-02	6.852076e-03	2.885879e-02	-2.187245e-02
7.750000e+00	5.725082e-03	1.004672e-02	6.460769e-03	3.022469e-02	-1.827111e-02
7.800000e+00	6.571085e-03	8.607392e-03	6.709837e-03	3.251553e-02	-1.759844e-02
7.850000e+00	7.039604e-03	8.514871e-03	6.592685e-03	4.174844e-02	-1.565687e-02
7.900000e+00	6.839580e-03	9.648096e-03	5.762593e-03	4.719582e-02	-1.287537e-02
7.950000e+00	5.983649e-03	1.135076e-02	4.438910e-03	4.852931e-02	-1.421879e-02
8.000000e+00	4.803857e-03	1.320315e-02	2.636640e-03	4.625811e-02	-1.671019e-02
8.050000e+00	3.834282e-03	1.504055e-02	1.244858e-03	4.229080e-02	-2.062588e-02
8.100000e+00	3.578748e-03	1.679891e-02	1.023786e-03	3.884323e-02	-2.818640e-02
8.150000e+00	4.257644e-03	1.831493e-02	3.340066e-03	4.516605e-02	-3.230934e-02
8.200000e+00	5.670772e-03	1.933975e-02	4.926276e-03	4.952783e-02	-3.197012e-02
8.250000e+00	7.204150e-03	1.959963e-02	8.793358e-03	5.053096e-02	-2.793641e-02
8.300000e+00	8.002566e-03	1.885919e-02	1.093735e-02	4.725921e-02	-2.215149e-02
8.350000e+00	7.255258e-03	1.696551e-02	9.045354e-03	3.956726e-02	-2.185499e-02
8.400000e+00	4.496676e-03	1.391992e-02	4.974173e-03	3.373545e-02	-2.099755e-02
8.450000e+00	-1.857863e-04	1.013670e-02	-3.676385e-04	2.608546e-02	-2.466139e-02
8.500000e+00	-6.115313e-03	7.442688e-03	-5.644746e-03	1.408633e-02	-2.946578e-02
8.550000e+00	-1.220220e-02	9.297125e-03	-1.223488e-02	8.241700e-03	-3.623085e-02
8.600000e+00	-1.716277e-02	1.410147e-02	-1.686278e-02	8.995322e-03	-4.550488e-02
8.650000e+00	-1.994555e-02	1.866544e-02	-2.044870e-02	1.038660e-02	-5.374575e-02
8.700000e+00	-1.999464e-02	2.149612e-02	-2.121120e-02	1.284245e-02	-5.869886e-02
8.750000e+00	-1.737866e-02	2.196502e-02	-1.634361e-02	1.967260e-02	-5.718147e-02
8.800000e+00	-1.273001e-02	2.012607e-02	-1.083022e-02	2.826894e-02	-4.988203e-02
8.850000e+00	-7.026001e-03	1.663156e-02	-4.880627e-03	3.248651e-02	-4.268190e-02
8.900000e+00	-1.294905e-03	1.252821e-02	7.293809e-04	3.191476e-02	-3.305945e-02
8.950000e+00	3.651123e-03	8.969439e-03	4.042398e-03	2.744289e-02	-2.235609e-02
9.000000e+00	7.372653e-03	6.904164e-03	6.879660e-03	2.405000e-02	-1.155606e-02
9.050000e+00	9.817547e-03	6.587699e-03	9.525580e-03	2.810330e-02	-4.733647e-03
9.100000e+00	1.118716e-02	7.338923e-03	1.172631e-02	2.811314e-02	-7.007279e-03
9.150000e+00	1.177864e-02	8.316879e-03	1.257758e-02	3.053096e-02	-7.584348e-03
9.200000e+00	1.180871e-02	8.990842e-03	1.218902e-02	3.440160e-02	-8.511563e-03
9.250000e+00	1.132618e-02	9.272779e-03	1.088471e-02	3.707175e-02	-9.836527e-03
9.300000e+00	1.023124e-02	9.614393e-03	9.713981e-03	3.692803e-02	-1.288875e-02
9.350000e+00	8.382291e-03	1.054792e-02	8.757410e-03	3.488464e-02	-1.613063e-02
9.400000e+00	5.735447e-03	1.186508e-02	4.387587e-03	3.364942e-02	-1.942483e-02
9.450000e+00	2.451142e-03	1.274649e-02	-1.227313e-04	3.579123e-02	-2.091330e-02
9.500000e+00	-1.081987e-03	1.256507e-02	-4.573941e-03	3.248242e-02	-2.033633e-02
9.550000e+00	-4.320119e-03	1.135626e-02	-7.270590e-03	2.632034e-02	-2.257337e-02
9.600000e+00	-6.717706e-03	9.889319e-03	-7.841196e-03	2.020568e-02	-3.058707e-02
9.650000e+00	-7.881884e-03	9.213639e-03	-7.576777e-03	1.529792e-02	-3.788790e-02
9.700000e+00	-7.701473e-03	9.517474e-03	-7.541784e-03	1.382221e-02	-4.024816e-02
9.750000e+00	-6.383851e-03	9.918820e-03	-6.674167e-03	1.461519e-02	-3.709915e-02
9.800000e+00	-4.390670e-03	9.685117e-03	-4.713267e-03	1.782496e-02	-2.887545e-02
9.850000e+00	-2.295318e-03	8.843143e-03	-2.337405e-03	1.892368e-02	-2.448220e-02
9.900000e+00	-6.117615e-04	8.180743e-03	-8.529369e-04	2.036300e-02	-2.458586e-02
9.950000e+00	3.478190e-04	8.754673e-03	7.616002e-04	2.168018e-02	-2.131107e-02
1.000000e+01	5.417338e-04	1.056559e-02	1.297138e-03	2.412686e-02	-2.613579e-02
1.005000e+01	1.802771e-04	1.249491e-02	-4.532986e-04	2.834387e-02	-3.038414e-02
1.010000e+01	-3.797287e-04	1.342756e-02	-8.134465e-04	3.013717e-02	-3.127391e-02
1.015000e+01	-7.803330e-04	1.275215e-02	-1.087091e-03	2.715512e-02	-2.867470e-02
1.020000e+01	-7.868639e-04	1.059967e-02	-7.429173e-04	2.002050e-02	-2.426299e-02
1.025000e+01	-3.618169e-04	8.260122e-03	2.169541e-04	1.989419e-02	-2.010614e-02
1.030000e+01	3.364404e-04	8.090380e-03	2.145738e-04	2.003731e-02	-1.859436e-02
1.035000e+01	1.024754e-03	9.994053e-03	6.412269e-05	2.301093e-02	-2.009996e-02
1.040000e+01	1.408093e-03	1.139367e-02	-1.063456e-04	2.580169e-02	-2.408902e-02
1.045000e+01	1.294441e-03	1.092086e-02	1.626202e-04	2.525261e-02	-2.333261e-02
1.050000e+01	6.733477e-04	8.798699e-03	-1.069173e-04	2.380931e-02	-1.849743e-02
1.055000e+01	-2.669912e-04	6.958418e-03	-6.562773e-04	2.149028e-02	-2.017914e-02
1.060000e+01	-1.189416e-03	7.801882e-03	-2.224246e-03	2.019385e-02	-1.849919e-02
1.065000e+01	-1.709284e-03	9.740448e-03	-8.642949e-04	2.217094e-02	-2.310054e-02
1.070000e+01	-1.517708e-03	1.029629e-02	4.369449e-06	2.156543e-02	-2.486116e-02
1.075000e+01	-4.902261e-04	8.888681e-03	5.846927e-04	1.816609e-02	-2.466649e-02
1.080000e+01	1.251814e-03	6.948324e-03	2.172737e-03	2.714259e-02	-1.893937e-02
1.085000e+01	3.347607e-03	7.775871e-03	2.319746e-03	3.408481e-02	-1.607869e-02
1.090000e+01	5.273576e-03	1.100075e-02	3.474316e-03	3.735840e-02	-1.897133e-02
1.095000e+01	6.473801e-03	1.358475e-02	3.203743e-03	3.654649e-02	-1.914130e-02
1.100000e+01	6.511664e-03	1.409593e-02	1.885745e-03	3.455574e-02	-1.694218e-02
1.105000e+01	5.200288e-03	1.240464e-02	1.157859e-03	2.925643e-02	-1.586001e-02
1.110000e+01	2.684888e-03	9.358719e-03	3.060898e-04	2.632391e-02	-1.509202e-02
1.115000e+01	-5.818456e-04	6.866155e-03	-1.366443e-03	1.987277e-02	-1.626062e-02
1.120000e+01	-3.932037e-03	7.054675e-03	-4.501330e-03	1.314902e-02	-1.903134e-02
1.125000e+01	-6.642772e-03	8.812067e-03	-7.167303e-03	1.487467e-02	-2.352595e-02
1.130000e+01	-8.120142e-03	1.014998e-02	-9.025446e-03	1.550639e-02	-2.820610e-02
1.135000e+01	-8.056814e-03	1.060105e-02	-8.822161e-03	1.738448e-02	-2.832384e-02
1.140000e+01	-6.517219e-03	1.045818e-02	-7.211599e-03	1.856267e-02	-2.573053e-02
1.145000e+01	-3.922973e-03	1.010784e-02	-4.032082e-03	1.817390e-02	-2.563364e-02
1.150000e+01	-9.394207e-04	9.666052e-03	-2.011464e-04	1.933090e-02	-2.439981e-02
1.155000e+01	1.706237e-03	9.021124e-03	2.534875e-03	1.922655e-02	-2.099009e-02
1.160000e+01	3.423186e-03	8.127728e-03	4.199078e-03	1.949155e-02	-1.687466e-02
1.165000e+01	3.913401e-03	7.197600e-03	4.211216e-03	2.061765e-02	-1.316677e-02
1.170000e+01	3.239962e-03	6.639415e-03	3.710313e-03	1.974326e-02	-1.281381e-02
1.175000e+01	1.787902e-03	6.743773e-03	1.942570e-03	2.120718e-02	-1.396104e-02
1.180000e+01	1.315450e-04	7.408048e-03	2.875168e-04	2.398026e-02	-1.904554e-02
1.185000e+01	-1.148684e-03	8.315181e-03	-9.413771e-04	2.504636e-02	-2.199011e-02
1.190000e+01	-1.641964e-03	9.189480e-03	-9.447966e-04	2.486647e-02	-2.337819e-02
1.195000e+01	-1.221128e-03	9.818158e-03	-1.143952e-03	2.599346e-02	-2.232804e-02
1.200000e+01	-6.229085e-05	1.002201e-02	-8.046977e-04	2.735544e-02	-1.912650e-02
1.205000e+01	1.429050e-03	9.693097e-03	5.034355e-04	2.692606e-02	-1.647242e-02
1.210000e+01	2.765198e-03	8.817004e-03	2.107271e-03	2.549859e-02	-1.498113e-02
1.215000e+01	3.534154e-03	7.587370e-03	3.231168e-03	2.444959e-02	-1.303764e-02
1.220000e+01	3.520844e-03	6.390636e-03	3.037360e-03	1.973987e-02	-1.030376e-02
1.225000e+01	2.758888e-03	5.726106e-03	2.847397e-03	1.863876e-02	-9.250751e-03
1.230000e+01	1.499403e-03	5.861334e-03	1.208332e-03	1.889100e-02	-1.370855e-02
1.235000e+01	1.136340e-04	6.520292e-03	-3.609335e-05	1.699915e-02	-1.813555e-02
1.240000e+01	-1.033296e-03	7.213492e-03	-3.067598e-04	1.449558e-02	-1.830967e-02
1.245000e+01	-1.693867e-03	7.592695e-03	-9.980817e-04	1.668249e-02	-1.987291e-02
1.250000e+01	-1.800180e-03	7.500415e-03	-2.051954e-03	1.740824e-02	-1.904367e-02
1.255000e+01	-1.461720e-03	6.965540e-03	-2.079531e-03	1.593923e-02	-1.749565e-02
1.260000e+01	-9.070217e-04	6.206967e-03	-9.128492e-04	1.392591e-02	-1.654366e-02
1.265000e+01	-3.951407e-04	5.569719e-03	3.498444e-04	1.201868e-02	-1.756650e-02
1.270000e+01	-1.296195e-04	5.296938e-03	2.681117e-04	1.405128e-02	-1.735583e-02
1.275000e+01	-2.023849e-04	5.299043e-03	-3.740791e-04	1.370321e-02	-1.596849e-02
1.280000e+01	-5.810280e-04	5.317420e-03	-1.274650e-03	1.258707e-02	-1.404640e-02
1.285000e+01	-1.136356e-03	5.251948e-03	-1.397454e-03	1.503042e-02	-1.217753e-02
1.290000e+01	-1.694278e-03	5.208634e-03	-1.884761e-03	1.463953e-02	-1.210816e-02
1.295000e+01	-2.091062e-03	5.287051e-03	-1.981424e-03	1.353987e-02	-1.372012e-02
1.300000e+01	-2.214310e-03	5.396392e-03	-1.951613e-03	1.487471e-02	-1.471037e-02
1.305000e+01	-2.030307e-03	5.367354e-03	-1.731812e-03	1.397446e-02	-1.586813e-02
1.310000e+01	-1.557732e-03	5.195472e-03	-1.023504e-03	1.222064e-02	-1.519011e-02
1.315000e+01	-8.576280e-04	5.141208e-03	-5.302842e-04	1.124194e-02	-1.511875e-02
1.320000e+01	-1.684748e-05	5.517106e-03	2.609612e-04	1.457900e-02	-1.384355e-02
1.325000e+01	8.638239e-04	6.288962e-03	6.951175e-04	1.704237e-02	-1.552463e-02
1.330000e+01	1.677042e-03	7.100940e-03	1.693384e-03	2.013668e-02	-1.629065e-02
1.335000e+01	2.316188e-03	7.612451e-03	2.681259e-03	2.074814e-02	-1.587058e-02
1.340000e+01	2.687291e-03	7.651920e-03	3.788428e-03	1.898150e-02	-1.369185e-02
1.345000e+01	2.726971e-03	7.208162e-03	3.204072e-03	1.871743e-02	-1.279731e-02
1.350000e+01	2.422707e-03	6.381745e-03	2.340183e-03	1.765710e-02	-1.375354e-02
1.355000e+01	1.827565e-03	5.357372e-03	1.397249e-03	1.515361e-02	-1.348186e-02
1.360000e+01	1.060623e-03	4.425837e-03	5.275225e-04	1.290685e-02	-1.189796e-02
1.365000e+01	2.876075e-04	3.981072e-03	1.234115e-04	1.054003e-02	-1.123307e-02
1.370000e+01	-3.170961e-04	4.212333e-03	8.300457e-05	1.041936e-02	-1.356110e-02
1.375000e+01	-6.182574e-04	4.796821e-03	-8.141781e-05	1.267470e-02	-1.526234e-02
1.380000e+01	-5.629438e-04	5.287114e-03	8.801697e-05	1.500097e-02	-1.779833e-02
1.385000e+01	-2.034896e-04	5.449336e-03	5.369057e-04	1.545372e-02	-1.784150e-02
1.390000e+01	3.104252e-04	5.283944e-03	1.096509e-03	1.418589e-02	-1.534488e-02
1.395000e+01	7.716942e-04	4.963034e-03	1.195606e-03	1.188464e-02	-1.104693e-02
1.400000e+01	9.774699e-04	4.715643e-03	1.166431e-03	1.150666e-02	-9.691923e-03
1.405000e+01	7.976968e-04	4.693211e-03	9.471773e-04	1.190131e-02	-1.038725e-02
1.410000e+01	2.218678e-04	4.870497e-03	6.100046e-05	1.144182e-02	-1.159051e-02
1.415000e+01	-6.561898e-04	5.186509e-03	-6.546667e-04	1.067695e-02	-1.371365e-02
1.420000e+01	-1.654025e-03	5.541817e-03	-1.537429e-03	1.074266e-02	-1.644847e-02
1.425000e+01	-2.551608e-03	5.756526e-03	-2.399125e-03	1.096868e-02	-1.773105e-02
1.430000e+01	-3.151243e-03	5.604570e-03	-2.972088e-03	9.965579e-03	-1.714122e-02
1.435000e+01	-3.327862e-03	4.957498e-03	-3.126420e-03	7.405203e-03	-1.633845e-02
1.440000e+01	-3.055459e-03	3.998788e-03	-2.857689e-03	7.127512e-03	-1.439682e-02
1.445000e+01	-2.404006e-03	3.505422e-03	-2.297824e-03	6.608681e-03	-1.209758e-02
1.450000e+01	-1.510879e-03	4.291274e-03	-1.613185e-03	9.023812e-03	-1.223458e-02
1.455000e+01	-5.382616e-04	5.732550e-03	-6.206758e-04	1.307757e-02	-1.375686e-02
1.460000e+01	3.691463e-04	6.922649e-03	1.794095e-04	1.673979e-02	-1.433327e-02
1.465000e+01	1.113847e-03	7.430897e-03	1.133830e-03	1.814668e-02	-1.371825e-02
1.470000e+01	1.656180e-03	7.185338e-03	1.621498e-03	1.718241e-02	-1.270277e-02
1.475000e+01	2.006294e-03	6.372624e-03	1.984029e-03	1.554569e-02	-1.084773e-02
1.480000e+01	2.203631e-03	5.340776e-03	2.198574e-03	1.572284e-02	-9.019853e-03
1.485000e+01	2.292866e-03	4.468021e-03	1.826544e-03	1.542496e-02	-7.711895e-03
1.490000e+01	2.304754e-03	3.982183e-03	1.798332e-03	1.748685e-02	-6.521905e-03
1.495000e+01	2.247228e-03	3.830532e-03	2.156489e-03	1.771177e-02	-5.890898e-03
1.500000e+01	2.107881e-03	3.804928e-03	2.552309e-03	1.584356e-02	-6.558859e-03
1.505000e+01	1.874649e-03	3.761537e-03	2.168650e-03	1.226423e-02	-7.456829e-03
1.510000e+01	1.517968e-03	3.651982e-03	1.745149e-03	1.200507e-02	-7.671683e-03
1.515000e+01	1.039874e-03	3.535387e-03	1.234061e-03	1.093006e-02	-1.035871e-02
1.520000e+01	4.693052e-04	3.537746e-03	7.755493e-04	8.839964e-03	-1.262563e-02
1.525000e+01	-1.403370e-04	3.743077e-03	2.114979e-04	1.001620e-02	-1.373299e-02
1.530000e+01	-7.211803e-04	4.084325e-03	-7.751031e-04	1.044537e-02	-1.334290e-02
1.535000e+01	-1.205407e-03	4.395380e-03	-1.166573e-03	9.668466e-03	-1.236880e-02
1.540000e+01	-1.540471e-03	4.538188e-03	-1.747944e-03	9.350075e-03	-1.267818e-02
1.545000e+01	-1.701289e-03	4.462720e-03	-1.968973e-03	9.214245e-03	-1.158075e-02
1.550000e+01	-1.696413e-03	4.202695e-03	-1.550150e-03	8.174573e-03	-1.107515e-02
1.555000e+01	-1.566447e-03	3.849820e-03	-1.238650e-03	7.363760e-03	-1.115595e-02
1.560000e+01	-1.374547e-03	3.526353e-03	-1.093310e-03	7.616894e-03	-1.128716e-02
1.565000e+01	-1.190700e-03	3.339961e-03	-6.746518e-04	7.155354e-03	-1.123398e-02
1.570000e+01	-1.073219e-03	3.308618e-03	-6.520541e-04	6.236831e-03	-1.110190e-02
1.575000e+01	-1.052090e-03	3.335354e-03	-5.380075e-04	6.070477e-03	-1.100598e-02
1.580000e+01	-1.118866e-03	3.299813e-03	-8.257612e-04	5.853969e-03	-1.090406e-02
1.585000e+01	-1.226516e-03	3.177114e-03	-1.136413e-03	7.981537e-03	-1.102902e-02
1.590000e+01	-1.300107e-03	3.088237e-03	-1.278486e-03	8.639435e-03	-1.050902e-02
1.595000e+01	-1.256143e-03	3.217375e-03	-1.323150e-03	7.842546e-03	-8.685295e-03
1.600000e+01	-1.025736e-03	3.603727e-03	-1.270310e-03	8.982156e-03	-1.005232e-02
1.605000e+01	-5.657993e-04	4.107264e-03	-1.165316e-03	1.103036e-02	-9.914046e-03
1.610000e+01	1.018985e-04	4.523378e-03	-3.979294e-04	1.243787e-02	-9.495207e-03
1.615000e+01	9.071875e-04	4.746400e-03	5.278279e-04	1.327633e-02	-1.092782e-02
1.620000e+01	1.741550e-03	4.755373e-03	1.623949e-03	1.287060e-02	-1.104065e-02
1.625000e+01	2.479970e-03	4.573411e-03	2.826167e-03	1.307142e-02	-9.724282e-03
1.630000e+01	3.007004e-03	4.232584e-03	3.175079e-03	1.338133e-02	-7.287944e-03
1.635000e+01	3.240600e-03	3.779140e-03	3.248752e-03	1.314747e-02	-5.078357e-03
1.640000e+01	3.147963e-03	3.329955e-03	2.943930e-03	1.321442e-02	-3.392474e-03
1.645000e+01	2.749980e-03	3.123938e-03	2.802295e-03	1.106958e-02	-5.459402e-03
1.650000e+01	2.113831e-03	3.372998e-03	2.375984e-03	9.733859e-03	-7.176350e-03
1.655000e+01	1.336390e-03	3.963933e-03	1.753558e-03	8.525906e-03	-9.484586e-03
1.660000e+01	5.230844e-04	4.572256e-03	1.430380e-03	8.306998e-03	-1.056057e-02
1.665000e+01	-2.324320e-04	4.938488e-03	9.219344e-04	7.854658e-03	-1.249569e-02
1.670000e+01	-8.632332e-04	4.951825e-03	-4.347753e-05	7.137199e-03	-1.429328e-02
1.675000e+01	-1.336003e-03	4.647879e-03	-1.072029e-03	9.097379e-03	-1.433467e-02
1.680000e+01	-1.649472e-03	4.173057e-03	-1.472984e-03	1.017369e-02	-1.287222e-02
1.685000e+01	-1.826168e-03	3.707019e-03	-1.442502e-03	9.926569e-03	-1.061085e-02
1.690000e+01	-1.900592e-03	3.356049e-03	-1.582910e-03	8.342379e-03	-1.148798e-02
1.695000e+01	-1.907367e-03	3.104681e-03	-1.669600e-03	5.646826e-03	-1.225034e-02
1.700000e+01	-1.872284e-03	2.897475e-03	-1.785129e-03	4.610485e-03	-1.173027e-02
1.705000e+01	-1.827088e-03	2.744625e-03	-1.763348e-03	5.983927e-03	-1.019982e-02
1.710000e+01	-1.759442e-03	2.716974e-03	-1.921789e-03	6.956295e-03	-8.433739e-03
1.715000e+01	-1.647285e-03	2.838454e-03	-1.718980e-03	7.409964e-03	-9.218924e-03
1.720000e+01	-1.467099e-03	3.037547e-03	-1.549155e-03	8.536715e-03	-9.469258e-03
1.725000e+01	-1.204613e-03	3.218207e-03	-1.373750e-03	8.512523e-03	-9.767893e-03
1.730000e+01	-8.613139e-04	3.321728e-03	-9.397475e-04	7.179455e-03	-9.991964e-03
1.735000e+01	-4.545874e-04	3.329571e-03	-4.897855e-04	7.708386e-03	-9.317873e-03
1.740000e+01	-1.185281e-05	3.251505e-03	-4.877799e-06	7.931525e-03	-7.457569e-03
1.745000e+01	4.385826e-04	3.121767e-03	3.500269e-04	7.230430e-03	-6.545047e-03
1.750000e+01	8.757894e-04	2.985049e-03	8.366490e-04	8.136314e-03	-6.592699e-03
1.755000e+01	1.289711e-03	2.860787e-03	1.071964e-03	9.501987e-03	-6.193312e-03
1.760000e+01	1.677948e-03	2.728419e-03	1.535125e-03	9.730269e-03	-4.998962e-03
1.765000e+01	2.036871e-03	2.579559e-03	2.103084e-03	8.858475e-03	-4.471973e-03
1.770000e+01	2.350925e-03	2.485484e-03	2.097915e-03	8.894428e-03	-3.795840e-03
1.775000e+01	2.585472e-03	2.549682e-03	2.229046e-03	9.502770e-03	-3.171844e-03
1.780000e+01	2.687822e-03	2.735255e-03	2.391957e-03	1.041621e-02	-4.186903e-03
1.785000e+01	2.598295e-03	2.847087e-03	2.438014e-03	1.011059e-02	-5.482284e-03
1.790000e+01	2.269185e-03	2.724704e-03	2.313751e-03	8.567886e-03	-6.105096e-03
1.795000e+01	1.685792e-03	2.428129e-03	1.873789e-03	7.674461e-03	-5.783408e-03
1.800000e+01	8.818544e-04	2.345418e-03	9.265118e-04	6.482558e-03	-6.732748e-03
1.805000e+01	-6.284515e-05	2.839899e-03	2.666960e-04	6.066535e-03	-9.641154e-03
1.810000e+01	-1.015740e-03	3.622633e-03	-2.764327e-04	6.168567e-03	-1.314368e-02
1.815000e+01	-1.838132e-03	4.220154e-03	-9.206808e-04	5.866799e-03	-1.503668e-02
1.820000e+01	-2.411139e-03	4.368222e-03	-1.592797e-03	5.913360e-03	-1.461645e-02
1.825000e+01	-2.665430e-03	4.036534e-03	-2.223220e-03	5.625518e-03	-1.316566e-02
1.830000e+01	-2.598690e-03	3.417259e-03	-2.590123e-03	4.418750e-03	-1.243411e-02
1.835000e+01	-2.274754e-03	2.888589e-03	-1.802040e-03	3.494575e-03	-1.121163e-02
1.840000e+01	-1.804113e-03	2.789955e-03	-1.411712e-03	6.026985e-03	-1.028404e-02
1.845000e+01	-1.311583e-03	3.017669e-03	-1.389867e-03	9.938813e-03	-1.098840e-02
1.850000e+01	-9.012309e-04	3.219563e-03	-1.420043e-03	1.166328e-02	-1.071483e-02
1.855000e+01	-6.295205e-04	3.226867e-03	-1.443840e-03	1.118879e-02	-9.162631e-03
1.860000e+01	-4.947783e-04	3.093040e-03	-1.082043e-03	1.028219e-02	-7.334549e-03
1.865000e+01	-4.454480e-04	2.972838e-03	-9.219515e-04	8.795581e-03	-6.654814e-03
1.870000e+01	-4.032941e-04	2.961472e-03	-6.616315e-04	9.442767e-03	-6.143724e-03
1.875000e+01	-2.929405e-04	3.005610e-03	-6.663020e-04	1.005981e-02	-6.440674e-03
1.880000e+01	-6.757370e-05	2.985834e-03	-6.293608e-04	9.885963e-03	-6.097168e-03
1.885000e+01	2.772882e-04	2.836676e-03	-1.744994e-04	8.735189e-03	-5.606745e-03
1.890000e+01	7.052932e-04	2.583676e-03	3.711695e-04	8.783108e-03	-5.179549e-03
1.895000e+01	1.153764e-03	2.316757e-03	1.051841e-03	8.343166e-03	-4.576405e-03
1.900000e+01	1.554670e-03	2.129986e-03	1.549234e-03	8.423113e-03	-4.150060e-03
1.905000e+01	1.858705e-03	2.058147e-03	1.955769e-03	7.321557e-03	-3.713520e-03
1.910000e+01	2.030383e-03	2.061799e-03	2.135969e-03	7.351694e-03	-3.659793e-03
1.915000e+01	2.065506e-03	2.092593e-03	2.206424e-03	8.391968e-03	-3.506193e-03
1.920000e+01	1.978261e-03	2.132893e-03	2.042249e-03	8.712916e-03	-3.046904e-03
1.925000e+01	1.788831e-03	2.177950e-03	1.773693e-03	8.226810e-03	-3.560498e-03
1.930000e+01	1.512717e-03	2.206560e-03	1.541270e-03	7.341932e-03	-4.495032e-03
1.935000e+01	1.156324e-03	2.186567e-03	1.229936e-03	6.929677e-03	-5.118976e-03
1.940000e+01	7.201573e-04	2.110144e-03	9.087881e-04	5.862224e-03	-5.278462e-03
1.945000e+01	2.074807e-04	2.020852e-03	3.291325e-04	4.820903e-03	-5.582463e-03
1.950000e+01	-3.660127e-04	1.994748e-03	-3.740471e-04	4.381793e-03	-5.837545e-03
1.955000e+01	-9.662836e-04	2.065884e-03	-8.783604e-04	4.257944e-03	-7.302070e-03
1.960000e+01	-1.541845e-03	2.178587e-03	-1.550552e-03	4.036755e-03	-8.849824e-03
1.965000e+01	-2.031676e-03	2.242245e-03	-1.859203e-03	3.322524e-03	-9.291957e-03
1.970000e+01	-2.377583e-03	2.210890e-03	-2.097249e-03	2.106570e-03	-8.807637e-03
1.975000e+01	-2.536829e-03	2.115659e-03	-2.235684e-03	2.150929e-03	-8.425098e-03
1.980000e+01	-2.491003e-03	2.044632e-03	-2.196506e-03	2.390602e-03	-8.873131e-03
1.985000e+01	-2.248704e-03	2.069108e-03	-2.088579e-03	3.292821e-03	-9.537663e-03
1.990000e+01	-1.842003e-03	2.171540e-03	-1.830672e-03	4.766031e-03	-9.549151e-03
1.995000e+01	-1.318614e-03	2.273466e-03	-1.362374e-03	5.621909e-03	-8.468243e-03
2.000000e+01	-7.327596e-04	2.317020e-03	-8.474559e-04	6.177846e-03	-7.111252e-03
