# k	<chi>	std	chi_median	chi_max	chi_min
0.000000e+00	8.874565e-02	2.751443e-01	0.000000e+00	7.168366e-01	-4.096573e-01
5.000000e-02	1.604422e-01	3.614285e-01	3.094050e-01	7.373258e-01	-4.096307e-01
1.000000e-01	1.484941e-01	3.515765e-01	2.881739e-01	7.181544e-01	-4.092253e-01
1.500000e-01	1.121127e-01	3.214771e-01	2.295747e-01	6.586752e-01	-4.078018e-01
2.000000e-01	7.441206e-02	2.910069e-01	1.665242e-01	5.956406e-01	-4.059656e-01
2.500000e-01	1.078251e-02	2.399009e-01	4.993914e-02	4.852246e-01	-4.008319e-01
3.000000e-01	-5.475367e-02	1.904417e-01	-6.470048e-02	3.691301e-01	-4.777551e-01
3.500000e-01	-1.449229e-01	1.312399e-01	-1.777719e-01	2.058078e-01	-6.144544e-01
4.000000e-01	-2.358889e-01	1.027161e-01	-2.279240e-01	4.324730e-02	-7.429655e-01
4.500000e-01	-3.451730e-01	1.383781e-01	-3.189345e-01	-1.192443e-01	-8.846892e-01
5.000000e-01	-4.482405e-01	2.096321e-01	-5.061639e-01	-1.140216e-01	-1.008685e+00
5.500000e-01	-5.563878e-01	2.964493e-01	-7.023843e-01	-1.136820e-01	-1.136771e+00
6.000000e-01	-6.462095e-01	3.731656e-01	-8.710862e-01	-8.930716e-02	-1.233379e+00
6.500000e-01	-7.211120e-01	4.409582e-01	-1.011020e+00	-6.002108e-02	-1.302326e+00
7.000000e-01	-7.637351e-01	4.853029e-01	-1.089119e+00	-3.558697e-02	-1.363013e+00
7.500000e-01	-7.713868e-01	5.046408e-01	-1.104036e+00	-1.609065e-02	-1.374951e+00
8.000000e-01	-7.390433e-01	4.945778e-01	-1.053396e+00	-1.828264e-03	-1.323352e+00
8.500000e-01	-6.635172e-01	4.525484e-01	-9.399339e-01	1.015382e-02	-1.230436e+00
9.000000e-01	-5.558247e-01	3.857694e-01	-7.796322e-01	1.762569e-02	-1.076741e+00
9.500000e-01	-4.181839e-01	2.943595e-01	-5.696840e-01	1.782625e-02	-8.492642e-01
1.000000e+00	-2.745255e-01	1.948760e-01	-3.527746e-01	3.734139e-02	-5.979760e-01
1.050000e+00	-1.331744e-01	9.387035e-02	-1.359906e-01	5.744807e-02	-3.433084e-01
1.100000e+00	-1.969600e-02	4.610194e-02	-2.692765e-02	2.186719e-01	-1.464402e-01
1.150000e+00	5.765935e-02	1.013539e-01	8.801212e-02	3.184118e-01	-1.392273e-01
1.200000e+00	8.667070e-02	1.494705e-01	1.542752e-01	3.440710e-01	-1.928273e-01
1.250000e+00	6.842890e-02	1.728501e-01	1.506140e-01	3.437242e-01	-2.506462e-01
1.300000e+00	1.213560e-02	1.705327e-01	8.965791e-02	2.917407e-01	-3.032013e-01
1.350000e+00	-6.866444e-02	1.479254e-01	-8.142050e-03	1.885218e-01	-3.464422e-01
1.400000e+00	-1.502911e-01	1.149089e-01	-1.147845e-01	5.526928e-02	-3.716882e-01
1.450000e+00	-2.151799e-01	7.981859e-02	-1.954528e-01	-7.180839e-02	-3.897362e-01
1.500000e+00	-2.442016e-01	5.301279e-02	-2.322670e-01	-1.490234e-01	-3.806688e-01
1.550000e+00	-2.302031e-01	3.931531e-02	-2.211803e-01	-1.600531e-01	-3.375688e-01
1.600000e+00	-1.746862e-01	4.151743e-02	-1.652048e-01	-9.400634e-02	-2.650250e-01
1.650000e+00	-8.739274e-02	5.658469e-02	-6.880620e-02	1.791124e-02	-1.873410e-01
1.700000e+00	1.138895e-02	7.656532e-02	4.246176e-02	1.367744e-01	-1.121563e-01
1.750000e+00	1.048721e-01	9.516014e-02	1.541301e-01	2.546427e-01	-5.646895e-02
1.800000e+00	1.725039e-01	1.033666e-01	2.356218e-01	3.229296e-01	-6.592329e-03
1.850000e+00	2.076834e-01	9.888624e-02	2.724781e-01	3.367960e-01	3.214709e-02
1.900000e+00	2.061708e-01	7.990808e-02	2.575034e-01	3.091259e-01	5.546051e-02
1.950000e+00	1.777719e-01	5.136720e-02	2.029428e-01	2.548607e-01	6.646687e-02
2.000000e+00	1.328519e-01	2.214996e-02	1.354448e-01	1.832693e-01	6.752620e-02
2.050000e+00	8.647529e-02	2.447592e-02	8.139609e-02	1.597775e-01	4.217993e-02
2.100000e+00	4.959249e-02	4.437434e-02	2.473387e-02	1.455607e-01	-1.212912e-02
2.150000e+00	2.817484e-02	5.371062e-02	-7.369297e-03	1.295499e-01	-3.758221e-02
2.200000e+00	2.085126e-02	5.167169e-02	-1.064317e-02	1.127384e-01	-4.161688e-02
2.250000e+00	2.127699e-02	4.589542e-02	-2.070163e-03	9.805074e-02	-3.597659e-02
2.300000e+00	2.095585e-02	3.787159e-02	6.718003e-03	8.085809e-02	-2.864459e-02
2.350000e+00	1.609423e-02	3.032897e-02	8.093109e-03	6.478551e-02	-3.027075e-02
2.400000e+00	6.391959e-03	2.470054e-02	1.004761e-03	4.665383e-02	-3.498637e-02
2.450000e+00	-1.681399e-03	1.972276e-02	-4.601366e-03	3.074127e-02	-3.681850e-02
2.500000e+00	-9.611418e-03	1.538325e-02	-1.118506e-02	1.855326e-02	-3.841153e-02
2.550000e+00	-1.594285e-02	1.169805e-02	-1.762929e-02	8.574181e-03	-3.892302e-02
2.600000e+00	-1.950152e-02	8.601124e-03	-2.084413e-02	3.615954e-03	-3.740209e-02
2.650000e+00	-2.180153e-02	6.611471e-03	-2.324947e-02	8.458270e-04	-3.537216e-02
2.700000e+00	-2.188714e-02	5.399325e-03	-2.303020e-02	-4.673027e-04	-3.229433e-02
2.750000e+00	-1.992092e-02	4.931094e-03	-2.034340e-02	-4.327490e-04	-3.466331e-02
2.800000e+00	-1.642199e-02	4.850844e-03	-1.642495e-02	1.481450e-03	-3.378383e-02
2.850000e+00	-1.332927e-02	4.762714e-03	-1.280603e-02	2.842749e-03	-3.153244e-02
2.900000e+00	-9.610255e-03	4.377530e-03	-8.900438e-03	3.367559e-03	-2.779843e-02
2.950000e+00	-5.758089e-03	3.739326e-03	-5.376563e-03	3.560858e-03	-2.362104e-02
3.000000e+00	-2.129048e-03	3.149366e-03	-2.011166e-03	5.700542e-03	-1.907890e-02
3.050000e+00	1.156820e-03	3.218170e-03	1.156621e-03	9.417607e-03	-1.643886e-02
3.100000e+00	3.897427e-03	3.819449e-03	4.026679e-03	1.468067e-02	-1.236360e-02
3.150000e+00	6.050760e-03	4.624228e-03	6.143979e-03	1.944547e-02	-8.692111e-03
3.200000e+00	7.668602e-03	5.408505e-03	8.054995e-03	2.251347e-02	-8.711007e-03
3.250000e+00	8.377005e-03	6.114834e-03	9.802466e-03	2.335625e-02	-7.845673e-03
3.300000e+00	8.780988e-03	6.804736e-03	1.132127e-02	2.305783e-02	-5.893298e-03
3.350000e+00	9.151313e-03	7.553181e-03	1.227270e-02	2.133721e-02	-8.682876e-03
3.400000e+00	9.674173e-03	8.285877e-03	1.277321e-02	2.068246e-02	-1.062940e-02
3.450000e+00	1.020509e-02	8.703599e-03	1.304132e-02	2.195360e-02	-1.155398e-02
3.500000e+00	1.110565e-02	8.655010e-03	1.387390e-02	2.412218e-02	-9.659781e-03
3.550000e+00	1.228493e-02	8.051962e-03	1.450774e-02	2.673830e-02	-6.261790e-03
3.600000e+00	1.354872e-02	7.037255e-03	1.480771e-02	2.754399e-02	-1.530519e-03
3.650000e+00	1.467183e-02	6.010804e-03	1.457138e-02	2.890896e-02	1.238442e-03
3.700000e+00	1.530111e-02	5.782587e-03	1.498500e-02	2.896909e-02	-3.641924e-03
3.750000e+00	1.504977e-02	6.510352e-03	1.601235e-02	2.794884e-02	-7.479425e-03
3.800000e+00	1.354571e-02	7.492246e-03	1.489531e-02	2.769796e-02	-9.881396e-03
3.850000e+00	1.059835e-02	8.124590e-03	1.213173e-02	2.574981e-02	-1.190245e-02
3.900000e+00	5.836497e-03	7.957078e-03	6.927868e-03	2.298012e-02	-1.454614e-02
3.950000e+00	-5.954206e-04	6.981876e-03	2.235380e-05	1.664219e-02	-1.596987e-02
4.000000e+00	-8.157719e-03	5.511801e-03	-8.153622e-03	7.197267e-03	-2.150856e-02
4.050000e+00	-1.616016e-02	4.233823e-03	-1.631527e-02	-3.652769e-03	-2.925846e-02
4.100000e+00	-2.348163e-02	3.836540e-03	-2.340740e-02	-1.247473e-02	-3.601639e-02
4.150000e+00	-2.883752e-02	4.450649e-03	-2.886959e-02	-1.429083e-02	-4.039112e-02
4.200000e+00	-3.116853e-02	5.448203e-03	-3.125714e-02	-1.457365e-02	-4.592094e-02
4.250000e+00	-3.040646e-02	6.370600e-03	-2.953268e-02	-1.371881e-02	-4.833109e-02
4.300000e+00	-2.626635e-02	7.274073e-03	-2.369280e-02	-9.811961e-03	-4.897629e-02
4.350000e+00	-1.948299e-02	8.167441e-03	-1.615017e-02	-2.719372e-03	-4.497827e-02
4.400000e+00	-1.131775e-02	8.968024e-03	-8.615277e-03	4.657231e-03	-3.757471e-02
4.450000e+00	-3.472409e-03	9.572544e-03	-1.515296e-03	1.456957e-02	-2.878753e-02
4.500000e+00	3.189583e-03	1.005523e-02	4.644395e-03	2.364182e-02	-2.006037e-02
4.550000e+00	7.951273e-03	1.052203e-02	9.291308e-03	2.938759e-02	-1.576712e-02
4.600000e+00	1.073671e-02	1.110092e-02	1.214563e-02	3.177199e-02	-1.450991e-02
4.650000e+00	1.204441e-02	1.183384e-02	1.402752e-02	3.246139e-02	-1.501415e-02
4.700000e+00	1.277378e-02	1.252338e-02	1.559566e-02	3.175898e-02	-1.541601e-02
4.750000e+00	1.370942e-02	1.273791e-02	1.733849e-02	3.397350e-02	-1.450187e-02
4.800000e+00	1.528929e-02	1.196902e-02	1.922671e-02	3.582061e-02	-1.304994e-02
4.850000e+00	1.744575e-02	9.974139e-03	2.062514e-02	3.634796e-02	-9.158909e-03
4.900000e+00	1.965069e-02	6.995551e-03	2.059516e-02	3.441424e-02	-2.727126e-03
4.950000e+00	2.113505e-02	6.063501e-03	2.143532e-02	4.305906e-02	3.884211e-04
5.000000e+00	2.121535e-02	1.056572e-02	1.884246e-02	5.591476e-02	1.416857e-04
5.050000e+00	1.958551e-02	1.693195e-02	1.310388e-02	7.000676e-02	-9.976507e-03
5.100000e+00	1.650864e-02	2.277132e-02	5.967194e-03	7.890959e-02	-1.913115e-02
5.150000e+00	1.265338e-02	2.684546e-02	-1.517459e-03	8.109940e-02	-2.553859e-02
5.200000e+00	8.872517e-03	2.853929e-02	-7.186279e-03	7.626439e-02	-3.359918e-02
5.250000e+00	5.784719e-03	2.782341e-02	-9.465901e-03	6.516421e-02	-3.934446e-02
5.300000e+00	3.662866e-03	2.535226e-02	-8.085784e-03	5.510488e-02	-4.175983e-02
5.350000e+00	2.127938e-03	2.206117e-02	-3.998781e-03	4.920875e-02	-4.018176e-02
5.400000e+00	3.218631e-04	1.877958e-02	-2.249705e-03	4.375405e-02	-3.613996e-02
5.450000e+00	-2.704980e-03	1.578250e-02	-4.406536e-03	3.825910e-02	-3.354678e-02
5.500000e+00	-7.636875e-03	1.309989e-02	-9.813116e-03	3.079227e-02	-3.765534e-02
5.550000e+00	-1.454731e-02	1.067699e-02	-1.686434e-02	2.197939e-02	-4.358715e-02
5.600000e+00	-2.271419e-02	9.053036e-03	-2.393304e-02	9.558949e-03	-4.880220e-02
5.650000e+00	-3.059913e-02	9.426355e-03	-3.037260e-02	-1.276422e-03	-5.907148e-02
5.700000e+00	-3.660937e-02	1.222897e-02	-3.620878e-02	1.602530e-03	-6.645781e-02
5.750000e+00	-3.927020e-02	1.641169e-02	-3.887188e-02	4.871264e-03	-7.504456e-02
5.800000e+00	-3.776175e-02	2.075553e-02	-3.630165e-02	8.515155e-03	-8.256636e-02
5.850000e+00	-3.206136e-02	2.413454e-02	-2.610384e-02	1.291999e-02	-8.202530e-02
5.900000e+00	-2.331916e-02	2.577684e-02	-1.317788e-02	1.919173e-02	-7.402178e-02
5.950000e+00	-1.311690e-02	2.532530e-02	-7.912811e-04	2.280213e-02	-6.145480e-02
6.000000e+00	-3.142534e-03	2.304436e-02	8.505243e-03	3.246537e-02	-4.777089e-02
6.050000e+00	5.286693e-03	1.971391e-02	1.293893e-02	4.041369e-02	-3.707838e-02
6.100000e+00	1.143847e-02	1.653936e-02	1.491750e-02	4.472206e-02	-2.788289e-02
6.150000e+00	1.541427e-02	1.439719e-02	1.728846e-02	4.596311e-02	-2.096960e-02
6.200000e+00	1.786610e-02	1.345316e-02	1.847569e-02	4.929128e-02	-1.609095e-02
6.250000e+00	1.964881e-02	1.325013e-02	1.983143e-02	5.258063e-02	-1.198446e-02
6.300000e+00	2.145382e-02	1.309043e-02	2.130405e-02	5.401962e-02	-9.215788e-03
6.350000e+00	2.355235e-02	1.226870e-02	2.379542e-02	5.297997e-02	-5.320547e-03
6.400000e+00	2.572358e-02	1.060614e-02	2.579314e-02	5.186755e-02	-2.474902e-03
6.450000e+00	2.736895e-02	9.824255e-03	2.692131e-02	5.870992e-02	2.865817e-03
6.500000e+00	2.774806e-02	1.313710e-02	2.550294e-02	6.521770e-02	-1.559690e-03
6.550000e+00	2.620080e-02	1.956358e-02	2.071619e-02	6.886096e-02	-8.086672e-03
6.600000e+00	2.239961e-02	2.596926e-02	1.227267e-02	7.505075e-02	-2.029749e-02
6.650000e+00	1.644387e-02	3.016004e-02	2.617418e-03	7.600347e-02	-3.098010e-02
6.700000e+00	8.797391e-03	3.096119e-02	-5.542923e-03	7.101542e-02	-4.110132e-02
6.750000e+00	1.659711e-04	2.827187e-02	-1.175531e-02	6.104880e-02	-4.721976e-02
6.800000e+00	-8.640490e-03	2.306355e-02	-1.619947e-02	4.775822e-02	-4.922256e-02
6.850000e+00	-1.681476e-02	1.723325e-02	-2.109474e-02	3.436775e-02	-4.748555e-02
6.900000e+00	-2.361414e-02	1.325162e-02	-2.579726e-02	2.200552e-02	-4.941169e-02
6.950000e+00	-2.839580e-02	1.248814e-02	-2.963753e-02	1.158474e-02	-5.625775e-02
7.000000e+00	-3.065801e-02	1.326964e-02	-3.149097e-02	2.148335e-03	-6.244071e-02
7.050000e+00	-3.006645e-02	1.362020e-02	-3.068502e-02	6.262862e-03	-6.285878e-02
7.100000e+00	-2.666988e-02	1.326612e-02	-2.689925e-02	9.963436e-03	-5.637688e-02
7.150000e+00	-2.088505e-02	1.282955e-02	-2.113602e-02	1.260112e-02	-5.122395e-02
7.200000e+00	-1.351574e-02	1.295135e-02	-1.320485e-02	2.023732e-02	-4.894450e-02
7.250000e+00	-5.655469e-03	1.373051e-02	-4.344105e-03	3.023998e-02	-5.712350e-02
7.300000e+00	1.515702e-03	1.483815e-02	3.823363e-03	3.519253e-02	-6.212966e-02
7.350000e+00	6.995821e-03	1.594214e-02	1.043957e-02	3.887925e-02	-6.281174e-02
7.400000e+00	1.020682e-02	1.687764e-02	1.379247e-02	4.142994e-02	-5.877971e-02
7.450000e+00	1.113399e-02	1.757968e-02	1.470480e-02	4.564565e-02	-5.062874e-02
7.500000e+00	1.030094e-02	1.797119e-02	1.360986e-02	4.850292e-02	-3.982309e-02
7.550000e+00	8.543127e-03	1.788894e-02	1.248685e-02	4.872471e-02	-3.599294e-02
7.600000e+00	6.829220e-03	1.732061e-02	1.057813e-02	4.577545e-02	-3.413654e-02
7.650000e+00	5.826884e-03	1.638634e-02	8.384938e-03	4.051780e-02	-3.182797e-02
7.700000e+00	5.752088e-03	1.539297e-02	6.897591e-03	3.882501e-02	-2.949887e-02
7.750000e+00	6.353459e-03	1.460831e-02	5.601636e-03	4.587749e-02	-2.716389e-02
7.800000e+00	7.074961e-03	1.401136e-02	6.623011e-03	4.878894e-02	-2.617510e-02
7.850000e+00	7.329210e-03	1.339536e-02	6.346226e-03	4.707455e-02	-2.642445e-02
7.900000e+00	6.769791e-03	1.277896e-02	5.304643e-03	4.014433e-02	-2.495322e-02
7.950000e+00	5.451002e-03	1.262898e-02	4.073499e-03	3.916766e-02	-2.396642e-02
8.000000e+00	3.808365e-03	1.348079e-02	2.154645e-03	3.890416e-02	-3.283175e-02
8.050000e+00	2.452709e-03	1.523735e-02	4.665024e-04	4.922746e-02	-3.756749e-02
8.100000e+00	1.933864e-03	1.730867e-02	-4.880566e-04	5.985910e-02	-3.762258e-02
8.150000e+00	2.404201e-03	1.907061e-02	-7.622661e-04	6.731473e-02	-3.435790e-02
8.200000e+00	3.523596e-03	2.015226e-02	-3.362350e-04	6.996742e-02	-3.645064e-02
8.250000e+00	4.539417e-03	2.040977e-02	8.637951e-04	6.671294e-02	-3.699658e-02
8.300000e+00	4.546798e-03	1.987549e-02	1.837549e-04	5.725749e-02	-4.145016e-02
8.350000e+00	2.835622e-03	1.875077e-02	-5.436244e-04	5.440259e-02	-4.360591e-02
8.400000e+00	-8.063015e-04	1.739261e-02	-1.639245e-03	5.409240e-02	-4.202738e-02
8.450000e+00	-5.950930e-03	1.623631e-02	-4.398854e-03	4.675146e-02	-5.572056e-02
8.500000e+00	-1.160712e-02	1.566642e-02	-9.380579e-03	3.261498e-02	-6.807971e-02
8.550000e+00	-1.649561e-02	1.587823e-02	-1.335944e-02	1.443986e-02	-7.488788e-02
8.600000e+00	-1.941138e-02	1.686613e-02	-1.711741e-02	1.574976e-02	-7.084242e-02
8.650000e+00	-1.960286e-02	1.828829e-02	-2.078145e-02	2.042747e-02	-5.929502e-02
8.700000e+00	-1.697142e-02	1.957587e-02	-1.722919e-02	2.726041e-02	-5.688268e-02
8.750000e+00	-1.206840e-02	2.016056e-02	-9.061695e-03	3.110109e-02	-5.763667e-02
8.800000e+00	-5.895673e-03	1.971258e-02	-1.449613e-03	3.375569e-02	-5.379235e-02
8.850000e+00	4.082817e-04	1.827534e-02	3.517439e-03	3.933173e-02	-4.500775e-02
8.900000e+00	5.881180e-03	1.626717e-02	7.085378e-03	4.306983e-02	-3.761394e-02
8.950000e+00	9.944423e-03	1.436896e-02	1.043132e-02	4.581411e-02	-2.788675e-02
9.000000e+00	1.245066e-02	1.326646e-02	1.222772e-02	4.485485e-02	-1.995837e-02
9.050000e+00	1.358885e-02	1.321158e-02	1.359607e-02	4.487722e-02	-2.197228e-02
9.100000e+00	1.367222e-02	1.371661e-02	1.419024e-02	5.111086e-02	-2.807874e-02
9.150000e+00	1.298928e-02	1.400935e-02	1.336516e-02	5.341647e-02	-3.057526e-02
9.200000e+00	1.168505e-02	1.360971e-02	1.167258e-02	5.074996e-02	-2.666963e-02
9.250000e+00	9.766214e-03	1.267316e-02	9.386519e-03	4.329949e-02	-2.686217e-02
9.300000e+00	7.197680e-03	1.204282e-02	7.162646e-03	3.697358e-02	-3.158178e-02
9.350000e+00	4.031856e-03	1.254458e-02	3.790952e-03	3.945523e-02	-3.293926e-02
9.400000e+00	5.007175e-04	1.383283e-02	-1.294243e-03	4.868688e-02	-3.075132e-02
9.450000e+00	-2.978880e-03	1.477062e-02	-5.954246e-03	5.554468e-02	-3.276095e-02
9.500000e+00	-5.895392e-03	1.463478e-02	-8.334344e-03	5.877625e-02	-3.728240e-02
9.550000e+00	-7.798340e-03	1.359710e-02	-8.294383e-03	5.350117e-02	-3.951035e-02
9.600000e+00	-8.435573e-03	1.253589e-02	-8.325432e-03	4.190357e-02	-4.021547e-02
9.650000e+00	-7.857042e-03	1.225125e-02	-7.545890e-03	2.828779e-02	-3.705496e-02
9.700000e+00	-6.399164e-03	1.250874e-02	-6.740427e-03	3.480420e-02	-3.504367e-02
9.750000e+00	-4.576317e-03	1.245460e-02	-4.433751e-03	3.656941e-02	-3.088178e-02
9.800000e+00	-2.914891e-03	1.170783e-02	-2.613296e-03	3.207034e-02	-2.870312e-02
9.850000e+00	-1.791191e-03	1.071568e-02	-1.812912e-03	2.641961e-02	-3.067956e-02
9.900000e+00	-1.330599e-03	1.036776e-02	-1.300731e-03	2.367566e-02	-3.441763e-02
9.950000e+00	-1.399728e-03	1.104071e-02	-8.661271e-04	2.229362e-02	-3.593615e-02
1.000000e+01	-1.687110e-03	1.219385e-02	-2.171598e-04	2.260294e-02	-3.532922e-02
1.005000e+01	-1.827975e-03	1.309281e-02	-1.399431e-03	2.666005e-02	-3.255534e-02
1.010000e+01	-1.556515e-03	1.331104e-02	-2.111524e-03	3.132631e-02	-2.973458e-02
1.015000e+01	-7.863420e-04	1.274353e-02	-3.294995e-04	3.369683e-02	-2.859560e-02
1.020000e+01	3.744921e-04	1.164643e-02	1.591850e-03	3.627546e-02	-3.179322e-02
1.025000e+01	1.678929e-03	1.070953e-02	2.095166e-03	3.463750e-02	-3.431370e-02
1.030000e+01	2.837325e-03	1.066666e-02	2.675920e-03	3.452148e-02	-3.212834e-02
1.035000e+01	3.615439e-03	1.136611e-02	3.169145e-03	3.799960e-02	-2.654071e-02
1.040000e+01	3.900067e-03	1.189591e-02	3.959377e-03	3.591370e-02	-2.795675e-02
1.045000e+01	3.715728e-03	1.174274e-02	4.354580e-03	3.470569e-02	-2.804750e-02
1.050000e+01	3.196139e-03	1.141642e-02	3.424901e-03	3.386853e-02	-2.697595e-02
1.055000e+01	2.529115e-03	1.198957e-02	1.167515e-03	3.293866e-02	-2.373473e-02
1.060000e+01	1.898023e-03	1.349669e-02	7.506261e-05	3.406545e-02	-2.724049e-02
1.065000e+01	1.437455e-03	1.461700e-02	4.586157e-04	3.696761e-02	-3.291863e-02
1.070000e+01	1.210233e-03	1.410749e-02	1.128759e-03	3.565714e-02	-3.474614e-02
1.075000e+01	1.203223e-03	1.172533e-02	1.407147e-03	3.227354e-02	-3.158911e-02
1.080000e+01	1.335240e-03	8.779000e-03	1.129281e-03	2.561256e-02	-2.334134e-02
1.085000e+01	1.472082e-03	8.507755e-03	1.158079e-03	2.644510e-02	-2.211987e-02
1.090000e+01	1.448457e-03	1.146315e-02	-2.294219e-04	3.253761e-02	-2.895288e-02
1.095000e+01	1.099711e-03	1.438467e-02	-1.782920e-03	4.018580e-02	-3.215510e-02
1.100000e+01	3.044467e-04	1.550908e-02	-3.342016e-03	4.506241e-02	-3.156317e-02
1.105000e+01	-9.761151e-04	1.461322e-02	-3.885647e-03	4.384582e-02	-2.901452e-02
1.110000e+01	-2.631302e-03	1.239618e-02	-4.236711e-03	3.728760e-02	-2.554996e-02
1.115000e+01	-4.420501e-03	1.016901e-02	-5.573632e-03	2.756265e-02	-2.757522e-02
1.120000e+01	-5.993095e-03	9.127965e-03	-6.886096e-03	1.848757e-02	-2.763925e-02
1.125000e+01	-6.960883e-03	9.260313e-03	-8.108680e-03	1.805357e-02	-2.896738e-02
1.130000e+01	-7.000884e-03	9.683875e-03	-8.038918e-03	1.895577e-02	-3.211707e-02
1.135000e+01	-5.959863e-03	9.917678e-03	-6.476747e-03	1.990979e-02	-3.071009e-02
1.140000e+01	-3.924875e-03	9.951207e-03	-4.610848e-03	2.084686e-02	-2.649505e-02
1.145000e+01	-1.230115e-03	9.804600e-03	-1.580804e-03	2.214377e-02	-2.534349e-02
1.150000e+01	1.610970e-03	9.401749e-03	1.079087e-03	2.599766e-02	-2.142444e-02
1.155000e+01	4.033967e-03	8.770860e-03	4.180438e-03	2.757197e-02	-1.645529e-02
1.160000e+01	5.575138e-03	8.195924e-03	5.379233e-03	2.584475e-02	-2.186048e-02
1.165000e+01	5.998430e-03	8.037893e-03	5.504289e-03	2.576102e-02	-2.650667e-02
1.170000e+01	5.355756e-03	8.348091e-03	5.719350e-03	2.557823e-02	-2.896039e-02
1.175000e+01	3.959909e-03	8.855044e-03	4.367846e-03	2.601669e-02	-2.824891e-02
1.180000e+01	2.279019e-03	9.337401e-03	2.822675e-03	2.547586e-02	-2.425405e-02
1.185000e+01	7.883543e-04	9.778887e-03	1.425382e-03	2.817072e-02	-2.592004e-02
1.190000e+01	-1.705608e-04	1.020900e-02	7.506883e-04	3.301044e-02	-2.843763e-02
1.195000e+01	-4.773400e-04	1.052231e-02	5.239552e-04	3.450055e-02	-2.711852e-02
1.200000e+01	-2.407383e-04	1.049911e-02	1.046307e-03	3.219876e-02	-2.470491e-02
1.205000e+01	2.607498e-04	9.980293e-03	1.067412e-03	2.779849e-02	-2.302355e-02
1.210000e+01	7.190063e-04	8.952735e-03	1.212259e-03	2.275138e-02	-2.244779e-02
1.215000e+01	8.940198e-04	7.663898e-03	1.364574e-03	2.002151e-02	-1.998878e-02
1.220000e+01	6.941001e-04	6.562529e-03	1.288983e-03	1.858577e-02	-1.927333e-02
1.225000e+01	1.892890e-04	6.113096e-03	7.944170e-04	1.501976e-02	-1.923664e-02
1.230000e+01	-4.379474e-04	6.394731e-03	1.672923e-04	1.765438e-02	-2.168798e-02
1.235000e+01	-9.800369e-04	7.028985e-03	-8.113577e-04	1.896142e-02	-2.409891e-02
1.240000e+01	-1.292277e-03	7.612663e-03	-1.499037e-03	1.975004e-02	-2.528325e-02
1.245000e+01	-1.346699e-03	7.943334e-03	-1.646419e-03	2.220597e-02	-2.314321e-02
1.250000e+01	-1.232958e-03	7.995790e-03	-1.802804e-03	2.287763e-02	-2.087688e-02
1.255000e+01	-1.109606e-03	7.862532e-03	-1.556530e-03	2.120230e-02	-2.004336e-02
1.260000e+01	-1.128549e-03	7.690595e-03	-1.299344e-03	2.051384e-02	-1.963692e-02
1.265000e+01	-1.364754e-03	7.594192e-03	-1.352418e-03	1.890766e-02	-2.268419e-02
1.270000e+01	-1.779306e-03	7.571960e-03	-1.407057e-03	1.911332e-02	-2.563746e-02
1.275000e+01	-2.229277e-03	7.509293e-03	-1.142032e-03	1.739842e-02	-2.694841e-02
1.280000e+01	-2.518863e-03	7.281226e-03	-1.300718e-03	1.390589e-02	-2.840003e-02
1.285000e+01	-2.470729e-03	6.872271e-03	-1.604712e-03	1.281855e-02	-2.558152e-02
1.290000e+01	-1.990120e-03	6.429569e-03	-1.568807e-03	1.533199e-02	-2.089448e-02
1.295000e+01	-1.098889e-03	6.187426e-03	-1.385505e-03	1.692087e-02	-1.976966e-02
1.300000e+01	7.060574e-05	6.257415e-03	3.538937e-05	1.977721e-02	-1.640112e-02
1.305000e+01	1.316830e-03	6.521820e-03	1.211798e-03	2.184094e-02	-1.488189e-02
1.310000e+01	2.425847e-03	6.779090e-03	2.356271e-03	2.304382e-02	-1.595882e-02
1.315000e+01	3.232734e-03	6.971591e-03	3.266855e-03	2.449592e-02	-1.661836e-02
1.320000e+01	3.650646e-03	7.204777e-03	3.806666e-03	2.276665e-02	-1.597985e-02
1.325000e+01	3.673267e-03	7.584345e-03	3.992057e-03	2.068922e-02	-1.620599e-02
1.330000e+01	3.354051e-03	8.038645e-03	3.137252e-03	2.182669e-02	-1.807958e-02
1.335000e+01	2.775379e-03	8.340867e-03	2.777718e-03	2.341733e-02	-1.991082e-02
1.340000e+01	2.021681e-03	8.278932e-03	2.192773e-03	2.279472e-02	-1.949365e-02
1.345000e+01	1.165605e-03	7.781901e-03	1.492379e-03	1.986321e-02	-1.897070e-02
1.350000e+01	2.685764e-04	6.944803e-03	5.192812e-04	1.787726e-02	-1.988647e-02
1.355000e+01	-6.098669e-04	5.993086e-03	-5.866923e-04	1.686187e-02	-1.867986e-02
1.360000e+01	-1.402866e-03	5.233653e-03	-1.217583e-03	1.446381e-02	-1.657832e-02
1.365000e+01	-2.034899e-03	4.966556e-03	-1.918513e-03	1.089427e-02	-1.547463e-02
1.370000e+01	-2.431472e-03	5.275024e-03	-2.082687e-03	1.584839e-02	-1.854886e-02
1.375000e+01	-2.537283e-03	5.916914e-03	-2.283355e-03	1.903292e-02	-2.036482e-02
1.380000e+01	-2.335943e-03	6.533842e-03	-2.457648e-03	1.984057e-02	-2.032225e-02
1.385000e+01	-1.862946e-03	6.852165e-03	-2.356449e-03	1.863077e-02	-2.013271e-02
1.390000e+01	-1.205623e-03	6.748709e-03	-1.803078e-03	1.837044e-02	-2.307973e-02
1.395000e+01	-4.882878e-04	6.265872e-03	-9.798756e-04	1.782244e-02	-2.296538e-02
1.400000e+01	1.540046e-04	5.605390e-03	-2.573032e-05	1.493324e-02	-2.027205e-02
1.405000e+01	6.134772e-04	5.099983e-03	6.967927e-04	1.536400e-02	-1.673512e-02
1.410000e+01	8.274856e-04	5.009689e-03	9.826729e-04	1.538833e-02	-1.373716e-02
1.415000e+01	7.747123e-04	5.327995e-03	8.724426e-04	1.488980e-02	-1.339347e-02
1.420000e+01	4.861529e-04	5.752647e-03	3.309916e-04	1.484322e-02	-1.606732e-02
1.425000e+01	3.746051e-05	5.942268e-03	-3.820305e-06	1.694005e-02	-1.840239e-02
1.430000e+01	-4.655959e-04	5.693865e-03	-7.741278e-04	1.736338e-02	-1.768221e-02
1.435000e+01	-9.058586e-04	5.031009e-03	-1.149226e-03	1.566357e-02	-1.365371e-02
1.440000e+01	-1.175402e-03	4.295279e-03	-1.456810e-03	1.433693e-02	-1.404829e-02
1.445000e+01	-1.195826e-03	4.114850e-03	-1.025181e-03	1.291637e-02	-1.416312e-02
1.450000e+01	-9.353806e-04	4.742764e-03	-4.481372e-04	1.067203e-02	-1.424106e-02
1.455000e+01	-4.192184e-04	5.655861e-03	-1.514573e-05	1.370334e-02	-1.590724e-02
1.460000e+01	2.711000e-04	6.316217e-03	5.214857e-04	1.561202e-02	-1.652248e-02
1.465000e+01	1.011246e-03	6.524406e-03	1.209584e-03	1.664013e-02	-1.531753e-02
1.470000e+01	1.660015e-03	6.353976e-03	1.645869e-03	1.815101e-02	-1.533790e-02
1.475000e+01	2.092293e-03	6.013638e-03	1.843616e-03	1.908332e-02	-1.475759e-02
1.480000e+01	2.230363e-03	5.675883e-03	1.678529e-03	1.813212e-02	-1.287223e-02
1.485000e+01	2.063765e-03	5.359044e-03	1.354150e-03	1.694453e-02	-1.328983e-02
1.490000e+01	1.650465e-03	4.974155e-03	1.352756e-03	1.378702e-02	-1.347228e-02
1.495000e+01	1.097775e-03	4.472558e-03	1.174513e-03	1.376676e-02	-1.245293e-02
1.500000e+01	5.285105e-04	3.942104e-03	4.590447e-04	1.241199e-02	-1.112594e-02
1.505000e+01	4.571187e-05	3.609716e-03	-1.288581e-04	1.009819e-02	-1.051207e-02
1.510000e+01	-2.984738e-04	3.661518e-03	-4.644630e-04	9.769058e-03	-1.077431e-02
1.515000e+01	-5.126492e-04	4.065080e-03	-3.643589e-04	9.670364e-03	-1.065438e-02
1.520000e+01	-6.544198e-04	4.602425e-03	-5.897854e-04	1.133522e-02	-1.219110e-02
1.525000e+01	-7.993990e-04	5.061174e-03	-9.998155e-04	1.175635e-02	-1.334558e-02
1.530000e+01	-1.003358e-03	5.310116e-03	-1.192240e-03	1.174827e-02	-1.392550e-02
1.535000e+01	-1.272529e-03	5.303217e-03	-1.397644e-03	1.260475e-02	-1.256881e-02
1.540000e+01	-1.554435e-03	5.072434e-03	-1.904498e-03	1.211789e-02	-1.205976e-02
1.545000e+01	-1.753976e-03	4.711959e-03	-1.958011e-03	9.591933e-03	-1.256421e-02
1.550000e+01	-1.769554e-03	4.348579e-03	-2.057005e-03	9.009929e-03	-1.355302e-02
1.555000e+01	-1.535806e-03	4.094458e-03	-1.558298e-03	9.186139e-03	-1.323555e-02
1.560000e+01	-1.056197e-03	3.988576e-03	-9.810610e-04	9.407813e-03	-1.195251e-02
1.565000e+01	-4.119662e-04	3.970962e-03	-4.028398e-04	1.040039e-02	-1.044378e-02
1.570000e+01	2.574721e-04	3.934050e-03	3.118542e-04	1.075001e-02	-1.057407e-02
1.575000e+01	7.967658e-04	3.816391e-03	8.232336e-04	1.121788e-02	-1.124757e-02
1.580000e+01	1.084819e-03	3.670881e-03	1.229945e-03	1.057493e-02	-1.076955e-02
1.585000e+01	1.074927e-03	3.648944e-03	1.264112e-03	1.054151e-02	-8.971020e-03
1.590000e+01	8.103117e-04	3.853361e-03	8.456439e-04	1.176731e-02	-1.060918e-02
1.595000e+01	4.094458e-04	4.197286e-03	2.899944e-04	1.232297e-02	-1.263745e-02
1.600000e+01	2.648061e-05	4.488032e-03	7.544267e-05	1.203745e-02	-1.287005e-02
1.605000e+01	-1.910409e-04	4.613695e-03	-1.559934e-04	1.131108e-02	-1.329972e-02
1.610000e+01	-1.727190e-04	4.560658e-03	-1.012835e-04	1.047368e-02	-1.347049e-02
1.615000e+01	7.883555e-05	4.428284e-03	1.506356e-04	1.179605e-02	-1.279140e-02
1.620000e+01	4.853339e-04	4.317228e-03	7.620526e-04	1.382199e-02	-1.048560e-02
1.625000e+01	9.213349e-04	4.236657e-03	1.042738e-03	1.465868e-02	-1.012622e-02
1.630000e+01	1.255753e-03	4.109298e-03	1.185849e-03	1.410370e-02	-1.038551e-02
1.635000e+01	1.391809e-03	3.864158e-03	1.337157e-03	1.231317e-02	-1.038008e-02
1.640000e+01	1.292626e-03	3.519521e-03	1.209146e-03	1.018157e-02	-9.471237e-03
1.645000e+01	9.856967e-04	3.209548e-03	9.651340e-04	1.026879e-02	-8.635437e-03
1.650000e+01	5.472260e-04	3.128784e-03	5.201164e-04	1.094488e-02	-8.387475e-03
1.655000e+01	7.396230e-05	3.361921e-03	1.310093e-04	1.135744e-02	-1.136399e-02
1.660000e+01	-3.466902e-04	3.784785e-03	-3.189651e-04	1.129548e-02	-1.309771e-02
1.665000e+01	-6.584373e-04	4.198480e-03	-6.999741e-04	1.042072e-02	-1.261001e-02
1.670000e+01	-8.441467e-04	4.459063e-03	-7.314981e-04	1.008341e-02	-1.212858e-02
1.675000e+01	-9.201637e-04	4.501188e-03	-8.251922e-04	9.641692e-03	-1.309644e-02
1.680000e+01	-9.215584e-04	4.323230e-03	-6.203082e-04	9.283366e-03	-1.516760e-02
1.685000e+01	-8.852177e-04	3.970164e-03	-6.257651e-04	8.374611e-03	-1.565345e-02
1.690000e+01	-8.370722e-04	3.525733e-03	-6.723093e-04	9.312611e-03	-1.389568e-02
1.695000e+01	-7.869615e-04	3.113512e-03	-6.917136e-04	9.817567e-03	-1.043538e-02
1.700000e+01	-7.311208e-04	2.876286e-03	-7.870126e-04	8.507232e-03	-9.507111e-03
1.705000e+01	-6.678075e-04	2.886790e-03	-8.583679e-04	7.590513e-03	-9.242946e-03
1.710000e+01	-5.857476e-04	3.065941e-03	-5.753718e-04	6.945855e-03	-9.119971e-03
1.715000e+01	-4.762731e-04	3.259131e-03	-3.774685e-04	8.017073e-03	-8.630639e-03
1.720000e+01	-3.392014e-04	3.367619e-03	-9.551000e-05	8.945214e-03	-9.422161e-03
1.725000e+01	-1.828546e-04	3.386309e-03	1.251558e-04	9.275002e-03	-9.438239e-03
1.730000e+01	-2.084330e-05	3.364458e-03	2.907615e-04	9.649876e-03	-8.344822e-03
1.735000e+01	1.328054e-04	3.340073e-03	4.563414e-04	9.953465e-03	-7.977186e-03
1.740000e+01	2.683753e-04	3.307737e-03	3.152375e-04	9.631450e-03	-8.867813e-03
1.745000e+01	3.835057e-04	3.246383e-03	4.060099e-04	8.366596e-03	-9.295366e-03
1.750000e+01	4.835819e-04	3.157044e-03	5.397891e-04	7.968956e-03	-1.020025e-02
1.755000e+01	5.792182e-04	3.057050e-03	5.203513e-04	8.605900e-03	-1.290628e-02
1.760000e+01	6.813650e-04	2.949120e-03	6.324785e-04	9.514242e-03	-1.375696e-02
1.765000e+01	7.953355e-04	2.826031e-03	9.517177e-04	1.047094e-02	-1.262751e-02
1.770000e+01	9.156055e-04	2.717442e-03	1.079661e-03	1.057184e-02	-9.765496e-03
1.775000e+01	1.023378e-03	2.699902e-03	1.093801e-03	8.899106e-03	-6.354714e-03
1.780000e+01	1.088414e-03	2.807224e-03	1.111896e-03	1.018143e-02	-7.305134e-03
1.785000e+01	1.075495e-03	2.950419e-03	1.169890e-03	1.088627e-02	-7.848895e-03
1.790000e+01	9.543274e-04	2.993314e-03	1.190350e-03	1.154899e-02	-8.255295e-03
1.795000e+01	7.102703e-04	2.889931e-03	9.360128e-04	1.059730e-02	-7.882654e-03
1.800000e+01	3.524521e-04	2.755864e-03	4.932098e-04	1.024967e-02	-8.701714e-03
1.805000e+01	-8.847638e-05	2.806724e-03	1.289322e-04	1.000441e-02	-9.925481e-03
1.810000e+01	-5.506251e-04	3.107523e-03	-1.849354e-04	8.657379e-03	-1.084046e-02
1.815000e+01	-9.653331e-04	3.477358e-03	-5.220361e-04	8.351846e-03	-1.284317e-02
1.820000e+01	-1.269061e-03	3.699571e-03	-8.256971e-04	8.903201e-03	-1.342418e-02
1.825000e+01	-1.418563e-03	3.679516e-03	-1.000974e-03	8.492707e-03	-1.497778e-02
1.830000e+01	-1.401078e-03	3.459871e-03	-1.188945e-03	8.822670e-03	-1.575117e-02
1.835000e+01	-1.236356e-03	3.168833e-03	-1.174564e-03	9.240128e-03	-1.527348e-02
1.840000e+01	-9.699378e-04	2.930515e-03	-1.013291e-03	9.564606e-03	-1.313833e-02
1.845000e+01	-6.599723e-04	2.785343e-03	-8.094375e-04	8.879218e-03	-9.801236e-03
1.850000e+01	-3.619012e-04	2.701169e-03	-4.992339e-04	8.607868e-03	-9.678317e-03
1.855000e+01	-1.157997e-04	2.653315e-03	-2.172671e-04	7.905254e-03	-8.150503e-03
1.860000e+01	6.008656e-05	2.655290e-03	-5.852745e-07	9.577381e-03	-6.334268e-03
1.865000e+01	1.685135e-04	2.713928e-03	9.408599e-05	1.007859e-02	-6.071477e-03
1.870000e+01	2.266474e-04	2.790470e-03	1.773807e-04	9.804336e-03	-8.293688e-03
1.875000e+01	2.570286e-04	2.823788e-03	1.095467e-04	9.233623e-03	-8.978333e-03
1.880000e+01	2.797091e-04	2.776073e-03	7.013035e-05	9.134089e-03	-8.452266e-03
1.885000e+01	3.080156e-04	2.651047e-03	2.212332e-04	9.592696e-03	-7.527148e-03
1.890000e+01	3.483799e-04	2.482276e-03	2.256273e-04	9.099682e-03	-8.145898e-03
1.895000e+01	4.027797e-04	2.310701e-03	2.786756e-04	7.808953e-03	-7.793705e-03
1.900000e+01	4.713790e-04	2.168477e-03	4.916013e-04	7.048144e-03	-6.788190e-03
1.905000e+01	5.554967e-04	2.078624e-03	6.565164e-04	5.778678e-03	-7.916799e-03
1.910000e+01	6.496181e-04	2.044953e-03	7.716115e-04	5.778661e-03	-7.866767e-03
1.915000e+01	7.433780e-04	2.064684e-03	8.055994e-04	6.183513e-03	-6.812055e-03
1.920000e+01	8.183124e-04	2.123027e-03	7.795430e-04	5.979525e-03	-5.446990e-03
1.925000e+01	8.488967e-04	2.196587e-03	8.150787e-04	6.180644e-03	-6.921539e-03
1.930000e+01	8.075942e-04	2.261838e-03	7.986328e-04	6.487604e-03	-7.469986e-03
1.935000e+01	6.729746e-04	2.303768e-03	7.456535e-04	7.696191e-03	-7.106522e-03
1.940000e+01	4.382688e-04	2.320876e-03	5.300089e-04	8.313649e-03	-6.032458e-03
1.945000e+01	1.170616e-04	2.324372e-03	3.555602e-04	8.055128e-03	-6.330219e-03
1.950000e+01	-2.564601e-04	2.330577e-03	-1.053454e-04	6.861859e-03	-7.022329e-03
1.955000e+01	-6.334104e-04	2.349805e-03	-5.476149e-04	6.233793e-03	-7.415000e-03
1.960000e+01	-9.607114e-04	2.380304e-03	-8.302233e-04	6.793515e-03	-8.848441e-03
1.965000e+01	-1.192947e-03	2.413174e-03	-1.047082e-03	6.246557e-03	-1.001746e-02
1.970000e+01	-1.301854e-03	2.442907e-03	-1.096088e-03	5.381447e-03	-9.783614e-03
1.975000e+01	-1.280732e-03	2.471928e-03	-1.209074e-03	5.331086e-03	-8.756125e-03
1.980000e+01	-1.142980e-03	2.503975e-03	-1.150015e-03	5.757374e-03	-8.517175e-03
1.985000e+01	-9.161033e-04	2.533473e-03	-9.982747e-04	6.108295e-03	-8.512976e-03
1.990000e+01	-6.338880e-04	2.544084e-03	-7.687605e-04	6.016595e-03	-7.545419e-03
1.995000e+01	-3.295801e-04	2.520777e-03	-5.061046e-04	7.175170e-03	-6.799923e-03
2.000000e+01	-3.189043e-05	2.465139e-03	-1.724366e-04	7.881972e-03	-6.543150e-03
