# k	<chi>	std	chi_median	chi_max	chi_min
0.000000e+00	-7.028923e-02	1.632157e-01	0.000000e+00	4.607260e-01	-3.740968e-01
5.000000e-02	-1.315356e-01	2.115781e-01	-2.089632e-01	4.764126e-01	-3.746894e-01
1.000000e-01	-1.370175e-01	2.041106e-01	-2.104942e-01	4.539680e-01	-3.751923e-01
1.500000e-01	-1.536678e-01	1.816328e-01	-2.140523e-01	3.848535e-01	-3.778637e-01
2.000000e-01	-1.709476e-01	1.596201e-01	-2.201115e-01	3.141192e-01	-3.865846e-01
2.500000e-01	-1.997964e-01	1.250964e-01	-2.304409e-01	1.932986e-01	-4.114408e-01
3.000000e-01	-2.298210e-01	9.682344e-02	-2.510012e-01	6.867136e-02	-4.985103e-01
3.500000e-01	-2.705647e-01	8.330201e-02	-2.722760e-01	-7.814192e-02	-6.123602e-01
4.000000e-01	-3.114016e-01	1.080148e-01	-2.889621e-01	-1.044195e-01	-7.200100e-01
4.500000e-01	-3.595881e-01	1.635850e-01	-2.922980e-01	-1.224774e-01	-8.453912e-01
5.000000e-01	-4.040632e-01	2.236475e-01	-2.993035e-01	-1.347149e-01	-9.692167e-01
5.500000e-01	-4.485688e-01	2.888756e-01	-3.116593e-01	-1.521816e-01	-1.086902e+00
6.000000e-01	-4.825889e-01	3.432589e-01	-3.239448e-01	-1.438603e-01	-1.212280e+00
6.500000e-01	-5.056632e-01	3.873889e-01	-3.369788e-01	-1.215736e-01	-1.302779e+00
7.000000e-01	-5.104522e-01	4.115510e-01	-3.268623e-01	-1.027342e-01	-1.346202e+00
7.500000e-01	-4.935974e-01	4.132295e-01	-3.080658e-01	-8.387374e-02	-1.346362e+00
8.000000e-01	-4.547918e-01	3.912603e-01	-2.770862e-01	-6.907383e-02	-1.270033e+00
8.500000e-01	-3.913989e-01	3.431307e-01	-2.309686e-01	-5.363953e-02	-1.120417e+00
9.000000e-01	-3.123677e-01	2.769905e-01	-1.837301e-01	-1.784124e-02	-9.379478e-01
9.500000e-01	-2.192856e-01	1.934781e-01	-1.284976e-01	1.561819e-02	-6.985086e-01
1.000000e+00	-1.282381e-01	1.084290e-01	-8.560433e-02	3.212065e-02	-4.408920e-01
1.050000e+00	-4.483399e-02	4.175694e-02	-4.195487e-02	8.122490e-02	-2.308039e-01
1.100000e+00	1.550781e-02	7.534805e-02	-7.012510e-03	2.512567e-01	-1.378955e-01
1.150000e+00	4.803232e-02	1.288930e-01	3.279941e-03	3.788378e-01	-1.436207e-01
1.200000e+00	4.774769e-02	1.617128e-01	-1.145956e-02	4.187263e-01	-1.801672e-01
1.250000e+00	1.694665e-02	1.721354e-01	-4.776951e-02	3.772538e-01	-2.203013e-01
1.300000e+00	-3.484112e-02	1.616252e-01	-9.103740e-02	2.992030e-01	-2.622608e-01
1.350000e+00	-9.732804e-02	1.362251e-01	-1.377062e-01	1.917761e-01	-3.120545e-01
1.400000e+00	-1.531112e-01	1.050526e-01	-1.758292e-01	6.875979e-02	-3.442162e-01
1.450000e+00	-1.910636e-01	7.648931e-02	-1.920847e-01	1.502669e-02	-3.536711e-01
1.500000e+00	-1.996093e-01	5.913559e-02	-1.860913e-01	-3.559499e-03	-3.366566e-01
1.550000e+00	-1.765160e-01	5.256914e-02	-1.629716e-01	-1.059421e-02	-2.934413e-01
1.600000e+00	-1.255494e-01	5.167130e-02	-1.126352e-01	-2.579951e-03	-2.379277e-01
1.650000e+00	-5.561784e-02	5.390964e-02	-3.709667e-02	4.079665e-02	-1.780053e-01
1.700000e+00	1.805435e-02	5.939055e-02	3.531668e-02	1.337060e-01	-1.079931e-01
1.750000e+00	8.404145e-02	6.653054e-02	8.852200e-02	2.254051e-01	-3.664556e-02
1.800000e+00	1.293530e-01	6.937984e-02	1.220775e-01	2.757193e-01	1.560154e-02
1.850000e+00	1.513683e-01	6.532447e-02	1.394632e-01	2.809627e-01	5.248322e-02
1.900000e+00	1.488257e-01	5.283794e-02	1.356587e-01	2.577695e-01	7.248937e-02
1.950000e+00	1.298973e-01	3.569958e-02	1.245634e-01	2.121097e-01	6.076517e-02
2.000000e+00	1.014630e-01	2.238250e-02	1.055877e-01	1.488485e-01	4.425340e-02
2.050000e+00	7.431813e-02	2.673908e-02	6.865156e-02	1.454783e-01	2.728864e-02
2.100000e+00	5.302063e-02	3.717232e-02	4.583989e-02	1.361449e-01	-1.838907e-02
2.150000e+00	4.002461e-02	4.193868e-02	3.698490e-02	1.225030e-01	-3.628073e-02
2.200000e+00	3.370507e-02	3.968600e-02	3.367142e-02	1.053657e-01	-3.460120e-02
2.250000e+00	3.084483e-02	3.490465e-02	3.084153e-02	8.943934e-02	-3.025222e-02
2.300000e+00	2.568847e-02	2.859179e-02	2.733342e-02	7.257047e-02	-2.761329e-02
2.350000e+00	1.704064e-02	2.283549e-02	2.100621e-02	5.325018e-02	-3.059140e-02
2.400000e+00	6.254771e-03	1.906138e-02	1.262889e-02	3.277719e-02	-3.768400e-02
2.450000e+00	-1.829716e-03	1.655300e-02	5.992807e-03	1.885085e-02	-4.082703e-02
2.500000e+00	-8.649365e-03	1.491219e-02	-2.832010e-03	1.175768e-02	-4.348819e-02
2.550000e+00	-1.313303e-02	1.364657e-02	-1.011131e-02	6.734482e-03	-4.486261e-02
2.600000e+00	-1.468280e-02	1.228501e-02	-1.304249e-02	4.361353e-03	-4.340042e-02
2.650000e+00	-1.513413e-02	1.116129e-02	-1.442161e-02	4.822037e-03	-4.049616e-02
2.700000e+00	-1.361533e-02	1.007666e-02	-1.339540e-02	6.622019e-03	-3.562555e-02
2.750000e+00	-1.064451e-02	9.014934e-03	-1.105086e-02	8.979354e-03	-2.992403e-02
2.800000e+00	-6.943685e-03	7.915387e-03	-7.446404e-03	1.083568e-02	-2.305535e-02
2.850000e+00	-3.918555e-03	6.864801e-03	-3.987690e-03	1.126539e-02	-1.944610e-02
2.900000e+00	-1.319567e-03	5.605451e-03	-1.083454e-03	1.119690e-02	-1.625108e-02
2.950000e+00	4.373489e-04	4.181263e-03	9.103767e-04	1.067175e-02	-1.308486e-02
3.000000e+00	1.242835e-03	3.048498e-03	1.232607e-03	8.727773e-03	-9.781189e-03
3.050000e+00	8.672365e-04	3.329990e-03	1.043817e-03	9.674384e-03	-1.054113e-02
3.100000e+00	-5.304908e-05	5.326096e-03	9.915038e-04	1.281802e-02	-1.464834e-02
3.150000e+00	-1.004985e-03	7.671671e-03	-4.426602e-04	1.529173e-02	-1.762266e-02
3.200000e+00	-1.485988e-03	9.718369e-03	-1.244740e-03	1.712142e-02	-1.884584e-02
3.250000e+00	-1.609452e-03	1.104672e-02	-2.755967e-03	1.882116e-02	-1.925767e-02
3.300000e+00	-4.967237e-04	1.134961e-02	-4.035848e-03	2.197310e-02	-1.730916e-02
3.350000e+00	1.859097e-03	1.066724e-02	-1.958562e-03	2.418211e-02	-1.291408e-02
3.400000e+00	5.147482e-03	9.260099e-03	4.898581e-03	2.521316e-02	-7.668498e-03
3.450000e+00	8.748029e-03	7.377653e-03	9.413548e-03	2.592598e-02	-4.275106e-03
3.500000e+00	1.229652e-02	5.688587e-03	1.261904e-02	2.605037e-02	-1.759383e-03
3.550000e+00	1.517610e-02	4.622248e-03	1.588144e-02	2.557445e-02	1.101446e-03
3.600000e+00	1.689266e-02	4.230384e-03	1.747757e-02	2.958619e-02	3.572173e-03
3.650000e+00	1.726628e-02	4.265886e-03	1.741411e-02	3.162026e-02	5.490888e-03
3.700000e+00	1.610077e-02	4.770808e-03	1.591324e-02	3.170795e-02	1.836261e-03
3.750000e+00	1.346563e-02	5.695868e-03	1.287242e-02	3.069846e-02	-2.795350e-03
3.800000e+00	9.553919e-03	6.684614e-03	8.454979e-03	2.833748e-02	-7.235543e-03
3.850000e+00	4.730455e-03	7.331396e-03	2.774455e-03	2.318443e-02	-1.140019e-02
3.900000e+00	-8.789238e-04	7.271523e-03	-3.210448e-03	1.815470e-02	-1.541763e-02
3.950000e+00	-6.850736e-03	6.492378e-03	-8.756696e-03	1.103532e-02	-1.918861e-02
4.000000e+00	-1.265668e-02	5.483740e-03	-1.285258e-02	2.865820e-03	-2.453653e-02
4.050000e+00	-1.785181e-02	5.341656e-03	-1.685408e-02	-6.647895e-03	-3.288552e-02
4.100000e+00	-2.178941e-02	6.445998e-03	-2.136786e-02	-7.952719e-03	-4.020169e-02
4.150000e+00	-2.387616e-02	8.023020e-03	-2.344217e-02	-5.317116e-03	-4.507671e-02
4.200000e+00	-2.373962e-02	9.263630e-03	-2.159409e-02	-2.864080e-03	-4.440574e-02
4.250000e+00	-2.166222e-02	9.883759e-03	-1.893929e-02	-1.118229e-03	-4.034761e-02
4.300000e+00	-1.775109e-02	9.931973e-03	-1.410486e-02	2.009027e-05	-4.000671e-02
4.350000e+00	-1.266638e-02	9.762583e-03	-8.798927e-03	4.742621e-04	-3.625222e-02
4.400000e+00	-7.254401e-03	9.707911e-03	-4.435876e-03	7.767751e-03	-3.027048e-02
4.450000e+00	-2.509462e-03	9.855152e-03	-1.427754e-03	1.544954e-02	-2.376077e-02
4.500000e+00	1.255225e-03	9.960247e-03	6.138031e-04	2.123301e-02	-1.782947e-02
4.550000e+00	3.910618e-03	9.806668e-03	2.195830e-03	2.474664e-02	-1.474851e-02
4.600000e+00	5.735887e-03	9.395210e-03	4.405488e-03	2.768971e-02	-1.304576e-02
4.650000e+00	7.208129e-03	8.987694e-03	6.536961e-03	2.987456e-02	-1.154527e-02
4.700000e+00	9.026713e-03	8.737242e-03	9.311524e-03	3.144082e-02	-1.111274e-02
4.750000e+00	1.158800e-02	8.587368e-03	1.176918e-02	3.274718e-02	-1.090451e-02
4.800000e+00	1.488410e-02	8.279456e-03	1.500987e-02	3.527965e-02	-9.099761e-03
4.850000e+00	1.843214e-02	7.684429e-03	1.918690e-02	3.746748e-02	-5.505531e-03
4.900000e+00	2.155077e-02	7.156614e-03	2.252138e-02	3.704370e-02	-1.641879e-03
4.950000e+00	2.339088e-02	7.745197e-03	2.467865e-02	4.388425e-02	-2.194106e-03
5.000000e+00	2.330752e-02	1.003973e-02	2.522173e-02	5.245776e-02	-5.976251e-03
5.050000e+00	2.112996e-02	1.325450e-02	2.272683e-02	5.711718e-02	-1.215435e-02
5.100000e+00	1.719050e-02	1.638900e-02	1.847512e-02	6.214787e-02	-1.785658e-02
5.150000e+00	1.223976e-02	1.868814e-02	1.225816e-02	6.302131e-02	-2.495090e-02
5.200000e+00	7.218480e-03	1.976374e-02	6.502330e-03	5.908043e-02	-2.964563e-02
5.250000e+00	2.905835e-03	1.956324e-02	1.657382e-03	5.080184e-02	-3.575363e-02
5.300000e+00	-2.759498e-04	1.849549e-02	-1.478915e-03	4.224574e-02	-3.905688e-02
5.350000e+00	-2.461297e-03	1.708272e-02	-4.244234e-03	4.081066e-02	-3.850588e-02
5.400000e+00	-4.256649e-03	1.573921e-02	-5.324003e-03	3.812847e-02	-3.501130e-02
5.450000e+00	-6.449640e-03	1.453070e-02	-7.378880e-03	3.762081e-02	-3.937386e-02
5.500000e+00	-9.738574e-03	1.343134e-02	-1.093117e-02	3.341108e-02	-4.261186e-02
5.550000e+00	-1.440458e-02	1.239214e-02	-1.474560e-02	2.522511e-02	-4.467869e-02
5.600000e+00	-2.012768e-02	1.163886e-02	-1.974905e-02	1.305475e-02	-4.643103e-02
5.650000e+00	-2.591100e-02	1.163913e-02	-2.690138e-02	2.878088e-03	-5.114066e-02
5.700000e+00	-3.062267e-02	1.283568e-02	-3.272789e-02	1.365670e-03	-5.374560e-02
5.750000e+00	-3.309049e-02	1.509139e-02	-3.575028e-02	2.534866e-03	-6.048561e-02
5.800000e+00	-3.252527e-02	1.775202e-02	-3.451602e-02	5.672582e-03	-6.896444e-02
5.850000e+00	-2.865280e-02	1.994381e-02	-2.919390e-02	9.458380e-03	-7.029581e-02
5.900000e+00	-2.211285e-02	2.103586e-02	-2.185912e-02	1.933783e-02	-6.460215e-02
5.950000e+00	-1.391842e-02	2.069632e-02	-1.308612e-02	2.783211e-02	-5.608361e-02
6.000000e+00	-5.276558e-03	1.908526e-02	-3.943497e-03	3.559882e-02	-4.506733e-02
6.050000e+00	2.762438e-03	1.682624e-02	4.420507e-03	3.985530e-02	-3.269319e-02
6.100000e+00	9.425343e-03	1.504392e-02	9.422051e-03	4.772307e-02	-2.271412e-02
6.150000e+00	1.451296e-02	1.453215e-02	1.437605e-02	5.383357e-02	-1.637856e-02
6.200000e+00	1.821847e-02	1.513076e-02	1.696220e-02	5.774368e-02	-1.343356e-02
6.250000e+00	2.092216e-02	1.600147e-02	1.830005e-02	5.874597e-02	-1.601988e-02
6.300000e+00	2.296007e-02	1.637900e-02	1.955104e-02	6.090671e-02	-1.675528e-02
6.350000e+00	2.445689e-02	1.582308e-02	2.145867e-02	6.313766e-02	-1.567843e-02
6.400000e+00	2.527959e-02	1.432306e-02	2.253389e-02	6.148656e-02	-1.243676e-02
6.450000e+00	2.511621e-02	1.272869e-02	2.571305e-02	5.556543e-02	-1.286316e-02
6.500000e+00	2.363570e-02	1.311450e-02	2.508128e-02	5.184460e-02	-1.468149e-02
6.550000e+00	2.061355e-02	1.664940e-02	1.913027e-02	6.222473e-02	-1.634539e-02
6.600000e+00	1.614426e-02	2.166676e-02	1.106106e-02	7.204826e-02	-2.251660e-02
6.650000e+00	1.059462e-02	2.591543e-02	3.027659e-03	7.643018e-02	-2.981803e-02
6.700000e+00	4.523862e-03	2.788003e-02	-4.324737e-03	7.358890e-02	-4.007991e-02
6.750000e+00	-1.463239e-03	2.685991e-02	-8.356672e-03	6.336878e-02	-4.804988e-02
6.800000e+00	-6.858752e-03	2.300122e-02	-1.131274e-02	4.695096e-02	-5.329830e-02
6.850000e+00	-1.133814e-02	1.732345e-02	-1.224540e-02	2.899739e-02	-5.285895e-02
6.900000e+00	-1.476920e-02	1.187890e-02	-1.453081e-02	1.744573e-02	-4.710713e-02
6.950000e+00	-1.715667e-02	9.853527e-03	-1.716637e-02	1.487722e-02	-3.833972e-02
7.000000e+00	-1.856067e-02	1.162056e-02	-1.806891e-02	1.177268e-02	-4.623791e-02
7.050000e+00	-1.902090e-02	1.358599e-02	-1.647621e-02	8.145594e-03	-5.218503e-02
7.100000e+00	-1.856088e-02	1.409097e-02	-1.651448e-02	8.723542e-03	-5.300947e-02
7.150000e+00	-1.721052e-02	1.350418e-02	-1.595629e-02	1.197136e-02	-5.379534e-02
7.200000e+00	-1.505495e-02	1.321657e-02	-1.494955e-02	1.883300e-02	-5.088957e-02
7.250000e+00	-1.227483e-02	1.426171e-02	-1.308392e-02	2.617961e-02	-4.916974e-02
7.300000e+00	-9.142971e-03	1.605599e-02	-9.245886e-03	3.419654e-02	-5.002412e-02
7.350000e+00	-5.969545e-03	1.728329e-02	-5.767358e-03	3.867430e-02	-4.832950e-02
7.400000e+00	-3.016278e-03	1.714369e-02	-3.403682e-03	4.267553e-02	-4.236012e-02
7.450000e+00	-4.183237e-04	1.567461e-02	-6.066005e-04	4.395297e-02	-4.079867e-02
7.500000e+00	1.847086e-03	1.370821e-02	1.350961e-03	4.125476e-02	-3.561970e-02
7.550000e+00	3.902255e-03	1.253255e-02	4.777522e-03	3.618818e-02	-2.663630e-02
7.600000e+00	5.937344e-03	1.289596e-02	7.482407e-03	3.378069e-02	-2.790352e-02
7.650000e+00	8.052624e-03	1.410106e-02	8.635789e-03	3.827378e-02	-2.902707e-02
7.700000e+00	1.018264e-02	1.506837e-02	8.628213e-03	4.296158e-02	-2.734643e-02
7.750000e+00	1.208379e-02	1.531105e-02	9.953645e-03	4.694506e-02	-2.237113e-02
7.800000e+00	1.340458e-02	1.497355e-02	1.180482e-02	4.834285e-02	-1.854745e-02
7.850000e+00	1.381440e-02	1.455399e-02	1.166071e-02	4.562898e-02	-1.994447e-02
7.900000e+00	1.313947e-02	1.451198e-02	1.362607e-02	4.607303e-02	-2.431405e-02
7.950000e+00	1.144854e-02	1.492188e-02	1.414201e-02	4.543406e-02	-2.850844e-02
8.000000e+00	9.049179e-03	1.549045e-02	1.151154e-02	4.209105e-02	-3.049422e-02
8.050000e+00	6.365253e-03	1.583748e-02	8.054001e-03	4.016563e-02	-2.981950e-02
8.100000e+00	3.886809e-03	1.583920e-02	4.622257e-03	3.854437e-02	-3.071724e-02
8.150000e+00	1.895085e-03	1.554226e-02	2.690479e-03	3.723933e-02	-3.370808e-02
8.200000e+00	4.224160e-04	1.507397e-02	8.589959e-04	3.904532e-02	-3.539214e-02
8.250000e+00	-7.287661e-04	1.452843e-02	3.105715e-04	4.013886e-02	-3.360920e-02
8.300000e+00	-1.872965e-03	1.394297e-02	-1.218801e-03	3.852140e-02	-3.244372e-02
8.350000e+00	-3.282386e-03	1.335592e-02	-2.635233e-03	3.381239e-02	-3.465952e-02
8.400000e+00	-5.048516e-03	1.284978e-02	-3.742728e-03	2.592289e-02	-3.872756e-02
8.450000e+00	-7.022855e-03	1.252224e-02	-6.168899e-03	2.232628e-02	-4.000029e-02
8.500000e+00	-8.862059e-03	1.244645e-02	-9.484539e-03	2.449507e-02	-4.187446e-02
8.550000e+00	-1.015946e-02	1.268675e-02	-1.271568e-02	2.406638e-02	-4.138052e-02
8.600000e+00	-1.061079e-02	1.335161e-02	-1.310013e-02	2.766456e-02	-3.972972e-02
8.650000e+00	-1.013019e-02	1.441759e-02	-1.229216e-02	2.949108e-02	-4.202167e-02
8.700000e+00	-8.891397e-03	1.558817e-02	-9.925328e-03	3.163328e-02	-4.198436e-02
8.750000e+00	-7.255878e-03	1.635124e-02	-9.324649e-03	3.639386e-02	-4.202709e-02
8.800000e+00	-5.620957e-03	1.622286e-02	-7.385375e-03	3.789301e-02	-4.445603e-02
8.850000e+00	-4.251935e-03	1.500521e-02	-5.116605e-03	3.885500e-02	-4.356259e-02
8.900000e+00	-3.171641e-03	1.298757e-02	-3.337977e-03	3.529416e-02	-3.933107e-02
8.950000e+00	-2.158629e-03	1.107081e-02	-2.470688e-03	2.885981e-02	-3.335488e-02
9.000000e+00	-8.597786e-04	1.046291e-02	-1.182661e-03	2.366319e-02	-2.718044e-02
9.050000e+00	1.032831e-03	1.136279e-02	8.181648e-04	3.032911e-02	-2.483807e-02
9.100000e+00	3.593696e-03	1.258097e-02	4.217872e-03	3.377441e-02	-2.914104e-02
9.150000e+00	6.576037e-03	1.307379e-02	7.930371e-03	3.347509e-02	-2.928506e-02
9.200000e+00	9.441657e-03	1.267227e-02	1.161298e-02	3.228831e-02	-3.130867e-02
9.250000e+00	1.151817e-02	1.205929e-02	1.386657e-02	3.586457e-02	-3.409709e-02
9.300000e+00	1.222806e-02	1.226806e-02	1.370761e-02	4.085451e-02	-3.359253e-02
9.350000e+00	1.130439e-02	1.352196e-02	1.289806e-02	4.279449e-02	-2.956318e-02
9.400000e+00	8.909623e-03	1.491505e-02	1.018931e-02	4.167283e-02	-3.084178e-02
9.450000e+00	5.608263e-03	1.544343e-02	6.468292e-03	4.026025e-02	-3.343310e-02
9.500000e+00	2.198326e-03	1.469474e-02	2.753899e-03	3.938548e-02	-3.823498e-02
9.550000e+00	-5.413519e-04	1.296296e-02	-1.206036e-03	3.656745e-02	-3.718209e-02
9.600000e+00	-2.098135e-03	1.112519e-02	-2.449734e-03	3.142082e-02	-2.981474e-02
9.650000e+00	-2.378096e-03	1.016043e-02	-2.156435e-03	2.512741e-02	-2.838884e-02
9.700000e+00	-1.716581e-03	1.021969e-02	-1.655106e-03	2.136455e-02	-2.991931e-02
9.750000e+00	-7.409396e-04	1.057383e-02	-1.095559e-03	2.247647e-02	-3.158381e-02
9.800000e+00	-1.390124e-04	1.069630e-02	-6.172480e-04	2.668782e-02	-3.020428e-02
9.850000e+00	-4.164685e-04	1.072706e-02	-9.692499e-04	2.822103e-02	-2.696948e-02
9.900000e+00	-1.726779e-03	1.111438e-02	-1.595158e-03	3.063379e-02	-2.913061e-02
9.950000e+00	-3.828619e-03	1.198670e-02	-4.581157e-03	3.145214e-02	-3.506210e-02
1.000000e+01	-6.178582e-03	1.297366e-02	-7.355253e-03	2.948330e-02	-3.744623e-02
1.005000e+01	-8.118829e-03	1.360345e-02	-1.004744e-02	2.566142e-02	-3.663113e-02
1.010000e+01	-9.087675e-03	1.362659e-02	-1.133386e-02	2.599913e-02	-3.804086e-02
1.015000e+01	-8.807779e-03	1.310183e-02	-1.057683e-02	2.758553e-02	-3.906582e-02
1.020000e+01	-7.342683e-03	1.229285e-02	-7.567155e-03	2.843976e-02	-3.615282e-02
1.025000e+01	-5.048345e-03	1.151169e-02	-4.830847e-03	2.591853e-02	-3.561136e-02
1.030000e+01	-2.439192e-03	1.095438e-02	-1.834485e-03	3.158249e-02	-3.523983e-02
1.035000e+01	-2.197740e-05	1.062932e-02	-1.296852e-03	3.422881e-02	-3.148713e-02
1.040000e+01	1.845144e-03	1.045230e-02	1.137365e-03	3.076975e-02	-2.536837e-02
1.045000e+01	3.026958e-03	1.039701e-02	3.052138e-03	2.754202e-02	-2.672780e-02
1.050000e+01	3.605319e-03	1.051316e-02	4.148537e-03	2.959723e-02	-2.773882e-02
1.055000e+01	3.807689e-03	1.079015e-02	4.314631e-03	2.812747e-02	-3.015518e-02
1.060000e+01	3.903453e-03	1.105921e-02	4.456509e-03	3.003696e-02	-2.877461e-02
1.065000e+01	4.105816e-03	1.109627e-02	4.717775e-03	2.986335e-02	-2.479029e-02
1.070000e+01	4.508226e-03	1.082903e-02	4.888172e-03	2.971546e-02	-1.998021e-02
1.075000e+01	5.067819e-03	1.044822e-02	4.960949e-03	3.514571e-02	-2.401419e-02
1.080000e+01	5.631631e-03	1.028242e-02	5.633501e-03	3.756867e-02	-2.895521e-02
1.085000e+01	5.990029e-03	1.045548e-02	6.367803e-03	3.554294e-02	-3.051646e-02
1.090000e+01	5.938327e-03	1.070567e-02	6.273871e-03	3.244618e-02	-2.813233e-02
1.095000e+01	5.330699e-03	1.064110e-02	5.049414e-03	3.382551e-02	-2.215197e-02
1.100000e+01	4.116857e-03	1.009277e-02	4.047854e-03	3.098005e-02	-2.429267e-02
1.105000e+01	2.356215e-03	9.269161e-03	2.346703e-03	3.229831e-02	-2.537455e-02
1.110000e+01	2.138699e-04	8.630761e-03	5.604686e-04	3.124770e-02	-2.592555e-02
1.115000e+01	-2.062226e-03	8.548388e-03	-1.492109e-03	2.630502e-02	-2.520869e-02
1.120000e+01	-4.180125e-03	8.926039e-03	-3.634450e-03	2.023264e-02	-2.392140e-02
1.125000e+01	-5.853460e-03	9.378315e-03	-6.288531e-03	1.800471e-02	-2.786678e-02
1.130000e+01	-6.856701e-03	9.643804e-03	-7.498402e-03	1.989117e-02	-2.750660e-02
1.135000e+01	-7.075014e-03	9.697412e-03	-7.774309e-03	2.124988e-02	-2.565821e-02
1.140000e+01	-6.534793e-03	9.628741e-03	-8.118416e-03	2.278176e-02	-2.381220e-02
1.145000e+01	-5.402606e-03	9.500106e-03	-7.080803e-03	2.321278e-02	-2.502080e-02
1.150000e+01	-3.947680e-03	9.310531e-03	-4.855795e-03	2.251387e-02	-2.589250e-02
1.155000e+01	-2.474425e-03	9.055955e-03	-2.187284e-03	2.230025e-02	-2.359992e-02
1.160000e+01	-1.242808e-03	8.776996e-03	-7.329418e-04	2.180025e-02	-2.473184e-02
1.165000e+01	-4.008671e-04	8.532113e-03	3.855456e-04	2.205045e-02	-2.389454e-02
1.170000e+01	4.827987e-05	8.345895e-03	3.187148e-04	2.484633e-02	-2.149226e-02
1.175000e+01	2.330119e-04	8.212750e-03	3.481465e-04	2.575303e-02	-2.046318e-02
1.180000e+01	3.572120e-04	8.145018e-03	-2.710393e-04	2.444040e-02	-1.767817e-02
1.185000e+01	6.207826e-04	8.176390e-03	-4.204511e-07	2.431181e-02	-1.864402e-02
1.190000e+01	1.144482e-03	8.294954e-03	7.896220e-04	2.152880e-02	-2.106125e-02
1.195000e+01	1.925517e-03	8.400419e-03	2.263029e-03	2.103408e-02	-2.157050e-02
1.200000e+01	2.839048e-03	8.363955e-03	3.142467e-03	2.571586e-02	-1.965697e-02
1.205000e+01	3.692661e-03	8.154688e-03	3.892448e-03	2.621553e-02	-1.958678e-02
1.210000e+01	4.271623e-03	7.821014e-03	3.893401e-03	2.530060e-02	-1.803625e-02
1.215000e+01	4.434950e-03	7.502578e-03	4.179136e-03	2.582807e-02	-1.549595e-02
1.220000e+01	4.151549e-03	7.285391e-03	4.069844e-03	2.677159e-02	-1.342846e-02
1.225000e+01	3.503109e-03	7.137025e-03	3.365781e-03	2.838056e-02	-1.709841e-02
1.230000e+01	2.646884e-03	6.971486e-03	2.542387e-03	2.710002e-02	-1.932467e-02
1.235000e+01	1.754886e-03	6.749028e-03	1.902625e-03	2.304449e-02	-1.901316e-02
1.240000e+01	9.541792e-04	6.495610e-03	1.140466e-03	1.897830e-02	-1.562096e-02
1.245000e+01	2.911885e-04	6.262560e-03	3.486515e-04	1.585562e-02	-1.780049e-02
1.250000e+01	-2.678008e-04	6.123064e-03	-2.827737e-04	1.817012e-02	-1.933476e-02
1.255000e+01	-8.028786e-04	6.214427e-03	-7.371191e-04	1.836470e-02	-1.916454e-02
1.260000e+01	-1.389630e-03	6.680690e-03	-1.697516e-03	1.630067e-02	-1.770313e-02
1.265000e+01	-2.053461e-03	7.474562e-03	-2.624880e-03	1.743087e-02	-2.018992e-02
1.270000e+01	-2.748316e-03	8.298484e-03	-3.501432e-03	1.884432e-02	-2.070890e-02
1.275000e+01	-3.368098e-03	8.785427e-03	-4.055773e-03	1.968165e-02	-2.258356e-02
1.280000e+01	-3.785294e-03	8.698576e-03	-4.674858e-03	1.851590e-02	-2.301737e-02
1.285000e+01	-3.900093e-03	8.042167e-03	-4.314650e-03	1.782142e-02	-2.150600e-02
1.290000e+01	-3.679406e-03	7.089859e-03	-3.847145e-03	1.686183e-02	-1.982473e-02
1.295000e+01	-3.169758e-03	6.306616e-03	-3.371902e-03	1.395051e-02	-1.774589e-02
1.300000e+01	-2.479185e-03	6.062534e-03	-2.163723e-03	1.332876e-02	-1.751681e-02
1.305000e+01	-1.740551e-03	6.299798e-03	-1.262882e-03	1.494305e-02	-2.192776e-02
1.310000e+01	-1.055619e-03	6.648845e-03	-7.686978e-04	1.588842e-02	-2.405982e-02
1.315000e+01	-4.623675e-04	6.872266e-03	-4.920205e-04	1.767391e-02	-2.343633e-02
1.320000e+01	7.059562e-05	6.954027e-03	-1.305912e-04	1.816780e-02	-2.002201e-02
1.325000e+01	6.184958e-04	6.988337e-03	3.107030e-04	1.902883e-02	-1.593202e-02
1.330000e+01	1.254603e-03	7.049149e-03	9.454464e-04	2.037608e-02	-1.406752e-02
1.335000e+01	2.003339e-03	7.136042e-03	2.337306e-03	2.219402e-02	-1.375484e-02
1.340000e+01	2.812198e-03	7.203461e-03	3.521164e-03	2.199037e-02	-1.547811e-02
1.345000e+01	3.555119e-03	7.207874e-03	4.317236e-03	1.938539e-02	-1.573487e-02
1.350000e+01	4.067610e-03	7.127427e-03	4.781348e-03	2.047118e-02	-1.788969e-02
1.355000e+01	4.201338e-03	6.962530e-03	4.596712e-03	2.262648e-02	-1.878587e-02
1.360000e+01	3.878106e-03	6.732908e-03	3.730081e-03	2.239712e-02	-1.810200e-02
1.365000e+01	3.122980e-03	6.467325e-03	3.050627e-03	2.014815e-02	-1.625332e-02
1.370000e+01	2.063882e-03	6.184093e-03	2.220926e-03	1.998868e-02	-1.329961e-02
1.375000e+01	8.972107e-04	5.883446e-03	1.190215e-03	1.791919e-02	-1.437669e-02
1.380000e+01	-1.687484e-04	5.572762e-03	1.231957e-04	1.414735e-02	-1.595915e-02
1.385000e+01	-9.731453e-04	5.303599e-03	-6.134924e-04	1.194730e-02	-1.568600e-02
1.390000e+01	-1.444652e-03	5.163074e-03	-1.430860e-03	1.189782e-02	-1.433532e-02
1.395000e+01	-1.612973e-03	5.195154e-03	-1.786330e-03	1.144423e-02	-1.402073e-02
1.400000e+01	-1.587463e-03	5.336825e-03	-1.598869e-03	1.393533e-02	-1.403547e-02
1.405000e+01	-1.521709e-03	5.487113e-03	-1.236202e-03	1.555726e-02	-1.328324e-02
1.410000e+01	-1.515109e-03	5.554080e-03	-1.593323e-03	1.549001e-02	-1.353412e-02
1.415000e+01	-1.636244e-03	5.562271e-03	-1.998849e-03	1.440406e-02	-1.575179e-02
1.420000e+01	-1.882110e-03	5.573425e-03	-2.307094e-03	1.467690e-02	-1.683941e-02
1.425000e+01	-2.184022e-03	5.597477e-03	-2.831538e-03	1.430947e-02	-1.671026e-02
1.430000e+01	-2.434626e-03	5.569852e-03	-3.106996e-03	1.537273e-02	-1.546856e-02
1.435000e+01	-2.525347e-03	5.419400e-03	-2.993894e-03	1.459738e-02	-1.480532e-02
1.440000e+01	-2.381243e-03	5.146642e-03	-2.838370e-03	1.191279e-02	-1.560369e-02
1.445000e+01	-1.982329e-03	4.841056e-03	-2.261238e-03	1.247435e-02	-1.502634e-02
1.450000e+01	-1.366079e-03	4.629360e-03	-1.299095e-03	1.113243e-02	-1.440538e-02
1.455000e+01	-6.125229e-04	4.597038e-03	-5.414042e-04	1.160664e-02	-1.300248e-02
1.460000e+01	1.810465e-04	4.754937e-03	2.938660e-04	1.305035e-02	-1.380970e-02
1.465000e+01	9.261747e-04	5.065287e-03	9.128042e-04	1.373958e-02	-1.418072e-02
1.470000e+01	1.561562e-03	5.459369e-03	1.714596e-03	1.388925e-02	-1.347151e-02
1.475000e+01	2.058826e-03	5.829888e-03	1.943054e-03	1.488414e-02	-1.418019e-02
1.480000e+01	2.416032e-03	6.046678e-03	2.296812e-03	1.782044e-02	-1.555126e-02
1.485000e+01	2.643699e-03	6.007172e-03	2.585158e-03	1.854603e-02	-1.626750e-02
1.490000e+01	2.750210e-03	5.688539e-03	2.963232e-03	1.723082e-02	-1.562244e-02
1.495000e+01	2.732982e-03	5.173042e-03	2.824915e-03	1.635797e-02	-1.340686e-02
1.500000e+01	2.578777e-03	4.633784e-03	2.726005e-03	1.564969e-02	-1.003513e-02
1.505000e+01	2.278991e-03	4.278950e-03	2.184568e-03	1.573433e-02	-9.009348e-03
1.510000e+01	1.822689e-03	4.185718e-03	1.665845e-03	1.518605e-02	-8.238646e-03
1.515000e+01	1.225026e-03	4.281127e-03	1.210902e-03	1.298616e-02	-1.013439e-02
1.520000e+01	5.276649e-04	4.421192e-03	6.377490e-04	1.204892e-02	-1.296913e-02
1.525000e+01	-2.047354e-04	4.508868e-03	1.882262e-04	1.074107e-02	-1.420202e-02
1.530000e+01	-8.966619e-04	4.525488e-03	-4.582343e-04	9.911294e-03	-1.414458e-02
1.535000e+01	-1.478720e-03	4.504101e-03	-9.762253e-04	9.957074e-03	-1.326732e-02
1.540000e+01	-1.903632e-03	4.485044e-03	-1.907959e-03	9.060321e-03	-1.378990e-02
1.545000e+01	-2.155672e-03	4.479843e-03	-2.483189e-03	9.713575e-03	-1.375159e-02
1.550000e+01	-2.250261e-03	4.466646e-03	-2.673059e-03	1.098964e-02	-1.266065e-02
1.555000e+01	-2.224022e-03	4.415402e-03	-2.563917e-03	1.112905e-02	-1.240824e-02
1.560000e+01	-2.119098e-03	4.312195e-03	-2.266650e-03	1.083165e-02	-1.252871e-02
1.565000e+01	-1.967569e-03	4.160442e-03	-2.096883e-03	1.004581e-02	-1.247841e-02
1.570000e+01	-1.781637e-03	3.969140e-03	-1.815118e-03	1.021686e-02	-1.230204e-02
1.575000e+01	-1.552912e-03	3.754292e-03	-1.536579e-03	1.117500e-02	-1.179137e-02
1.580000e+01	-1.260596e-03	3.558055e-03	-1.316189e-03	1.095592e-02	-1.304611e-02
1.585000e+01	-8.849729e-04	3.451300e-03	-1.103124e-03	9.443361e-03	-1.255765e-02
1.590000e+01	-4.207394e-04	3.484856e-03	-5.192094e-04	9.901669e-03	-1.058457e-02
1.595000e+01	1.149999e-04	3.632885e-03	-5.719976e-05	1.155625e-02	-9.638491e-03
1.600000e+01	6.829388e-04	3.816741e-03	4.568635e-04	1.210361e-02	-1.023690e-02
1.605000e+01	1.242685e-03	3.994995e-03	8.716069e-04	1.366176e-02	-9.626878e-03
1.610000e+01	1.724437e-03	4.139344e-03	1.727186e-03	1.383004e-02	-1.007556e-02
1.615000e+01	2.079185e-03	4.246256e-03	2.271183e-03	1.400833e-02	-1.138426e-02
1.620000e+01	2.278146e-03	4.280328e-03	2.603430e-03	1.401545e-02	-1.207454e-02
1.625000e+01	2.314790e-03	4.183142e-03	2.762169e-03	1.421066e-02	-1.174418e-02
1.630000e+01	2.200316e-03	3.930219e-03	2.703216e-03	1.260323e-02	-1.094885e-02
1.635000e+01	1.955619e-03	3.580871e-03	2.595149e-03	1.105648e-02	-1.014241e-02
1.640000e+01	1.603922e-03	3.270387e-03	1.921479e-03	9.924287e-03	-8.577475e-03
1.645000e+01	1.167366e-03	3.118668e-03	1.458067e-03	1.151156e-02	-7.822965e-03
1.650000e+01	6.684523e-04	3.121460e-03	8.664617e-04	1.193948e-02	-1.001566e-02
1.655000e+01	1.344681e-04	3.181604e-03	2.802105e-04	1.165785e-02	-1.096900e-02
1.660000e+01	-3.987792e-04	3.235453e-03	-3.291776e-04	1.089532e-02	-1.031730e-02
1.665000e+01	-8.874998e-04	3.291491e-03	-7.237865e-04	1.088384e-02	-8.972994e-03
1.670000e+01	-1.286292e-03	3.367966e-03	-1.159441e-03	9.419402e-03	-1.008967e-02
1.675000e+01	-1.558834e-03	3.433277e-03	-1.596719e-03	8.659607e-03	-1.105821e-02
1.680000e+01	-1.688724e-03	3.423389e-03	-1.654517e-03	1.000667e-02	-1.145330e-02
1.685000e+01	-1.685422e-03	3.301785e-03	-1.673227e-03	1.000098e-02	-1.121645e-02
1.690000e+01	-1.581720e-03	3.093014e-03	-1.533962e-03	8.770588e-03	-1.032824e-02
1.695000e+01	-1.422566e-03	2.870760e-03	-1.446625e-03	6.678420e-03	-9.923719e-03
1.700000e+01	-1.248951e-03	2.718188e-03	-1.248952e-03	6.329133e-03	-8.640343e-03
1.705000e+01	-1.091789e-03	2.690737e-03	-1.059766e-03	6.307750e-03	-9.448187e-03
1.710000e+01	-9.374392e-04	2.787293e-03	-8.589403e-04	6.860230e-03	-1.078611e-02
1.715000e+01	-7.578411e-04	2.959537e-03	-5.974754e-04	6.883797e-03	-1.098388e-02
1.720000e+01	-5.189753e-04	3.126721e-03	-2.952371e-04	7.182599e-03	-9.829736e-03
1.725000e+01	-1.998451e-04	3.207168e-03	-1.329717e-04	7.757670e-03	-8.566948e-03
1.730000e+01	1.924341e-04	3.162142e-03	2.211530e-04	8.533049e-03	-7.807069e-03
1.735000e+01	6.181797e-04	3.028754e-03	5.519132e-04	9.507051e-03	-7.088900e-03
1.740000e+01	1.014065e-03	2.913443e-03	9.918717e-04	9.499524e-03	-7.018809e-03
1.745000e+01	1.312773e-03	2.920544e-03	1.415490e-03	1.098074e-02	-6.441532e-03
1.750000e+01	1.466107e-03	3.056790e-03	1.611033e-03	1.281291e-02	-7.608710e-03
1.755000e+01	1.462459e-03	3.235694e-03	1.499298e-03	1.281263e-02	-7.943339e-03
1.760000e+01	1.331321e-03	3.371700e-03	1.235817e-03	1.090965e-02	-8.956078e-03
1.765000e+01	1.132469e-03	3.435570e-03	1.305292e-03	1.030298e-02	-9.811052e-03
1.770000e+01	9.335008e-04	3.440751e-03	1.049192e-03	1.035604e-02	-9.574367e-03
1.775000e+01	7.842332e-04	3.402069e-03	8.154206e-04	9.498926e-03	-8.441226e-03
1.780000e+01	6.979841e-04	3.312674e-03	6.211987e-04	8.746289e-03	-8.515020e-03
1.785000e+01	6.472768e-04	3.161356e-03	6.726478e-04	8.365846e-03	-8.091428e-03
1.790000e+01	5.759381e-04	2.971371e-03	5.984577e-04	8.181393e-03	-9.352145e-03
1.795000e+01	4.231096e-04	2.819964e-03	5.591450e-04	7.858169e-03	-1.015910e-02
1.800000e+01	1.499321e-04	2.800850e-03	4.298484e-04	6.766857e-03	-9.829347e-03
1.805000e+01	-2.434650e-04	2.941033e-03	2.728724e-05	7.441662e-03	-9.172965e-03
1.810000e+01	-7.104342e-04	3.166745e-03	-7.329153e-04	8.042622e-03	-9.840140e-03
1.815000e+01	-1.170687e-03	3.371395e-03	-1.248142e-03	8.247636e-03	-9.162869e-03
1.820000e+01	-1.535484e-03	3.480222e-03	-1.604323e-03	8.334358e-03	-1.054621e-02
1.825000e+01	-1.735186e-03	3.463763e-03	-1.653303e-03	8.157320e-03	-1.174355e-02
1.830000e+01	-1.739627e-03	3.327143e-03	-1.465680e-03	7.088115e-03	-1.143609e-02
1.835000e+01	-1.564271e-03	3.102819e-03	-1.194218e-03	5.809989e-03	-1.052978e-02
1.840000e+01	-1.260795e-03	2.852930e-03	-1.114295e-03	6.360971e-03	-1.045205e-02
1.845000e+01	-8.967118e-04	2.662833e-03	-8.367603e-04	6.475858e-03	-1.063120e-02
1.850000e+01	-5.325040e-04	2.596106e-03	-4.896131e-04	7.338825e-03	-9.290375e-03
1.855000e+01	-2.050749e-04	2.633744e-03	-2.139219e-04	8.163107e-03	-8.193897e-03
1.860000e+01	7.691756e-05	2.687454e-03	4.514321e-05	8.588222e-03	-7.461026e-03
1.865000e+01	3.254965e-04	2.681647e-03	3.256265e-04	8.367891e-03	-8.220883e-03
1.870000e+01	5.582632e-04	2.608186e-03	5.397740e-04	9.888445e-03	-8.818272e-03
1.875000e+01	7.831914e-04	2.518830e-03	8.006868e-04	1.026584e-02	-8.138916e-03
1.880000e+01	9.901987e-04	2.470320e-03	8.942418e-04	9.584447e-03	-6.535087e-03
1.885000e+01	1.152924e-03	2.469563e-03	1.208098e-03	8.960057e-03	-4.978728e-03
1.890000e+01	1.239410e-03	2.481488e-03	1.251491e-03	8.575625e-03	-6.295951e-03
1.895000e+01	1.226469e-03	2.483724e-03	1.302155e-03	7.251615e-03	-6.971234e-03
1.900000e+01	1.111043e-03	2.491975e-03	1.293802e-03	7.340953e-03	-7.072978e-03
1.905000e+01	9.159990e-04	2.534095e-03	1.102811e-03	8.983446e-03	-7.009430e-03
1.910000e+01	6.761329e-04	2.595280e-03	7.030989e-04	9.616043e-03	-8.083402e-03
1.915000e+01	4.317051e-04	2.632571e-03	3.258674e-04	9.430378e-03	-7.792324e-03
1.920000e+01	2.128717e-04	2.611128e-03	1.838533e-04	8.605857e-03	-7.765438e-03
1.925000e+01	3.088554e-05	2.535436e-03	-7.106516e-05	7.218814e-03	-7.118320e-03
1.930000e+01	-1.221210e-04	2.446190e-03	-9.157314e-05	6.110912e-03	-7.606729e-03
1.935000e+01	-2.650438e-04	2.388558e-03	-1.315627e-04	5.730079e-03	-7.966784e-03
1.940000e+01	-4.153205e-04	2.377044e-03	-2.943104e-04	5.632650e-03	-8.314637e-03
1.945000e+01	-5.777946e-04	2.389556e-03	-4.330329e-04	5.399467e-03	-8.076677e-03
1.950000e+01	-7.399295e-04	2.393727e-03	-6.951395e-04	5.280889e-03	-9.100000e-03
1.955000e+01	-8.754369e-04	2.375444e-03	-8.785168e-04	7.133763e-03	-8.941891e-03
1.960000e+01	-9.546025e-04	2.347940e-03	-9.133655e-04	8.094243e-03	-8.319035e-03
1.965000e+01	-9.566430e-04	2.337998e-03	-9.988452e-04	7.902185e-03	-7.417617e-03
1.970000e+01	-8.785929e-04	2.357038e-03	-1.111676e-03	6.545341e-03	-7.855384e-03
1.975000e+01	-7.368353e-04	2.382452e-03	-1.061325e-03	6.772592e-03	-7.468838e-03
1.980000e+01	-5.606797e-04	2.372742e-03	-8.467037e-04	7.520473e-03	-7.367461e-03
1.985000e+01	-3.808947e-04	2.303842e-03	-5.034295e-04	7.270101e-03	-7.424943e-03
1.990000e+01	-2.182664e-04	2.194527e-03	-2.707655e-04	6.091205e-03	-6.592349e-03
1.995000e+01	-7.715551e-05	2.099720e-03	-1.399681e-04	5.828589e-03	-6.017089e-03
2.000000e+01	5.324905e-05	2.068366e-03	1.386872e-05	5.622683e-03	-5.118511e-03
