# k	<chi>	std	chi_median	chi_max	chi_min
0.000000e+00	6.777122e-03	1.002720e-01	0.000000e+00	3.069441e-01	-2.558609e-01
5.000000e-02	8.643760e-03	1.309133e-01	-8.866446e-03	3.348057e-01	-2.504203e-01
1.000000e-01	1.437758e-03	1.210797e-01	-1.274255e-02	3.212227e-01	-2.392052e-01
1.500000e-01	-2.070303e-02	9.535918e-02	-3.632439e-02	2.798182e-01	-2.073764e-01
2.000000e-01	-4.385911e-02	7.809130e-02	-4.966833e-02	2.370590e-01	-2.535810e-01
2.500000e-01	-8.349706e-02	7.978319e-02	-7.688133e-02	1.640063e-01	-3.369630e-01
3.000000e-01	-1.253814e-01	1.114070e-01	-1.012233e-01	8.782282e-02	-4.422346e-01
3.500000e-01	-1.846708e-01	1.697741e-01	-1.329718e-01	8.007866e-02	-5.804274e-01
4.000000e-01	-2.458776e-01	2.285493e-01	-1.701390e-01	7.935952e-02	-7.095803e-01
4.500000e-01	-3.225002e-01	2.975284e-01	-2.428562e-01	7.739803e-02	-8.634244e-01
5.000000e-01	-3.974972e-01	3.559890e-01	-3.238515e-01	7.042909e-02	-9.931971e-01
5.500000e-01	-4.802794e-01	4.114355e-01	-4.161875e-01	4.532515e-02	-1.119228e+00
6.000000e-01	-5.535550e-01	4.479831e-01	-4.994350e-01	1.660416e-02	-1.203323e+00
6.500000e-01	-6.205627e-01	4.674280e-01	-5.715834e-01	-3.013106e-02	-1.269253e+00
7.000000e-01	-6.670632e-01	4.622456e-01	-6.231300e-01	-9.316635e-02	-1.287543e+00
7.500000e-01	-6.904595e-01	4.308233e-01	-6.685351e-01	-1.664516e-01	-1.240381e+00
8.000000e-01	-6.843623e-01	3.766910e-01	-6.649750e-01	-2.139469e-01	-1.156584e+00
8.500000e-01	-6.440684e-01	2.990326e-01	-6.408861e-01	-2.554794e-01	-1.058906e+00
9.000000e-01	-5.751540e-01	2.118346e-01	-5.796463e-01	-2.832932e-01	-9.485998e-01
9.500000e-01	-4.764752e-01	1.201369e-01	-4.395385e-01	-2.870875e-01	-7.824871e-01
1.000000e+00	-3.650890e-01	6.091232e-02	-3.628931e-01	-1.999399e-01	-5.830899e-01
1.050000e+00	-2.459462e-01	8.783539e-02	-2.733104e-01	-3.041998e-02	-5.079918e-01
1.100000e+00	-1.400500e-01	1.321721e-01	-1.800027e-01	1.027333e-01	-4.242513e-01
1.150000e+00	-5.501738e-02	1.568131e-01	-7.594214e-02	1.926015e-01	-3.172658e-01
1.200000e+00	-3.136976e-03	1.537524e-01	-1.158726e-02	2.183835e-01	-2.273019e-01
1.250000e+00	1.348322e-02	1.268246e-01	1.863911e-02	2.076806e-01	-2.046163e-01
1.300000e+00	-8.992317e-05	8.444266e-02	-4.665124e-03	1.679291e-01	-1.844424e-01
1.350000e+00	-3.579699e-02	4.423356e-02	-3.846602e-02	9.386420e-02	-1.636444e-01
1.400000e+00	-7.522417e-02	5.066761e-02	-6.820770e-02	1.103872e-01	-2.016242e-01
1.450000e+00	-1.055949e-01	8.138724e-02	-1.052040e-01	1.241029e-01	-2.400803e-01
1.500000e+00	-1.112984e-01	9.816220e-02	-8.401144e-02	1.180643e-01	-2.525903e-01
1.550000e+00	-8.679513e-02	9.443778e-02	-4.192496e-02	1.018950e-01	-2.159259e-01
1.600000e+00	-3.415166e-02	7.128387e-02	2.076487e-03	8.388984e-02	-1.528997e-01
1.650000e+00	3.895438e-02	3.670319e-02	4.926816e-02	1.128142e-01	-5.852191e-02
1.700000e+00	1.141188e-01	2.771011e-02	1.076575e-01	1.980665e-01	5.483018e-02
1.750000e+00	1.787529e-01	6.053041e-02	1.669677e-01	2.851728e-01	6.695965e-02
1.800000e+00	2.154026e-01	8.658607e-02	2.081239e-01	3.371430e-01	7.144456e-02
1.850000e+00	2.214385e-01	9.805795e-02	1.975926e-01	3.522829e-01	7.479890e-02
1.900000e+00	1.955145e-01	9.200782e-02	1.711519e-01	3.209805e-01	7.370426e-02
1.950000e+00	1.489605e-01	7.318173e-02	1.315304e-01	2.599143e-01	5.436244e-02
2.000000e+00	9.383134e-02	4.679703e-02	8.525679e-02	1.717955e-01	3.049313e-02
2.050000e+00	4.256709e-02	2.007551e-02	3.624644e-02	8.890031e-02	8.121395e-03
2.100000e+00	8.151571e-03	1.046581e-02	9.859084e-03	4.210473e-02	-1.861848e-02
2.150000e+00	-5.384731e-03	2.007598e-02	-2.591052e-03	3.381055e-02	-4.104552e-02
2.200000e+00	-2.281623e-03	2.338650e-02	5.918415e-03	3.359910e-02	-4.142904e-02
2.250000e+00	6.526237e-03	2.375607e-02	1.184436e-02	4.385537e-02	-3.350585e-02
2.300000e+00	1.434165e-02	2.257064e-02	1.320029e-02	4.965905e-02	-2.265412e-02
2.350000e+00	1.624721e-02	2.156150e-02	1.649519e-02	4.837614e-02	-1.634280e-02
2.400000e+00	1.102216e-02	2.122158e-02	1.229035e-02	4.088760e-02	-2.136458e-02
2.450000e+00	6.509499e-03	2.033892e-02	7.159582e-03	3.523464e-02	-2.748622e-02
2.500000e+00	2.775426e-04	1.869688e-02	4.222010e-04	2.712645e-02	-3.100344e-02
2.550000e+00	-6.298698e-03	1.605323e-02	-6.635975e-03	1.775978e-02	-3.141629e-02
2.600000e+00	-1.179729e-02	1.232142e-02	-1.215485e-02	7.604005e-03	-3.216802e-02
2.650000e+00	-1.737663e-02	8.427437e-03	-1.716281e-02	-3.183033e-03	-3.364726e-02
2.700000e+00	-2.126424e-02	4.409587e-03	-2.132085e-02	-1.060172e-02	-3.238564e-02
2.750000e+00	-2.298957e-02	2.720819e-03	-2.287570e-02	-1.485527e-02	-3.038787e-02
2.800000e+00	-2.253723e-02	5.281610e-03	-2.185795e-02	-1.167333e-02	-3.497591e-02
2.850000e+00	-2.165049e-02	7.912127e-03	-1.933135e-02	-7.978227e-03	-3.749837e-02
2.900000e+00	-1.862352e-02	9.565105e-03	-1.605658e-02	-3.545519e-03	-3.575037e-02
2.950000e+00	-1.404431e-02	1.006876e-02	-1.211676e-02	1.510824e-03	-3.034968e-02
3.000000e+00	-8.623169e-03	9.547501e-03	-7.598808e-03	6.166231e-03	-2.247321e-02
3.050000e+00	-2.529575e-03	8.552279e-03	-4.056954e-03	1.071383e-02	-1.470466e-02
3.100000e+00	3.102317e-03	7.067574e-03	7.323388e-04	1.507839e-02	-7.478851e-03
3.150000e+00	7.650006e-03	5.413487e-03	7.561817e-03	1.794529e-02	-8.795800e-04
3.200000e+00	1.078968e-02	3.866538e-03	1.056099e-02	1.891293e-02	2.649380e-03
3.250000e+00	1.244632e-02	2.595358e-03	1.228953e-02	1.860957e-02	4.592239e-03
3.300000e+00	1.275388e-02	2.809950e-03	1.284326e-02	1.955576e-02	5.652529e-03
3.350000e+00	1.216340e-02	4.072214e-03	1.231091e-02	2.018806e-02	8.932622e-04
3.400000e+00	1.113953e-02	5.354470e-03	1.163346e-02	1.973010e-02	-4.669287e-03
3.450000e+00	1.007969e-02	6.284422e-03	1.049763e-02	2.074106e-02	-8.467890e-03
3.500000e+00	9.163736e-03	6.449443e-03	9.515537e-03	2.137160e-02	-9.473268e-03
3.550000e+00	8.375836e-03	5.903258e-03	8.333422e-03	2.143221e-02	-7.715510e-03
3.600000e+00	7.558666e-03	4.987227e-03	7.597164e-03	2.016786e-02	-3.890633e-03
3.650000e+00	6.564955e-03	4.358926e-03	6.400339e-03	1.739395e-02	-1.561402e-03
3.700000e+00	5.000455e-03	4.813129e-03	5.295053e-03	1.799557e-02	-4.274294e-03
3.750000e+00	2.714235e-03	5.861077e-03	2.318285e-03	1.774597e-02	-7.041284e-03
3.800000e+00	-3.379097e-04	6.572195e-03	-1.282890e-03	1.507218e-02	-9.859604e-03
3.850000e+00	-4.110859e-03	6.473802e-03	-5.755661e-03	1.015096e-02	-1.306510e-02
3.900000e+00	-8.583318e-03	5.251053e-03	-1.015608e-02	3.375357e-03	-1.633901e-02
3.950000e+00	-1.341493e-02	3.170769e-03	-1.380921e-02	-6.337817e-03	-2.000043e-02
4.000000e+00	-1.807812e-02	2.074333e-03	-1.805390e-02	-1.239167e-02	-2.301177e-02
4.050000e+00	-2.216936e-02	4.490958e-03	-2.178409e-02	-1.252856e-02	-3.160642e-02
4.100000e+00	-2.491441e-02	7.299680e-03	-2.332336e-02	-1.051317e-02	-3.853576e-02
4.150000e+00	-2.552703e-02	9.246612e-03	-2.314545e-02	-7.613940e-03	-4.307124e-02
4.200000e+00	-2.343965e-02	9.872881e-03	-2.241625e-02	-4.026514e-03	-4.201278e-02
4.250000e+00	-1.910112e-02	9.243963e-03	-1.976274e-02	-4.578587e-04	-3.611558e-02
4.300000e+00	-1.230283e-02	7.592679e-03	-1.332956e-02	4.281860e-03	-2.693182e-02
4.350000e+00	-3.786782e-03	5.911410e-03	-4.372987e-03	1.057684e-02	-1.534295e-02
4.400000e+00	5.321862e-03	5.702277e-03	5.634613e-03	1.752345e-02	-9.959143e-03
4.450000e+00	1.354543e-02	7.063269e-03	1.284938e-02	2.962025e-02	-3.994379e-03
4.500000e+00	2.031805e-02	8.636030e-03	2.002594e-02	3.804150e-02	2.004458e-03
4.550000e+00	2.503774e-02	9.638544e-03	2.511390e-02	4.217651e-02	6.245512e-03
4.600000e+00	2.760152e-02	9.926704e-03	2.890650e-02	4.291850e-02	9.022580e-03
4.650000e+00	2.840713e-02	9.698608e-03	3.055418e-02	4.305098e-02	7.446789e-03
4.700000e+00	2.804260e-02	9.215887e-03	3.082455e-02	4.221325e-02	6.353871e-03
4.750000e+00	2.698698e-02	8.682608e-03	2.884018e-02	4.216432e-02	6.272105e-03
4.800000e+00	2.547191e-02	8.157640e-03	2.584462e-02	4.217211e-02	4.755310e-03
4.850000e+00	2.341929e-02	7.607230e-03	2.306195e-02	3.989272e-02	1.464361e-03
4.900000e+00	2.048286e-02	6.923052e-03	2.013335e-02	3.637441e-02	-1.138784e-03
4.950000e+00	1.630618e-02	6.387804e-03	1.628940e-02	3.106472e-02	-3.596509e-03
5.000000e+00	1.075515e-02	6.817045e-03	1.153925e-02	2.501528e-02	-5.990924e-03
5.050000e+00	4.075368e-03	8.586196e-03	5.487301e-03	2.356154e-02	-1.676130e-02
5.100000e+00	-3.013952e-03	1.093965e-02	-2.127372e-03	2.162099e-02	-2.626000e-02
5.150000e+00	-9.615797e-03	1.283720e-02	-9.113474e-03	1.910598e-02	-3.298216e-02
5.200000e+00	-1.488911e-02	1.361176e-02	-1.587260e-02	1.631266e-02	-3.691613e-02
5.250000e+00	-1.832383e-02	1.314864e-02	-2.089354e-02	1.346076e-02	-4.053787e-02
5.300000e+00	-1.997789e-02	1.193679e-02	-2.086062e-02	1.053318e-02	-4.058150e-02
5.350000e+00	-2.045208e-02	1.076046e-02	-1.948388e-02	6.251337e-03	-4.454277e-02
5.400000e+00	-2.066141e-02	9.961064e-03	-1.888264e-02	8.150634e-04	-4.675648e-02
5.450000e+00	-2.133462e-02	9.050887e-03	-1.950736e-02	-1.653271e-03	-4.698877e-02
5.500000e+00	-2.302937e-02	7.772671e-03	-2.207121e-02	-5.689581e-03	-4.508906e-02
5.550000e+00	-2.558501e-02	7.213843e-03	-2.501867e-02	-8.111098e-03	-4.328250e-02
5.600000e+00	-2.822204e-02	9.011721e-03	-2.701979e-02	-8.320566e-03	-4.806896e-02
5.650000e+00	-2.968175e-02	1.198883e-02	-2.655659e-02	-8.037883e-03	-5.799837e-02
5.700000e+00	-2.898503e-02	1.408755e-02	-2.529463e-02	-6.839096e-03	-6.239945e-02
5.750000e+00	-2.548501e-02	1.413168e-02	-2.238323e-02	3.991156e-04	-5.918222e-02
5.800000e+00	-1.923326e-02	1.215758e-02	-1.778918e-02	1.152251e-02	-4.813075e-02
5.850000e+00	-1.089337e-02	1.005029e-02	-1.231702e-02	2.248669e-02	-3.083669e-02
5.900000e+00	-1.785034e-03	1.156927e-02	-1.798906e-03	3.230452e-02	-2.596521e-02
5.950000e+00	6.831595e-03	1.648501e-02	1.017234e-02	4.014579e-02	-2.214952e-02
6.000000e+00	1.405016e-02	2.167277e-02	1.826318e-02	4.766181e-02	-2.045769e-02
6.050000e+00	1.961402e-02	2.528087e-02	2.629152e-02	5.464846e-02	-1.877682e-02
6.100000e+00	2.366202e-02	2.669907e-02	3.125347e-02	6.342341e-02	-2.124188e-02
6.150000e+00	2.679553e-02	2.594206e-02	3.435142e-02	6.918705e-02	-2.184937e-02
6.200000e+00	2.959142e-02	2.338113e-02	3.518617e-02	7.080666e-02	-1.951700e-02
6.250000e+00	3.227038e-02	1.952603e-02	3.321296e-02	6.878018e-02	-1.382496e-02
6.300000e+00	3.454196e-02	1.496844e-02	3.240309e-02	6.524835e-02	-5.064322e-03
6.350000e+00	3.568979e-02	1.072271e-02	3.590747e-02	6.188284e-02	5.970765e-03
6.400000e+00	3.485965e-02	9.253991e-03	3.498542e-02	5.609047e-02	7.409247e-03
6.450000e+00	3.142830e-02	1.241713e-02	3.266527e-02	5.872485e-02	-3.900015e-03
6.500000e+00	2.529828e-02	1.769282e-02	2.378024e-02	6.207375e-02	-1.525185e-02
6.550000e+00	1.685495e-02	2.274788e-02	1.066067e-02	6.450361e-02	-2.694644e-02
6.600000e+00	7.270348e-03	2.635390e-02	-2.556796e-03	6.164634e-02	-3.574052e-02
6.650000e+00	-2.259036e-03	2.782703e-02	-1.346344e-02	5.654374e-02	-4.373910e-02
6.700000e+00	-1.075222e-02	2.699439e-02	-2.006442e-02	4.584434e-02	-4.737085e-02
6.750000e+00	-1.770800e-02	2.424504e-02	-2.359470e-02	3.447402e-02	-5.299436e-02
6.800000e+00	-2.315862e-02	2.048248e-02	-2.535402e-02	2.178714e-02	-5.571392e-02
6.850000e+00	-2.750026e-02	1.689828e-02	-3.075123e-02	1.698041e-02	-5.456094e-02
6.900000e+00	-3.118197e-02	1.443437e-02	-3.582714e-02	1.054553e-02	-5.314006e-02
6.950000e+00	-3.439337e-02	1.306736e-02	-3.760767e-02	4.072324e-04	-5.792751e-02
7.000000e+00	-3.688996e-02	1.196490e-02	-3.738358e-02	-1.111790e-02	-6.738025e-02
7.050000e+00	-3.797796e-02	1.069271e-02	-3.708965e-02	-1.524686e-02	-7.053951e-02
7.100000e+00	-3.690378e-02	1.031438e-02	-3.476749e-02	-1.662257e-02	-6.680471e-02
7.150000e+00	-3.307927e-02	1.247133e-02	-3.109061e-02	-1.259333e-02	-6.033672e-02
7.200000e+00	-2.641344e-02	1.669538e-02	-2.398878e-02	5.908999e-03	-6.724044e-02
7.250000e+00	-1.743882e-02	2.110876e-02	-1.667321e-02	2.496855e-02	-6.777987e-02
7.300000e+00	-7.206599e-03	2.415795e-02	-9.777289e-03	3.986644e-02	-6.257538e-02
7.350000e+00	3.009767e-03	2.492928e-02	3.017502e-03	4.828993e-02	-5.212010e-02
7.400000e+00	1.208447e-02	2.322926e-02	1.545942e-02	5.064468e-02	-3.768309e-02
7.450000e+00	1.933634e-02	1.962288e-02	2.496540e-02	5.057181e-02	-2.222591e-02
7.500000e+00	2.463954e-02	1.536493e-02	2.682913e-02	5.714249e-02	-8.380139e-03
7.550000e+00	2.823395e-02	1.210197e-02	2.827956e-02	5.859599e-02	5.344641e-03
7.600000e+00	3.069180e-02	1.102252e-02	3.039866e-02	5.881959e-02	5.854298e-04
7.650000e+00	3.239122e-02	1.140418e-02	3.240454e-02	5.765607e-02	5.572716e-04
7.700000e+00	3.336821e-02	1.190324e-02	3.375893e-02	6.165901e-02	2.270382e-03
7.750000e+00	3.329336e-02	1.209872e-02	3.373147e-02	6.517237e-02	3.903910e-03
7.800000e+00	3.164155e-02	1.225175e-02	3.152167e-02	6.366071e-02	3.614475e-04
7.850000e+00	2.797565e-02	1.264848e-02	2.701912e-02	5.694818e-02	-6.106068e-03
7.900000e+00	2.221528e-02	1.323106e-02	2.116014e-02	5.229541e-02	-1.278549e-02
7.950000e+00	1.476841e-02	1.372241e-02	1.425343e-02	4.678000e-02	-1.877903e-02
8.000000e+00	6.463175e-03	1.399314e-02	5.693460e-03	3.764950e-02	-2.369583e-02
8.050000e+00	-1.761571e-03	1.421574e-02	-1.509950e-03	2.859666e-02	-3.127813e-02
8.100000e+00	-8.937715e-03	1.470961e-02	-7.902939e-03	1.765681e-02	-4.034772e-02
8.150000e+00	-1.461163e-02	1.524339e-02	-1.312595e-02	1.349514e-02	-4.738416e-02
8.200000e+00	-1.882838e-02	1.499627e-02	-1.731840e-02	1.268460e-02	-5.205074e-02
8.250000e+00	-2.201144e-02	1.324211e-02	-2.173612e-02	9.958657e-03	-5.072585e-02
8.300000e+00	-2.468929e-02	1.035182e-02	-2.503117e-02	5.016543e-03	-4.542890e-02
8.350000e+00	-2.718676e-02	9.123967e-03	-2.825899e-02	-1.617348e-03	-5.057088e-02
8.400000e+00	-2.941386e-02	1.218255e-02	-2.702747e-02	-1.908888e-03	-5.795961e-02
8.450000e+00	-3.084482e-02	1.641544e-02	-2.736045e-02	6.572463e-03	-7.050469e-02
8.500000e+00	-3.070053e-02	1.868884e-02	-2.760188e-02	1.052353e-02	-7.685115e-02
8.550000e+00	-2.822413e-02	1.780019e-02	-2.785204e-02	1.135386e-02	-7.144130e-02
8.600000e+00	-2.310806e-02	1.452801e-02	-2.554433e-02	1.644657e-02	-5.303944e-02
8.650000e+00	-1.560686e-02	1.207240e-02	-1.640651e-02	1.989634e-02	-4.724387e-02
8.700000e+00	-6.546043e-03	1.397771e-02	-7.058672e-03	2.220649e-02	-4.080472e-02
8.750000e+00	2.888799e-03	1.787384e-02	-2.052182e-03	4.218278e-02	-2.971959e-02
8.800000e+00	1.147981e-02	2.017690e-02	5.343133e-03	5.778997e-02	-1.614811e-02
8.850000e+00	1.829628e-02	1.970220e-02	1.412161e-02	6.249597e-02	-1.242161e-02
8.900000e+00	2.289042e-02	1.703706e-02	2.056144e-02	6.306600e-02	-1.869635e-02
8.950000e+00	2.530988e-02	1.387131e-02	2.537606e-02	6.022305e-02	-2.362470e-02
9.000000e+00	2.594352e-02	1.196351e-02	2.687511e-02	5.283629e-02	-2.557410e-02
9.050000e+00	2.531770e-02	1.149822e-02	2.499987e-02	5.270097e-02	-2.346163e-02
9.100000e+00	2.374978e-02	1.121306e-02	2.359587e-02	5.048027e-02	-1.718422e-02
9.150000e+00	2.139385e-02	1.038844e-02	2.119286e-02	4.857762e-02	-7.593013e-03
9.200000e+00	1.823169e-02	9.268510e-03	1.759669e-02	4.589017e-02	-3.793144e-03
9.250000e+00	1.422103e-02	8.536142e-03	1.430970e-02	4.082832e-02	-6.557385e-03
9.300000e+00	9.463774e-03	8.893765e-03	1.062966e-02	3.330999e-02	-1.232972e-02
9.350000e+00	4.301547e-03	1.049716e-02	5.408189e-03	3.002168e-02	-2.471696e-02
9.400000e+00	-7.180191e-04	1.259992e-02	9.195576e-04	3.074848e-02	-3.469923e-02
9.450000e+00	-4.998411e-03	1.413107e-02	-4.182850e-03	2.738463e-02	-3.950821e-02
9.500000e+00	-8.108283e-03	1.444392e-02	-1.019565e-02	2.224314e-02	-3.819989e-02
9.550000e+00	-9.978600e-03	1.382298e-02	-1.276738e-02	2.290643e-02	-3.495216e-02
9.600000e+00	-1.087520e-02	1.345025e-02	-1.359820e-02	2.264982e-02	-3.424815e-02
9.650000e+00	-1.136477e-02	1.414791e-02	-1.105041e-02	2.534078e-02	-3.821296e-02
9.700000e+00	-1.205566e-02	1.499424e-02	-1.275363e-02	2.960170e-02	-4.058352e-02
9.750000e+00	-1.333070e-02	1.445041e-02	-1.548790e-02	2.382197e-02	-3.927132e-02
9.800000e+00	-1.515703e-02	1.200420e-02	-1.723507e-02	1.073425e-02	-3.747095e-02
9.850000e+00	-1.705589e-02	9.040463e-03	-1.701971e-02	1.190955e-02	-3.704482e-02
9.900000e+00	-1.825294e-02	8.951759e-03	-1.881657e-02	1.707800e-02	-3.720410e-02
9.950000e+00	-1.795715e-02	1.175760e-02	-1.710858e-02	1.943361e-02	-5.279816e-02
1.000000e+01	-1.566352e-02	1.394490e-02	-1.395232e-02	1.810405e-02	-5.770664e-02
1.005000e+01	-1.134432e-02	1.395128e-02	-1.015775e-02	1.430000e-02	-5.036469e-02
1.010000e+01	-5.540037e-03	1.229566e-02	-6.344957e-03	2.245335e-02	-3.444025e-02
1.015000e+01	8.298433e-04	1.111636e-02	-1.295102e-03	3.051578e-02	-2.121936e-02
1.020000e+01	6.740154e-03	1.220410e-02	6.646437e-03	3.596909e-02	-2.076056e-02
1.025000e+01	1.136575e-02	1.426546e-02	1.326429e-02	3.815030e-02	-2.531742e-02
1.030000e+01	1.429864e-02	1.525992e-02	1.531183e-02	4.361059e-02	-2.840138e-02
1.035000e+01	1.560322e-02	1.445645e-02	1.713782e-02	4.545191e-02	-2.830263e-02
1.040000e+01	1.570206e-02	1.228847e-02	1.723019e-02	4.235118e-02	-2.469365e-02
1.045000e+01	1.514979e-02	9.886838e-03	1.521129e-02	3.629432e-02	-1.851685e-02
1.050000e+01	1.439153e-02	8.448648e-03	1.429326e-02	3.829964e-02	-1.163801e-02
1.055000e+01	1.360114e-02	8.259103e-03	1.273018e-02	3.907403e-02	-6.183059e-03
1.060000e+01	1.265531e-02	8.606388e-03	1.185324e-02	3.613691e-02	-4.069127e-03
1.065000e+01	1.124134e-02	8.921165e-03	1.061597e-02	3.173726e-02	-8.987544e-03
1.070000e+01	9.043143e-03	9.090427e-03	8.883590e-03	3.153971e-02	-1.298937e-02
1.075000e+01	5.922866e-03	9.166764e-03	6.030152e-03	2.751667e-02	-1.631538e-02
1.080000e+01	2.023350e-03	9.225645e-03	1.684790e-03	2.234726e-02	-1.967144e-02
1.085000e+01	-2.245702e-03	9.341910e-03	-3.014029e-03	1.717194e-02	-2.696662e-02
1.090000e+01	-6.325840e-03	9.509901e-03	-7.920540e-03	1.369224e-02	-2.919147e-02
1.095000e+01	-9.679609e-03	9.586172e-03	-1.107624e-02	1.185462e-02	-3.203931e-02
1.100000e+01	-1.194333e-02	9.387885e-03	-1.312378e-02	1.380088e-02	-3.227997e-02
1.105000e+01	-1.303174e-02	8.862783e-03	-1.348860e-02	1.537567e-02	-3.348536e-02
1.110000e+01	-1.304286e-02	8.105070e-03	-1.347165e-02	1.575410e-02	-3.279799e-02
1.115000e+01	-1.225934e-02	7.328905e-03	-1.292913e-02	1.475107e-02	-2.917196e-02
1.120000e+01	-1.099066e-02	6.727616e-03	-1.155152e-02	1.250883e-02	-2.335378e-02
1.125000e+01	-9.469726e-03	6.376958e-03	-1.029032e-02	1.003661e-02	-2.364605e-02
1.130000e+01	-7.807519e-03	6.204304e-03	-8.123340e-03	1.072873e-02	-2.268753e-02
1.135000e+01	-6.013012e-03	6.044040e-03	-6.335033e-03	9.468663e-03	-1.924414e-02
1.140000e+01	-4.056271e-03	5.792472e-03	-4.178370e-03	1.157336e-02	-1.680939e-02
1.145000e+01	-1.936967e-03	5.602030e-03	-2.052449e-03	1.533636e-02	-1.632273e-02
1.150000e+01	2.762328e-04	5.886784e-03	6.046840e-04	1.649526e-02	-1.477507e-02
1.155000e+01	2.451108e-03	6.849284e-03	2.498932e-03	1.820374e-02	-1.288281e-02
1.160000e+01	4.433726e-03	8.130755e-03	5.174884e-03	2.117309e-02	-1.613017e-02
1.165000e+01	6.100593e-03	9.186016e-03	7.027326e-03	2.499217e-02	-1.932471e-02
1.170000e+01	7.391940e-03	9.645256e-03	8.365930e-03	2.614229e-02	-1.998373e-02
1.175000e+01	8.308902e-03	9.393541e-03	9.389609e-03	2.622047e-02	-1.785902e-02
1.180000e+01	8.877752e-03	8.530922e-03	9.975306e-03	2.701571e-02	-1.370553e-02
1.185000e+01	9.102633e-03	7.299592e-03	9.437662e-03	2.508055e-02	-1.105264e-02
1.190000e+01	8.935278e-03	6.027330e-03	8.578069e-03	2.331613e-02	-7.563455e-03
1.195000e+01	8.282460e-03	5.090966e-03	8.335560e-03	2.051992e-02	-4.754235e-03
1.200000e+01	7.053027e-03	4.772870e-03	7.144438e-03	1.779270e-02	-8.002754e-03
1.205000e+01	5.226129e-03	4.993319e-03	5.297280e-03	1.688447e-02	-1.104056e-02
1.210000e+01	2.894325e-03	5.375008e-03	3.206085e-03	1.473893e-02	-1.262173e-02
1.215000e+01	3.021346e-04	5.657678e-03	6.487834e-04	1.329695e-02	-1.377022e-02
1.220000e+01	-2.204879e-03	5.848389e-03	-1.529493e-03	1.156509e-02	-1.463098e-02
1.225000e+01	-4.268952e-03	6.154419e-03	-4.485264e-03	1.002015e-02	-1.818846e-02
1.230000e+01	-5.625480e-03	6.754049e-03	-5.922584e-03	9.773201e-03	-2.189266e-02
1.235000e+01	-6.184100e-03	7.555993e-03	-6.248977e-03	1.120864e-02	-2.356206e-02
1.240000e+01	-6.052265e-03	8.234302e-03	-5.472731e-03	1.411884e-02	-2.365519e-02
1.245000e+01	-5.489999e-03	8.463810e-03	-5.607001e-03	1.602496e-02	-2.425951e-02
1.250000e+01	-4.811805e-03	8.129069e-03	-5.576253e-03	1.652681e-02	-2.186924e-02
1.255000e+01	-4.272964e-03	7.451038e-03	-4.762268e-03	1.539639e-02	-2.091166e-02
1.260000e+01	-3.983694e-03	6.948509e-03	-3.575665e-03	1.313815e-02	-1.901377e-02
1.265000e+01	-3.883276e-03	6.999099e-03	-3.234078e-03	1.252091e-02	-2.287863e-02
1.270000e+01	-3.782003e-03	7.321362e-03	-3.529549e-03	1.195246e-02	-2.727301e-02
1.275000e+01	-3.451832e-03	7.311242e-03	-3.152976e-03	1.308471e-02	-2.908346e-02
1.280000e+01	-2.727953e-03	6.712315e-03	-3.011331e-03	1.143679e-02	-2.504895e-02
1.285000e+01	-1.580728e-03	5.936360e-03	-2.126347e-03	1.263290e-02	-1.588823e-02
1.290000e+01	-1.311626e-04	5.932943e-03	-3.135021e-04	1.391369e-02	-1.710285e-02
1.295000e+01	1.392945e-03	7.008509e-03	1.531601e-03	1.775185e-02	-1.750355e-02
1.300000e+01	2.739046e-03	8.333853e-03	3.132351e-03	2.146576e-02	-1.823789e-02
1.305000e+01	3.730833e-03	9.172178e-03	3.980489e-03	2.562996e-02	-2.000253e-02
1.310000e+01	4.274946e-03	9.245140e-03	5.203760e-03	2.555233e-02	-2.060520e-02
1.315000e+01	4.410056e-03	8.689346e-03	5.786128e-03	2.323270e-02	-1.957237e-02
1.320000e+01	4.256753e-03	7.808575e-03	5.497076e-03	2.062199e-02	-1.676228e-02
1.325000e+01	3.953696e-03	6.859555e-03	4.566787e-03	1.862673e-02	-1.519557e-02
1.330000e+01	3.599209e-03	5.965050e-03	3.988277e-03	1.803599e-02	-1.539800e-02
1.335000e+01	3.222915e-03	5.205974e-03	3.424267e-03	1.596853e-02	-1.400113e-02
1.340000e+01	2.795937e-03	4.734102e-03	3.195377e-03	1.249329e-02	-1.116717e-02
1.345000e+01	2.269482e-03	4.706217e-03	2.361440e-03	1.317107e-02	-8.483699e-03
1.350000e+01	1.619129e-03	5.120475e-03	1.367781e-03	1.577183e-02	-9.679237e-03
1.355000e+01	8.712779e-04	5.831491e-03	-6.208467e-05	1.881195e-02	-1.082988e-02
1.360000e+01	9.882027e-05	6.645645e-03	-6.172439e-04	2.057106e-02	-1.481213e-02
1.365000e+01	-6.105335e-04	7.330744e-03	-1.474885e-03	2.074974e-02	-1.861044e-02
1.370000e+01	-1.195802e-03	7.655447e-03	-2.113946e-03	1.929820e-02	-2.001998e-02
1.375000e+01	-1.651741e-03	7.498240e-03	-2.161779e-03	1.629831e-02	-1.902583e-02
1.380000e+01	-2.029238e-03	6.933727e-03	-2.383613e-03	1.470123e-02	-1.608515e-02
1.385000e+01	-2.405300e-03	6.204970e-03	-3.297722e-03	1.556834e-02	-1.465259e-02
1.390000e+01	-2.836122e-03	5.556082e-03	-3.564490e-03	1.526930e-02	-1.558946e-02
1.395000e+01	-3.315641e-03	5.058470e-03	-4.022657e-03	1.317011e-02	-1.626147e-02
1.400000e+01	-3.760357e-03	4.684455e-03	-4.045764e-03	1.103101e-02	-1.628367e-02
1.405000e+01	-4.044975e-03	4.551451e-03	-4.213212e-03	1.182737e-02	-1.497680e-02
1.410000e+01	-4.003472e-03	4.802901e-03	-3.808112e-03	1.077046e-02	-1.816465e-02
1.415000e+01	-3.530795e-03	5.306103e-03	-3.294492e-03	1.086030e-02	-1.870473e-02
1.420000e+01	-2.621638e-03	5.706273e-03	-1.951377e-03	1.138294e-02	-1.909056e-02
1.425000e+01	-1.384709e-03	5.807028e-03	-3.517749e-04	1.069460e-02	-1.632493e-02
1.430000e+01	-1.455398e-05	5.733983e-03	6.073917e-04	1.300698e-02	-1.219629e-02
1.435000e+01	1.268620e-03	5.776652e-03	1.784147e-03	1.459831e-02	-1.138605e-02
1.440000e+01	2.287152e-03	6.008218e-03	2.993712e-03	1.499313e-02	-1.162793e-02
1.445000e+01	2.954983e-03	6.161422e-03	3.578625e-03	1.579422e-02	-1.245823e-02
1.450000e+01	3.288769e-03	5.943119e-03	3.749648e-03	1.473021e-02	-1.146792e-02
1.455000e+01	3.378718e-03	5.311671e-03	3.700268e-03	1.468670e-02	-8.373971e-03
1.460000e+01	3.333921e-03	4.510919e-03	3.336423e-03	1.491606e-02	-7.578265e-03
1.465000e+01	3.227417e-03	3.909993e-03	3.055488e-03	1.425395e-02	-7.485128e-03
1.470000e+01	3.065360e-03	3.687818e-03	2.704761e-03	1.308602e-02	-6.467221e-03
1.475000e+01	2.793125e-03	3.702620e-03	2.468784e-03	1.252686e-02	-4.601634e-03
1.480000e+01	2.334169e-03	3.799481e-03	2.135828e-03	1.217988e-02	-5.390720e-03
1.485000e+01	1.642601e-03	3.987973e-03	1.496859e-03	1.202830e-02	-7.523542e-03
1.490000e+01	7.442786e-04	4.295660e-03	9.994910e-04	1.069779e-02	-9.284285e-03
1.495000e+01	-2.535198e-04	4.653775e-03	-6.170739e-04	1.037898e-02	-1.019200e-02
1.500000e+01	-1.189679e-03	4.963326e-03	-1.986798e-03	1.095023e-02	-1.164376e-02
1.505000e+01	-1.913398e-03	5.178892e-03	-2.945011e-03	1.054659e-02	-1.258826e-02
1.510000e+01	-2.314119e-03	5.247252e-03	-3.037219e-03	1.033900e-02	-1.443644e-02
1.515000e+01	-2.377248e-03	5.113758e-03	-2.601880e-03	9.584613e-03	-1.480609e-02
1.520000e+01	-2.183597e-03	4.735463e-03	-2.128017e-03	8.089359e-03	-1.490382e-02
1.525000e+01	-1.874924e-03	4.157841e-03	-1.887260e-03	6.759081e-03	-1.302717e-02
1.530000e+01	-1.596516e-03	3.561344e-03	-1.285386e-03	6.429367e-03	-1.087790e-02
1.535000e+01	-1.440853e-03	3.196311e-03	-1.384892e-03	6.598120e-03	-1.020289e-02
1.540000e+01	-1.415660e-03	3.162018e-03	-1.361754e-03	6.216236e-03	-1.062812e-02
1.545000e+01	-1.448887e-03	3.300712e-03	-1.252752e-03	6.856038e-03	-1.076618e-02
1.550000e+01	-1.427182e-03	3.426100e-03	-1.299730e-03	6.278305e-03	-1.067416e-02
1.555000e+01	-1.250138e-03	3.484647e-03	-1.283036e-03	6.473449e-03	-1.051063e-02
1.560000e+01	-8.763686e-04	3.513381e-03	-9.352167e-04	8.381414e-03	-9.083493e-03
1.565000e+01	-3.418064e-04	3.557327e-03	-3.503792e-04	9.965726e-03	-7.384541e-03
1.570000e+01	2.566109e-04	3.634414e-03	3.677676e-04	1.084210e-02	-7.741156e-03
1.575000e+01	8.031594e-04	3.736000e-03	1.187486e-03	1.122865e-02	-8.206838e-03
1.580000e+01	1.211534e-03	3.822462e-03	1.738643e-03	1.099048e-02	-8.046328e-03
1.585000e+01	1.457033e-03	3.823153e-03	1.889630e-03	1.004376e-02	-7.411330e-03
1.590000e+01	1.578588e-03	3.669189e-03	1.968069e-03	8.932442e-03	-7.207817e-03
1.595000e+01	1.650610e-03	3.346471e-03	2.059543e-03	9.559919e-03	-6.864101e-03
1.600000e+01	1.738560e-03	2.935553e-03	2.040012e-03	1.003191e-02	-6.431784e-03
1.605000e+01	1.863648e-03	2.614430e-03	2.014299e-03	9.789631e-03	-6.120479e-03
1.610000e+01	1.972553e-03	2.555900e-03	1.974925e-03	8.877130e-03	-5.608425e-03
1.615000e+01	1.972984e-03	2.764919e-03	1.940875e-03	9.353735e-03	-5.078827e-03
1.620000e+01	1.766240e-03	3.088962e-03	1.757854e-03	1.115430e-02	-4.597105e-03
1.625000e+01	1.295980e-03	3.400096e-03	1.059450e-03	1.135545e-02	-5.740429e-03
1.630000e+01	5.836143e-04	3.654167e-03	9.976411e-05	9.758876e-03	-7.462291e-03
1.635000e+01	-2.660997e-04	3.851086e-03	-7.952222e-04	1.073098e-02	-8.536648e-03
1.640000e+01	-1.093227e-03	3.985225e-03	-1.175519e-03	1.082701e-02	-9.049498e-03
1.645000e+01	-1.734353e-03	4.022654e-03	-2.090229e-03	9.890580e-03	-1.115182e-02
1.650000e+01	-2.077510e-03	3.914986e-03	-2.709335e-03	7.992180e-03	-1.237419e-02
1.655000e+01	-2.098492e-03	3.637596e-03	-2.437212e-03	7.373326e-03	-1.221321e-02
1.660000e+01	-1.864320e-03	3.232872e-03	-1.950329e-03	6.647821e-03	-1.064593e-02
1.665000e+01	-1.503051e-03	2.841921e-03	-1.489403e-03	5.716254e-03	-8.915289e-03
1.670000e+01	-1.152691e-03	2.676141e-03	-1.165469e-03	4.948772e-03	-9.178978e-03
1.675000e+01	-9.100295e-04	2.839055e-03	-9.228597e-04	7.559780e-03	-9.065221e-03
1.680000e+01	-7.994436e-04	3.189972e-03	-7.741135e-04	8.882562e-03	-8.794729e-03
1.685000e+01	-7.728077e-04	3.512302e-03	-7.600364e-04	8.669199e-03	-8.637427e-03
1.690000e+01	-7.384781e-04	3.676559e-03	-5.304487e-04	7.588287e-03	-1.042934e-02
1.695000e+01	-6.056058e-04	3.661354e-03	-1.522751e-04	7.356669e-03	-1.168248e-02
1.700000e+01	-3.246177e-04	3.526683e-03	2.624562e-04	6.886484e-03	-1.148618e-02
1.705000e+01	9.074817e-05	3.375776e-03	5.376397e-04	6.299135e-03	-1.004191e-02
1.710000e+01	5.807351e-04	3.266795e-03	9.702751e-04	7.652371e-03	-9.966938e-03
1.715000e+01	1.051971e-03	3.199129e-03	1.306532e-03	9.831020e-03	-8.526864e-03
1.720000e+01	1.419040e-03	3.127393e-03	1.411278e-03	1.074838e-02	-7.198794e-03
1.725000e+01	1.633350e-03	3.016438e-03	1.510869e-03	1.031678e-02	-6.684697e-03
1.730000e+01	1.693338e-03	2.874800e-03	1.616681e-03	9.215208e-03	-6.456163e-03
1.735000e+01	1.633644e-03	2.746954e-03	1.636661e-03	8.029524e-03	-5.341250e-03
1.740000e+01	1.500426e-03	2.679647e-03	1.532858e-03	8.377291e-03	-4.551184e-03
1.745000e+01	1.325671e-03	2.690876e-03	1.249449e-03	8.928214e-03	-5.746872e-03
1.750000e+01	1.112950e-03	2.763991e-03	9.043516e-04	9.173050e-03	-6.432916e-03
1.755000e+01	8.409986e-04	2.860985e-03	5.042431e-04	9.191381e-03	-6.184151e-03
1.760000e+01	4.827464e-04	2.937263e-03	-6.238814e-05	8.464892e-03	-6.072168e-03
1.765000e+01	3.000881e-05	2.956107e-03	-4.601152e-04	7.511738e-03	-7.538272e-03
1.770000e+01	-4.886796e-04	2.904724e-03	-7.509555e-04	6.583952e-03	-8.283729e-03
1.775000e+01	-1.006515e-03	2.802521e-03	-1.204800e-03	6.088555e-03	-8.286399e-03
1.780000e+01	-1.435188e-03	2.689602e-03	-1.425021e-03	5.558897e-03	-8.525229e-03
1.785000e+01	-1.693627e-03	2.597361e-03	-1.718516e-03	5.591515e-03	-8.331379e-03
1.790000e+01	-1.736878e-03	2.525351e-03	-1.768388e-03	6.064928e-03	-7.887515e-03
1.795000e+01	-1.572899e-03	2.449387e-03	-1.695084e-03	5.935362e-03	-7.635351e-03
1.800000e+01	-1.260090e-03	2.351529e-03	-1.262356e-03	5.221753e-03	-7.054744e-03
1.805000e+01	-8.872737e-04	2.245146e-03	-7.822614e-04	5.317431e-03	-5.909544e-03
1.810000e+01	-5.393790e-04	2.171843e-03	-3.362767e-04	4.845831e-03	-5.406564e-03
1.815000e+01	-2.738960e-04	2.181521e-03	-1.450736e-04	6.003082e-03	-5.201925e-03
1.820000e+01	-1.034509e-04	2.282389e-03	-9.436934e-05	6.366185e-03	-5.550334e-03
1.825000e+01	8.884829e-07	2.418947e-03	-1.409665e-04	5.879794e-03	-6.708327e-03
1.830000e+01	9.041902e-05	2.507962e-03	1.196295e-04	5.772493e-03	-7.434180e-03
1.835000e+01	2.127300e-04	2.494519e-03	3.365253e-04	5.691349e-03	-7.090552e-03
1.840000e+01	3.899567e-04	2.387087e-03	6.049622e-04	5.725978e-03	-6.282296e-03
1.845000e+01	6.099319e-04	2.255634e-03	8.414323e-04	5.585707e-03	-5.878167e-03
1.850000e+01	8.327377e-04	2.180814e-03	8.883834e-04	5.852898e-03	-5.461419e-03
1.855000e+01	1.008461e-03	2.180374e-03	9.711581e-04	6.526063e-03	-5.250253e-03
1.860000e+01	1.097547e-03	2.204365e-03	9.345847e-04	6.683230e-03	-5.196547e-03
1.865000e+01	1.084786e-03	2.209300e-03	9.685789e-04	7.290036e-03	-4.859550e-03
1.870000e+01	9.815717e-04	2.203129e-03	8.120804e-04	7.668343e-03	-4.304456e-03
1.875000e+01	8.167469e-04	2.213754e-03	5.667578e-04	7.578886e-03	-4.810046e-03
1.880000e+01	6.214929e-04	2.232464e-03	4.259940e-04	7.466348e-03	-4.877888e-03
1.885000e+01	4.160084e-04	2.211937e-03	3.381948e-04	7.899594e-03	-4.629003e-03
1.890000e+01	2.042782e-04	2.121772e-03	1.136442e-04	7.661372e-03	-4.377153e-03
1.895000e+01	-2.107144e-05	1.995630e-03	-1.641457e-04	6.755792e-03	-4.519219e-03
1.900000e+01	-2.669049e-04	1.924403e-03	-4.599401e-04	5.656851e-03	-5.286826e-03
1.905000e+01	-5.284393e-04	1.983856e-03	-6.940337e-04	4.575354e-03	-6.060377e-03
1.910000e+01	-7.804062e-04	2.149986e-03	-9.650769e-04	6.097275e-03	-6.136054e-03
1.915000e+01	-9.818218e-04	2.334223e-03	-1.151090e-03	7.321190e-03	-6.265731e-03
1.920000e+01	-1.089519e-03	2.456621e-03	-1.286655e-03	7.706784e-03	-7.241034e-03
1.925000e+01	-1.074968e-03	2.474613e-03	-1.297077e-03	7.040363e-03	-7.861603e-03
1.930000e+01	-9.370964e-04	2.381943e-03	-9.858344e-04	5.344315e-03	-7.512777e-03
1.935000e+01	-7.051467e-04	2.206970e-03	-7.471020e-04	4.673044e-03	-6.257458e-03
1.940000e+01	-4.299176e-04	2.012272e-03	-3.289541e-04	4.818484e-03	-5.907659e-03
1.945000e+01	-1.667764e-04	1.879628e-03	-1.234276e-04	4.397931e-03	-5.610032e-03
1.950000e+01	4.257086e-05	1.864186e-03	2.021515e-05	4.777089e-03	-4.769002e-03
1.955000e+01	1.820888e-04	1.949809e-03	1.905659e-04	5.066494e-03	-5.307931e-03
1.960000e+01	2.625088e-04	2.069068e-03	2.784618e-04	5.877011e-03	-5.335263e-03
1.965000e+01	3.116030e-04	2.156118e-03	2.113356e-04	5.641247e-03	-4.761822e-03
1.970000e+01	3.583698e-04	2.171762e-03	3.945354e-04	4.987097e-03	-4.675065e-03
1.975000e+01	4.183374e-04	2.107353e-03	5.055306e-04	5.300998e-03	-4.994387e-03
1.980000e+01	4.864368e-04	1.985442e-03	4.742954e-04	5.446637e-03	-5.367593e-03
1.985000e+01	5.403219e-04	1.853675e-03	5.747283e-04	5.264972e-03	-5.030205e-03
1.990000e+01	5.522500e-04	1.759797e-03	5.866115e-04	4.873546e-03	-5.146328e-03
1.995000e+01	5.038208e-04	1.715869e-03	4.396786e-04	4.779141e-03	-5.072579e-03
2.000000e+01	3.966708e-04	1.692863e-03	4.336871e-04	5.292754e-03	-4.676504e-03
