# k	<chi>	std	chi_median	chi_max	chi_min
0.000000e+00	4.842509e-04	9.853106e-02	0.000000e+00	4.086983e-01	-4.858219e-01
5.000000e-02	-1.173905e-02	1.344827e-01	-1.619455e-03	3.907655e-01	-4.993081e-01
1.000000e-01	-2.126749e-02	1.351163e-01	-7.169316e-03	3.726485e-01	-5.126571e-01
1.500000e-01	-4.985342e-02	1.397315e-01	-2.026552e-02	3.177533e-01	-5.514560e-01
2.000000e-01	-7.890757e-02	1.478168e-01	-4.169692e-02	2.614612e-01	-5.889460e-01
2.500000e-01	-1.269337e-01	1.664188e-01	-9.303676e-02	2.166511e-01	-6.472842e-01
3.000000e-01	-1.754098e-01	1.887535e-01	-1.420066e-01	2.022652e-01	-7.016271e-01
3.500000e-01	-2.411649e-01	2.220862e-01	-2.135500e-01	1.792475e-01	-7.689538e-01
4.000000e-01	-3.055466e-01	2.548671e-01	-2.969037e-01	1.512727e-01	-8.274911e-01
4.500000e-01	-3.820172e-01	2.936967e-01	-3.506471e-01	1.148930e-01	-8.870906e-01
5.000000e-01	-4.522101e-01	3.265894e-01	-4.518996e-01	7.857322e-02	-9.569693e-01
5.500000e-01	-5.243353e-01	3.576427e-01	-5.603094e-01	2.918136e-02	-1.082641e+00
6.000000e-01	-5.821456e-01	3.773319e-01	-6.305050e-01	-1.336466e-02	-1.172752e+00
6.500000e-01	-6.278450e-01	3.860513e-01	-6.722151e-01	-5.860179e-02	-1.232345e+00
7.000000e-01	-6.505692e-01	3.795284e-01	-6.772501e-01	-1.001426e-01	-1.246886e+00
7.500000e-01	-6.480551e-01	3.555860e-01	-6.418133e-01	-1.396778e-01	-1.208452e+00
8.000000e-01	-6.185060e-01	3.171945e-01	-5.880858e-01	-1.661339e-01	-1.150090e+00
8.500000e-01	-5.589567e-01	2.625399e-01	-5.271011e-01	-1.526258e-01	-1.022188e+00
9.000000e-01	-4.785188e-01	2.020740e-01	-4.835786e-01	-1.118901e-01	-8.932985e-01
9.500000e-01	-3.774313e-01	1.387667e-01	-4.074507e-01	-6.776593e-02	-7.241135e-01
1.000000e+00	-2.731252e-01	9.274239e-02	-2.902467e-01	-3.293027e-02	-5.385981e-01
1.050000e+00	-1.698268e-01	8.146568e-02	-1.539297e-01	1.626361e-02	-4.059054e-01
1.100000e+00	-8.536782e-02	9.625896e-02	-5.586438e-02	1.016983e-01	-3.309703e-01
1.150000e+00	-2.422319e-02	1.080682e-01	-1.203352e-02	1.788632e-01	-2.551934e-01
1.200000e+00	5.518088e-03	1.032294e-01	-1.001488e-03	2.035498e-01	-2.017179e-01
1.250000e+00	4.997630e-03	8.141398e-02	-7.315686e-03	1.760958e-01	-1.667099e-01
1.300000e+00	-1.898515e-02	5.045204e-02	-2.669474e-02	1.117298e-01	-1.343155e-01
1.350000e+00	-5.776032e-02	3.474943e-02	-5.790289e-02	5.338477e-02	-1.627378e-01
1.400000e+00	-9.510794e-02	5.686002e-02	-9.809782e-02	6.186107e-02	-2.079459e-01
1.450000e+00	-1.205065e-01	8.110344e-02	-1.296307e-01	6.355260e-02	-2.605673e-01
1.500000e+00	-1.219454e-01	9.034850e-02	-1.349624e-01	6.476250e-02	-2.703797e-01
1.550000e+00	-9.624124e-02	8.428706e-02	-1.098371e-01	7.504615e-02	-2.374752e-01
1.600000e+00	-4.637124e-02	7.270900e-02	-6.598309e-02	9.274611e-02	-1.578976e-01
1.650000e+00	2.028125e-02	7.726592e-02	4.629414e-02	1.340770e-01	-1.433931e-01
1.700000e+00	8.823810e-02	1.020507e-01	1.245923e-01	2.370285e-01	-1.293854e-01
1.750000e+00	1.471559e-01	1.299998e-01	1.830898e-01	3.168248e-01	-1.036535e-01
1.800000e+00	1.828868e-01	1.441372e-01	2.081846e-01	3.630342e-01	-6.810142e-02
1.850000e+00	1.935264e-01	1.402483e-01	2.154902e-01	3.640613e-01	-2.907558e-02
1.900000e+00	1.774674e-01	1.170802e-01	1.928337e-01	3.403100e-01	7.783493e-03
1.950000e+00	1.437331e-01	8.170579e-02	1.459345e-01	2.748150e-01	2.920074e-02
2.000000e+00	1.009580e-01	4.432107e-02	9.853672e-02	1.942780e-01	1.335904e-02
2.050000e+00	5.931655e-02	2.795503e-02	6.093366e-02	1.162560e-01	-8.631033e-03
2.100000e+00	2.809206e-02	4.253321e-02	1.457956e-02	1.178845e-01	-4.754839e-02
2.150000e+00	1.122338e-02	5.210990e-02	-5.196791e-03	1.122472e-01	-7.387010e-02
2.200000e+00	6.608478e-03	4.971856e-02	4.162885e-03	9.699800e-02	-6.816925e-02
2.250000e+00	7.072553e-03	4.163923e-02	1.614776e-03	7.638107e-02	-5.212213e-02
2.300000e+00	7.792779e-03	3.124053e-02	4.914697e-03	5.879200e-02	-3.769950e-02
2.350000e+00	5.455410e-03	2.254874e-02	4.797749e-03	4.657512e-02	-3.344018e-02
2.400000e+00	-6.035323e-04	1.727287e-02	-3.443832e-03	3.596425e-02	-3.497685e-02
2.450000e+00	-5.359246e-03	1.411595e-02	-7.748492e-03	2.795900e-02	-3.416785e-02
2.500000e+00	-9.997933e-03	1.192803e-02	-1.170789e-02	1.851669e-02	-3.171350e-02
2.550000e+00	-1.363756e-02	9.945080e-03	-1.397059e-02	9.177343e-03	-3.090251e-02
2.600000e+00	-1.550556e-02	7.870467e-03	-1.479987e-02	1.305870e-03	-3.245662e-02
2.650000e+00	-1.720431e-02	6.162576e-03	-1.759764e-02	-2.473748e-03	-3.191718e-02
2.700000e+00	-1.732233e-02	5.395265e-03	-1.823838e-02	-4.922859e-03	-2.807219e-02
2.750000e+00	-1.586210e-02	6.083624e-03	-1.558063e-02	-2.757481e-03	-3.044740e-02
2.800000e+00	-1.312339e-02	7.543685e-03	-1.139714e-02	1.795121e-04	-3.175310e-02
2.850000e+00	-1.049805e-02	9.253519e-03	-8.496850e-03	4.877043e-03	-3.260274e-02
2.900000e+00	-6.952304e-03	1.038770e-02	-4.802832e-03	1.157606e-02	-3.156206e-02
2.950000e+00	-3.043821e-03	1.068825e-02	-1.194304e-03	1.620490e-02	-2.800398e-02
3.000000e+00	6.803649e-04	1.014255e-02	2.561237e-03	2.056131e-02	-2.277721e-02
3.050000e+00	4.079017e-03	8.813772e-03	5.269781e-03	2.240193e-02	-1.827623e-02
3.100000e+00	6.571567e-03	7.014698e-03	7.676024e-03	2.209795e-02	-1.278724e-02
3.150000e+00	7.948777e-03	5.162863e-03	8.521699e-03	1.962714e-02	-7.075343e-03
3.200000e+00	8.242169e-03	3.843826e-03	8.467243e-03	1.757978e-02	-2.536559e-03
3.250000e+00	7.544478e-03	3.764373e-03	7.628331e-03	1.728774e-02	-4.115145e-03
3.300000e+00	6.336880e-03	4.904250e-03	5.832401e-03	1.975452e-02	-4.664241e-03
3.350000e+00	5.058626e-03	6.274584e-03	3.281973e-03	1.977095e-02	-8.958115e-03
3.400000e+00	4.045828e-03	7.331665e-03	2.373299e-03	2.097891e-02	-1.174775e-02
3.450000e+00	3.528809e-03	7.921021e-03	2.270862e-03	2.185738e-02	-1.295798e-02
3.500000e+00	3.522490e-03	7.892273e-03	3.154225e-03	2.205483e-02	-1.287235e-02
3.550000e+00	3.790972e-03	7.503102e-03	4.380635e-03	2.195528e-02	-1.376308e-02
3.600000e+00	3.997178e-03	7.122817e-03	5.186703e-03	1.999444e-02	-1.391811e-02
3.650000e+00	3.954646e-03	6.992553e-03	5.274947e-03	1.618552e-02	-1.311867e-02
3.700000e+00	3.196241e-03	6.922116e-03	3.904335e-03	1.906853e-02	-1.130498e-02
3.750000e+00	1.546433e-03	6.597415e-03	1.308289e-03	1.939727e-02	-9.084884e-03
3.800000e+00	-1.009428e-03	5.954475e-03	-1.817050e-03	1.619766e-02	-1.231484e-02
3.850000e+00	-4.247862e-03	5.487639e-03	-3.996854e-03	9.634289e-03	-1.488867e-02
3.900000e+00	-8.128408e-03	5.985912e-03	-8.715644e-03	5.829040e-03	-1.862991e-02
3.950000e+00	-1.224668e-02	7.535489e-03	-1.424110e-02	7.043557e-03	-2.486016e-02
4.000000e+00	-1.606275e-02	9.325114e-03	-1.852913e-02	7.882433e-03	-3.259735e-02
4.050000e+00	-1.911593e-02	1.085155e-02	-2.164882e-02	7.501134e-03	-3.786180e-02
4.100000e+00	-2.083024e-02	1.147020e-02	-2.262203e-02	5.463957e-03	-4.282175e-02
4.150000e+00	-2.063173e-02	1.097933e-02	-2.143443e-02	2.471977e-03	-4.525129e-02
4.200000e+00	-1.817719e-02	9.510023e-03	-1.735557e-02	5.734468e-04	-4.215516e-02
4.250000e+00	-1.388081e-02	7.830055e-03	-1.281356e-02	3.724858e-03	-3.596046e-02
4.300000e+00	-7.761931e-03	6.866107e-03	-8.000296e-03	7.942261e-03	-2.594967e-02
4.350000e+00	-5.006177e-04	7.792167e-03	-8.490191e-04	1.727924e-02	-1.692131e-02
4.400000e+00	6.983621e-03	9.994637e-03	7.746425e-03	2.651274e-02	-1.426481e-02
4.450000e+00	1.356248e-02	1.214593e-02	1.702506e-02	3.288030e-02	-1.042160e-02
4.500000e+00	1.878300e-02	1.360418e-02	2.411758e-02	3.759356e-02	-6.631751e-03
4.550000e+00	2.224059e-02	1.409470e-02	2.830874e-02	4.242171e-02	-4.310813e-03
4.600000e+00	2.391436e-02	1.366375e-02	2.959428e-02	4.463827e-02	-1.051557e-03
4.650000e+00	2.406960e-02	1.272539e-02	2.845753e-02	4.395998e-02	-3.945933e-04
4.700000e+00	2.320650e-02	1.159181e-02	2.516306e-02	4.309953e-02	-3.800540e-03
4.750000e+00	2.170845e-02	1.059219e-02	2.223674e-02	4.058040e-02	-7.176361e-03
4.800000e+00	1.977783e-02	9.881834e-03	2.015672e-02	4.191316e-02	-9.086895e-03
4.850000e+00	1.738131e-02	9.477125e-03	1.755454e-02	4.163478e-02	-8.567862e-03
4.900000e+00	1.439664e-02	9.290698e-03	1.335999e-02	4.106645e-02	-5.123946e-03
4.950000e+00	1.067067e-02	9.586567e-03	8.655324e-03	4.088461e-02	-8.523445e-03
5.000000e+00	6.206809e-03	1.077257e-02	5.623739e-03	4.040192e-02	-1.187198e-02
5.050000e+00	1.260594e-03	1.280407e-02	-1.725264e-04	3.802744e-02	-2.154114e-02
5.100000e+00	-3.652737e-03	1.508818e-02	-7.599983e-03	3.303268e-02	-3.016192e-02
5.150000e+00	-7.973391e-03	1.683185e-02	-1.389367e-02	2.654359e-02	-3.650171e-02
5.200000e+00	-1.125854e-02	1.747945e-02	-1.770599e-02	2.671577e-02	-4.252713e-02
5.250000e+00	-1.334007e-02	1.692573e-02	-1.846099e-02	2.373365e-02	-4.680225e-02
5.300000e+00	-1.445766e-02	1.562189e-02	-1.731463e-02	2.206366e-02	-4.852017e-02
5.350000e+00	-1.517202e-02	1.431712e-02	-1.658150e-02	1.950868e-02	-4.780071e-02
5.400000e+00	-1.615807e-02	1.353939e-02	-1.689029e-02	1.638005e-02	-4.502663e-02
5.450000e+00	-1.781186e-02	1.313958e-02	-1.829228e-02	1.264687e-02	-4.325933e-02
5.500000e+00	-2.030764e-02	1.289250e-02	-2.117426e-02	1.299923e-02	-4.844895e-02
5.550000e+00	-2.323957e-02	1.287573e-02	-2.399254e-02	1.145907e-02	-5.277430e-02
5.600000e+00	-2.575879e-02	1.336120e-02	-2.694122e-02	8.498995e-03	-5.569885e-02
5.650000e+00	-2.671119e-02	1.405184e-02	-2.838711e-02	7.043016e-03	-5.905981e-02
5.700000e+00	-2.531929e-02	1.426213e-02	-2.612728e-02	8.407014e-03	-6.082500e-02
5.750000e+00	-2.115385e-02	1.349753e-02	-2.114029e-02	2.026287e-02	-5.586910e-02
5.800000e+00	-1.440997e-02	1.224697e-02	-1.499948e-02	3.137362e-02	-4.752514e-02
5.850000e+00	-5.801820e-03	1.210223e-02	-5.627971e-03	4.046436e-02	-3.944151e-02
5.900000e+00	3.392465e-03	1.419557e-02	4.582622e-03	4.661181e-02	-3.026878e-02
5.950000e+00	1.196568e-02	1.740746e-02	1.465153e-02	4.957134e-02	-2.775667e-02
6.000000e+00	1.899396e-02	2.018938e-02	2.396747e-02	5.465224e-02	-2.658990e-02
6.050000e+00	2.401844e-02	2.178562e-02	3.150342e-02	6.195723e-02	-2.403052e-02
6.100000e+00	2.700439e-02	2.237633e-02	3.556351e-02	6.305262e-02	-2.149985e-02
6.150000e+00	2.832097e-02	2.248831e-02	3.709302e-02	6.008433e-02	-2.530994e-02
6.200000e+00	2.841402e-02	2.252336e-02	3.505228e-02	6.945827e-02	-2.894301e-02
6.250000e+00	2.757739e-02	2.247444e-02	3.161982e-02	7.564323e-02	-3.088185e-02
6.300000e+00	2.584276e-02	2.206090e-02	2.870692e-02	7.724490e-02	-3.061324e-02
6.350000e+00	2.302581e-02	2.101738e-02	2.495345e-02	7.367325e-02	-2.783901e-02
6.400000e+00	1.889694e-02	1.925074e-02	2.009873e-02	6.586251e-02	-2.770495e-02
6.450000e+00	1.339190e-02	1.692444e-02	1.450794e-02	6.482539e-02	-2.593601e-02
6.500000e+00	6.762113e-03	1.466573e-02	5.706008e-03	6.263714e-02	-3.497156e-02
6.550000e+00	-4.849607e-04	1.373817e-02	-2.450480e-03	5.733123e-02	-4.331104e-02
6.600000e+00	-7.446953e-03	1.535732e-02	-9.466777e-03	4.982251e-02	-4.805225e-02
6.650000e+00	-1.334027e-02	1.885495e-02	-1.689984e-02	4.186422e-02	-4.926536e-02
6.700000e+00	-1.762832e-02	2.267764e-02	-2.471532e-02	3.372765e-02	-5.741431e-02
6.750000e+00	-2.015591e-02	2.570829e-02	-3.010573e-02	4.188580e-02	-5.952707e-02
6.800000e+00	-2.113824e-02	2.742055e-02	-3.183888e-02	4.733783e-02	-5.614068e-02
6.850000e+00	-2.101354e-02	2.774342e-02	-3.223165e-02	4.811719e-02	-5.540686e-02
6.900000e+00	-2.022656e-02	2.691141e-02	-3.093090e-02	4.451817e-02	-6.503974e-02
6.950000e+00	-1.903806e-02	2.530205e-02	-2.841905e-02	3.740069e-02	-7.084643e-02
7.000000e+00	-1.744225e-02	2.326523e-02	-2.251406e-02	3.155762e-02	-7.205345e-02
7.050000e+00	-1.517933e-02	2.094605e-02	-1.750105e-02	3.236926e-02	-7.180820e-02
7.100000e+00	-1.205145e-02	1.846266e-02	-1.161700e-02	3.132369e-02	-6.839113e-02
7.150000e+00	-7.973321e-03	1.598456e-02	-7.484259e-03	2.814051e-02	-6.107065e-02
7.200000e+00	-3.158443e-03	1.412049e-02	-1.686014e-03	2.496202e-02	-5.131420e-02
7.250000e+00	1.871647e-03	1.381062e-02	4.200736e-03	2.822784e-02	-4.108099e-02
7.300000e+00	6.420307e-03	1.524813e-02	8.517198e-03	3.625178e-02	-3.202235e-02
7.350000e+00	9.840257e-03	1.743460e-02	1.040061e-02	4.619850e-02	-3.141948e-02
7.400000e+00	1.175771e-02	1.930117e-02	1.274224e-02	5.209063e-02	-3.349900e-02
7.450000e+00	1.220223e-02	2.042684e-02	1.461487e-02	5.356765e-02	-3.350337e-02
7.500000e+00	1.158657e-02	2.102438e-02	1.459685e-02	4.918075e-02	-3.161136e-02
7.550000e+00	1.051920e-02	2.155431e-02	1.384491e-02	4.942963e-02	-3.401539e-02
7.600000e+00	9.635435e-03	2.240554e-02	1.283280e-02	4.861354e-02	-4.171284e-02
7.650000e+00	9.299832e-03	2.343873e-02	1.432078e-02	5.588791e-02	-4.923413e-02
7.700000e+00	9.515097e-03	2.416403e-02	1.645733e-02	6.323697e-02	-5.321177e-02
7.750000e+00	9.954315e-03	2.403049e-02	1.737790e-02	6.905068e-02	-5.265884e-02
7.800000e+00	1.012270e-02	2.262129e-02	1.697318e-02	6.916934e-02	-4.894129e-02
7.850000e+00	9.576363e-03	1.978164e-02	1.401600e-02	6.328675e-02	-4.280061e-02
7.900000e+00	8.104564e-03	1.582832e-02	1.010808e-02	5.153183e-02	-3.507030e-02
7.950000e+00	5.801195e-03	1.207886e-02	5.608050e-03	3.962662e-02	-2.355461e-02
8.000000e+00	3.002331e-03	1.146099e-02	2.417800e-03	3.637368e-02	-1.973829e-02
8.050000e+00	7.417878e-05	1.504066e-02	-5.293632e-04	3.656416e-02	-3.043620e-02
8.100000e+00	-2.597481e-03	1.997035e-02	-5.410043e-03	4.760497e-02	-4.073657e-02
8.150000e+00	-4.898649e-03	2.406254e-02	-1.020862e-02	5.547519e-02	-4.862355e-02
8.200000e+00	-6.928983e-03	2.641841e-02	-1.462309e-02	5.845175e-02	-5.148572e-02
8.250000e+00	-8.888569e-03	2.693810e-02	-1.729150e-02	5.643102e-02	-5.134416e-02
8.300000e+00	-1.090803e-02	2.610899e-02	-1.865749e-02	5.070911e-02	-4.954277e-02
8.350000e+00	-1.290563e-02	2.471788e-02	-2.073410e-02	4.261823e-02	-5.481818e-02
8.400000e+00	-1.454442e-02	2.335018e-02	-1.762728e-02	3.577519e-02	-6.501841e-02
8.450000e+00	-1.531860e-02	2.195692e-02	-1.468737e-02	3.447832e-02	-7.041915e-02
8.500000e+00	-1.473992e-02	2.002068e-02	-1.270590e-02	4.022608e-02	-6.730673e-02
8.550000e+00	-1.250361e-02	1.723055e-02	-1.110130e-02	4.168518e-02	-6.024025e-02
8.600000e+00	-8.774516e-03	1.434155e-02	-8.160815e-03	3.865071e-02	-5.340902e-02
8.650000e+00	-4.066420e-03	1.321098e-02	-3.590262e-03	3.183970e-02	-5.425655e-02
8.700000e+00	8.546521e-04	1.487739e-02	1.928686e-03	3.491540e-02	-4.916994e-02
8.750000e+00	5.197776e-03	1.773660e-02	5.264049e-03	4.238962e-02	-4.003014e-02
8.800000e+00	8.381527e-03	1.992093e-02	8.415950e-03	5.767244e-02	-2.866624e-02
8.850000e+00	1.018502e-02	2.068417e-02	1.081085e-02	6.401336e-02	-2.888514e-02
8.900000e+00	1.076011e-02	2.016713e-02	1.171118e-02	6.163810e-02	-3.569651e-02
8.950000e+00	1.050722e-02	1.895506e-02	1.148904e-02	5.488805e-02	-3.901517e-02
9.000000e+00	9.873140e-03	1.764651e-02	1.058044e-02	4.867415e-02	-3.936550e-02
9.050000e+00	9.168972e-03	1.659856e-02	1.132312e-02	5.204030e-02	-3.657753e-02
9.100000e+00	8.433929e-03	1.586133e-02	1.088115e-02	5.340355e-02	-3.149894e-02
9.150000e+00	7.505749e-03	1.536404e-02	9.789308e-03	5.003092e-02	-2.711949e-02
9.200000e+00	6.145240e-03	1.494532e-02	8.180622e-03	4.266191e-02	-2.918150e-02
9.250000e+00	4.214365e-03	1.441825e-02	5.288130e-03	3.944057e-02	-3.086877e-02
9.300000e+00	1.807355e-03	1.374203e-02	1.460156e-03	4.177248e-02	-3.279629e-02
9.350000e+00	-7.302008e-04	1.312188e-02	-1.193058e-03	3.904274e-02	-3.071072e-02
9.400000e+00	-2.908790e-03	1.284423e-02	-3.645239e-03	3.094581e-02	-3.050901e-02
9.450000e+00	-4.285778e-03	1.299729e-02	-5.177683e-03	3.544281e-02	-3.586244e-02
9.500000e+00	-4.656852e-03	1.348549e-02	-4.576309e-03	3.886022e-02	-3.773145e-02
9.550000e+00	-4.169271e-03	1.428473e-02	-5.987682e-03	3.958613e-02	-3.379802e-02
9.600000e+00	-3.261862e-03	1.537023e-02	-3.724015e-03	3.759235e-02	-3.745890e-02
9.650000e+00	-2.531980e-03	1.650162e-02	-3.593631e-03	3.268738e-02	-3.919475e-02
9.700000e+00	-2.488550e-03	1.722852e-02	-3.640615e-03	3.590766e-02	-3.745333e-02
9.750000e+00	-3.340852e-03	1.725660e-02	-5.380118e-03	3.454306e-02	-3.663512e-02
9.800000e+00	-4.898607e-03	1.675173e-02	-7.800408e-03	3.454565e-02	-3.932287e-02
9.850000e+00	-6.627060e-03	1.623021e-02	-8.970126e-03	3.339187e-02	-4.013350e-02
9.900000e+00	-7.838774e-03	1.598890e-02	-1.027829e-02	2.964652e-02	-4.246052e-02
9.950000e+00	-7.948805e-03	1.568605e-02	-8.740554e-03	3.033663e-02	-4.497927e-02
1.000000e+01	-6.694462e-03	1.474389e-02	-6.403293e-03	2.846856e-02	-4.341796e-02
1.005000e+01	-4.223993e-03	1.310618e-02	-3.383458e-03	2.663388e-02	-3.875216e-02
1.010000e+01	-1.083307e-03	1.166952e-02	-5.829234e-04	2.381971e-02	-3.376430e-02
1.015000e+01	2.022511e-03	1.170937e-02	3.153044e-03	2.799493e-02	-3.110550e-02
1.020000e+01	4.458541e-03	1.316531e-02	5.116923e-03	3.643112e-02	-2.758500e-02
1.025000e+01	5.864157e-03	1.470390e-02	5.968467e-03	3.958596e-02	-2.579328e-02
1.030000e+01	6.240947e-03	1.537144e-02	6.143235e-03	3.794425e-02	-2.638972e-02
1.035000e+01	5.898520e-03	1.505527e-02	6.443175e-03	3.695389e-02	-2.979905e-02
1.040000e+01	5.289790e-03	1.420082e-02	6.692649e-03	3.409269e-02	-3.198885e-02
1.045000e+01	4.809379e-03	1.335017e-02	6.941002e-03	3.260877e-02	-3.145114e-02
1.050000e+01	4.638713e-03	1.274137e-02	7.044431e-03	3.456543e-02	-2.885505e-02
1.055000e+01	4.696802e-03	1.226912e-02	6.747301e-03	3.464844e-02	-2.798571e-02
1.060000e+01	4.708385e-03	1.174863e-02	6.481537e-03	3.245021e-02	-2.639562e-02
1.065000e+01	4.351763e-03	1.108399e-02	6.091251e-03	3.478290e-02	-2.366997e-02
1.070000e+01	3.417913e-03	1.025895e-02	4.380145e-03	3.746274e-02	-2.064672e-02
1.075000e+01	1.912186e-03	9.361730e-03	1.557829e-03	3.482185e-02	-2.295977e-02
1.080000e+01	5.847960e-05	8.694206e-03	-8.302684e-04	2.872053e-02	-2.404639e-02
1.085000e+01	-1.790287e-03	8.687415e-03	-2.451176e-03	2.477152e-02	-2.309216e-02
1.090000e+01	-3.291761e-03	9.423198e-03	-3.807894e-03	2.002196e-02	-2.698097e-02
1.095000e+01	-4.241265e-03	1.044179e-02	-3.918714e-03	2.405390e-02	-2.761073e-02
1.100000e+01	-4.632783e-03	1.120500e-02	-4.877807e-03	2.607626e-02	-2.932653e-02
1.105000e+01	-4.640334e-03	1.148039e-02	-6.242280e-03	2.534587e-02	-2.937149e-02
1.110000e+01	-4.492694e-03	1.130325e-02	-6.679655e-03	2.506947e-02	-2.685259e-02
1.115000e+01	-4.381346e-03	1.087946e-02	-6.591111e-03	2.303651e-02	-2.755027e-02
1.120000e+01	-4.359338e-03	1.037584e-02	-6.165149e-03	2.189030e-02	-2.752051e-02
1.125000e+01	-4.322719e-03	9.830877e-03	-5.539152e-03	2.408553e-02	-2.659783e-02
1.130000e+01	-4.069452e-03	9.216583e-03	-4.994389e-03	2.461010e-02	-2.472697e-02
1.135000e+01	-3.406765e-03	8.543520e-03	-4.055118e-03	2.271290e-02	-2.192716e-02
1.140000e+01	-2.257000e-03	7.893311e-03	-2.547908e-03	1.945863e-02	-2.029207e-02
1.145000e+01	-7.138203e-04	7.386524e-03	-8.868117e-04	1.579306e-02	-1.895993e-02
1.150000e+01	9.764080e-04	7.148662e-03	1.512109e-03	1.846122e-02	-1.970092e-02
1.155000e+01	2.499766e-03	7.270546e-03	3.039708e-03	2.106066e-02	-2.009454e-02
1.160000e+01	3.589205e-03	7.725110e-03	3.553934e-03	2.271982e-02	-1.864671e-02
1.165000e+01	4.118991e-03	8.322380e-03	2.899065e-03	2.465771e-02	-1.674502e-02
1.170000e+01	4.139660e-03	8.798169e-03	3.059293e-03	2.715364e-02	-1.612540e-02
1.175000e+01	3.840611e-03	8.963308e-03	2.713213e-03	2.755689e-02	-1.427008e-02
1.180000e+01	3.458852e-03	8.807828e-03	2.432439e-03	2.670039e-02	-1.680192e-02
1.185000e+01	3.174871e-03	8.512251e-03	3.224848e-03	2.465025e-02	-1.779670e-02
1.190000e+01	3.040633e-03	8.330186e-03	3.559748e-03	2.105088e-02	-1.775045e-02
1.195000e+01	2.969138e-03	8.372839e-03	3.688341e-03	2.183824e-02	-1.635847e-02
1.200000e+01	2.787227e-03	8.504958e-03	3.266207e-03	2.537143e-02	-1.735770e-02
1.205000e+01	2.326578e-03	8.513461e-03	2.357643e-03	2.536578e-02	-1.854027e-02
1.210000e+01	1.505793e-03	8.251574e-03	9.508443e-04	2.443793e-02	-1.861478e-02
1.215000e+01	3.807215e-04	7.787938e-03	8.544148e-06	2.562404e-02	-1.735069e-02
1.220000e+01	-8.715553e-04	7.344256e-03	-1.047706e-03	2.657922e-02	-1.600158e-02
1.225000e+01	-2.019787e-03	7.156153e-03	-2.097240e-03	2.493897e-02	-1.827587e-02
1.230000e+01	-2.867421e-03	7.300356e-03	-3.020635e-03	2.112036e-02	-1.917458e-02
1.235000e+01	-3.323745e-03	7.647219e-03	-3.793188e-03	1.708024e-02	-1.860450e-02
1.240000e+01	-3.426832e-03	7.989308e-03	-4.084070e-03	1.616913e-02	-2.322432e-02
1.245000e+01	-3.310096e-03	8.189080e-03	-4.075893e-03	1.647861e-02	-2.898260e-02
1.250000e+01	-3.129638e-03	8.247151e-03	-2.988134e-03	1.976392e-02	-3.044543e-02
1.255000e+01	-2.986633e-03	8.280027e-03	-3.130160e-03	2.078339e-02	-2.762650e-02
1.260000e+01	-2.880481e-03	8.396919e-03	-3.297751e-03	1.950516e-02	-2.594759e-02
1.265000e+01	-2.713768e-03	8.550503e-03	-3.071785e-03	1.855916e-02	-2.317037e-02
1.270000e+01	-2.346294e-03	8.533698e-03	-2.694225e-03	2.001366e-02	-2.535854e-02
1.275000e+01	-1.672979e-03	8.147459e-03	-1.343538e-03	1.967931e-02	-2.431986e-02
1.280000e+01	-6.896092e-04	7.386753e-03	1.518523e-05	1.826975e-02	-2.060774e-02
1.285000e+01	4.843460e-04	6.536821e-03	1.164220e-03	1.711542e-02	-1.814277e-02
1.290000e+01	1.637520e-03	6.089811e-03	2.007546e-03	1.737064e-02	-1.706917e-02
1.295000e+01	2.540504e-03	6.322403e-03	2.791237e-03	1.876102e-02	-1.435473e-02
1.300000e+01	3.030531e-03	6.952306e-03	2.999958e-03	2.024669e-02	-1.432120e-02
1.305000e+01	3.078703e-03	7.525065e-03	3.055159e-03	2.405555e-02	-1.461433e-02
1.310000e+01	2.772663e-03	7.737097e-03	2.985296e-03	2.519911e-02	-1.383791e-02
1.315000e+01	2.299542e-03	7.544447e-03	2.019482e-03	2.293372e-02	-1.393479e-02
1.320000e+01	1.859491e-03	7.091623e-03	1.363153e-03	2.019445e-02	-1.372232e-02
1.325000e+01	1.586036e-03	6.641542e-03	1.364164e-03	1.832125e-02	-1.309802e-02
1.330000e+01	1.498698e-03	6.438785e-03	2.023399e-03	1.815580e-02	-1.259668e-02
1.335000e+01	1.506675e-03	6.514785e-03	1.651050e-03	1.759010e-02	-1.362700e-02
1.340000e+01	1.459843e-03	6.661230e-03	1.168615e-03	1.736861e-02	-1.418559e-02
1.345000e+01	1.223057e-03	6.644492e-03	1.001147e-03	2.130130e-02	-1.290431e-02
1.350000e+01	7.404476e-04	6.398900e-03	1.329939e-04	2.251750e-02	-1.150088e-02
1.355000e+01	6.188856e-05	6.051077e-03	-6.211096e-04	2.073212e-02	-1.276982e-02
1.360000e+01	-6.785764e-04	5.788655e-03	-1.158337e-03	1.674613e-02	-1.377809e-02
1.365000e+01	-1.321065e-03	5.674867e-03	-1.266378e-03	1.360309e-02	-1.483090e-02
1.370000e+01	-1.747719e-03	5.624456e-03	-1.609030e-03	1.160931e-02	-1.524327e-02
1.375000e+01	-1.929451e-03	5.569364e-03	-2.020671e-03	1.185975e-02	-1.568033e-02
1.380000e+01	-1.931164e-03	5.553326e-03	-1.939274e-03	1.401450e-02	-1.680184e-02
1.385000e+01	-1.874075e-03	5.628171e-03	-1.812788e-03	1.447598e-02	-1.814456e-02
1.390000e+01	-1.872987e-03	5.723155e-03	-1.789120e-03	1.278987e-02	-1.808160e-02
1.395000e+01	-1.977307e-03	5.698393e-03	-2.081973e-03	1.082631e-02	-1.852796e-02
1.400000e+01	-2.142678e-03	5.503075e-03	-2.224610e-03	9.987710e-03	-1.777561e-02
1.405000e+01	-2.252374e-03	5.251528e-03	-2.162600e-03	1.121930e-02	-2.013333e-02
1.410000e+01	-2.147821e-03	5.061851e-03	-2.126339e-03	1.165851e-02	-2.075799e-02
1.415000e+01	-1.719215e-03	4.967472e-03	-1.397382e-03	1.140786e-02	-1.905709e-02
1.420000e+01	-9.553484e-04	4.904263e-03	-9.952042e-04	9.888722e-03	-1.533530e-02
1.425000e+01	3.972485e-05	4.860404e-03	7.900193e-05	1.139031e-02	-1.387619e-02
1.430000e+01	1.077166e-03	4.922995e-03	1.107182e-03	1.385265e-02	-1.305978e-02
1.435000e+01	1.948699e-03	5.132638e-03	2.179161e-03	1.459872e-02	-1.135229e-02
1.440000e+01	2.499674e-03	5.364905e-03	2.986412e-03	1.540299e-02	-1.515280e-02
1.445000e+01	2.679579e-03	5.428941e-03	3.234712e-03	1.630996e-02	-1.613212e-02
1.450000e+01	2.549746e-03	5.228769e-03	3.074048e-03	1.506753e-02	-1.414970e-02
1.455000e+01	2.246533e-03	4.816288e-03	2.717616e-03	1.453894e-02	-1.313264e-02
1.460000e+01	1.917308e-03	4.336464e-03	2.094278e-03	1.388531e-02	-1.055308e-02
1.465000e+01	1.657668e-03	3.929347e-03	1.641324e-03	1.439116e-02	-7.384169e-03
1.470000e+01	1.476888e-03	3.669063e-03	1.445680e-03	1.355487e-02	-7.708361e-03
1.475000e+01	1.305420e-03	3.576726e-03	1.202599e-03	1.269448e-02	-7.940150e-03
1.480000e+01	1.039347e-03	3.640936e-03	8.971976e-04	1.272959e-02	-8.370016e-03
1.485000e+01	6.005256e-04	3.802422e-03	5.078819e-04	1.116552e-02	-9.060109e-03
1.490000e+01	-1.537828e-05	3.970037e-03	-1.614276e-04	1.081316e-02	-9.235064e-03
1.495000e+01	-7.248676e-04	4.079923e-03	-9.322299e-04	1.039405e-02	-1.070382e-02
1.500000e+01	-1.383137e-03	4.123529e-03	-1.730093e-03	1.044358e-02	-1.074387e-02
1.505000e+01	-1.850808e-03	4.127940e-03	-2.288888e-03	9.475912e-03	-1.248833e-02
1.510000e+01	-2.018390e-03	4.088640e-03	-2.526447e-03	8.258102e-03	-1.287549e-02
1.515000e+01	-1.879775e-03	4.004361e-03	-2.042195e-03	9.743590e-03	-1.205927e-02
1.520000e+01	-1.529198e-03	3.910965e-03	-1.517964e-03	9.927369e-03	-1.233810e-02
1.525000e+01	-1.124635e-03	3.880356e-03	-1.099069e-03	1.152317e-02	-1.316247e-02
1.530000e+01	-8.250855e-04	3.945206e-03	-8.444366e-04	1.187102e-02	-1.302863e-02
1.535000e+01	-7.276443e-04	4.040918e-03	-7.600540e-04	1.066684e-02	-1.227137e-02
1.540000e+01	-8.301038e-04	4.058810e-03	-8.087167e-04	1.213184e-02	-1.308735e-02
1.545000e+01	-1.033980e-03	3.944539e-03	-1.099863e-03	1.269293e-02	-1.274492e-02
1.550000e+01	-1.186003e-03	3.743201e-03	-9.969658e-04	1.130984e-02	-1.172302e-02
1.555000e+01	-1.140544e-03	3.571440e-03	-9.964054e-04	9.928925e-03	-1.158364e-02
1.560000e+01	-8.175892e-04	3.533832e-03	-7.108420e-04	9.105615e-03	-1.110691e-02
1.565000e+01	-2.336730e-04	3.640922e-03	-2.299905e-04	9.788412e-03	-9.599658e-03
1.570000e+01	5.049425e-04	3.812515e-03	4.334941e-04	1.001976e-02	-1.106235e-02
1.575000e+01	1.241938e-03	3.947948e-03	1.362562e-03	1.032161e-02	-1.153328e-02
1.580000e+01	1.825879e-03	3.979358e-03	2.090507e-03	1.074219e-02	-1.087841e-02
1.585000e+01	2.158149e-03	3.889506e-03	2.416077e-03	1.145753e-02	-9.413745e-03
1.590000e+01	2.216316e-03	3.708420e-03	2.270363e-03	1.128227e-02	-9.810470e-03
1.595000e+01	2.046906e-03	3.492609e-03	2.300601e-03	1.105842e-02	-1.037288e-02
1.600000e+01	1.734537e-03	3.295150e-03	1.953349e-03	1.108532e-02	-1.016047e-02
1.605000e+01	1.364790e-03	3.156638e-03	1.516779e-03	1.035619e-02	-8.483659e-03
1.610000e+01	9.879172e-04	3.096013e-03	1.101313e-03	1.092907e-02	-7.841779e-03
1.615000e+01	6.207973e-04	3.125209e-03	7.292329e-04	9.707541e-03	-1.042948e-02
1.620000e+01	2.529009e-04	3.218429e-03	2.700643e-04	1.043709e-02	-1.137757e-02
1.625000e+01	-1.302032e-04	3.313779e-03	3.965438e-05	1.161653e-02	-1.042134e-02
1.630000e+01	-5.243286e-04	3.356686e-03	-4.320313e-04	1.160959e-02	-9.929518e-03
1.635000e+01	-8.969974e-04	3.338947e-03	-9.729280e-04	1.031566e-02	-1.044589e-02
1.640000e+01	-1.195440e-03	3.291287e-03	-1.176302e-03	9.637514e-03	-1.017404e-02
1.645000e+01	-1.368119e-03	3.237004e-03	-1.292340e-03	9.299416e-03	-9.367729e-03
1.650000e+01	-1.388977e-03	3.161589e-03	-1.323236e-03	8.457552e-03	-9.295924e-03
1.655000e+01	-1.272230e-03	3.039785e-03	-1.288631e-03	7.461363e-03	-8.723538e-03
1.660000e+01	-1.069992e-03	2.884508e-03	-9.886198e-04	7.299981e-03	-8.474547e-03
1.665000e+01	-8.530557e-04	2.751124e-03	-8.273660e-04	6.961577e-03	-8.900474e-03
1.670000e+01	-6.830079e-04	2.681944e-03	-5.971100e-04	7.860675e-03	-8.788392e-03
1.675000e+01	-5.879853e-04	2.659529e-03	-4.861050e-04	7.918211e-03	-8.477217e-03
1.680000e+01	-5.527986e-04	2.640971e-03	-5.618253e-04	8.563498e-03	-8.397218e-03
1.685000e+01	-5.277910e-04	2.620954e-03	-6.066967e-04	9.684740e-03	-8.469527e-03
1.690000e+01	-4.524670e-04	2.631850e-03	-5.283472e-04	9.043770e-03	-7.871276e-03
1.695000e+01	-2.834674e-04	2.686792e-03	-3.228239e-04	6.954942e-03	-7.847234e-03
1.700000e+01	-1.471574e-05	2.754107e-03	-6.605236e-05	6.745126e-03	-9.725217e-03
1.705000e+01	3.206317e-04	2.805119e-03	3.441992e-04	8.416568e-03	-1.028725e-02
1.710000e+01	6.604885e-04	2.846551e-03	8.015768e-04	9.193991e-03	-9.393715e-03
1.715000e+01	9.385940e-04	2.906996e-03	9.766698e-04	9.051230e-03	-8.390798e-03
1.720000e+01	1.109986e-03	2.973798e-03	1.101994e-03	9.173241e-03	-7.936559e-03
1.725000e+01	1.165174e-03	2.985590e-03	1.137073e-03	9.082892e-03	-6.551964e-03
1.730000e+01	1.128180e-03	2.891338e-03	1.138668e-03	8.585837e-03	-5.696257e-03
1.735000e+01	1.040392e-03	2.706713e-03	1.057145e-03	8.145098e-03	-6.208242e-03
1.740000e+01	9.384519e-04	2.517250e-03	1.081353e-03	7.680146e-03	-5.992341e-03
1.745000e+01	8.367720e-04	2.418281e-03	9.244526e-04	7.189446e-03	-5.790652e-03
1.750000e+01	7.226973e-04	2.432610e-03	5.524761e-04	7.568613e-03	-6.323213e-03
1.755000e+01	5.662450e-04	2.506146e-03	5.711846e-04	7.598240e-03	-6.945102e-03
1.760000e+01	3.394638e-04	2.581903e-03	4.450566e-04	6.978458e-03	-8.408768e-03
1.765000e+01	3.602096e-05	2.641663e-03	5.436578e-06	7.272057e-03	-8.912811e-03
1.770000e+01	-3.184539e-04	2.689085e-03	-4.109269e-04	7.556966e-03	-8.190068e-03
1.775000e+01	-6.704837e-04	2.721117e-03	-7.664115e-04	7.190237e-03	-7.190899e-03
1.780000e+01	-9.559381e-04	2.721177e-03	-1.041056e-03	6.494520e-03	-7.872222e-03
1.785000e+01	-1.123004e-03	2.671123e-03	-1.258257e-03	5.755229e-03	-8.720003e-03
1.790000e+01	-1.151017e-03	2.564340e-03	-1.188422e-03	6.217731e-03	-8.785200e-03
1.795000e+01	-1.057072e-03	2.412929e-03	-1.206840e-03	6.069912e-03	-8.553902e-03
1.800000e+01	-8.876905e-04	2.250441e-03	-9.536937e-04	5.608275e-03	-7.414582e-03
1.805000e+01	-7.012112e-04	2.128402e-03	-6.553866e-04	5.881746e-03	-6.752939e-03
1.810000e+01	-5.392242e-04	2.087317e-03	-5.074488e-04	6.699129e-03	-6.300819e-03
1.815000e+01	-4.187123e-04	2.128728e-03	-2.988393e-04	6.711716e-03	-6.074073e-03
1.820000e+01	-3.265471e-04	2.211441e-03	-2.111906e-04	5.732051e-03	-5.897213e-03
1.825000e+01	-2.302375e-04	2.284839e-03	-1.531343e-04	6.024068e-03	-6.169068e-03
1.830000e+01	-9.679471e-05	2.318023e-03	-1.263786e-04	6.759079e-03	-5.953125e-03
1.835000e+01	8.899790e-05	2.307521e-03	8.048156e-05	6.484522e-03	-5.701891e-03
1.840000e+01	3.150364e-04	2.271869e-03	3.697287e-04	6.024838e-03	-5.665531e-03
1.845000e+01	5.450557e-04	2.238808e-03	5.516412e-04	6.158763e-03	-5.258272e-03
1.850000e+01	7.327234e-04	2.225794e-03	7.210522e-04	6.522886e-03	-5.526487e-03
1.855000e+01	8.401228e-04	2.224094e-03	8.730629e-04	7.438124e-03	-6.127776e-03
1.860000e+01	8.523659e-04	2.204699e-03	9.645069e-04	8.339828e-03	-6.002944e-03
1.865000e+01	7.820875e-04	2.145438e-03	9.206862e-04	8.044148e-03	-5.363247e-03
1.870000e+01	6.622790e-04	2.055592e-03	7.909717e-04	6.602009e-03	-4.988427e-03
1.875000e+01	5.311418e-04	1.975243e-03	6.066944e-04	6.716714e-03	-5.328383e-03
1.880000e+01	4.160359e-04	1.943329e-03	4.236167e-04	7.148477e-03	-5.150962e-03
1.885000e+01	3.237009e-04	1.961035e-03	3.052404e-04	6.527549e-03	-4.622267e-03
1.890000e+01	2.408086e-04	1.995916e-03	2.582707e-04	5.921358e-03	-4.990696e-03
1.895000e+01	1.440692e-04	2.020214e-03	1.773722e-04	5.737424e-03	-4.926410e-03
1.900000e+01	1.477828e-05	2.034363e-03	6.889184e-05	5.898862e-03	-5.141906e-03
1.905000e+01	-1.495673e-04	2.061105e-03	-1.132074e-04	6.200120e-03	-5.827978e-03
1.910000e+01	-3.308491e-04	2.111129e-03	-4.016158e-04	6.943672e-03	-6.180566e-03
1.915000e+01	-4.961837e-04	2.178037e-03	-5.238219e-04	7.416244e-03	-6.220607e-03
1.920000e+01	-6.113653e-04	2.239229e-03	-6.443056e-04	7.269420e-03	-6.551387e-03
1.925000e+01	-6.550640e-04	2.268824e-03	-7.264310e-04	6.460157e-03	-6.612742e-03
1.930000e+01	-6.274829e-04	2.249410e-03	-7.484449e-04	5.544133e-03	-6.529744e-03
1.935000e+01	-5.495611e-04	2.181352e-03	-7.690309e-04	6.308446e-03	-6.746966e-03
1.940000e+01	-4.531808e-04	2.086948e-03	-6.602907e-04	6.480924e-03	-6.148655e-03
1.945000e+01	-3.669402e-04	2.001809e-03	-5.278755e-04	5.989786e-03	-5.880382e-03
1.950000e+01	-3.040356e-04	1.952449e-03	-3.607583e-04	5.060947e-03	-5.516842e-03
1.955000e+01	-2.577687e-04	1.939607e-03	-2.891037e-04	5.098400e-03	-6.905490e-03
1.960000e+01	-2.066557e-04	1.948976e-03	-9.167705e-05	5.088457e-03	-7.248638e-03
1.965000e+01	-1.266929e-04	1.974362e-03	-2.485653e-05	5.582775e-03	-6.763569e-03
1.970000e+01	-5.040833e-06	2.019956e-03	1.483915e-04	5.816046e-03	-6.592933e-03
1.975000e+01	1.512771e-04	2.079513e-03	2.054848e-04	5.971061e-03	-5.872904e-03
1.980000e+01	3.158169e-04	2.123358e-03	2.734407e-04	6.210143e-03	-5.300340e-03
1.985000e+01	4.523039e-04	2.112779e-03	5.095900e-04	6.209471e-03	-5.694440e-03
1.990000e+01	5.292146e-04	2.025993e-03	6.380463e-04	6.326495e-03	-6.035446e-03
1.995000e+01	5.328842e-04	1.873823e-03	6.919838e-04	5.832585e-03	-5.843560e-03
2.000000e+01	4.732682e-04	1.699044e-03	5.429305e-04	4.981623e-03	-5.169304e-03
