# k	<chi>	std	chi_median	chi_max	chi_min
0.000000e+00	2.869706e-01	3.114144e-01	3.082147e-01	1.214107e+00	0.000000e+00
5.000000e-02	5.555605e-01	1.838394e-01	5.001203e-01	1.225421e+00	1.688189e-01
1.000000e-01	5.367698e-01	1.854021e-01	4.810933e-01	1.209942e+00	1.498728e-01
1.500000e-01	4.788741e-01	1.894033e-01	4.204363e-01	1.158993e+00	9.299698e-02
2.000000e-01	4.187137e-01	1.926917e-01	3.590156e-01	1.112246e+00	3.557759e-02
2.500000e-01	3.153461e-01	1.961611e-01	2.513550e-01	1.048758e+00	-5.925543e-02
3.000000e-01	2.081448e-01	1.977966e-01	1.408635e-01	9.867785e-01	-1.537643e-01
3.500000e-01	5.745840e-02	1.968579e-01	-1.080442e-02	8.783282e-01	-2.804744e-01
4.000000e-01	-9.435845e-02	1.930031e-01	-1.606793e-01	7.466567e-01	-4.021910e-01
4.500000e-01	-2.802862e-01	1.843880e-01	-3.425396e-01	5.562483e-01	-5.833273e-01
5.000000e-01	-4.570348e-01	1.725172e-01	-5.127396e-01	3.758292e-01	-7.559019e-01
5.500000e-01	-6.463546e-01	1.550497e-01	-6.923095e-01	1.568154e-01	-9.273248e-01
6.000000e-01	-8.083762e-01	1.352300e-01	-8.462459e-01	-7.343021e-02	-1.059094e+00
6.500000e-01	-9.520270e-01	1.109006e-01	-9.772440e-01	-3.325143e-01	-1.160707e+00
7.000000e-01	-1.047678e+00	8.711668e-02	-1.063457e+00	-5.650685e-01	-1.228137e+00
7.500000e-01	-1.094246e+00	6.447525e-02	-1.101471e+00	-7.539998e-01	-1.244194e+00
8.000000e-01	-1.080383e+00	5.206251e-02	-1.083093e+00	-8.896161e-01	-1.259433e+00
8.500000e-01	-1.002052e+00	5.471032e-02	-1.000618e+00	-8.053456e-01	-1.239282e+00
9.000000e-01	-8.713856e-01	6.649257e-02	-8.635027e-01	-6.775723e-01	-1.140822e+00
9.500000e-01	-6.896140e-01	7.860916e-02	-6.752818e-01	-5.098310e-01	-1.037586e+00
1.000000e+00	-4.888809e-01	8.530419e-02	-4.682967e-01	-3.069282e-01	-8.687036e-01
1.050000e+00	-2.781114e-01	8.458781e-02	-2.547186e-01	-1.034099e-01	-6.611146e-01
1.100000e+00	-9.529874e-02	7.731892e-02	-7.694033e-02	4.985070e-02	-4.542057e-01
1.150000e+00	4.881614e-02	6.452357e-02	6.217897e-02	1.730358e-01	-2.632915e-01
1.200000e+00	1.312203e-01	5.086018e-02	1.375849e-01	2.417955e-01	-1.207844e-01
1.250000e+00	1.506364e-01	3.959200e-02	1.540847e-01	2.435634e-01	-2.289015e-02
1.300000e+00	1.132717e-01	3.368656e-02	1.165138e-01	2.005399e-01	1.027121e-02
1.350000e+00	3.320056e-02	3.100692e-02	3.371209e-02	1.238644e-01	-6.169136e-02
1.400000e+00	-5.932911e-02	2.794280e-02	-6.044131e-02	8.435522e-02	-1.420110e-01
1.450000e+00	-1.430523e-01	2.361978e-02	-1.440229e-01	3.037911e-02	-2.073301e-01
1.500000e+00	-1.883566e-01	2.078939e-02	-1.894502e-01	-1.340708e-02	-2.481123e-01
1.550000e+00	-1.846874e-01	2.190219e-02	-1.850470e-01	-3.244381e-02	-2.551265e-01
1.600000e+00	-1.287250e-01	2.452768e-02	-1.276345e-01	-8.529865e-03	-2.033505e-01
1.650000e+00	-3.108284e-02	2.559917e-02	-2.799523e-02	7.299402e-02	-1.098235e-01
1.700000e+00	8.267269e-02	2.364791e-02	8.536041e-02	1.518464e-01	1.160090e-02
1.750000e+00	1.913844e-01	1.991740e-02	1.940041e-01	2.354086e-01	1.136927e-01
1.800000e+00	2.651716e-01	1.702264e-02	2.667825e-01	3.082491e-01	1.928657e-01
1.850000e+00	2.956392e-01	1.676953e-02	2.960617e-01	3.400242e-01	2.214261e-01
1.900000e+00	2.753857e-01	1.733085e-02	2.740428e-01	3.238556e-01	1.976765e-01
1.950000e+00	2.186499e-01	1.693949e-02	2.166050e-01	2.649435e-01	1.523212e-01
2.000000e+00	1.416913e-01	1.467417e-02	1.395987e-01	1.852639e-01	9.748065e-02
2.050000e+00	6.501639e-02	1.247026e-02	6.370338e-02	1.011001e-01	3.693341e-02
2.100000e+00	9.579321e-03	1.027035e-02	8.777915e-03	5.282172e-02	-1.759606e-02
2.150000e+00	-1.597771e-02	8.381766e-03	-1.597637e-02	3.268425e-02	-3.995277e-02
2.200000e+00	-1.619711e-02	6.835976e-03	-1.634541e-02	2.782857e-02	-3.732863e-02
2.250000e+00	-1.047015e-02	7.288169e-03	-1.008107e-02	2.024087e-02	-3.752526e-02
2.300000e+00	-3.586966e-03	7.820055e-03	-2.490059e-03	1.812313e-02	-3.223698e-02
2.350000e+00	-1.106163e-03	6.665418e-03	-4.635986e-04	1.905243e-02	-3.256767e-02
2.400000e+00	-4.801539e-03	4.656186e-03	-4.957718e-03	1.029805e-02	-3.291599e-02
2.450000e+00	-7.313793e-03	4.124773e-03	-7.550687e-03	6.549699e-03	-3.140865e-02
2.500000e+00	-1.112269e-02	4.274779e-03	-1.131659e-02	2.461056e-03	-3.186330e-02
2.550000e+00	-1.493729e-02	4.341482e-03	-1.522108e-02	-1.935041e-03	-3.009471e-02
2.600000e+00	-1.739554e-02	3.902013e-03	-1.775364e-02	-5.853317e-03	-2.917755e-02
2.650000e+00	-1.960201e-02	3.256355e-03	-1.991597e-02	-9.343601e-03	-3.017150e-02
2.700000e+00	-2.023634e-02	2.381589e-03	-2.033102e-02	-1.099291e-02	-2.824859e-02
2.750000e+00	-1.927471e-02	1.821977e-03	-1.935845e-02	-8.257406e-03	-2.488322e-02
2.800000e+00	-1.715578e-02	1.976463e-03	-1.710943e-02	-6.531923e-03	-2.331714e-02
2.850000e+00	-1.570989e-02	2.464305e-03	-1.538437e-02	-6.539021e-03	-2.308967e-02
2.900000e+00	-1.348714e-02	2.800021e-03	-1.276883e-02	-5.950162e-03	-2.222751e-02
2.950000e+00	-1.091780e-02	2.855319e-03	-1.012271e-02	-5.856537e-03	-1.973255e-02
3.000000e+00	-8.325744e-03	2.719024e-03	-7.642499e-03	-3.122878e-03	-1.667747e-02
3.050000e+00	-4.939508e-03	2.567676e-03	-4.627776e-03	1.287529e-03	-1.267490e-02
3.100000e+00	-1.828227e-03	2.546081e-03	-1.708371e-03	5.758753e-03	-1.082569e-02
3.150000e+00	7.476591e-04	2.596380e-03	8.503663e-04	8.872046e-03	-9.277467e-03
3.200000e+00	2.656347e-03	2.567474e-03	2.813572e-03	1.022947e-02	-7.086910e-03
3.250000e+00	3.695786e-03	2.317986e-03	3.803660e-03	9.995757e-03	-4.119303e-03
3.300000e+00	3.858907e-03	1.969310e-03	3.882194e-03	1.066491e-02	-2.427493e-03
3.350000e+00	3.447498e-03	1.772192e-03	3.412839e-03	1.117137e-02	-1.834538e-03
3.400000e+00	2.797919e-03	1.957361e-03	2.666662e-03	9.598195e-03	-3.388890e-03
3.450000e+00	2.189490e-03	2.424839e-03	2.228008e-03	9.974888e-03	-5.210706e-03
3.500000e+00	2.076882e-03	2.827526e-03	2.076576e-03	1.094011e-02	-5.557363e-03
3.550000e+00	2.616440e-03	2.940626e-03	2.589620e-03	1.208952e-02	-4.929566e-03
3.600000e+00	3.813354e-03	2.685528e-03	3.620023e-03	1.303462e-02	-5.179499e-03
3.650000e+00	5.704828e-03	2.158154e-03	5.564375e-03	1.293189e-02	-2.489170e-03
3.700000e+00	7.750059e-03	1.833998e-03	7.821106e-03	1.241767e-02	1.189205e-03
3.750000e+00	9.467511e-03	2.271405e-03	9.655076e-03	1.600980e-02	2.185916e-03
3.800000e+00	1.030569e-02	3.037173e-03	1.050007e-02	1.800390e-02	1.614009e-03
3.850000e+00	9.834410e-03	3.557977e-03	9.951738e-03	1.993964e-02	-6.284212e-04
3.900000e+00	7.325571e-03	3.455501e-03	7.390564e-03	1.811934e-02	-4.153872e-03
3.950000e+00	2.731256e-03	2.703281e-03	2.862131e-03	1.116773e-02	-6.855883e-03
4.000000e+00	-3.482231e-03	1.667127e-03	-3.418804e-03	2.574010e-03	-8.677920e-03
4.050000e+00	-1.073407e-02	1.611347e-03	-1.077432e-02	-5.665638e-03	-1.598893e-02
4.100000e+00	-1.765198e-02	2.676479e-03	-1.766997e-02	-9.921968e-03	-2.540740e-02
4.150000e+00	-2.264882e-02	3.543456e-03	-2.274115e-02	-1.159942e-02	-3.168207e-02
4.200000e+00	-2.438796e-02	3.758207e-03	-2.453358e-02	-1.166595e-02	-3.331359e-02
4.250000e+00	-2.288777e-02	3.345896e-03	-2.301699e-02	-1.130943e-02	-3.020127e-02
4.300000e+00	-1.757216e-02	2.544213e-03	-1.776288e-02	-9.638800e-03	-2.411000e-02
4.350000e+00	-9.304013e-03	2.009008e-03	-9.356871e-03	-3.160643e-03	-1.604689e-02
4.400000e+00	3.914173e-04	2.282974e-03	3.585964e-04	7.538491e-03	-6.132274e-03
4.450000e+00	9.417824e-03	2.873831e-03	9.423710e-03	1.852122e-02	9.396627e-04
4.500000e+00	1.688369e-02	3.226632e-03	1.700876e-02	2.690520e-02	6.195780e-03
4.550000e+00	2.196352e-02	3.241518e-03	2.214643e-02	3.169263e-02	9.794083e-03
4.600000e+00	2.459164e-02	3.020454e-03	2.484067e-02	3.292126e-02	1.179299e-02
4.650000e+00	2.536518e-02	2.746097e-03	2.561877e-02	3.162979e-02	1.343462e-02
4.700000e+00	2.521635e-02	2.485480e-03	2.546320e-02	3.109539e-02	1.543475e-02
4.750000e+00	2.479709e-02	2.307851e-03	2.501647e-02	3.027441e-02	1.662624e-02
4.800000e+00	2.426230e-02	2.260573e-03	2.446060e-02	3.027026e-02	1.626444e-02
4.850000e+00	2.326267e-02	2.342585e-03	2.325107e-02	2.991747e-02	1.546751e-02
4.900000e+00	2.094380e-02	2.644626e-03	2.093481e-02	2.836523e-02	1.074803e-02
4.950000e+00	1.651406e-02	3.451573e-03	1.662434e-02	2.659494e-02	2.671142e-03
5.000000e+00	9.662181e-03	4.819652e-03	9.782071e-03	2.273961e-02	-9.362870e-03
5.050000e+00	9.009312e-04	6.348082e-03	8.479895e-04	1.846033e-02	-2.125852e-02
5.100000e+00	-8.498789e-03	7.484534e-03	-8.650532e-03	1.218163e-02	-3.088352e-02
5.150000e+00	-1.681465e-02	7.719701e-03	-1.706542e-02	4.847844e-03	-3.681992e-02
5.200000e+00	-2.242243e-02	6.810183e-03	-2.281314e-02	-8.602014e-04	-3.855998e-02
5.250000e+00	-2.440556e-02	5.033219e-03	-2.487685e-02	-6.473339e-03	-3.681050e-02
5.300000e+00	-2.291601e-02	3.755715e-03	-2.310958e-02	-1.142632e-02	-3.476246e-02
5.350000e+00	-1.923313e-02	4.862403e-03	-1.918981e-02	-4.406528e-03	-3.438621e-02
5.400000e+00	-1.535439e-02	6.844409e-03	-1.550426e-02	3.773382e-03	-3.340607e-02
5.450000e+00	-1.317699e-02	7.967729e-03	-1.351566e-02	6.573327e-03	-3.387634e-02
5.500000e+00	-1.408965e-02	7.695559e-03	-1.438701e-02	4.954362e-03	-3.395661e-02
5.550000e+00	-1.819001e-02	6.189280e-03	-1.834285e-02	-1.547957e-03	-3.501890e-02
5.600000e+00	-2.425965e-02	4.387595e-03	-2.427523e-02	-1.171194e-02	-3.554193e-02
5.650000e+00	-2.999102e-02	4.178389e-03	-3.007194e-02	-1.750027e-02	-4.037960e-02
5.700000e+00	-3.313148e-02	5.713920e-03	-3.323056e-02	-1.606313e-02	-4.772393e-02
5.750000e+00	-3.188087e-02	7.190538e-03	-3.221016e-02	-1.000986e-02	-5.018341e-02
5.800000e+00	-2.560718e-02	7.862247e-03	-2.589375e-02	-2.007648e-03	-4.499254e-02
5.850000e+00	-1.492290e-02	7.700687e-03	-1.524041e-02	7.330850e-03	-3.363756e-02
5.900000e+00	-1.783095e-03	7.048498e-03	-2.042589e-03	1.626714e-02	-1.999172e-02
5.950000e+00	1.155456e-02	6.294697e-03	1.163651e-02	2.659407e-02	-6.256424e-03
6.000000e+00	2.310736e-02	5.691515e-03	2.320601e-02	3.972220e-02	6.355933e-03
6.050000e+00	3.166166e-02	5.243973e-03	3.199962e-02	4.948745e-02	1.619079e-02
6.100000e+00	3.694637e-02	4.915275e-03	3.732876e-02	5.337524e-02	1.970945e-02
6.150000e+00	3.954909e-02	4.721839e-03	3.978394e-02	5.644523e-02	1.869483e-02
6.200000e+00	4.034229e-02	4.846253e-03	4.048295e-02	5.604564e-02	1.762468e-02
6.250000e+00	3.996978e-02	5.440748e-03	4.019771e-02	5.307333e-02	1.761097e-02
6.300000e+00	3.853528e-02	6.349757e-03	3.905416e-02	5.371504e-02	1.621001e-02
6.350000e+00	3.561736e-02	7.206023e-03	3.597238e-02	5.653066e-02	1.057018e-02
6.400000e+00	3.058472e-02	7.711655e-03	3.087849e-02	5.493068e-02	6.954668e-03
6.450000e+00	2.305160e-02	7.801412e-03	2.337340e-02	4.768152e-02	7.229517e-04
6.500000e+00	1.325217e-02	7.670153e-03	1.334215e-02	3.594120e-02	-1.105925e-02
6.550000e+00	2.074627e-03	7.627400e-03	1.770106e-03	2.239806e-02	-2.046111e-02
6.600000e+00	-8.900073e-03	7.888013e-03	-9.420132e-03	1.212304e-02	-2.942327e-02
6.650000e+00	-1.815342e-02	8.319767e-03	-1.874577e-02	5.496351e-03	-4.005171e-02
6.700000e+00	-2.465394e-02	8.596503e-03	-2.509057e-02	1.074084e-03	-4.661549e-02
6.750000e+00	-2.820526e-02	8.426415e-03	-2.819477e-02	-3.453620e-03	-5.410387e-02
6.800000e+00	-2.946395e-02	7.711937e-03	-2.952908e-02	-7.671904e-03	-5.666407e-02
6.850000e+00	-2.961140e-02	6.715895e-03	-2.950703e-02	-8.295702e-03	-5.427434e-02
6.900000e+00	-2.981221e-02	6.183815e-03	-2.993497e-02	-9.973440e-03	-4.815864e-02
6.950000e+00	-3.068441e-02	6.747290e-03	-3.072418e-02	-7.084735e-03	-5.152605e-02
7.000000e+00	-3.200589e-02	7.878775e-03	-3.205500e-02	-7.690430e-03	-5.353290e-02
7.050000e+00	-3.268761e-02	8.590611e-03	-3.316139e-02	-1.071633e-02	-5.317051e-02
7.100000e+00	-3.149051e-02	8.505254e-03	-3.212421e-02	-5.263183e-03	-5.252619e-02
7.150000e+00	-2.730354e-02	8.116729e-03	-2.787896e-02	3.610703e-03	-5.106328e-02
7.200000e+00	-1.975985e-02	8.505202e-03	-2.011243e-02	1.343666e-02	-4.239260e-02
7.250000e+00	-9.478271e-03	9.940141e-03	-9.950940e-03	2.399702e-02	-3.579866e-02
7.300000e+00	2.078362e-03	1.140739e-02	1.835707e-03	3.775063e-02	-2.839740e-02
7.350000e+00	1.307221e-02	1.189033e-02	1.318330e-02	4.841561e-02	-1.911392e-02
7.400000e+00	2.189744e-02	1.104249e-02	2.278949e-02	5.346748e-02	-9.530032e-03
7.450000e+00	2.768158e-02	9.219858e-03	2.842802e-02	5.335938e-02	-3.460008e-04
7.500000e+00	3.048499e-02	7.312470e-03	3.069393e-02	4.975231e-02	7.806272e-03
7.550000e+00	3.103770e-02	6.263414e-03	3.091231e-02	5.044411e-02	1.215835e-02
7.600000e+00	3.055744e-02	6.241028e-03	3.052033e-02	4.744591e-02	7.963792e-03
7.650000e+00	2.994859e-02	6.586480e-03	3.005138e-02	4.579154e-02	5.897328e-03
7.700000e+00	2.949255e-02	6.946340e-03	2.982128e-02	4.690426e-02	6.599246e-03
7.750000e+00	2.876699e-02	7.359155e-03	2.882051e-02	4.777384e-02	2.986798e-03
7.800000e+00	2.689771e-02	7.861949e-03	2.687321e-02	4.629932e-02	1.703856e-04
7.850000e+00	2.302463e-02	8.383399e-03	2.300730e-02	4.601219e-02	-6.386929e-03
7.900000e+00	1.677275e-02	8.796840e-03	1.653851e-02	4.160483e-02	-1.169826e-02
7.950000e+00	8.519293e-03	8.922665e-03	7.992869e-03	3.346341e-02	-1.446580e-02
8.000000e+00	-6.619114e-04	8.658322e-03	-1.238633e-03	2.221964e-02	-2.121859e-02
8.050000e+00	-9.386037e-03	8.330928e-03	-9.567199e-03	1.137168e-02	-2.946614e-02
8.100000e+00	-1.634131e-02	8.843203e-03	-1.612416e-02	9.060137e-03	-4.230510e-02
8.150000e+00	-2.089868e-02	1.043682e-02	-2.083651e-02	8.991719e-03	-4.984756e-02
8.200000e+00	-2.322289e-02	1.200736e-02	-2.470054e-02	1.121277e-02	-5.092516e-02
8.250000e+00	-2.411484e-02	1.224681e-02	-2.589920e-02	9.384303e-03	-5.084358e-02
8.300000e+00	-2.459098e-02	1.062871e-02	-2.584161e-02	5.751487e-03	-5.231270e-02
8.350000e+00	-2.538344e-02	8.179412e-03	-2.526487e-02	-3.533572e-05	-4.851185e-02
8.400000e+00	-2.657870e-02	8.282722e-03	-2.651617e-02	1.438909e-03	-4.641317e-02
8.450000e+00	-2.755254e-02	1.176505e-02	-2.776216e-02	4.572863e-03	-6.261296e-02
8.500000e+00	-2.723233e-02	1.516233e-02	-2.717385e-02	8.233461e-03	-7.361957e-02
8.550000e+00	-2.452239e-02	1.637832e-02	-2.365643e-02	9.073287e-03	-7.226563e-02
8.600000e+00	-1.896216e-02	1.502611e-02	-1.727172e-02	1.245994e-02	-6.277078e-02
8.650000e+00	-1.088750e-02	1.212052e-02	-1.013112e-02	2.264008e-02	-4.379819e-02
8.700000e+00	-1.429539e-03	9.994436e-03	-1.869094e-03	3.263062e-02	-3.073002e-02
8.750000e+00	7.840002e-03	1.048297e-02	8.189234e-03	3.771153e-02	-2.310131e-02
8.800000e+00	1.543906e-02	1.202378e-02	1.543995e-02	5.101859e-02	-1.719787e-02
8.850000e+00	2.046526e-02	1.256662e-02	2.015983e-02	5.722185e-02	-1.159356e-02
8.900000e+00	2.284862e-02	1.165134e-02	2.283626e-02	5.774137e-02	-9.481067e-03
8.950000e+00	2.327027e-02	9.862050e-03	2.320463e-02	5.371339e-02	-7.041698e-03
9.000000e+00	2.279033e-02	8.084792e-03	2.262412e-02	4.860561e-02	-3.237901e-03
9.050000e+00	2.238231e-02	6.868478e-03	2.255462e-02	4.484870e-02	2.709742e-03
9.100000e+00	2.240785e-02	6.281192e-03	2.257053e-02	4.211738e-02	5.890597e-03
9.150000e+00	2.256161e-02	6.292701e-03	2.257200e-02	4.027105e-02	5.697739e-03
9.200000e+00	2.200635e-02	6.793307e-03	2.198420e-02	4.142454e-02	1.629530e-03
9.250000e+00	1.978633e-02	7.478037e-03	2.002110e-02	4.083720e-02	-7.711899e-03
9.300000e+00	1.530686e-02	8.263678e-03	1.557912e-02	3.793090e-02	-1.976893e-02
9.350000e+00	8.672572e-03	9.400438e-03	9.186377e-03	3.224580e-02	-3.126678e-02
9.400000e+00	7.382546e-04	1.083531e-02	1.348113e-03	2.597772e-02	-4.084557e-02
9.450000e+00	-7.152480e-03	1.186565e-02	-6.081661e-03	2.137595e-02	-4.630950e-02
9.500000e+00	-1.363426e-02	1.167607e-02	-1.310380e-02	1.632267e-02	-4.814522e-02
9.550000e+00	-1.783249e-02	1.004877e-02	-1.837683e-02	1.119433e-02	-4.374741e-02
9.600000e+00	-1.955043e-02	7.969586e-03	-1.997058e-02	8.869605e-03	-4.075434e-02
9.650000e+00	-1.938861e-02	7.752910e-03	-1.940104e-02	8.168435e-03	-4.317849e-02
9.700000e+00	-1.840260e-02	9.707729e-03	-1.929799e-02	1.457841e-02	-4.641354e-02
9.750000e+00	-1.762749e-02	1.138527e-02	-1.929312e-02	1.935652e-02	-4.377722e-02
9.800000e+00	-1.762837e-02	1.132008e-02	-1.961996e-02	1.943592e-02	-3.799792e-02
9.850000e+00	-1.826200e-02	9.539958e-03	-1.902427e-02	1.132621e-02	-3.963701e-02
9.900000e+00	-1.874587e-02	7.495575e-03	-1.867594e-02	1.837908e-03	-3.927544e-02
9.950000e+00	-1.800381e-02	7.497093e-03	-1.849412e-02	3.649925e-03	-3.603670e-02
1.000000e+01	-1.514420e-02	9.234145e-03	-1.509565e-02	1.306136e-02	-4.265812e-02
1.005000e+01	-9.854694e-03	1.047979e-02	-9.120670e-03	1.897947e-02	-4.211902e-02
1.010000e+01	-2.648585e-03	1.030418e-02	-2.000902e-03	2.093499e-02	-3.178056e-02
1.015000e+01	5.313826e-03	8.990566e-03	5.751941e-03	2.475301e-02	-2.148694e-02
1.020000e+01	1.258498e-02	7.506203e-03	1.259078e-02	3.142736e-02	-9.225416e-03
1.025000e+01	1.791322e-02	6.754120e-03	1.790862e-02	3.655394e-02	-5.169154e-03
1.030000e+01	2.064041e-02	6.625437e-03	2.077898e-02	3.764575e-02	-2.565471e-03
1.035000e+01	2.086422e-02	6.388829e-03	2.095091e-02	3.818928e-02	1.800191e-03
1.040000e+01	1.931402e-02	5.771999e-03	1.929901e-02	3.631895e-02	2.370998e-03
1.045000e+01	1.700461e-02	5.096596e-03	1.712453e-02	3.297937e-02	-4.527161e-04
1.050000e+01	1.481682e-02	4.859517e-03	1.501817e-02	2.939386e-02	-5.609035e-03
1.055000e+01	1.317490e-02	5.192732e-03	1.358143e-02	2.521007e-02	-7.450817e-03
1.060000e+01	1.194220e-02	5.823946e-03	1.206891e-02	2.749672e-02	-6.538817e-03
1.065000e+01	1.056239e-02	6.452180e-03	1.047585e-02	2.940570e-02	-4.892932e-03
1.070000e+01	8.372737e-03	6.850368e-03	8.383467e-03	2.897054e-02	-1.032106e-02
1.075000e+01	4.950328e-03	6.866996e-03	5.179752e-03	2.567493e-02	-1.484995e-02
1.080000e+01	3.462329e-04	6.522995e-03	7.783303e-04	1.894864e-02	-1.800996e-02
1.085000e+01	-4.884743e-03	6.099563e-03	-4.762609e-03	1.024617e-02	-2.135308e-02
1.090000e+01	-9.863690e-03	6.007732e-03	-1.002638e-02	7.102127e-03	-2.585077e-02
1.095000e+01	-1.369694e-02	6.357469e-03	-1.387879e-02	4.528964e-03	-2.999441e-02
1.100000e+01	-1.578722e-02	6.799829e-03	-1.634896e-02	3.214637e-03	-3.377308e-02
1.105000e+01	-1.606066e-02	6.935242e-03	-1.662633e-02	4.768190e-03	-3.370170e-02
1.110000e+01	-1.484936e-02	6.602518e-03	-1.518598e-02	5.433991e-03	-3.019798e-02
1.115000e+01	-1.284648e-02	5.951009e-03	-1.324331e-02	4.912509e-03	-2.889431e-02
1.120000e+01	-1.077846e-02	5.344542e-03	-1.092435e-02	6.538056e-03	-2.641890e-02
1.125000e+01	-9.136374e-03	5.132662e-03	-9.211261e-03	6.392205e-03	-2.245058e-02
1.130000e+01	-8.025384e-03	5.337638e-03	-8.128524e-03	1.001011e-02	-2.357998e-02
1.135000e+01	-7.181404e-03	5.694562e-03	-7.133501e-03	1.589721e-02	-2.300186e-02
1.140000e+01	-6.134307e-03	5.986674e-03	-6.178984e-03	2.012721e-02	-2.275120e-02
1.145000e+01	-4.440270e-03	6.165687e-03	-4.647585e-03	2.109131e-02	-2.225429e-02
1.150000e+01	-1.885099e-03	6.254262e-03	-1.917619e-03	1.920442e-02	-1.940190e-02
1.155000e+01	1.419443e-03	6.229154e-03	1.410570e-03	1.791737e-02	-1.685596e-02
1.160000e+01	5.074517e-03	6.014592e-03	5.480798e-03	2.054710e-02	-1.394264e-02
1.165000e+01	8.539963e-03	5.577918e-03	8.839820e-03	2.487086e-02	-9.213505e-03
1.170000e+01	1.131892e-02	5.015804e-03	1.145887e-02	2.628266e-02	-6.338708e-03
1.175000e+01	1.310494e-02	4.536659e-03	1.297090e-02	2.733601e-02	-2.924039e-03
1.180000e+01	1.383893e-02	4.312764e-03	1.374397e-02	2.890199e-02	3.913839e-04
1.185000e+01	1.366556e-02	4.334810e-03	1.363132e-02	2.726304e-02	-1.119994e-04
1.190000e+01	1.282164e-02	4.484965e-03	1.279660e-02	2.549576e-02	-2.545586e-04
1.195000e+01	1.151292e-02	4.689896e-03	1.140645e-02	2.376649e-02	-2.631855e-03
1.200000e+01	9.834675e-03	4.919366e-03	9.670613e-03	2.234580e-02	-7.137654e-03
1.205000e+01	7.767581e-03	5.129384e-03	7.626959e-03	2.229383e-02	-9.682380e-03
1.210000e+01	5.228473e-03	5.246789e-03	5.053824e-03	2.073158e-02	-1.038864e-02
1.215000e+01	2.187007e-03	5.266979e-03	2.028340e-03	1.797931e-02	-1.167252e-02
1.220000e+01	-1.259225e-03	5.241913e-03	-1.366223e-03	1.400246e-02	-1.726458e-02
1.225000e+01	-4.853497e-03	5.215217e-03	-4.970265e-03	1.122154e-02	-2.183318e-02
1.230000e+01	-8.217264e-03	5.184848e-03	-8.209072e-03	7.060440e-03	-2.434641e-02
1.235000e+01	-1.094115e-02	5.151607e-03	-1.094215e-02	8.399107e-03	-2.565666e-02
1.240000e+01	-1.269323e-02	5.168407e-03	-1.284968e-02	7.387377e-03	-2.729060e-02
1.245000e+01	-1.330335e-02	5.292471e-03	-1.376595e-02	4.890061e-03	-2.702354e-02
1.250000e+01	-1.279463e-02	5.504398e-03	-1.321451e-02	6.422644e-03	-2.939565e-02
1.255000e+01	-1.135631e-02	5.732950e-03	-1.173843e-02	6.779373e-03	-2.826986e-02
1.260000e+01	-9.274802e-03	5.944416e-03	-9.266607e-03	7.027832e-03	-2.673572e-02
1.265000e+01	-6.853302e-03	6.145583e-03	-6.598649e-03	8.313789e-03	-2.443455e-02
1.270000e+01	-4.349200e-03	6.299602e-03	-4.104096e-03	1.084546e-02	-2.397910e-02
1.275000e+01	-1.945865e-03	6.305914e-03	-1.503128e-03	1.323913e-02	-2.554008e-02
1.280000e+01	2.424532e-04	6.111465e-03	6.834536e-04	1.548492e-02	-2.183389e-02
1.285000e+01	2.147682e-03	5.829073e-03	2.193456e-03	1.844542e-02	-1.636590e-02
1.290000e+01	3.726111e-03	5.683952e-03	3.680915e-03	2.193938e-02	-1.284861e-02
1.295000e+01	4.950574e-03	5.750115e-03	5.070938e-03	2.260211e-02	-1.250215e-02
1.300000e+01	5.817237e-03	5.813260e-03	5.832709e-03	2.221023e-02	-9.578269e-03
1.305000e+01	6.388543e-03	5.622151e-03	6.291389e-03	2.664082e-02	-7.677896e-03
1.310000e+01	6.688892e-03	5.126723e-03	6.472366e-03	2.673710e-02	-7.158682e-03
1.315000e+01	6.794974e-03	4.559583e-03	6.686912e-03	2.475914e-02	-6.566383e-03
1.320000e+01	6.777410e-03	4.212961e-03	6.746775e-03	2.173501e-02	-5.451973e-03
1.325000e+01	6.666055e-03	4.105387e-03	6.699787e-03	2.017365e-02	-7.551768e-03
1.330000e+01	6.427669e-03	4.026850e-03	6.390871e-03	1.980780e-02	-8.941803e-03
1.335000e+01	5.971197e-03	3.926077e-03	5.969852e-03	1.771958e-02	-8.232733e-03
1.340000e+01	5.183886e-03	3.994366e-03	5.184426e-03	1.691191e-02	-7.782722e-03
1.345000e+01	3.985901e-03	4.315441e-03	4.103928e-03	1.684316e-02	-8.182211e-03
1.350000e+01	2.380038e-03	4.647203e-03	2.414886e-03	1.619151e-02	-9.249463e-03
1.355000e+01	4.729166e-04	4.704283e-03	3.628169e-04	1.559554e-02	-1.135006e-02
1.360000e+01	-1.544379e-03	4.443198e-03	-1.847635e-03	1.343330e-02	-1.438940e-02
1.365000e+01	-3.449840e-03	4.097355e-03	-3.477216e-03	9.223779e-03	-1.727644e-02
1.370000e+01	-5.055608e-03	3.967469e-03	-4.820139e-03	4.598963e-03	-1.867978e-02
1.375000e+01	-6.256055e-03	4.078923e-03	-6.147404e-03	5.082529e-03	-1.832807e-02
1.380000e+01	-7.038174e-03	4.203942e-03	-7.044053e-03	6.268333e-03	-1.996611e-02
1.385000e+01	-7.451551e-03	4.210232e-03	-7.635938e-03	6.050992e-03	-1.983248e-02
1.390000e+01	-7.554689e-03	4.177791e-03	-7.735860e-03	5.709450e-03	-2.060019e-02
1.395000e+01	-7.365772e-03	4.232423e-03	-7.507504e-03	7.310698e-03	-2.160085e-02
1.400000e+01	-6.843629e-03	4.351877e-03	-7.063462e-03	8.165512e-03	-2.006621e-02
1.405000e+01	-5.927673e-03	4.419754e-03	-5.999803e-03	7.621208e-03	-1.786106e-02
1.410000e+01	-4.532560e-03	4.354793e-03	-4.464426e-03	9.416559e-03	-1.680012e-02
1.415000e+01	-2.657460e-03	4.203467e-03	-2.567815e-03	9.822022e-03	-1.517733e-02
1.420000e+01	-4.178840e-04	4.046600e-03	-3.292900e-04	1.178806e-02	-1.144933e-02
1.425000e+01	1.948413e-03	3.911168e-03	2.001125e-03	1.402719e-02	-9.478727e-03
1.430000e+01	4.125735e-03	3.788911e-03	4.231966e-03	1.366888e-02	-8.451820e-03
1.435000e+01	5.803341e-03	3.702106e-03	6.050316e-03	1.479091e-02	-6.440276e-03
1.440000e+01	6.767391e-03	3.682647e-03	6.987544e-03	1.800265e-02	-7.125921e-03
1.445000e+01	6.965962e-03	3.692868e-03	7.082837e-03	1.962386e-02	-8.544211e-03
1.450000e+01	6.519875e-03	3.637954e-03	6.510151e-03	1.823196e-02	-8.339090e-03
1.455000e+01	5.673070e-03	3.470723e-03	5.809774e-03	1.704790e-02	-6.770470e-03
1.460000e+01	4.701002e-03	3.253852e-03	4.830077e-03	1.426186e-02	-6.920504e-03
1.465000e+01	3.813205e-03	3.109438e-03	3.970443e-03	1.264260e-02	-7.502350e-03
1.470000e+01	3.088764e-03	3.094131e-03	3.255656e-03	1.160185e-02	-6.509236e-03
1.475000e+01	2.469416e-03	3.148660e-03	2.561329e-03	1.159748e-02	-7.469877e-03
1.480000e+01	1.810464e-03	3.185048e-03	1.849870e-03	1.089200e-02	-7.942649e-03
1.485000e+01	9.653473e-04	3.166477e-03	9.934758e-04	1.000032e-02	-7.756581e-03
1.490000e+01	-1.335702e-04	3.106518e-03	-9.686607e-05	8.287513e-03	-8.519164e-03
1.495000e+01	-1.432225e-03	3.038981e-03	-1.416996e-03	6.900215e-03	-1.007980e-02
1.500000e+01	-2.766473e-03	2.994652e-03	-2.791986e-03	6.431771e-03	-1.149655e-02
1.505000e+01	-3.950110e-03	2.986216e-03	-4.106520e-03	5.937888e-03	-1.222565e-02
1.510000e+01	-4.764117e-03	2.975475e-03	-4.876084e-03	4.232898e-03	-1.424693e-02
1.515000e+01	-5.095295e-03	2.924239e-03	-5.101482e-03	3.276010e-03	-1.470857e-02
1.520000e+01	-4.953725e-03	2.837223e-03	-4.919266e-03	3.990880e-03	-1.343174e-02
1.525000e+01	-4.457924e-03	2.787049e-03	-4.514888e-03	7.075750e-03	-1.248327e-02
1.530000e+01	-3.779630e-03	2.858256e-03	-3.799524e-03	8.646411e-03	-1.115377e-02
1.535000e+01	-3.073450e-03	3.040637e-03	-2.990587e-03	8.417661e-03	-1.143136e-02
1.540000e+01	-2.421715e-03	3.221758e-03	-2.322133e-03	7.657245e-03	-1.183112e-02
1.545000e+01	-1.816763e-03	3.289178e-03	-1.652689e-03	6.765742e-03	-1.157914e-02
1.550000e+01	-1.185582e-03	3.206165e-03	-1.026000e-03	7.445271e-03	-1.007207e-02
1.555000e+01	-4.430311e-04	3.019944e-03	-3.139335e-04	8.623572e-03	-9.638143e-03
1.560000e+01	4.519090e-04	2.827410e-03	4.834610e-04	8.433830e-03	-8.624528e-03
1.565000e+01	1.462527e-03	2.717322e-03	1.488428e-03	9.355291e-03	-7.409635e-03
1.570000e+01	2.477792e-03	2.712606e-03	2.408190e-03	1.108633e-02	-7.163436e-03
1.575000e+01	3.350060e-03	2.759279e-03	3.332099e-03	1.231405e-02	-6.602099e-03
1.580000e+01	3.949157e-03	2.775317e-03	4.100889e-03	1.329006e-02	-4.503737e-03
1.585000e+01	4.208298e-03	2.712079e-03	4.482029e-03	1.272219e-02	-5.481681e-03
1.590000e+01	4.141963e-03	2.590834e-03	4.340641e-03	1.080074e-02	-6.665496e-03
1.595000e+01	3.829177e-03	2.495071e-03	4.039524e-03	1.088110e-02	-6.335350e-03
1.600000e+01	3.371479e-03	2.498830e-03	3.463318e-03	1.049608e-02	-4.868574e-03
1.605000e+01	2.855698e-03	2.587713e-03	2.886906e-03	1.082785e-02	-6.449899e-03
1.610000e+01	2.284474e-03	2.666358e-03	2.303905e-03	9.700000e-03	-7.541997e-03
1.615000e+01	1.627045e-03	2.666150e-03	1.579701e-03	9.582847e-03	-7.527577e-03
1.620000e+01	8.324544e-04	2.591303e-03	7.866087e-04	8.598974e-03	-7.315754e-03
1.625000e+01	-1.264065e-04	2.495201e-03	-1.653368e-04	7.285153e-03	-8.255142e-03
1.630000e+01	-1.215927e-03	2.422624e-03	-1.320709e-03	6.032458e-03	-1.006133e-02
1.635000e+01	-2.330271e-03	2.379779e-03	-2.367843e-03	5.545419e-03	-1.140260e-02
1.640000e+01	-3.312370e-03	2.361043e-03	-3.260815e-03	3.997900e-03	-1.161266e-02
1.645000e+01	-4.000270e-03	2.379152e-03	-4.066516e-03	5.206180e-03	-1.090677e-02
1.650000e+01	-4.280445e-03	2.446969e-03	-4.435500e-03	6.089710e-03	-1.234030e-02
1.655000e+01	-4.126323e-03	2.544361e-03	-4.315069e-03	5.855044e-03	-1.299323e-02
1.660000e+01	-3.606293e-03	2.629119e-03	-3.707786e-03	4.557041e-03	-1.196631e-02
1.665000e+01	-2.858011e-03	2.676335e-03	-2.811355e-03	4.359917e-03	-1.100388e-02
1.670000e+01	-2.039670e-03	2.692918e-03	-1.987383e-03	4.989578e-03	-1.155090e-02
1.675000e+01	-1.277952e-03	2.695757e-03	-1.184412e-03	5.382299e-03	-1.275627e-02
1.680000e+01	-6.331045e-04	2.685219e-03	-4.792197e-04	6.984822e-03	-1.182182e-02
1.685000e+01	-9.375116e-05	2.647082e-03	2.896917e-06	8.246879e-03	-1.102793e-02
1.690000e+01	3.986963e-04	2.577250e-03	4.846304e-04	8.220400e-03	-1.049021e-02
1.695000e+01	9.083410e-04	2.496802e-03	8.734943e-04	7.840740e-03	-8.485341e-03
1.700000e+01	1.464650e-03	2.438738e-03	1.354454e-03	9.030498e-03	-6.550606e-03
1.705000e+01	2.048918e-03	2.418724e-03	1.906018e-03	1.030562e-02	-5.406340e-03
1.710000e+01	2.578339e-03	2.410527e-03	2.486309e-03	9.921357e-03	-5.533010e-03
1.715000e+01	2.949336e-03	2.374520e-03	2.935440e-03	9.591762e-03	-5.948767e-03
1.720000e+01	3.078813e-03	2.291706e-03	3.137621e-03	9.974571e-03	-5.062284e-03
1.725000e+01	2.937656e-03	2.188272e-03	2.972214e-03	1.006562e-02	-3.639941e-03
1.730000e+01	2.561787e-03	2.126525e-03	2.517201e-03	9.904510e-03	-4.268492e-03
1.735000e+01	2.037032e-03	2.151313e-03	1.969444e-03	9.558325e-03	-4.282423e-03
1.740000e+01	1.465377e-03	2.236569e-03	1.454995e-03	8.209935e-03	-6.007690e-03
1.745000e+01	9.277236e-04	2.307580e-03	9.270104e-04	7.936699e-03	-6.632526e-03
1.750000e+01	4.588798e-04	2.308638e-03	4.150329e-04	7.985071e-03	-7.024136e-03
1.755000e+01	4.444731e-05	2.238760e-03	5.674372e-05	7.108268e-03	-6.737473e-03
1.760000e+01	-3.606416e-04	2.140212e-03	-3.777168e-04	6.104556e-03	-5.562397e-03
1.765000e+01	-8.013840e-04	2.060451e-03	-8.659427e-04	5.862505e-03	-6.213721e-03
1.770000e+01	-1.293849e-03	2.022503e-03	-1.386095e-03	5.648065e-03	-7.220325e-03
1.775000e+01	-1.810616e-03	2.029489e-03	-1.782570e-03	4.675074e-03	-8.703926e-03
1.780000e+01	-2.286056e-03	2.079840e-03	-2.207225e-03	4.211606e-03	-8.906832e-03
1.785000e+01	-2.638220e-03	2.159151e-03	-2.605186e-03	4.928333e-03	-9.745186e-03
1.790000e+01	-2.797290e-03	2.229062e-03	-2.725270e-03	4.614202e-03	-9.956617e-03
1.795000e+01	-2.728567e-03	2.247034e-03	-2.737481e-03	4.852627e-03	-9.228412e-03
1.800000e+01	-2.441201e-03	2.202103e-03	-2.477562e-03	4.604707e-03	-8.167392e-03
1.805000e+01	-1.982558e-03	2.131542e-03	-1.993848e-03	4.739188e-03	-8.205140e-03
1.810000e+01	-1.412789e-03	2.090294e-03	-1.397800e-03	5.403684e-03	-7.973727e-03
1.815000e+01	-7.928709e-04	2.103526e-03	-7.298776e-04	5.812221e-03	-8.149743e-03
1.820000e+01	-1.668347e-04	2.142823e-03	-9.280430e-05	5.343354e-03	-7.634664e-03
1.825000e+01	4.404829e-04	2.158767e-03	4.539692e-04	6.865026e-03	-7.328788e-03
1.830000e+01	1.014784e-03	2.119324e-03	9.993218e-04	7.530138e-03	-6.028254e-03
1.835000e+01	1.539140e-03	2.023396e-03	1.573810e-03	7.919883e-03	-5.099354e-03
1.840000e+01	1.984503e-03	1.904198e-03	2.047654e-03	8.231691e-03	-4.089702e-03
1.845000e+01	2.309793e-03	1.828243e-03	2.390326e-03	7.575387e-03	-3.861172e-03
1.850000e+01	2.472334e-03	1.859390e-03	2.541193e-03	7.878789e-03	-3.643689e-03
1.855000e+01	2.443964e-03	1.987460e-03	2.447696e-03	8.676501e-03	-4.127962e-03
1.860000e+01	2.225057e-03	2.122136e-03	2.192083e-03	8.612650e-03	-5.159360e-03
1.865000e+01	1.849343e-03	2.171701e-03	1.818065e-03	8.878606e-03	-5.391684e-03
1.870000e+01	1.376469e-03	2.108208e-03	1.371209e-03	8.082209e-03	-5.618366e-03
1.875000e+01	8.748362e-04	1.981898e-03	8.402875e-04	6.527783e-03	-5.403058e-03
1.880000e+01	4.016137e-04	1.883437e-03	3.965713e-04	6.137463e-03	-4.983256e-03
1.885000e+01	-1.181627e-05	1.861355e-03	-2.217058e-05	6.061972e-03	-5.053960e-03
1.890000e+01	-3.632026e-04	1.876723e-03	-4.401821e-04	5.317870e-03	-5.508729e-03
1.895000e+01	-6.707260e-04	1.863290e-03	-7.008398e-04	5.066422e-03	-6.411842e-03
1.900000e+01	-9.566910e-04	1.801468e-03	-9.954363e-04	4.719421e-03	-6.885567e-03
1.905000e+01	-1.233373e-03	1.728829e-03	-1.248283e-03	4.030213e-03	-6.716430e-03
1.910000e+01	-1.488973e-03	1.690938e-03	-1.475458e-03	3.418985e-03	-6.942483e-03
1.915000e+01	-1.692093e-03	1.702989e-03	-1.697678e-03	3.491995e-03	-6.664160e-03
1.920000e+01	-1.803568e-03	1.745447e-03	-1.809462e-03	3.487411e-03	-6.995404e-03
1.925000e+01	-1.793041e-03	1.793653e-03	-1.782044e-03	3.607095e-03	-7.020441e-03
1.930000e+01	-1.652366e-03	1.831931e-03	-1.667518e-03	4.237916e-03	-6.984958e-03
1.935000e+01	-1.399870e-03	1.849453e-03	-1.413852e-03	4.271936e-03	-7.403867e-03
1.940000e+01	-1.073821e-03	1.840327e-03	-1.030418e-03	4.289590e-03	-7.026726e-03
1.945000e+01	-7.183147e-04	1.810251e-03	-6.829645e-04	4.779582e-03	-6.753428e-03
1.950000e+01	-3.680866e-04	1.775080e-03	-2.622896e-04	4.592964e-03	-6.518138e-03
1.955000e+01	-3.898893e-05	1.746725e-03	8.334459e-05	5.026550e-03	-5.795177e-03
1.960000e+01	2.719291e-04	1.722299e-03	3.729068e-04	6.034826e-03	-5.295578e-03
1.965000e+01	5.773031e-04	1.691415e-03	6.527266e-04	6.456601e-03	-4.944464e-03
1.970000e+01	8.859555e-04	1.651735e-03	9.280533e-04	6.450801e-03	-4.749930e-03
1.975000e+01	1.191535e-03	1.613267e-03	1.189217e-03	6.230915e-03	-3.992014e-03
1.980000e+01	1.468663e-03	1.589041e-03	1.439557e-03	6.432626e-03	-3.717718e-03
1.985000e+01	1.678431e-03	1.586149e-03	1.589021e-03	7.196855e-03	-3.361204e-03
1.990000e+01	1.780827e-03	1.606224e-03	1.793639e-03	6.978919e-03	-3.960885e-03
1.995000e+01	1.748678e-03	1.647393e-03	1.766942e-03	6.327151e-03	-4.891806e-03
2.000000e+01	1.577187e-03	1.699566e-03	1.621590e-03	6.232137e-03	-5.192213e-03
