# k	<chi>	std	chi_median	chi_max	chi_min
0.000000e+00	8.909863e-02	2.662948e-01	0.000000e+00	7.271141e-01	-3.915345e-01
5.000000e-02	1.539939e-01	3.574767e-01	3.148788e-01	7.295607e-01	-3.891831e-01
1.000000e-01	1.433343e-01	3.476777e-01	2.996822e-01	7.109043e-01	-3.867699e-01
1.500000e-01	1.106753e-01	3.180331e-01	2.578624e-01	6.716286e-01	-3.786981e-01
2.000000e-01	7.677125e-02	2.883492e-01	2.004444e-01	6.325093e-01	-3.701272e-01
2.500000e-01	1.904036e-02	2.391869e-01	9.492401e-02	5.608361e-01	-3.538154e-01
3.000000e-01	-4.069122e-02	1.922169e-01	-1.865737e-02	4.817750e-01	-3.913498e-01
3.500000e-01	-1.235693e-01	1.359718e-01	-1.448357e-01	3.625739e-01	-5.378230e-01
4.000000e-01	-2.076717e-01	1.065297e-01	-2.093800e-01	2.341160e-01	-6.768830e-01
4.500000e-01	-3.093869e-01	1.322235e-01	-2.620242e-01	6.511486e-02	-8.342787e-01
5.000000e-01	-4.057940e-01	1.948674e-01	-3.807189e-01	-1.011987e-01	-9.717336e-01
5.500000e-01	-5.074504e-01	2.746849e-01	-5.288133e-01	-1.200272e-01	-1.102295e+00
6.000000e-01	-5.923917e-01	3.458719e-01	-6.530629e-01	-9.383162e-02	-1.195594e+00
6.500000e-01	-6.638007e-01	4.096810e-01	-7.570850e-01	-5.757352e-02	-1.286929e+00
7.000000e-01	-7.054022e-01	4.517338e-01	-8.267376e-01	-2.805382e-02	-1.350054e+00
7.500000e-01	-7.149437e-01	4.710083e-01	-8.535751e-01	-4.754484e-03	-1.351955e+00
8.000000e-01	-6.875652e-01	4.630360e-01	-8.262138e-01	1.046536e-02	-1.315249e+00
8.500000e-01	-6.207685e-01	4.256139e-01	-7.522817e-01	1.668260e-02	-1.222281e+00
9.000000e-01	-5.243710e-01	3.654194e-01	-6.508395e-01	1.425315e-02	-1.066632e+00
9.500000e-01	-4.007558e-01	2.826639e-01	-5.077890e-01	1.208000e-02	-8.372404e-01
1.000000e+00	-2.714103e-01	1.931134e-01	-3.598866e-01	3.290715e-02	-5.776542e-01
1.050000e+00	-1.438909e-01	1.040769e-01	-1.703825e-01	6.313202e-02	-3.927620e-01
1.100000e+00	-4.117111e-02	5.957569e-02	-3.823148e-02	1.643604e-01	-2.245135e-01
1.150000e+00	2.960657e-02	9.556373e-02	-2.851093e-03	2.828204e-01	-1.472574e-01
1.200000e+00	5.733589e-02	1.364191e-01	9.029576e-03	3.393914e-01	-2.014729e-01
1.250000e+00	4.328168e-02	1.575709e-01	5.982728e-03	3.363628e-01	-2.576805e-01
1.300000e+00	-4.663841e-03	1.562197e-01	-1.901872e-02	2.790494e-01	-3.070701e-01
1.350000e+00	-7.432744e-02	1.372119e-01	-6.220122e-02	1.681983e-01	-3.456819e-01
1.400000e+00	-1.449427e-01	1.099419e-01	-1.076290e-01	3.147977e-02	-3.664174e-01
1.450000e+00	-2.009254e-01	8.334449e-02	-1.655724e-01	-7.318942e-02	-3.807317e-01
1.500000e+00	-2.253020e-01	6.759270e-02	-2.071300e-01	-9.357745e-02	-3.650741e-01
1.550000e+00	-2.116993e-01	6.298679e-02	-2.058737e-01	-6.948788e-02	-3.413878e-01
1.600000e+00	-1.612431e-01	6.516164e-02	-1.577467e-01	-2.312934e-02	-2.936181e-01
1.650000e+00	-8.239155e-02	7.203989e-02	-6.884371e-02	4.855377e-02	-2.316777e-01
1.700000e+00	6.972592e-03	8.235080e-02	4.114761e-02	1.436892e-01	-1.575791e-01
1.750000e+00	9.204223e-02	9.390101e-02	1.416583e-01	2.460203e-01	-8.120216e-02
1.800000e+00	1.543517e-01	9.884317e-02	1.925705e-01	3.056472e-01	-1.691719e-02
1.850000e+00	1.878371e-01	9.445327e-02	2.072711e-01	3.278247e-01	3.407322e-02
1.900000e+00	1.883010e-01	7.806558e-02	1.901782e-01	2.972906e-01	5.900440e-02
1.950000e+00	1.642101e-01	5.365998e-02	1.503309e-01	2.454148e-01	6.025825e-02
2.000000e+00	1.245364e-01	2.839620e-02	1.267642e-01	1.778440e-01	5.478400e-02
2.050000e+00	8.280856e-02	2.349664e-02	8.131763e-02	1.658543e-01	3.710245e-02
2.100000e+00	4.899311e-02	3.815164e-02	2.922980e-02	1.470925e-01	-7.475693e-03
2.150000e+00	2.879582e-02	4.663967e-02	6.074905e-03	1.243598e-01	-3.396214e-02
2.200000e+00	2.136054e-02	4.554703e-02	4.734986e-03	1.051324e-01	-3.890931e-02
2.250000e+00	2.173015e-02	4.113017e-02	1.213473e-02	9.532256e-02	-3.631668e-02
2.300000e+00	2.174092e-02	3.469283e-02	1.957805e-02	8.207987e-02	-3.100957e-02
2.350000e+00	1.772735e-02	2.873842e-02	2.211934e-02	6.385575e-02	-2.613831e-02
2.400000e+00	9.169639e-03	2.449785e-02	1.772201e-02	4.299303e-02	-3.047194e-02
2.450000e+00	1.989374e-03	2.090102e-02	1.342235e-02	3.125005e-02	-3.489974e-02
2.500000e+00	-5.383405e-03	1.759209e-02	3.630520e-03	1.948129e-02	-3.869487e-02
2.550000e+00	-1.162147e-02	1.441857e-02	-6.658116e-03	1.046289e-02	-4.048552e-02
2.600000e+00	-1.558177e-02	1.128303e-02	-1.394205e-02	5.868049e-03	-3.919294e-02
2.650000e+00	-1.854322e-02	8.959328e-03	-1.912409e-02	3.137497e-03	-3.726861e-02
2.700000e+00	-1.950209e-02	7.108981e-03	-2.115093e-02	1.887100e-03	-3.335003e-02
2.750000e+00	-1.848878e-02	5.912466e-03	-1.971437e-02	1.926727e-03	-3.458235e-02
2.800000e+00	-1.589866e-02	5.345762e-03	-1.611088e-02	3.373046e-03	-3.283414e-02
2.850000e+00	-1.355472e-02	5.105065e-03	-1.334233e-02	3.824191e-03	-2.987855e-02
2.900000e+00	-1.055026e-02	4.864871e-03	-9.941143e-03	3.545296e-03	-2.441258e-02
2.950000e+00	-7.369229e-03	4.737477e-03	-6.676066e-03	3.379258e-03	-1.980323e-02
3.000000e+00	-4.342125e-03	4.944417e-03	-3.242843e-03	4.466775e-03	-1.948412e-02
3.050000e+00	-1.714484e-03	5.704899e-03	-4.862924e-06	8.012142e-03	-1.935280e-02
3.100000e+00	5.826560e-04	6.645265e-03	2.662098e-03	1.228268e-02	-1.700779e-02
3.150000e+00	2.676918e-03	7.477347e-03	5.137398e-03	1.702318e-02	-1.378524e-02
3.200000e+00	4.752733e-03	7.970885e-03	7.606529e-03	2.073929e-02	-1.322773e-02
3.250000e+00	6.530695e-03	7.762387e-03	9.611518e-03	2.192595e-02	-1.110991e-02
3.300000e+00	8.525658e-03	6.900483e-03	1.109891e-02	2.146287e-02	-8.472691e-03
3.350000e+00	1.077079e-02	5.559877e-03	1.240601e-02	1.974503e-02	-4.229266e-03
3.400000e+00	1.310746e-02	4.166938e-03	1.411801e-02	2.150834e-02	1.463323e-03
3.450000e+00	1.507548e-02	3.270772e-03	1.525078e-02	2.392492e-02	4.774943e-03
3.500000e+00	1.657171e-02	3.490117e-03	1.695832e-02	2.595135e-02	7.622506e-03
3.550000e+00	1.731227e-02	3.991314e-03	1.785056e-02	2.871998e-02	6.564811e-03
3.600000e+00	1.713438e-02	4.243670e-03	1.734077e-02	3.072057e-02	6.104514e-03
3.650000e+00	1.600256e-02	4.487826e-03	1.578486e-02	3.035586e-02	5.072942e-03
3.700000e+00	1.401749e-02	5.279796e-03	1.406571e-02	2.793756e-02	6.598757e-04
3.750000e+00	1.133242e-02	6.618017e-03	1.183730e-02	2.786292e-02	-3.370241e-03
3.800000e+00	8.073711e-03	7.847884e-03	8.991892e-03	2.662838e-02	-8.088891e-03
3.850000e+00	4.339374e-03	8.410459e-03	5.394104e-03	2.406115e-02	-1.213562e-02
3.900000e+00	-3.628630e-05	7.912846e-03	3.240194e-04	2.027416e-02	-1.524127e-02
3.950000e+00	-5.024699e-03	6.406590e-03	-5.748837e-03	1.337319e-02	-1.705474e-02
4.000000e+00	-1.041792e-02	4.582888e-03	-1.131966e-02	3.990344e-03	-2.112973e-02
4.050000e+00	-1.596478e-02	4.335715e-03	-1.557975e-02	-4.665820e-03	-2.714113e-02
4.100000e+00	-2.101560e-02	6.179660e-03	-2.216521e-02	-6.936442e-03	-3.306073e-02
4.150000e+00	-2.468226e-02	8.405997e-03	-2.747399e-02	-4.890861e-03	-3.744157e-02
4.200000e+00	-2.613946e-02	1.003860e-02	-2.937153e-02	-2.968464e-03	-4.188004e-02
4.250000e+00	-2.530485e-02	1.077733e-02	-2.816713e-02	-1.079435e-03	-4.302585e-02
4.300000e+00	-2.181906e-02	1.069846e-02	-2.331175e-02	1.474545e-03	-4.019934e-02
4.350000e+00	-1.617905e-02	1.007930e-02	-1.589425e-02	4.689501e-03	-3.666302e-02
4.400000e+00	-9.370717e-03	9.264649e-03	-8.529262e-03	7.851907e-03	-3.134298e-02
4.450000e+00	-2.851155e-03	8.575447e-03	-1.170302e-03	1.066145e-02	-2.545143e-02
4.500000e+00	2.642221e-03	8.208046e-03	4.877612e-03	1.776595e-02	-2.028653e-02
4.550000e+00	6.445946e-03	8.265002e-03	8.698542e-03	2.355438e-02	-1.683792e-02
4.600000e+00	8.465787e-03	8.761222e-03	9.607563e-03	2.765896e-02	-1.526014e-02
4.650000e+00	9.165806e-03	9.655559e-03	9.146235e-03	3.055357e-02	-1.501097e-02
4.700000e+00	9.417913e-03	1.074349e-02	7.647479e-03	3.263852e-02	-1.482828e-02
4.750000e+00	1.004855e-02	1.165468e-02	7.214738e-03	3.410923e-02	-1.314737e-02
4.800000e+00	1.159320e-02	1.192568e-02	8.129486e-03	3.516258e-02	-1.100548e-02
4.850000e+00	1.409347e-02	1.125926e-02	1.192892e-02	3.587470e-02	-9.965934e-03
4.900000e+00	1.709143e-02	9.576659e-03	1.796909e-02	3.537185e-02	-6.071290e-03
4.950000e+00	1.979293e-02	7.980650e-03	2.167978e-02	4.108014e-02	-2.100971e-03
5.000000e+00	2.135935e-02	9.168590e-03	1.955559e-02	5.610107e-02	1.935235e-03
5.050000e+00	2.119559e-02	1.342610e-02	1.672676e-02	6.776651e-02	-2.646837e-03
5.100000e+00	1.924388e-02	1.842497e-02	1.540684e-02	7.422170e-02	-1.197668e-02
5.150000e+00	1.586804e-02	2.248992e-02	1.298490e-02	7.559434e-02	-1.908734e-02
5.200000e+00	1.174038e-02	2.473124e-02	8.207209e-03	7.080630e-02	-2.898498e-02
5.250000e+00	7.520696e-03	2.487771e-02	1.836015e-03	6.219954e-02	-3.559899e-02
5.300000e+00	3.706918e-03	2.339365e-02	-4.238327e-03	5.357602e-02	-3.856310e-02
5.350000e+00	3.256082e-04	2.113224e-02	-8.121421e-03	4.956976e-02	-3.827841e-02
5.400000e+00	-3.000912e-03	1.896722e-02	-8.438867e-03	4.588103e-02	-3.597566e-02
5.450000e+00	-6.794170e-03	1.720642e-02	-9.709093e-03	3.858582e-02	-4.221915e-02
5.500000e+00	-1.151712e-02	1.569030e-02	-1.370623e-02	2.756131e-02	-4.629097e-02
5.550000e+00	-1.724851e-02	1.393463e-02	-1.877027e-02	1.937926e-02	-4.771162e-02
5.600000e+00	-2.351665e-02	1.182120e-02	-2.459999e-02	1.135350e-02	-4.985660e-02
5.650000e+00	-2.922179e-02	1.005288e-02	-2.982260e-02	8.506031e-04	-5.702901e-02
5.700000e+00	-3.323587e-02	1.043386e-02	-3.209701e-02	-8.314437e-03	-6.374355e-02
5.750000e+00	-3.446499e-02	1.363691e-02	-3.215379e-02	-6.519859e-03	-6.982670e-02
5.800000e+00	-3.228666e-02	1.811522e-02	-2.711747e-02	-5.141916e-04	-7.357845e-02
5.850000e+00	-2.667340e-02	2.213990e-02	-1.772721e-02	1.144134e-02	-7.205095e-02
5.900000e+00	-1.854290e-02	2.462227e-02	-6.628226e-03	2.194476e-02	-6.674079e-02
5.950000e+00	-9.174104e-03	2.503442e-02	3.732907e-03	3.022740e-02	-5.711466e-02
6.000000e+00	1.934971e-05	2.350795e-02	1.055245e-02	3.996150e-02	-4.513922e-02
6.050000e+00	7.846297e-03	2.069948e-02	1.501404e-02	4.683774e-02	-3.517684e-02
6.100000e+00	1.359180e-02	1.772567e-02	1.666674e-02	4.929879e-02	-2.808445e-02
6.150000e+00	1.719436e-02	1.536887e-02	1.755339e-02	4.909735e-02	-2.311345e-02
6.200000e+00	1.907393e-02	1.373235e-02	1.947754e-02	5.035593e-02	-1.972792e-02
6.250000e+00	1.988657e-02	1.247871e-02	2.086594e-02	5.077336e-02	-1.622698e-02
6.300000e+00	2.024720e-02	1.138569e-02	2.064578e-02	5.104168e-02	-1.102857e-02
6.350000e+00	2.051830e-02	1.052326e-02	1.937857e-02	5.109151e-02	-6.202405e-03
6.400000e+00	2.072652e-02	1.036150e-02	2.008396e-02	4.785341e-02	-5.378295e-03
6.450000e+00	2.061543e-02	1.195610e-02	2.276713e-02	5.188095e-02	-1.318406e-02
6.500000e+00	1.979227e-02	1.589426e-02	2.114618e-02	6.430145e-02	-1.884423e-02
6.550000e+00	1.788955e-02	2.123189e-02	1.376759e-02	7.410575e-02	-2.429256e-02
6.600000e+00	1.469062e-02	2.623322e-02	4.727898e-03	7.886207e-02	-2.642193e-02
6.650000e+00	1.023866e-02	2.932853e-02	-3.226696e-03	7.983783e-02	-3.026305e-02
6.700000e+00	4.786999e-03	2.956121e-02	-8.109045e-03	7.736387e-02	-4.422960e-02
6.750000e+00	-1.274904e-03	2.690330e-02	-8.847150e-03	6.755626e-02	-5.260260e-02
6.800000e+00	-7.498089e-03	2.238430e-02	-8.785760e-03	5.640349e-02	-5.457905e-02
6.850000e+00	-1.342117e-02	1.793788e-02	-1.532807e-02	4.510425e-02	-5.090877e-02
6.900000e+00	-1.858281e-02	1.550095e-02	-2.045846e-02	3.208179e-02	-5.066345e-02
6.950000e+00	-2.252060e-02	1.504058e-02	-2.527584e-02	1.844315e-02	-5.147765e-02
7.000000e+00	-2.478883e-02	1.471589e-02	-2.694825e-02	9.274788e-03	-5.840378e-02
7.050000e+00	-2.499083e-02	1.346058e-02	-2.579935e-02	1.061377e-02	-5.663268e-02
7.100000e+00	-2.294924e-02	1.195187e-02	-2.327625e-02	1.689790e-02	-5.472286e-02
7.150000e+00	-1.876816e-02	1.175001e-02	-1.814760e-02	1.950887e-02	-5.638540e-02
7.200000e+00	-1.289776e-02	1.323676e-02	-1.045778e-02	1.831341e-02	-5.549762e-02
7.250000e+00	-6.109258e-03	1.512781e-02	-2.638723e-03	3.015465e-02	-6.014395e-02
7.300000e+00	6.337924e-04	1.634440e-02	4.535733e-03	3.917997e-02	-6.640074e-02
7.350000e+00	6.383674e-03	1.668571e-02	1.068733e-02	4.334968e-02	-6.627704e-02
7.400000e+00	1.043562e-02	1.652748e-02	1.446516e-02	4.303439e-02	-5.961230e-02
7.450000e+00	1.249738e-02	1.633562e-02	1.638952e-02	4.505568e-02	-4.765746e-02
7.500000e+00	1.273903e-02	1.626409e-02	1.671740e-02	4.484851e-02	-3.382646e-02
7.550000e+00	1.165785e-02	1.608128e-02	1.489958e-02	4.643766e-02	-3.092499e-02
7.600000e+00	1.000951e-02	1.558496e-02	1.175628e-02	4.508121e-02	-3.181184e-02
7.650000e+00	8.430046e-03	1.471121e-02	8.763209e-03	4.117532e-02	-2.863814e-02
7.700000e+00	7.277229e-03	1.360571e-02	6.553328e-03	4.239244e-02	-2.418114e-02
7.750000e+00	6.555249e-03	1.247166e-02	5.632715e-03	4.389982e-02	-3.017169e-02
7.800000e+00	5.983194e-03	1.142483e-02	5.265980e-03	4.274271e-02	-3.209661e-02
7.850000e+00	5.174847e-03	1.052375e-02	5.153334e-03	3.893627e-02	-2.979350e-02
7.900000e+00	3.853416e-03	9.954951e-03	4.150645e-03	3.307601e-02	-2.392690e-02
7.950000e+00	2.011177e-03	1.009481e-02	2.123964e-03	3.168608e-02	-2.563244e-02
8.000000e+00	-5.372507e-05	1.119153e-02	-1.145318e-03	3.567407e-02	-3.012901e-02
8.050000e+00	-1.832454e-03	1.301561e-02	-4.727013e-03	3.943802e-02	-3.288030e-02
8.100000e+00	-2.826216e-03	1.510170e-02	-6.142464e-03	4.529330e-02	-3.415522e-02
8.150000e+00	-2.772659e-03	1.697301e-02	-6.560822e-03	5.063966e-02	-3.925234e-02
8.200000e+00	-1.787890e-03	1.825438e-02	-5.342233e-03	5.303467e-02	-3.909580e-02
8.250000e+00	-3.705575e-04	1.867687e-02	-3.387157e-03	5.780165e-02	-3.786913e-02
8.300000e+00	7.474168e-04	1.810656e-02	-2.113564e-03	5.813137e-02	-3.853051e-02
8.350000e+00	8.540736e-04	1.659303e-02	-1.046724e-03	5.290952e-02	-3.677422e-02
8.400000e+00	-4.762938e-04	1.440233e-02	-1.117737e-03	4.179739e-02	-3.285390e-02
8.450000e+00	-3.201957e-03	1.203896e-02	-2.878644e-03	2.994441e-02	-3.449227e-02
8.500000e+00	-6.786106e-03	1.029241e-02	-6.328485e-03	2.404222e-02	-3.431441e-02
8.550000e+00	-1.034841e-02	1.005641e-02	-1.014430e-02	1.555315e-02	-3.549628e-02
8.600000e+00	-1.287807e-02	1.152273e-02	-1.214381e-02	1.735505e-02	-4.833859e-02
8.650000e+00	-1.357771e-02	1.379896e-02	-1.157932e-02	1.980943e-02	-5.719041e-02
8.700000e+00	-1.208612e-02	1.585115e-02	-9.371120e-03	2.090911e-02	-5.957552e-02
8.750000e+00	-8.572568e-03	1.696876e-02	-5.703828e-03	2.663358e-02	-5.576842e-02
8.800000e+00	-3.668985e-03	1.683450e-02	-2.175916e-03	3.438964e-02	-4.728717e-02
8.850000e+00	1.726263e-03	1.557274e-02	2.609602e-03	3.934948e-02	-3.746850e-02
8.900000e+00	6.699064e-03	1.376314e-02	6.665865e-03	3.960187e-02	-2.661447e-02
8.950000e+00	1.054016e-02	1.230059e-02	1.037342e-02	4.296875e-02	-2.289246e-02
9.000000e+00	1.287122e-02	1.186275e-02	1.342414e-02	4.714760e-02	-2.253097e-02
9.050000e+00	1.364872e-02	1.223587e-02	1.448685e-02	4.937263e-02	-2.374406e-02
9.100000e+00	1.307864e-02	1.254476e-02	1.362301e-02	4.972854e-02	-2.832680e-02
9.150000e+00	1.149586e-02	1.210422e-02	1.208905e-02	4.772985e-02	-3.349046e-02
9.200000e+00	9.227471e-03	1.077634e-02	9.954071e-03	4.286896e-02	-3.280624e-02
9.250000e+00	6.522863e-03	9.073264e-03	7.115912e-03	3.571506e-02	-2.537094e-02
9.300000e+00	3.553985e-03	8.169059e-03	3.718451e-03	2.733846e-02	-2.016398e-02
9.350000e+00	4.662605e-04	8.950741e-03	-7.639023e-05	3.223336e-02	-2.322069e-02
9.400000e+00	-2.559726e-03	1.067163e-02	-3.755499e-03	3.895933e-02	-2.721906e-02
9.450000e+00	-5.276193e-03	1.213258e-02	-6.717906e-03	4.453511e-02	-3.548150e-02
9.500000e+00	-7.388612e-03	1.278591e-02	-9.012050e-03	4.902005e-02	-3.897698e-02
9.550000e+00	-8.627297e-03	1.270594e-02	-9.613857e-03	4.653680e-02	-3.758673e-02
9.600000e+00	-8.832771e-03	1.227302e-02	-9.501183e-03	3.878330e-02	-3.756493e-02
9.650000e+00	-8.027184e-03	1.186649e-02	-8.608096e-03	2.777321e-02	-4.126577e-02
9.700000e+00	-6.434807e-03	1.164399e-02	-6.551350e-03	2.361179e-02	-4.166540e-02
9.750000e+00	-4.436926e-03	1.160673e-02	-3.477539e-03	2.613251e-02	-3.882957e-02
9.800000e+00	-2.472329e-03	1.174203e-02	-1.100683e-03	2.649526e-02	-4.028386e-02
9.850000e+00	-9.162524e-04	1.198481e-02	1.120791e-05	2.883226e-02	-3.970372e-02
9.900000e+00	2.071630e-05	1.214541e-02	9.880724e-04	2.776779e-02	-3.680108e-02
9.950000e+00	3.395956e-04	1.203716e-02	1.663951e-03	2.771006e-02	-3.493185e-02
1.000000e+01	2.314607e-04	1.168278e-02	1.640933e-03	2.610680e-02	-3.225662e-02
1.005000e+01	2.258241e-06	1.131335e-02	-2.302886e-04	3.146985e-02	-2.772659e-02
1.010000e+01	-4.470143e-05	1.114768e-02	-1.579188e-03	3.149790e-02	-3.042405e-02
1.015000e+01	2.876603e-04	1.117636e-02	4.146640e-04	2.690312e-02	-3.203752e-02
1.020000e+01	1.032640e-03	1.132403e-02	2.902231e-03	2.735885e-02	-3.288501e-02
1.025000e+01	2.058840e-03	1.168681e-02	3.319724e-03	2.970315e-02	-2.943198e-02
1.030000e+01	3.123726e-03	1.237717e-02	3.370739e-03	3.759765e-02	-2.464483e-02
1.035000e+01	3.959618e-03	1.316284e-02	3.042957e-03	4.228720e-02	-2.390183e-02
1.040000e+01	4.361464e-03	1.351851e-02	3.980574e-03	4.402951e-02	-2.446836e-02
1.045000e+01	4.248065e-03	1.306787e-02	3.795272e-03	4.343907e-02	-2.905570e-02
1.050000e+01	3.679663e-03	1.193948e-02	3.165204e-03	4.064487e-02	-3.103969e-02
1.055000e+01	2.830092e-03	1.077373e-02	2.202070e-03	3.515185e-02	-3.025368e-02
1.060000e+01	1.925767e-03	1.018655e-02	1.447213e-03	3.155873e-02	-2.664996e-02
1.065000e+01	1.172412e-03	9.993613e-03	1.598432e-03	3.174141e-02	-2.229571e-02
1.070000e+01	6.920534e-04	9.429409e-03	1.325311e-03	2.874852e-02	-2.221327e-02
1.075000e+01	4.880682e-04	8.142072e-03	-2.870243e-04	2.255736e-02	-1.949579e-02
1.080000e+01	4.472009e-04	6.889462e-03	3.456247e-04	2.030918e-02	-2.281711e-02
1.085000e+01	3.772485e-04	7.383953e-03	8.740100e-04	2.368666e-02	-2.442742e-02
1.090000e+01	6.992573e-05	9.678348e-03	-2.049951e-05	3.378662e-02	-2.572319e-02
1.095000e+01	-6.279812e-04	1.209256e-02	-1.607220e-03	3.964360e-02	-2.709258e-02
1.100000e+01	-1.754589e-03	1.347785e-02	-3.539505e-03	3.985865e-02	-3.155748e-02
1.105000e+01	-3.210502e-03	1.345179e-02	-4.640559e-03	3.544703e-02	-3.351271e-02
1.110000e+01	-4.739511e-03	1.220111e-02	-5.371064e-03	3.040944e-02	-3.288142e-02
1.115000e+01	-6.006105e-03	1.050282e-02	-6.163820e-03	2.313390e-02	-3.104503e-02
1.120000e+01	-6.669425e-03	9.540394e-03	-6.675992e-03	1.695376e-02	-3.034952e-02
1.125000e+01	-6.473718e-03	9.942874e-03	-7.309191e-03	1.893301e-02	-2.775817e-02
1.130000e+01	-5.324645e-03	1.091191e-02	-6.051619e-03	1.906460e-02	-2.967491e-02
1.135000e+01	-3.329416e-03	1.128749e-02	-3.992399e-03	2.192870e-02	-3.024297e-02
1.140000e+01	-7.871204e-04	1.054456e-02	-1.028389e-03	2.332610e-02	-2.837869e-02
1.145000e+01	1.871352e-03	8.972378e-03	2.624565e-03	2.196807e-02	-2.400469e-02
1.150000e+01	4.180067e-03	7.702948e-03	4.804186e-03	2.313437e-02	-1.805062e-02
1.155000e+01	5.746468e-03	8.018381e-03	5.519491e-03	2.591647e-02	-1.318793e-02
1.160000e+01	6.342104e-03	9.518044e-03	7.299863e-03	2.613983e-02	-1.656950e-02
1.165000e+01	5.950645e-03	1.085076e-02	7.765171e-03	2.829604e-02	-2.090595e-02
1.170000e+01	4.760404e-03	1.132142e-02	6.577091e-03	2.640883e-02	-2.499654e-02
1.175000e+01	3.104926e-03	1.098162e-02	5.290424e-03	2.331861e-02	-2.541411e-02
1.180000e+01	1.370444e-03	1.034705e-02	2.730069e-03	2.404220e-02	-2.276532e-02
1.185000e+01	-1.018415e-04	9.986260e-03	-3.402604e-05	2.412859e-02	-2.385074e-02
1.190000e+01	-1.090717e-03	1.005418e-02	-1.361472e-03	2.341403e-02	-2.475427e-02
1.195000e+01	-1.528113e-03	1.024214e-02	-1.718534e-03	2.217202e-02	-2.566744e-02
1.200000e+01	-1.485978e-03	1.017429e-02	-1.290716e-03	2.570241e-02	-2.449201e-02
1.205000e+01	-1.135587e-03	9.686640e-03	-1.435917e-03	2.933223e-02	-2.250259e-02
1.210000e+01	-6.545649e-04	8.769666e-03	-1.138549e-03	3.026872e-02	-2.166425e-02
1.215000e+01	-2.000358e-04	7.591487e-03	-2.057846e-04	2.767227e-02	-2.065794e-02
1.220000e+01	1.302995e-04	6.461398e-03	1.169941e-04	2.145707e-02	-1.831628e-02
1.225000e+01	3.022684e-04	5.808002e-03	6.337317e-04	1.723552e-02	-1.703723e-02
1.230000e+01	3.270517e-04	5.908643e-03	5.756519e-04	1.848139e-02	-1.453394e-02
1.235000e+01	2.337242e-04	6.546974e-03	1.304285e-04	1.661264e-02	-1.623849e-02
1.240000e+01	4.662611e-05	7.274163e-03	-1.705965e-04	1.699893e-02	-1.907554e-02
1.245000e+01	-2.230977e-04	7.808266e-03	-3.626366e-04	1.779193e-02	-2.223168e-02
1.250000e+01	-5.705349e-04	8.097275e-03	-5.437806e-04	1.913895e-02	-2.330856e-02
1.255000e+01	-9.810524e-04	8.232414e-03	-8.065739e-04	1.969402e-02	-2.560511e-02
1.260000e+01	-1.415795e-03	8.327773e-03	-1.281230e-03	1.979004e-02	-2.728510e-02
1.265000e+01	-1.807964e-03	8.410573e-03	-1.278263e-03	1.996703e-02	-2.746490e-02
1.270000e+01	-2.073779e-03	8.385578e-03	-1.060566e-03	2.018180e-02	-2.609539e-02
1.275000e+01	-2.134931e-03	8.101738e-03	-1.278765e-03	1.813212e-02	-2.459309e-02
1.280000e+01	-1.943816e-03	7.473442e-03	-1.152661e-03	1.723820e-02	-2.605801e-02
1.285000e+01	-1.501290e-03	6.596829e-03	-1.181233e-03	1.732651e-02	-2.518436e-02
1.290000e+01	-8.596814e-04	5.818018e-03	-1.366184e-03	1.746522e-02	-2.217139e-02
1.295000e+01	-1.098394e-04	5.608326e-03	-1.721393e-04	1.554913e-02	-1.751493e-02
1.300000e+01	6.426202e-04	6.086037e-03	6.503113e-04	1.652258e-02	-1.639938e-02
1.305000e+01	1.299910e-03	6.869219e-03	1.453203e-03	1.931752e-02	-1.882052e-02
1.310000e+01	1.802185e-03	7.534911e-03	1.854272e-03	2.130519e-02	-1.939395e-02
1.315000e+01	2.121809e-03	7.925247e-03	2.526150e-03	2.183032e-02	-1.807765e-02
1.320000e+01	2.258411e-03	8.113216e-03	2.766139e-03	2.157669e-02	-1.723400e-02
1.325000e+01	2.225122e-03	8.268681e-03	2.483362e-03	2.143904e-02	-1.585705e-02
1.330000e+01	2.036861e-03	8.500070e-03	1.435724e-03	2.231352e-02	-1.583217e-02
1.335000e+01	1.706445e-03	8.760204e-03	-1.989383e-05	2.295992e-02	-1.762130e-02
1.340000e+01	1.249435e-03	8.875278e-03	-9.577871e-04	2.366417e-02	-1.830668e-02
1.345000e+01	6.937138e-04	8.645336e-03	-1.313533e-03	2.396252e-02	-1.674362e-02
1.350000e+01	8.713626e-05	7.946931e-03	-1.195758e-03	2.262120e-02	-1.610815e-02
1.355000e+01	-5.026372e-04	6.834324e-03	-3.036552e-04	1.795990e-02	-1.596871e-02
1.360000e+01	-9.983171e-04	5.667537e-03	-4.893364e-04	1.264914e-02	-1.533892e-02
1.365000e+01	-1.330561e-03	5.168633e-03	-8.523914e-04	1.177016e-02	-1.361293e-02
1.370000e+01	-1.456673e-03	5.784320e-03	-1.563908e-03	1.415037e-02	-1.492893e-02
1.375000e+01	-1.373237e-03	6.948649e-03	-1.414970e-03	1.458903e-02	-2.039332e-02
1.380000e+01	-1.117610e-03	7.897605e-03	-9.318450e-04	1.455696e-02	-2.365127e-02
1.385000e+01	-7.574909e-04	8.244256e-03	-6.655352e-04	1.682180e-02	-2.413995e-02
1.390000e+01	-3.722341e-04	7.940756e-03	-1.974628e-04	1.746093e-02	-2.183865e-02
1.395000e+01	-3.257518e-05	7.168903e-03	1.593715e-04	1.769659e-02	-1.843729e-02
1.400000e+01	2.143255e-04	6.225780e-03	6.244041e-04	1.702826e-02	-1.792232e-02
1.405000e+01	3.533769e-04	5.429243e-03	5.159618e-04	1.423475e-02	-1.653680e-02
1.410000e+01	3.970976e-04	4.964925e-03	4.926977e-04	1.372326e-02	-1.440363e-02
1.415000e+01	3.588669e-04	4.902636e-03	6.700358e-04	1.388891e-02	-1.346284e-02
1.420000e+01	2.482261e-04	5.117052e-03	5.211333e-04	1.265065e-02	-1.434144e-02
1.425000e+01	6.835127e-05	5.343846e-03	2.531779e-04	1.360722e-02	-1.589311e-02
1.430000e+01	-1.769870e-04	5.332947e-03	1.372663e-04	1.370259e-02	-1.537821e-02
1.435000e+01	-4.711364e-04	5.006459e-03	-7.268371e-04	1.555325e-02	-1.358326e-02
1.440000e+01	-7.745734e-04	4.583879e-03	-1.125537e-03	1.569621e-02	-1.169342e-02
1.445000e+01	-1.024555e-03	4.554242e-03	-9.271571e-04	1.361230e-02	-1.225567e-02
1.450000e+01	-1.147651e-03	5.179499e-03	-1.151812e-03	1.275225e-02	-1.576831e-02
1.455000e+01	-1.082243e-03	6.108000e-03	-1.124014e-03	1.427269e-02	-1.756545e-02
1.460000e+01	-8.026934e-04	6.843914e-03	-9.513832e-04	1.477534e-02	-1.760252e-02
1.465000e+01	-3.349824e-04	7.119958e-03	-6.432194e-04	1.592681e-02	-1.625375e-02
1.470000e+01	2.438462e-04	6.924236e-03	-1.499186e-04	1.607824e-02	-1.392180e-02
1.475000e+01	8.239014e-04	6.426123e-03	4.977325e-04	1.864583e-02	-1.313776e-02
1.480000e+01	1.292699e-03	5.862472e-03	9.225643e-04	1.935379e-02	-1.126286e-02
1.485000e+01	1.566851e-03	5.408695e-03	1.130217e-03	1.860973e-02	-1.210004e-02
1.490000e+01	1.613917e-03	5.102809e-03	9.841209e-04	1.657764e-02	-1.191301e-02
1.495000e+01	1.457003e-03	4.885112e-03	8.074468e-04	1.546206e-02	-1.400784e-02
1.500000e+01	1.161444e-03	4.698042e-03	7.145823e-04	1.449114e-02	-1.339019e-02
1.505000e+01	8.141965e-04	4.556469e-03	6.620752e-04	1.401493e-02	-1.038905e-02
1.510000e+01	4.852883e-04	4.512680e-03	3.224563e-04	1.251488e-02	-1.139910e-02
1.515000e+01	2.175537e-04	4.637066e-03	2.124752e-04	1.249815e-02	-1.592301e-02
1.520000e+01	1.636870e-05	4.934626e-03	1.153758e-04	1.100945e-02	-1.862229e-02
1.525000e+01	-1.411446e-04	5.303724e-03	8.846953e-05	1.098162e-02	-1.894128e-02
1.530000e+01	-2.867509e-04	5.584553e-03	3.286339e-05	1.350518e-02	-1.682542e-02
1.535000e+01	-4.408376e-04	5.648373e-03	8.967830e-05	1.428815e-02	-1.429673e-02
1.540000e+01	-6.002292e-04	5.461027e-03	-1.540382e-04	1.291825e-02	-1.463661e-02
1.545000e+01	-7.390062e-04	5.099780e-03	-2.725774e-04	1.126743e-02	-1.493010e-02
1.550000e+01	-8.213038e-04	4.717764e-03	-2.729709e-04	1.036209e-02	-1.456912e-02
1.555000e+01	-8.198132e-04	4.452557e-03	-3.406367e-04	1.030156e-02	-1.324257e-02
1.560000e+01	-7.313573e-04	4.324971e-03	-4.760233e-04	9.184230e-03	-1.343961e-02
1.565000e+01	-5.823493e-04	4.240400e-03	-6.190757e-04	1.038348e-02	-1.296477e-02
1.570000e+01	-4.214472e-04	4.104538e-03	-5.085944e-04	1.198480e-02	-1.088848e-02
1.575000e+01	-3.022638e-04	3.928481e-03	-4.294895e-04	1.237556e-02	-1.012407e-02
1.580000e+01	-2.632049e-04	3.842457e-03	-7.909046e-04	1.128161e-02	-9.795701e-03
1.585000e+01	-3.126284e-04	3.987388e-03	-7.388683e-04	1.046185e-02	-9.604440e-03
1.590000e+01	-4.251673e-04	4.351036e-03	-7.923415e-04	1.207674e-02	-1.357882e-02
1.595000e+01	-5.503623e-04	4.766171e-03	-8.566304e-04	1.205774e-02	-1.595717e-02
1.600000e+01	-6.297854e-04	5.058321e-03	-1.278130e-03	1.315725e-02	-1.598340e-02
1.605000e+01	-6.126673e-04	5.162134e-03	-1.304375e-03	1.372889e-02	-1.361222e-02
1.610000e+01	-4.775281e-04	5.082911e-03	-1.389465e-03	1.275448e-02	-1.090498e-02
1.615000e+01	-2.310247e-04	4.901586e-03	-1.100207e-03	1.222422e-02	-1.113055e-02
1.620000e+01	9.746522e-05	4.692228e-03	-2.768266e-04	1.104611e-02	-1.032454e-02
1.625000e+01	4.668155e-04	4.471779e-03	5.969278e-04	1.208987e-02	-9.883398e-03
1.630000e+01	8.351719e-04	4.208373e-03	8.601958e-04	1.324532e-02	-9.603394e-03
1.635000e+01	1.166688e-03	3.876368e-03	1.224408e-03	1.272162e-02	-8.730474e-03
1.640000e+01	1.432580e-03	3.509640e-03	1.539204e-03	1.121080e-02	-8.332550e-03
1.645000e+01	1.608357e-03	3.222856e-03	1.638386e-03	9.806034e-03	-7.565766e-03
1.650000e+01	1.671084e-03	3.170263e-03	1.572038e-03	9.490873e-03	-7.541550e-03
1.655000e+01	1.600222e-03	3.414719e-03	1.676124e-03	9.942137e-03	-8.470361e-03
1.660000e+01	1.383287e-03	3.848358e-03	1.656017e-03	1.040450e-02	-1.092273e-02
1.665000e+01	1.024413e-03	4.290872e-03	1.348921e-03	1.018683e-02	-1.238850e-02
1.670000e+01	5.514723e-04	4.599851e-03	8.793182e-04	1.047288e-02	-1.260691e-02
1.675000e+01	1.716252e-05	4.703537e-03	5.134762e-04	1.044119e-02	-1.358536e-02
1.680000e+01	-5.085317e-04	4.593719e-03	2.141330e-04	9.228584e-03	-1.250571e-02
1.685000e+01	-9.534474e-04	4.304456e-03	-2.658788e-04	8.406428e-03	-1.152221e-02
1.690000e+01	-1.261362e-03	3.891482e-03	-7.370504e-04	7.838605e-03	-1.278826e-02
1.695000e+01	-1.406726e-03	3.428403e-03	-1.169498e-03	6.920045e-03	-1.252673e-02
1.700000e+01	-1.400416e-03	3.022498e-03	-1.412611e-03	5.966691e-03	-1.186675e-02
1.705000e+01	-1.290461e-03	2.811686e-03	-1.414843e-03	7.431460e-03	-1.085771e-02
1.710000e+01	-1.130705e-03	2.879167e-03	-1.123630e-03	8.504449e-03	-9.038542e-03
1.715000e+01	-9.710986e-04	3.148434e-03	-8.384473e-04	8.793725e-03	-9.651818e-03
1.720000e+01	-8.427292e-04	3.449775e-03	-7.857957e-04	8.064000e-03	-1.016045e-02
1.725000e+01	-7.509044e-04	3.650082e-03	-7.772714e-04	8.465362e-03	-9.683691e-03
1.730000e+01	-6.778894e-04	3.694658e-03	-7.683057e-04	1.009128e-02	-9.162443e-03
1.735000e+01	-5.933370e-04	3.595728e-03	-6.380388e-04	1.151993e-02	-8.099971e-03
1.740000e+01	-4.677008e-04	3.409221e-03	-6.034186e-04	1.171277e-02	-8.602998e-03
1.745000e+01	-2.833205e-04	3.208177e-03	-6.285772e-04	1.075914e-02	-9.374392e-03
1.750000e+01	-3.949066e-05	3.050808e-03	-2.933963e-04	8.536246e-03	-1.097938e-02
1.755000e+01	2.491961e-04	2.953784e-03	2.137707e-04	8.130920e-03	-1.132823e-02
1.760000e+01	5.590278e-04	2.898302e-03	5.411361e-04	8.449358e-03	-1.034220e-02
1.765000e+01	8.641292e-04	2.868746e-03	9.372361e-04	8.412994e-03	-8.348805e-03
1.770000e+01	1.140874e-03	2.875296e-03	1.359745e-03	8.782840e-03	-8.073849e-03
1.775000e+01	1.368457e-03	2.924915e-03	1.535165e-03	9.600393e-03	-7.869537e-03
1.780000e+01	1.526830e-03	2.977912e-03	1.684318e-03	9.563369e-03	-8.407392e-03
1.785000e+01	1.594886e-03	2.962500e-03	1.741622e-03	1.085237e-02	-7.938075e-03
1.790000e+01	1.551742e-03	2.848522e-03	1.698251e-03	1.091180e-02	-6.912726e-03
1.795000e+01	1.382203e-03	2.715256e-03	1.689379e-03	9.517137e-03	-8.951300e-03
1.800000e+01	1.084916e-03	2.731604e-03	1.462262e-03	8.251000e-03	-1.041014e-02
1.805000e+01	6.769963e-04	2.990365e-03	1.179307e-03	7.676759e-03	-1.112159e-02
1.810000e+01	2.022324e-04	3.364814e-03	8.961237e-04	7.337585e-03	-1.113125e-02
1.815000e+01	-2.779086e-04	3.654881e-03	5.586395e-04	7.312826e-03	-1.036510e-02
1.820000e+01	-6.970747e-04	3.738891e-03	-3.684748e-05	8.584607e-03	-1.139404e-02
1.825000e+01	-1.001279e-03	3.609585e-03	-6.251334e-04	9.103889e-03	-1.131251e-02
1.830000e+01	-1.164052e-03	3.345418e-03	-1.017636e-03	8.475556e-03	-1.069017e-02
1.835000e+01	-1.193559e-03	3.053429e-03	-1.168322e-03	8.368967e-03	-1.116287e-02
1.840000e+01	-1.128399e-03	2.811088e-03	-1.262750e-03	7.950164e-03	-1.136917e-02
1.845000e+01	-1.023057e-03	2.646474e-03	-1.135114e-03	7.627385e-03	-1.019420e-02
1.850000e+01	-9.280635e-04	2.567132e-03	-1.126880e-03	9.431078e-03	-7.955391e-03
1.855000e+01	-8.721879e-04	2.586060e-03	-1.116160e-03	1.027952e-02	-8.002617e-03
1.860000e+01	-8.533646e-04	2.703922e-03	-1.065165e-03	9.818025e-03	-7.793885e-03
1.865000e+01	-8.417205e-04	2.882332e-03	-1.075182e-03	8.205842e-03	-8.029181e-03
1.870000e+01	-7.933688e-04	3.052458e-03	-9.261945e-04	8.635063e-03	-8.707226e-03
1.875000e+01	-6.694219e-04	3.143563e-03	-8.664962e-04	9.998927e-03	-8.427309e-03
1.880000e+01	-4.526941e-04	3.104784e-03	-7.709879e-04	1.013193e-02	-7.349654e-03
1.885000e+01	-1.556113e-04	2.920628e-03	-5.479693e-04	9.625580e-03	-7.149193e-03
1.890000e+01	1.835243e-04	2.626072e-03	-1.391681e-04	8.687829e-03	-6.754443e-03
1.895000e+01	5.140529e-04	2.313745e-03	4.116512e-04	7.524451e-03	-6.013439e-03
1.900000e+01	7.905426e-04	2.105116e-03	7.169340e-04	7.699045e-03	-6.114805e-03
1.905000e+01	9.898439e-04	2.062675e-03	9.666329e-04	7.115994e-03	-6.059439e-03
1.910000e+01	1.109654e-03	2.120212e-03	1.149473e-03	7.373709e-03	-6.402170e-03
1.915000e+01	1.169081e-03	2.175162e-03	1.242284e-03	7.148546e-03	-5.794023e-03
1.920000e+01	1.194640e-03	2.189584e-03	1.227626e-03	6.873191e-03	-6.336927e-03
1.925000e+01	1.205098e-03	2.192171e-03	1.237013e-03	6.462753e-03	-6.845202e-03
1.930000e+01	1.200463e-03	2.216555e-03	1.324784e-03	7.119302e-03	-6.855216e-03
1.935000e+01	1.159862e-03	2.252139e-03	1.155196e-03	7.834930e-03	-6.000376e-03
1.940000e+01	1.049301e-03	2.263071e-03	1.095747e-03	7.362869e-03	-4.887912e-03
1.945000e+01	8.363111e-04	2.242404e-03	7.981078e-04	7.127162e-03	-5.535330e-03
1.950000e+01	5.057257e-04	2.231512e-03	5.114776e-04	6.694674e-03	-6.100106e-03
1.955000e+01	7.046695e-05	2.279735e-03	1.590986e-04	6.095234e-03	-7.991220e-03
1.960000e+01	-4.268057e-04	2.384632e-03	-3.409788e-04	5.975583e-03	-9.982575e-03
1.965000e+01	-9.218518e-04	2.489467e-03	-8.087606e-04	5.801314e-03	-1.044934e-02
1.970000e+01	-1.343941e-03	2.536162e-03	-1.329092e-03	6.014555e-03	-9.411301e-03
1.975000e+01	-1.632765e-03	2.505813e-03	-1.734368e-03	5.712338e-03	-9.232377e-03
1.980000e+01	-1.751844e-03	2.421840e-03	-1.819454e-03	6.151918e-03	-9.308753e-03
1.985000e+01	-1.694797e-03	2.329832e-03	-1.680272e-03	6.203236e-03	-9.349637e-03
1.990000e+01	-1.483602e-03	2.272719e-03	-1.640553e-03	6.122571e-03	-8.958665e-03
1.995000e+01	-1.160626e-03	2.274829e-03	-1.334902e-03	6.454993e-03	-7.371519e-03
2.000000e+01	-7.777606e-04	2.337504e-03	-9.926348e-04	7.069335e-03	-6.459758e-03
