# k	<chi>	std	chi_median	chi_max	chi_min
0.000000e+00	2.335954e-03	1.135228e-01	0.000000e+00	4.219636e-01	-2.652271e-01
5.000000e-02	5.660391e-03	1.554449e-01	-4.961125e-02	4.443299e-01	-2.610968e-01
1.000000e-01	-1.224044e-03	1.452072e-01	-5.703777e-02	4.239797e-01	-2.528196e-01
1.500000e-01	-2.246170e-02	1.168566e-01	-6.144125e-02	3.625710e-01	-2.766886e-01
2.000000e-01	-4.468394e-02	9.335066e-02	-6.634614e-02	2.995876e-01	-3.355329e-01
2.500000e-01	-8.295802e-02	7.540215e-02	-7.884747e-02	1.935344e-01	-4.296168e-01
3.000000e-01	-1.235939e-01	9.221359e-02	-1.023621e-01	8.565667e-02	-5.204279e-01
3.500000e-01	-1.814712e-01	1.443792e-01	-1.277642e-01	5.065150e-02	-6.385483e-01
4.000000e-01	-2.416031e-01	2.025478e-01	-1.688661e-01	7.316095e-02	-7.476683e-01
4.500000e-01	-3.174500e-01	2.735028e-01	-2.499997e-01	8.719915e-02	-8.701537e-01
5.000000e-01	-3.922512e-01	3.355615e-01	-3.449136e-01	8.470547e-02	-9.734923e-01
5.500000e-01	-4.755516e-01	3.965820e-01	-4.556005e-01	7.423556e-02	-1.068853e+00
6.000000e-01	-5.500529e-01	4.395184e-01	-5.571966e-01	4.349266e-02	-1.159580e+00
6.500000e-01	-6.190991e-01	4.664813e-01	-6.491867e-01	-2.997620e-03	-1.253981e+00
7.000000e-01	-6.681134e-01	4.683915e-01	-7.092553e-01	-5.872617e-02	-1.289947e+00
7.500000e-01	-6.943843e-01	4.434667e-01	-7.308146e-01	-1.227735e-01	-1.261464e+00
8.000000e-01	-6.909572e-01	3.937891e-01	-7.118377e-01	-1.848603e-01	-1.216915e+00
8.500000e-01	-6.527667e-01	3.180702e-01	-6.601297e-01	-2.201695e-01	-1.097879e+00
9.000000e-01	-5.848930e-01	2.294406e-01	-5.842199e-01	-2.310680e-01	-9.457792e-01
9.500000e-01	-4.858475e-01	1.314420e-01	-4.636342e-01	-2.238309e-01	-7.725117e-01
1.000000e+00	-3.726663e-01	5.473840e-02	-3.694335e-01	-2.128032e-01	-5.697450e-01
1.050000e+00	-2.503061e-01	7.553986e-02	-2.601631e-01	-6.353112e-02	-4.585909e-01
1.100000e+00	-1.404081e-01	1.277858e-01	-1.692983e-01	8.349727e-02	-3.955576e-01
1.150000e+00	-5.106160e-02	1.587494e-01	-6.588861e-02	1.959256e-01	-3.210983e-01
1.200000e+00	4.487489e-03	1.594812e-01	4.817995e-03	2.422373e-01	-2.545281e-01
1.250000e+00	2.356942e-02	1.336690e-01	3.926625e-02	2.328159e-01	-2.120707e-01
1.300000e+00	1.068116e-02	8.945143e-02	2.473961e-02	1.768523e-01	-1.806715e-01
1.350000e+00	-2.621091e-02	4.326352e-02	-2.444764e-02	9.021609e-02	-1.628494e-01
1.400000e+00	-6.837143e-02	4.641165e-02	-7.274224e-02	9.440061e-02	-1.740411e-01
1.450000e+00	-1.024890e-01	8.060827e-02	-1.059692e-01	1.163537e-01	-2.288036e-01
1.500000e+00	-1.120418e-01	9.965091e-02	-8.981828e-02	1.222958e-01	-2.607076e-01
1.550000e+00	-9.080930e-02	9.650327e-02	-5.779096e-02	1.238141e-01	-2.365806e-01
1.600000e+00	-4.016306e-02	7.225151e-02	-1.087352e-02	1.198480e-01	-1.546853e-01
1.650000e+00	3.237975e-02	3.462853e-02	3.964121e-02	1.146345e-01	-4.853362e-02
1.700000e+00	1.083507e-01	2.488801e-02	1.060254e-01	1.845784e-01	5.363883e-02
1.750000e+00	1.746782e-01	6.164094e-02	1.666136e-01	2.801112e-01	8.064781e-02
1.800000e+00	2.133555e-01	8.903752e-02	2.046485e-01	3.340207e-01	8.187630e-02
1.850000e+00	2.211908e-01	1.005667e-01	2.035270e-01	3.512372e-01	7.375952e-02
1.900000e+00	1.964490e-01	9.368784e-02	1.834113e-01	3.190283e-01	6.329461e-02
1.950000e+00	1.503371e-01	7.363800e-02	1.468868e-01	2.495875e-01	4.178379e-02
2.000000e+00	9.500186e-02	4.615954e-02	9.003621e-02	1.680821e-01	1.506265e-02
2.050000e+00	4.311438e-02	1.897733e-02	4.216108e-02	8.618851e-02	-8.076372e-03
2.100000e+00	8.003909e-03	1.136746e-02	8.437684e-03	4.457298e-02	-2.700476e-02
2.150000e+00	-6.003493e-03	2.074288e-02	-7.572810e-03	4.088119e-02	-4.604556e-02
2.200000e+00	-3.037958e-03	2.312115e-02	-4.023841e-03	4.304840e-02	-4.028613e-02
2.250000e+00	5.796544e-03	2.283248e-02	3.891356e-03	5.235182e-02	-3.362449e-02
2.300000e+00	1.372168e-02	2.145163e-02	1.123668e-02	5.723571e-02	-2.415142e-02
2.350000e+00	1.576384e-02	2.063206e-02	1.326600e-02	5.417155e-02	-1.897813e-02
2.400000e+00	1.067274e-02	2.069984e-02	8.859022e-03	4.437021e-02	-2.310347e-02
2.450000e+00	6.358501e-03	2.010785e-02	5.778336e-03	3.819802e-02	-2.512971e-02
2.500000e+00	3.489049e-04	1.874579e-02	4.527520e-04	2.957527e-02	-2.909395e-02
2.550000e+00	-6.007119e-03	1.631335e-02	-5.688690e-03	1.987333e-02	-3.215700e-02
2.600000e+00	-1.131641e-02	1.268955e-02	-1.075319e-02	1.019387e-02	-3.308642e-02
2.650000e+00	-1.675413e-02	8.862699e-03	-1.577208e-02	-3.098232e-05	-3.466308e-02
2.700000e+00	-2.058619e-02	4.846504e-03	-2.086061e-02	-8.148139e-03	-3.356488e-02
2.750000e+00	-2.235105e-02	2.893141e-03	-2.226288e-02	-9.961877e-03	-3.079487e-02
2.800000e+00	-2.202450e-02	5.225605e-03	-2.189283e-02	-7.992539e-03	-3.469959e-02
2.850000e+00	-2.132491e-02	7.832628e-03	-2.093097e-02	-6.874844e-03	-3.704369e-02
2.900000e+00	-1.848999e-02	9.519818e-03	-1.907342e-02	-2.692667e-03	-3.589569e-02
2.950000e+00	-1.406156e-02	1.007159e-02	-1.497630e-02	1.696521e-03	-3.141417e-02
3.000000e+00	-8.712949e-03	9.597033e-03	-9.833121e-03	6.541970e-03	-2.466216e-02
3.050000e+00	-2.588128e-03	8.647527e-03	-4.691490e-03	1.224089e-02	-1.623223e-02
3.100000e+00	3.157726e-03	7.145556e-03	9.808852e-04	1.715757e-02	-8.949116e-03
3.150000e+00	7.859218e-03	5.392687e-03	6.916949e-03	2.006708e-02	-1.861038e-03
3.200000e+00	1.113759e-02	3.682117e-03	1.056235e-02	2.059186e-02	3.187056e-03
3.250000e+00	1.285173e-02	2.234604e-03	1.280628e-02	1.933049e-02	5.568435e-03
3.300000e+00	1.310806e-02	2.527164e-03	1.320863e-02	1.995027e-02	5.444302e-03
3.350000e+00	1.235397e-02	3.881946e-03	1.245550e-02	2.220360e-02	1.272164e-03
3.400000e+00	1.108481e-02	5.171267e-03	1.123643e-02	2.287671e-02	-3.439882e-03
3.450000e+00	9.737143e-03	6.140435e-03	9.979593e-03	2.220082e-02	-7.385300e-03
3.500000e+00	8.584601e-03	6.454705e-03	8.870774e-03	2.233889e-02	-9.425250e-03
3.550000e+00	7.675588e-03	6.204730e-03	7.609492e-03	2.245112e-02	-9.375321e-03
3.600000e+00	6.891166e-03	5.673693e-03	6.291455e-03	2.149674e-02	-7.531985e-03
3.650000e+00	6.089734e-03	5.280755e-03	5.163450e-03	2.368121e-02	-5.084980e-03
3.700000e+00	4.857454e-03	5.533499e-03	4.065063e-03	2.532371e-02	-6.027477e-03
3.750000e+00	2.971677e-03	6.209022e-03	2.824727e-03	2.447804e-02	-8.160572e-03
3.800000e+00	2.989815e-04	6.660116e-03	7.153103e-04	2.075687e-02	-1.090723e-02
3.850000e+00	-3.184578e-03	6.438864e-03	-2.986438e-03	1.422930e-02	-1.380365e-02
3.900000e+00	-7.530583e-03	5.185217e-03	-7.495836e-03	5.846041e-03	-1.617659e-02
3.950000e+00	-1.243001e-02	3.123273e-03	-1.252895e-02	-2.222725e-03	-1.870804e-02
4.000000e+00	-1.734045e-02	2.195798e-03	-1.756206e-02	-8.625185e-03	-2.181413e-02
4.050000e+00	-2.179378e-02	4.717604e-03	-2.119821e-02	-6.806906e-03	-3.205722e-02
4.100000e+00	-2.493986e-02	7.602481e-03	-2.384827e-02	-3.944169e-03	-3.965771e-02
4.150000e+00	-2.589924e-02	9.599826e-03	-2.420700e-02	-2.930183e-04	-4.442093e-02
4.200000e+00	-2.402979e-02	1.022520e-02	-2.323756e-02	3.748722e-03	-4.468997e-02
4.250000e+00	-1.974621e-02	9.554460e-03	-2.026519e-02	7.334159e-03	-4.002333e-02
4.300000e+00	-1.284052e-02	7.854436e-03	-1.342009e-02	1.020903e-02	-3.110561e-02
4.350000e+00	-4.102569e-03	6.214949e-03	-3.663836e-03	1.188925e-02	-2.083531e-02
4.400000e+00	5.264819e-03	6.178542e-03	6.016241e-03	1.829196e-02	-1.022233e-02
4.450000e+00	1.371195e-02	7.671722e-03	1.343562e-02	2.927486e-02	-4.815049e-03
4.500000e+00	2.060068e-02	9.311038e-03	2.020865e-02	3.855564e-02	4.323894e-04
4.550000e+00	2.529639e-02	1.033552e-02	2.594648e-02	4.399005e-02	2.390303e-03
4.600000e+00	2.770198e-02	1.060000e-02	2.942440e-02	4.519546e-02	1.776721e-04
4.650000e+00	2.826460e-02	1.029470e-02	3.084466e-02	4.369642e-02	-3.119858e-03
4.700000e+00	2.761455e-02	9.678643e-03	3.104291e-02	4.145656e-02	-5.176544e-03
4.750000e+00	2.627497e-02	8.978279e-03	2.942478e-02	3.987883e-02	-5.512814e-03
4.800000e+00	2.450397e-02	8.319835e-03	2.551527e-02	3.861627e-02	-3.992291e-03
4.850000e+00	2.223738e-02	7.747581e-03	2.165300e-02	3.748635e-02	-1.074800e-03
4.900000e+00	1.911703e-02	7.194722e-03	1.809223e-02	3.561524e-02	2.055843e-03
4.950000e+00	1.479266e-02	7.021605e-03	1.453221e-02	3.218551e-02	-4.099273e-03
5.000000e+00	9.157678e-03	7.995287e-03	9.585169e-03	3.007187e-02	-1.419022e-02
5.050000e+00	2.515411e-03	1.019981e-02	3.636564e-03	2.787163e-02	-2.415402e-02
5.100000e+00	-4.354984e-03	1.275516e-02	-3.188170e-03	2.398416e-02	-3.397490e-02
5.150000e+00	-1.050256e-02	1.458584e-02	-9.529641e-03	1.929207e-02	-4.118465e-02
5.200000e+00	-1.507603e-02	1.497253e-02	-1.491304e-02	1.710307e-02	-4.405801e-02
5.250000e+00	-1.762643e-02	1.375867e-02	-1.857631e-02	1.428009e-02	-4.246626e-02
5.300000e+00	-1.833702e-02	1.146615e-02	-1.948962e-02	1.186057e-02	-4.286420e-02
5.350000e+00	-1.798177e-02	9.109966e-03	-1.890483e-02	8.985357e-03	-4.214060e-02
5.400000e+00	-1.765302e-02	7.587314e-03	-1.819344e-02	4.758768e-03	-3.901280e-02
5.450000e+00	-1.821614e-02	6.820048e-03	-1.871507e-02	1.597232e-03	-3.605937e-02
5.500000e+00	-2.024661e-02	6.630403e-03	-2.097218e-02	-1.076521e-03	-3.743260e-02
5.550000e+00	-2.349794e-02	7.890798e-03	-2.347176e-02	-3.944152e-03	-4.261316e-02
5.600000e+00	-2.700857e-02	1.087017e-02	-2.653863e-02	-2.740022e-03	-5.324346e-02
5.650000e+00	-2.929182e-02	1.408580e-02	-2.905893e-02	9.735711e-04	-6.143175e-02
5.700000e+00	-2.915973e-02	1.604633e-02	-2.941825e-02	6.765467e-03	-6.429325e-02
5.750000e+00	-2.584795e-02	1.588736e-02	-2.665310e-02	1.423554e-02	-6.328672e-02
5.800000e+00	-1.941367e-02	1.381072e-02	-2.004664e-02	2.154020e-02	-5.457311e-02
5.850000e+00	-1.065090e-02	1.163218e-02	-1.116686e-02	2.801477e-02	-4.043280e-02
5.900000e+00	-1.086878e-03	1.265044e-02	-9.264409e-04	3.235404e-02	-3.763819e-02
5.950000e+00	7.802534e-03	1.695150e-02	9.611139e-03	4.682674e-02	-3.701377e-02
6.000000e+00	1.495532e-02	2.177677e-02	1.651064e-02	6.017561e-02	-3.242739e-02
6.050000e+00	2.005430e-02	2.531172e-02	2.106946e-02	6.688317e-02	-2.362697e-02
6.100000e+00	2.331994e-02	2.697768e-02	2.320490e-02	6.651291e-02	-2.086009e-02
6.150000e+00	2.551745e-02	2.678493e-02	2.964972e-02	6.817478e-02	-1.907264e-02
6.200000e+00	2.741805e-02	2.502114e-02	3.389726e-02	6.710657e-02	-1.732215e-02
6.250000e+00	2.940599e-02	2.203818e-02	3.616377e-02	6.492031e-02	-1.838962e-02
6.300000e+00	3.128014e-02	1.822734e-02	3.336620e-02	6.982782e-02	-1.816316e-02
6.350000e+00	3.232781e-02	1.428519e-02	3.184882e-02	7.182806e-02	-1.372706e-02
6.400000e+00	3.163388e-02	1.186236e-02	3.158454e-02	6.833983e-02	-6.438865e-03
6.450000e+00	2.849149e-02	1.312862e-02	2.993091e-02	5.929612e-02	-7.076110e-03
6.500000e+00	2.274048e-02	1.734642e-02	2.430412e-02	6.124683e-02	-1.877162e-02
6.550000e+00	1.476505e-02	2.203826e-02	1.574545e-02	5.935037e-02	-3.009474e-02
6.600000e+00	5.753248e-03	2.556862e-02	4.702108e-03	6.018568e-02	-4.113008e-02
6.650000e+00	-3.049219e-03	2.710472e-02	-7.443588e-03	5.824962e-02	-5.009260e-02
6.700000e+00	-1.063338e-02	2.643824e-02	-1.663055e-02	5.165958e-02	-5.662850e-02
6.750000e+00	-1.652636e-02	2.391215e-02	-2.301859e-02	4.042699e-02	-5.799333e-02
6.800000e+00	-2.085785e-02	2.028908e-02	-2.420062e-02	2.670818e-02	-5.492723e-02
6.850000e+00	-2.417388e-02	1.653997e-02	-2.615431e-02	2.733037e-02	-5.144304e-02
6.900000e+00	-2.708467e-02	1.356286e-02	-2.993716e-02	2.384875e-02	-5.046897e-02
6.950000e+00	-2.990235e-02	1.179439e-02	-3.256293e-02	1.553941e-02	-5.190883e-02
7.000000e+00	-3.242675e-02	1.095058e-02	-3.351915e-02	2.925774e-03	-5.575982e-02
7.050000e+00	-3.392593e-02	1.048004e-02	-3.400406e-02	5.288157e-03	-6.143158e-02
7.100000e+00	-3.351876e-02	1.056794e-02	-3.367671e-02	6.942225e-03	-6.484026e-02
7.150000e+00	-3.046373e-02	1.211336e-02	-3.098707e-02	6.148844e-03	-6.452485e-02
7.200000e+00	-2.453934e-02	1.542449e-02	-2.472775e-02	1.427668e-02	-6.038392e-02
7.250000e+00	-1.621133e-02	1.948996e-02	-1.773476e-02	3.064713e-02	-5.608085e-02
7.300000e+00	-6.541713e-03	2.288694e-02	-9.765751e-03	4.456067e-02	-4.987456e-02
7.350000e+00	3.125144e-03	2.449734e-02	-1.175973e-03	5.534269e-02	-4.251849e-02
7.400000e+00	1.157328e-02	2.380544e-02	9.105810e-03	6.531029e-02	-3.207741e-02
7.450000e+00	1.805970e-02	2.101464e-02	1.925958e-02	6.690564e-02	-2.483958e-02
7.500000e+00	2.246069e-02	1.700460e-02	2.564482e-02	6.074179e-02	-1.442141e-02
7.550000e+00	2.510143e-02	1.311534e-02	2.614416e-02	5.675973e-02	-1.079885e-02
7.600000e+00	2.668419e-02	1.083489e-02	2.630096e-02	5.925091e-02	-9.785039e-03
7.650000e+00	2.773642e-02	1.056002e-02	2.755706e-02	6.010054e-02	-7.166158e-03
7.700000e+00	2.841544e-02	1.127506e-02	2.841742e-02	6.140101e-02	-2.496712e-03
7.750000e+00	2.845272e-02	1.206774e-02	2.878028e-02	5.991923e-02	3.322063e-04
7.800000e+00	2.731309e-02	1.272844e-02	2.718492e-02	5.739791e-02	-5.089101e-03
7.850000e+00	2.449042e-02	1.334334e-02	2.396881e-02	5.384269e-02	-1.035897e-02
7.900000e+00	1.980306e-02	1.393766e-02	2.011606e-02	5.153016e-02	-1.581875e-02
7.950000e+00	1.355401e-02	1.437396e-02	1.405311e-02	4.819333e-02	-2.158516e-02
8.000000e+00	6.481400e-03	1.447099e-02	7.376104e-03	4.319755e-02	-2.956104e-02
8.050000e+00	-5.438229e-04	1.416482e-02	-4.680514e-05	3.702330e-02	-3.649534e-02
8.100000e+00	-6.629903e-03	1.369676e-02	-6.274011e-03	2.875182e-02	-4.228035e-02
8.150000e+00	-1.138640e-02	1.323878e-02	-1.108342e-02	2.478591e-02	-4.942429e-02
8.200000e+00	-1.492873e-02	1.263166e-02	-1.560115e-02	1.956229e-02	-5.188724e-02
8.250000e+00	-1.775112e-02	1.157909e-02	-1.875931e-02	1.597047e-02	-4.947248e-02
8.300000e+00	-2.043312e-02	1.038350e-02	-2.214215e-02	9.610404e-03	-4.344909e-02
8.350000e+00	-2.330579e-02	1.039441e-02	-2.518708e-02	8.577573e-03	-4.627573e-02
8.400000e+00	-2.622286e-02	1.236586e-02	-2.732164e-02	1.180419e-02	-5.900754e-02
8.450000e+00	-2.854041e-02	1.482785e-02	-2.887846e-02	1.350915e-02	-6.721109e-02
8.500000e+00	-2.932209e-02	1.595588e-02	-2.922267e-02	1.261799e-02	-7.003398e-02
8.550000e+00	-2.764849e-02	1.495371e-02	-2.801071e-02	1.450690e-02	-6.503741e-02
8.600000e+00	-2.310839e-02	1.274029e-02	-2.335451e-02	1.615660e-02	-5.375566e-02
8.650000e+00	-1.592079e-02	1.207494e-02	-1.659481e-02	1.583754e-02	-4.160122e-02
8.700000e+00	-6.957155e-03	1.462675e-02	-7.929621e-03	3.583816e-02	-3.748185e-02
8.750000e+00	2.488524e-03	1.806928e-02	4.029702e-04	5.647764e-02	-3.608269e-02
8.800000e+00	1.106817e-02	1.999263e-02	8.898732e-03	6.742329e-02	-3.760970e-02
8.850000e+00	1.774702e-02	1.960958e-02	1.736916e-02	6.765127e-02	-3.643546e-02
8.900000e+00	2.203689e-02	1.743855e-02	2.319445e-02	6.332578e-02	-3.235958e-02
8.950000e+00	2.402143e-02	1.480846e-02	2.646999e-02	5.499463e-02	-2.546172e-02
9.000000e+00	2.418535e-02	1.304560e-02	2.703612e-02	5.726988e-02	-1.853465e-02
9.050000e+00	2.316799e-02	1.243684e-02	2.446022e-02	5.863813e-02	-1.810590e-02
9.100000e+00	2.138916e-02	1.222173e-02	2.168414e-02	5.407856e-02	-2.100006e-02
9.150000e+00	1.904053e-02	1.176280e-02	1.862134e-02	4.551318e-02	-2.109509e-02
9.200000e+00	1.607455e-02	1.096720e-02	1.593741e-02	4.117750e-02	-1.845171e-02
9.250000e+00	1.236902e-02	1.011337e-02	1.301078e-02	3.727274e-02	-1.532655e-02
9.300000e+00	7.930637e-03	9.807090e-03	8.620350e-03	3.061209e-02	-2.534753e-02
9.350000e+00	3.030090e-03	1.064653e-02	3.969068e-03	2.996159e-02	-3.497282e-02
9.400000e+00	-1.803517e-03	1.233779e-02	-5.821438e-04	2.907687e-02	-4.146318e-02
9.450000e+00	-5.934072e-03	1.383113e-02	-5.706420e-03	2.753481e-02	-4.215485e-02
9.500000e+00	-8.850922e-03	1.429648e-02	-1.036313e-02	2.456484e-02	-3.696096e-02
9.550000e+00	-1.039749e-02	1.367540e-02	-1.327951e-02	2.307694e-02	-3.661443e-02
9.600000e+00	-1.078876e-02	1.267259e-02	-1.229139e-02	2.296047e-02	-3.647526e-02
9.650000e+00	-1.059583e-02	1.211973e-02	-1.114813e-02	2.212647e-02	-3.751004e-02
9.700000e+00	-1.049155e-02	1.189744e-02	-1.058126e-02	2.618265e-02	-3.821973e-02
9.750000e+00	-1.096541e-02	1.114663e-02	-1.164986e-02	2.221209e-02	-3.731236e-02
9.800000e+00	-1.210227e-02	9.633275e-03	-1.323509e-02	1.086723e-02	-3.351283e-02
9.850000e+00	-1.352084e-02	8.610812e-03	-1.445261e-02	1.244632e-02	-3.714522e-02
9.900000e+00	-1.450400e-02	9.647502e-03	-1.549667e-02	1.672375e-02	-3.959859e-02
9.950000e+00	-1.427471e-02	1.169662e-02	-1.455515e-02	1.860139e-02	-5.235589e-02
1.000000e+01	-1.231098e-02	1.278595e-02	-1.142283e-02	2.024207e-02	-5.929004e-02
1.005000e+01	-8.559939e-03	1.219119e-02	-7.416117e-03	2.934774e-02	-5.394070e-02
1.010000e+01	-3.534988e-03	1.076074e-02	-2.773620e-03	3.529296e-02	-3.760895e-02
1.015000e+01	1.873781e-03	1.057626e-02	1.697074e-03	3.704769e-02	-2.632487e-02
1.020000e+01	6.680863e-03	1.246715e-02	6.146184e-03	4.590523e-02	-2.403280e-02
1.025000e+01	1.012711e-02	1.470417e-02	8.864706e-03	5.136979e-02	-2.437537e-02
1.030000e+01	1.190824e-02	1.567770e-02	1.160708e-02	5.032155e-02	-2.536997e-02
1.035000e+01	1.222653e-02	1.494166e-02	1.317388e-02	4.898041e-02	-2.643120e-02
1.040000e+01	1.165319e-02	1.299639e-02	1.328062e-02	4.260805e-02	-2.316330e-02
1.045000e+01	1.086334e-02	1.093555e-02	1.236736e-02	3.329955e-02	-1.615518e-02
1.050000e+01	1.035290e-02	9.852465e-03	1.066068e-02	3.219394e-02	-1.827272e-02
1.055000e+01	1.024901e-02	9.913876e-03	1.074695e-02	3.684129e-02	-2.014172e-02
1.060000e+01	1.028427e-02	1.035777e-02	1.080406e-02	3.938044e-02	-2.297012e-02
1.065000e+01	9.937325e-03	1.054174e-02	1.019714e-02	3.883494e-02	-2.412700e-02
1.070000e+01	8.676486e-03	1.034310e-02	8.300748e-03	4.345444e-02	-2.275904e-02
1.075000e+01	6.205504e-03	1.000548e-02	5.459294e-03	4.527277e-02	-2.007567e-02
1.080000e+01	2.614106e-03	9.876824e-03	1.700158e-03	4.040764e-02	-2.087386e-02
1.085000e+01	-1.622313e-03	1.008033e-02	-2.631695e-03	3.038122e-02	-2.558637e-02
1.090000e+01	-5.788371e-03	1.036324e-02	-6.833450e-03	1.900082e-02	-3.016809e-02
1.095000e+01	-9.158742e-03	1.034010e-02	-1.035040e-02	1.664910e-02	-3.421580e-02
1.100000e+01	-1.122310e-02	9.830142e-03	-1.231846e-02	1.681993e-02	-3.469853e-02
1.105000e+01	-1.184520e-02	9.001972e-03	-1.329665e-02	1.785349e-02	-3.147937e-02
1.110000e+01	-1.120235e-02	8.205804e-03	-1.248176e-02	1.815641e-02	-2.747563e-02
1.115000e+01	-9.749995e-03	7.700973e-03	-1.084300e-02	1.802943e-02	-2.688654e-02
1.120000e+01	-8.012097e-03	7.421130e-03	-8.699345e-03	1.777600e-02	-2.553299e-02
1.125000e+01	-6.402822e-03	7.174535e-03	-6.830236e-03	1.788576e-02	-2.572109e-02
1.130000e+01	-5.115864e-03	6.926424e-03	-5.508725e-03	1.830192e-02	-2.627483e-02
1.135000e+01	-4.112183e-03	6.753785e-03	-4.359927e-03	1.693410e-02	-2.632022e-02
1.140000e+01	-3.195680e-03	6.637410e-03	-3.271918e-03	1.887999e-02	-2.443954e-02
1.145000e+01	-2.134387e-03	6.486808e-03	-2.061987e-03	1.924289e-02	-2.694392e-02
1.150000e+01	-7.734640e-04	6.393406e-03	-7.323196e-04	1.806595e-02	-2.672422e-02
1.155000e+01	9.021015e-04	6.681476e-03	1.413059e-03	2.098708e-02	-2.291012e-02
1.160000e+01	2.770340e-03	7.498038e-03	3.790853e-03	2.503714e-02	-2.545559e-02
1.165000e+01	4.626834e-03	8.516159e-03	5.897070e-03	2.677814e-02	-2.686546e-02
1.170000e+01	6.258351e-03	9.250413e-03	7.694942e-03	2.571067e-02	-2.502637e-02
1.175000e+01	7.501215e-03	9.413482e-03	9.235489e-03	2.616327e-02	-2.294732e-02
1.180000e+01	8.263782e-03	9.011491e-03	9.650627e-03	2.623428e-02	-1.922868e-02
1.185000e+01	8.513379e-03	8.277638e-03	9.978282e-03	2.481154e-02	-1.678080e-02
1.190000e+01	8.245647e-03	7.519258e-03	9.164755e-03	2.408654e-02	-1.681637e-02
1.195000e+01	7.460461e-03	6.943760e-03	8.076037e-03	2.315702e-02	-1.879686e-02
1.200000e+01	6.161521e-03	6.581217e-03	6.617681e-03	2.302522e-02	-2.102694e-02
1.205000e+01	4.380608e-03	6.381394e-03	4.703765e-03	2.284357e-02	-2.283379e-02
1.210000e+01	2.203683e-03	6.300171e-03	2.302871e-03	2.272498e-02	-2.323147e-02
1.215000e+01	-1.875001e-04	6.359938e-03	-2.895929e-04	2.086503e-02	-2.183631e-02
1.220000e+01	-2.532034e-03	6.588893e-03	-3.057141e-03	1.665932e-02	-2.137318e-02
1.225000e+01	-4.535637e-03	6.974969e-03	-5.279931e-03	1.524454e-02	-2.227429e-02
1.230000e+01	-5.941329e-03	7.450118e-03	-6.833568e-03	1.967867e-02	-2.293069e-02
1.235000e+01	-6.599558e-03	7.897049e-03	-7.516013e-03	2.338246e-02	-2.512617e-02
1.240000e+01	-6.510262e-03	8.180918e-03	-8.123084e-03	2.418171e-02	-2.554988e-02
1.245000e+01	-5.819395e-03	8.206016e-03	-7.696099e-03	2.199138e-02	-2.377892e-02
1.250000e+01	-4.770121e-03	7.974147e-03	-6.279620e-03	2.215266e-02	-2.295560e-02
1.255000e+01	-3.626630e-03	7.603781e-03	-4.584106e-03	2.547218e-02	-2.300994e-02
1.260000e+01	-2.598665e-03	7.265762e-03	-3.189329e-03	2.636053e-02	-2.479561e-02
1.265000e+01	-1.793308e-03	7.040361e-03	-1.711141e-03	2.486661e-02	-2.444552e-02
1.270000e+01	-1.208368e-03	6.830983e-03	-1.060237e-03	2.187754e-02	-2.205154e-02
1.275000e+01	-7.644033e-04	6.474423e-03	-6.088194e-04	1.856660e-02	-2.030306e-02
1.280000e+01	-3.576291e-04	5.963241e-03	-3.394402e-04	1.537022e-02	-1.812314e-02
1.285000e+01	9.025425e-05	5.594436e-03	-1.269620e-04	1.461753e-02	-1.484707e-02
1.290000e+01	6.047489e-04	5.809795e-03	8.995883e-04	1.623292e-02	-1.553962e-02
1.295000e+01	1.160782e-03	6.642265e-03	1.612481e-03	1.950114e-02	-1.801300e-02
1.300000e+01	1.707271e-03	7.618841e-03	2.164764e-03	2.284185e-02	-1.932887e-02
1.305000e+01	2.211760e-03	8.275034e-03	2.593906e-03	2.290608e-02	-2.143677e-02
1.310000e+01	2.632183e-03	8.328900e-03	3.213355e-03	2.238704e-02	-2.197837e-02
1.315000e+01	2.962296e-03	7.797224e-03	3.602426e-03	2.168140e-02	-2.009194e-02
1.320000e+01	3.204299e-03	6.934894e-03	4.223307e-03	2.014871e-02	-1.747235e-02
1.325000e+01	3.345277e-03	6.140422e-03	3.698643e-03	1.634775e-02	-1.603323e-02
1.330000e+01	3.342285e-03	5.733779e-03	3.648989e-03	1.814969e-02	-1.497147e-02
1.335000e+01	3.128321e-03	5.685280e-03	3.008623e-03	2.170904e-02	-1.330035e-02
1.340000e+01	2.640494e-03	5.688752e-03	2.736243e-03	2.247250e-02	-1.132526e-02
1.345000e+01	1.859012e-03	5.515370e-03	1.923224e-03	2.021830e-02	-1.213302e-02
1.350000e+01	8.377785e-04	5.205577e-03	6.353757e-04	1.542144e-02	-1.261880e-02
1.355000e+01	-2.912281e-04	5.037002e-03	-7.971423e-04	1.460550e-02	-1.256728e-02
1.360000e+01	-1.346937e-03	5.271405e-03	-1.993783e-03	1.533664e-02	-1.363413e-02
1.365000e+01	-2.153385e-03	5.844668e-03	-2.728363e-03	1.654063e-02	-1.505330e-02
1.370000e+01	-2.598241e-03	6.454600e-03	-2.953349e-03	1.684698e-02	-1.732074e-02
1.375000e+01	-2.670937e-03	6.854771e-03	-3.098197e-03	1.824681e-02	-1.973818e-02
1.380000e+01	-2.463073e-03	6.959899e-03	-3.321185e-03	1.825225e-02	-1.994764e-02
1.385000e+01	-2.129491e-03	6.800297e-03	-2.954221e-03	1.626165e-02	-1.795565e-02
1.390000e+01	-1.825401e-03	6.439174e-03	-2.314752e-03	1.360132e-02	-1.525196e-02
1.395000e+01	-1.645619e-03	5.927947e-03	-1.971816e-03	1.393315e-02	-1.592712e-02
1.400000e+01	-1.591264e-03	5.335537e-03	-1.893764e-03	1.635980e-02	-1.504804e-02
1.405000e+01	-1.581983e-03	4.828197e-03	-1.748763e-03	1.764015e-02	-1.354914e-02
1.410000e+01	-1.490847e-03	4.614281e-03	-1.635107e-03	1.690736e-02	-1.273516e-02
1.415000e+01	-1.206764e-03	4.796342e-03	-1.166474e-03	1.440428e-02	-1.534077e-02
1.420000e+01	-6.888892e-04	5.222644e-03	-4.931177e-04	1.251155e-02	-1.662760e-02
1.425000e+01	8.789899e-06	5.655021e-03	3.218141e-04	1.440752e-02	-1.769793e-02
1.430000e+01	7.532492e-04	5.955783e-03	1.066880e-03	1.616218e-02	-1.814201e-02
1.435000e+01	1.381864e-03	6.103395e-03	1.585418e-03	1.610334e-02	-1.653180e-02
1.440000e+01	1.764596e-03	6.119729e-03	2.396589e-03	1.555941e-02	-1.324689e-02
1.445000e+01	1.852856e-03	6.003890e-03	2.500700e-03	1.540849e-02	-1.290151e-02
1.450000e+01	1.694920e-03	5.727229e-03	2.250065e-03	1.587735e-02	-1.210386e-02
1.455000e+01	1.412095e-03	5.284037e-03	1.422527e-03	1.476134e-02	-1.273111e-02
1.460000e+01	1.146390e-03	4.747083e-03	7.841840e-04	1.401538e-02	-1.235748e-02
1.465000e+01	1.002061e-03	4.276272e-03	9.232314e-04	1.262594e-02	-1.024133e-02
1.470000e+01	1.005356e-03	4.036350e-03	9.927889e-04	1.158531e-02	-1.098190e-02
1.475000e+01	1.098485e-03	4.049509e-03	1.081780e-03	1.254433e-02	-1.253656e-02
1.480000e+01	1.169060e-03	4.176886e-03	9.713913e-04	1.278504e-02	-1.312545e-02
1.485000e+01	1.101458e-03	4.277940e-03	8.824769e-04	1.322980e-02	-1.305464e-02
1.490000e+01	8.279531e-04	4.321598e-03	6.107917e-04	1.160714e-02	-1.318570e-02
1.495000e+01	3.584986e-04	4.358770e-03	-2.706035e-05	1.178142e-02	-1.233252e-02
1.500000e+01	-2.222103e-04	4.421729e-03	-5.626424e-04	1.140163e-02	-1.132873e-02
1.505000e+01	-7.967158e-04	4.479465e-03	-1.196702e-03	1.203159e-02	-1.214527e-02
1.510000e+01	-1.236547e-03	4.425346e-03	-1.588014e-03	1.178519e-02	-1.238282e-02
1.515000e+01	-1.463891e-03	4.223501e-03	-1.572884e-03	1.052652e-02	-1.201449e-02
1.520000e+01	-1.472390e-03	3.944754e-03	-1.356032e-03	1.089443e-02	-1.161408e-02
1.525000e+01	-1.321929e-03	3.723664e-03	-1.189042e-03	1.256017e-02	-1.063636e-02
1.530000e+01	-1.108274e-03	3.634908e-03	-1.050523e-03	1.339486e-02	-1.089272e-02
1.535000e+01	-9.219534e-04	3.618051e-03	-8.763945e-04	1.337103e-02	-1.257656e-02
1.540000e+01	-8.141550e-04	3.564591e-03	-7.161614e-04	1.241063e-02	-1.303989e-02
1.545000e+01	-7.829434e-04	3.444132e-03	-7.607468e-04	1.043893e-02	-1.199193e-02
1.550000e+01	-7.832262e-04	3.327607e-03	-7.832544e-04	8.633887e-03	-1.029858e-02
1.555000e+01	-7.533662e-04	3.307833e-03	-8.477813e-04	8.235460e-03	-1.122805e-02
1.560000e+01	-6.447900e-04	3.404821e-03	-7.403398e-04	9.439685e-03	-1.054541e-02
1.565000e+01	-4.410980e-04	3.568589e-03	-6.112851e-04	1.031823e-02	-9.234474e-03
1.570000e+01	-1.594912e-04	3.752988e-03	-4.833309e-05	1.181919e-02	-1.016797e-02
1.575000e+01	1.635192e-04	3.941872e-03	4.044434e-04	1.191490e-02	-9.861007e-03
1.580000e+01	4.926440e-04	4.114556e-03	8.604223e-04	1.040028e-02	-9.983812e-03
1.585000e+01	8.087613e-04	4.220043e-03	1.007824e-03	1.059804e-02	-1.020189e-02
1.590000e+01	1.110182e-03	4.199047e-03	1.381076e-03	1.149194e-02	-1.064725e-02
1.595000e+01	1.399957e-03	4.028897e-03	1.802006e-03	1.184880e-02	-9.872325e-03
1.600000e+01	1.666861e-03	3.752053e-03	1.997725e-03	1.245157e-02	-8.471965e-03
1.605000e+01	1.875757e-03	3.475059e-03	2.107707e-03	1.208974e-02	-8.657615e-03
1.610000e+01	1.951841e-03	3.308623e-03	2.030827e-03	1.239172e-02	-8.169267e-03
1.615000e+01	1.825209e-03	3.313252e-03	1.819016e-03	1.409636e-02	-7.401539e-03
1.620000e+01	1.450562e-03	3.455674e-03	1.421664e-03	1.356136e-02	-8.935425e-03
1.625000e+01	8.342911e-04	3.658574e-03	7.127901e-04	1.092686e-02	-9.450367e-03
1.630000e+01	4.720908e-05	3.851061e-03	-2.727011e-04	1.141713e-02	-9.897568e-03
1.635000e+01	-7.848404e-04	3.972653e-03	-1.012811e-03	1.130126e-02	-1.091169e-02
1.640000e+01	-1.511588e-03	3.968939e-03	-1.933852e-03	1.009196e-02	-1.110207e-02
1.645000e+01	-2.000416e-03	3.809508e-03	-2.514369e-03	8.212504e-03	-1.091892e-02
1.650000e+01	-2.174946e-03	3.518605e-03	-2.524289e-03	6.774889e-03	-1.082521e-02
1.655000e+01	-2.035938e-03	3.190264e-03	-2.274531e-03	7.494747e-03	-9.690549e-03
1.660000e+01	-1.656851e-03	2.955506e-03	-1.779710e-03	7.617785e-03	-9.170359e-03
1.665000e+01	-1.156114e-03	2.887876e-03	-1.110358e-03	7.398488e-03	-8.594367e-03
1.670000e+01	-6.569619e-04	2.935289e-03	-5.216978e-04	7.073006e-03	-9.555994e-03
1.675000e+01	-2.500662e-04	2.986037e-03	-1.737153e-04	7.352595e-03	-1.044606e-02
1.680000e+01	2.767975e-05	2.971049e-03	2.083582e-04	7.270965e-03	-1.043450e-02
1.685000e+01	1.919649e-04	2.889562e-03	4.045089e-04	8.046224e-03	-9.254829e-03
1.690000e+01	2.905032e-04	2.779852e-03	4.415544e-04	8.158241e-03	-8.586321e-03
1.695000e+01	3.736924e-04	2.684166e-03	5.813610e-04	7.708613e-03	-8.471266e-03
1.700000e+01	4.697676e-04	2.633036e-03	5.433833e-04	8.137129e-03	-7.149464e-03
1.705000e+01	5.755512e-04	2.650182e-03	6.280642e-04	8.326944e-03	-7.002819e-03
1.710000e+01	6.592805e-04	2.726066e-03	7.036380e-04	1.004522e-02	-7.075485e-03
1.715000e+01	6.879582e-04	2.832016e-03	7.421009e-04	1.098027e-02	-7.257032e-03
1.720000e+01	6.476010e-04	2.923146e-03	6.497798e-04	1.078899e-02	-7.917261e-03
1.725000e+01	5.547328e-04	2.959943e-03	4.379078e-04	9.805013e-03	-8.561729e-03
1.730000e+01	4.518828e-04	2.925136e-03	2.693233e-04	9.153748e-03	-8.182511e-03
1.735000e+01	3.889403e-04	2.831135e-03	2.118729e-04	9.223685e-03	-9.047082e-03
1.740000e+01	3.988849e-04	2.720378e-03	3.116524e-04	7.899625e-03	-9.124701e-03
1.745000e+01	4.791662e-04	2.651587e-03	4.433532e-04	8.147481e-03	-7.946896e-03
1.750000e+01	5.876955e-04	2.662177e-03	6.142848e-04	8.029275e-03	-8.441016e-03
1.755000e+01	6.561119e-04	2.732581e-03	6.354728e-04	8.390833e-03	-8.332739e-03
1.760000e+01	6.154966e-04	2.802403e-03	6.186707e-04	9.038832e-03	-7.295833e-03
1.765000e+01	4.242787e-04	2.826405e-03	4.320184e-04	9.574905e-03	-7.700652e-03
1.770000e+01	8.702532e-05	2.811257e-03	-3.611622e-05	9.951353e-03	-8.195017e-03
1.775000e+01	-3.435075e-04	2.802187e-03	-5.534529e-04	9.566253e-03	-8.317597e-03
1.780000e+01	-7.818924e-04	2.829816e-03	-9.621895e-04	8.628555e-03	-8.543039e-03
1.785000e+01	-1.136980e-03	2.870048e-03	-1.153167e-03	7.101104e-03	-9.435696e-03
1.790000e+01	-1.339878e-03	2.864179e-03	-1.425451e-03	6.681467e-03	-9.305069e-03
1.795000e+01	-1.362673e-03	2.770606e-03	-1.507210e-03	5.710488e-03	-8.466369e-03
1.800000e+01	-1.221808e-03	2.595352e-03	-1.359898e-03	5.998975e-03	-8.004864e-03
1.805000e+01	-9.669929e-04	2.392525e-03	-1.024046e-03	6.582354e-03	-6.972282e-03
1.810000e+01	-6.593829e-04	2.231788e-03	-6.790949e-04	6.567768e-03	-7.433271e-03
1.815000e+01	-3.513937e-04	2.166524e-03	-2.700263e-04	5.947501e-03	-7.065885e-03
1.820000e+01	-7.331225e-05	2.197951e-03	2.585268e-06	6.233034e-03	-6.906119e-03
1.825000e+01	1.675672e-04	2.278404e-03	3.185962e-04	7.129409e-03	-6.616140e-03
1.830000e+01	3.777517e-04	2.349966e-03	4.843688e-04	7.030336e-03	-6.685908e-03
1.835000e+01	5.643422e-04	2.380716e-03	6.501372e-04	7.035388e-03	-6.200144e-03
1.840000e+01	7.248847e-04	2.375369e-03	8.028964e-04	7.353658e-03	-6.907134e-03
1.845000e+01	8.450736e-04	2.357707e-03	8.697741e-04	8.385930e-03	-7.722637e-03
1.850000e+01	9.048084e-04	2.339690e-03	9.479569e-04	8.542423e-03	-7.641722e-03
1.855000e+01	8.889058e-04	2.310910e-03	8.844409e-04	7.852594e-03	-6.600486e-03
1.860000e+01	7.966109e-04	2.263557e-03	7.492759e-04	8.026336e-03	-6.469726e-03
1.865000e+01	6.448364e-04	2.220323e-03	5.631397e-04	7.564983e-03	-6.538202e-03
1.870000e+01	4.632714e-04	2.222238e-03	4.033804e-04	7.017658e-03	-6.332953e-03
1.875000e+01	2.835432e-04	2.279722e-03	2.688273e-04	6.381905e-03	-7.113336e-03
1.880000e+01	1.275302e-04	2.350852e-03	8.565701e-05	7.322029e-03	-7.403405e-03
1.885000e+01	3.625766e-07	2.380252e-03	-1.019182e-04	7.467177e-03	-6.653060e-03
1.890000e+01	-1.085647e-04	2.345548e-03	-1.632827e-04	6.747208e-03	-6.817692e-03
1.895000e+01	-2.170372e-04	2.266019e-03	-2.414413e-04	6.388122e-03	-7.035782e-03
1.900000e+01	-3.379838e-04	2.178980e-03	-3.403861e-04	6.311624e-03	-7.342951e-03
1.905000e+01	-4.705673e-04	2.116245e-03	-4.987892e-04	5.826386e-03	-6.857212e-03
1.910000e+01	-5.955188e-04	2.088131e-03	-6.930641e-04	5.375471e-03	-6.298095e-03
1.915000e+01	-6.820341e-04	2.100530e-03	-7.762948e-04	6.029924e-03	-7.057723e-03
1.920000e+01	-7.004172e-04	2.147783e-03	-8.445042e-04	6.831853e-03	-7.506860e-03
1.925000e+01	-6.357886e-04	2.203206e-03	-7.180619e-04	6.906972e-03	-7.340937e-03
1.930000e+01	-4.965785e-04	2.230304e-03	-5.591593e-04	6.207268e-03	-7.034076e-03
1.935000e+01	-3.137562e-04	2.210333e-03	-3.677838e-04	6.010219e-03	-6.846461e-03
1.940000e+01	-1.307235e-04	2.157354e-03	-1.618339e-04	6.218645e-03	-5.814979e-03
1.945000e+01	1.215421e-05	2.104381e-03	-1.187553e-06	5.796027e-03	-5.753502e-03
1.950000e+01	9.206548e-05	2.071433e-03	6.629018e-05	5.618635e-03	-6.263651e-03
1.955000e+01	1.113777e-04	2.048800e-03	2.125029e-04	5.334904e-03	-6.111791e-03
1.960000e+01	9.531696e-05	2.014118e-03	2.407921e-04	5.097538e-03	-5.942784e-03
1.965000e+01	8.078531e-05	1.959578e-03	1.717092e-04	5.566297e-03	-5.389730e-03
1.970000e+01	1.009949e-04	1.900299e-03	1.855787e-04	5.998693e-03	-5.200619e-03
1.975000e+01	1.721517e-04	1.861275e-03	2.096055e-04	5.857216e-03	-5.301205e-03
1.980000e+01	2.873538e-04	1.857068e-03	3.758169e-04	5.767891e-03	-5.215577e-03
1.985000e+01	4.197225e-04	1.880605e-03	4.504884e-04	5.735484e-03	-5.871536e-03
1.990000e+01	5.329734e-04	1.908444e-03	5.817303e-04	5.579819e-03	-5.954350e-03
1.995000e+01	5.947715e-04	1.916277e-03	6.078017e-04	5.849258e-03	-5.311731e-03
2.000000e+01	5.874497e-04	1.893685e-03	6.685282e-04	6.209057e-03	-4.502922e-03
