# k	<chi>	std	chi_median	chi_max	chi_min
0.000000e+00	2.088282e-01	2.204493e-01	0.000000e+00	7.314839e-01	0.000000e+00
5.000000e-02	4.115237e-01	7.582290e-02	4.126260e-01	7.457512e-01	0.000000e+00
1.000000e-01	3.948906e-01	7.536238e-02	3.961067e-01	7.297612e-01	0.000000e+00
1.500000e-01	3.433542e-01	7.411502e-02	3.446086e-01	6.792064e-01	0.000000e+00
2.000000e-01	2.895666e-01	7.302183e-02	2.898802e-01	6.249429e-01	0.000000e+00
2.500000e-01	1.966291e-01	7.149311e-02	1.947762e-01	5.281245e-01	0.000000e+00
3.000000e-01	9.994137e-02	7.028346e-02	9.704243e-02	4.290395e-01	-1.030672e-01
3.500000e-01	-3.590059e-02	6.905384e-02	-3.738034e-02	2.939063e-01	-2.434511e-01
4.000000e-01	-1.728701e-01	6.842725e-02	-1.757766e-01	1.509563e-01	-3.802097e-01
4.500000e-01	-3.395560e-01	6.846829e-02	-3.431044e-01	0.000000e+00	-5.396955e-01
5.000000e-01	-4.980746e-01	6.935815e-02	-4.989145e-01	0.000000e+00	-6.865720e-01
5.500000e-01	-6.665951e-01	7.112444e-02	-6.659906e-01	0.000000e+00	-8.885314e-01
6.000000e-01	-8.111884e-01	7.293037e-02	-8.102284e-01	0.000000e+00	-1.052162e+00
6.500000e-01	-9.385107e-01	7.412574e-02	-9.382450e-01	0.000000e+00	-1.183193e+00
7.000000e-01	-1.023547e+00	7.373341e-02	-1.024512e+00	0.000000e+00	-1.254007e+00
7.500000e-01	-1.063499e+00	7.116360e-02	-1.065049e+00	0.000000e+00	-1.260192e+00
8.000000e-01	-1.048669e+00	6.698593e-02	-1.054717e+00	0.000000e+00	-1.219407e+00
8.500000e-01	-9.728894e-01	6.188065e-02	-9.817613e-01	0.000000e+00	-1.110830e+00
9.000000e-01	-8.471560e-01	5.775510e-02	-8.571491e-01	0.000000e+00	-9.781232e-01
9.500000e-01	-6.703550e-01	5.513289e-02	-6.740898e-01	0.000000e+00	-8.063419e-01
1.000000e+00	-4.727518e-01	5.359431e-02	-4.713040e-01	0.000000e+00	-6.239340e-01
1.050000e+00	-2.626014e-01	5.105853e-02	-2.600794e-01	0.000000e+00	-4.251328e-01
1.100000e+00	-7.730073e-02	4.655465e-02	-7.474397e-02	3.714181e-02	-2.551541e-01
1.150000e+00	7.034881e-02	3.986969e-02	7.232064e-02	1.746936e-01	-1.218327e-01
1.200000e+00	1.564729e-01	3.355640e-02	1.592399e-01	2.454253e-01	-2.356303e-02
1.250000e+00	1.764710e-01	3.052954e-02	1.777145e-01	2.471324e-01	0.000000e+00
1.300000e+00	1.361153e-01	3.144606e-02	1.389202e-01	2.098090e-01	0.000000e+00
1.350000e+00	4.801347e-02	3.328724e-02	4.948883e-02	1.334436e-01	-4.909259e-02
1.400000e+00	-5.604731e-02	3.289811e-02	-5.632687e-02	3.663337e-02	-1.413475e-01
1.450000e+00	-1.530411e-01	2.978783e-02	-1.545376e-01	0.000000e+00	-2.250454e-01
1.500000e+00	-2.107017e-01	2.566924e-02	-2.109519e-01	0.000000e+00	-2.800587e-01
1.550000e+00	-2.154724e-01	2.347709e-02	-2.152474e-01	0.000000e+00	-2.809750e-01
1.600000e+00	-1.627320e-01	2.423284e-02	-1.627911e-01	0.000000e+00	-2.267233e-01
1.650000e+00	-6.200178e-02	2.577725e-02	-6.247550e-02	4.522228e-02	-1.349118e-01
1.700000e+00	5.990509e-02	2.555505e-02	6.119885e-02	1.237712e-01	-1.422456e-02
1.750000e+00	1.802084e-01	2.319964e-02	1.811142e-01	2.319071e-01	0.000000e+00
1.800000e+00	2.663929e-01	1.963865e-02	2.673872e-01	3.074951e-01	0.000000e+00
1.850000e+00	3.075794e-01	1.679170e-02	3.097299e-01	3.392865e-01	0.000000e+00
1.900000e+00	2.944995e-01	1.536741e-02	2.962685e-01	3.188246e-01	0.000000e+00
1.950000e+00	2.403012e-01	1.476847e-02	2.411624e-01	2.727999e-01	0.000000e+00
2.000000e+00	1.614006e-01	1.376179e-02	1.611226e-01	1.998971e-01	0.000000e+00
2.050000e+00	7.752724e-02	1.268094e-02	7.686790e-02	1.202577e-01	0.000000e+00
2.100000e+00	1.312310e-02	1.205613e-02	1.291698e-02	7.246252e-02	-1.507839e-02
2.150000e+00	-2.011331e-02	1.155331e-02	-1.984755e-02	4.071026e-02	-4.709427e-02
2.200000e+00	-2.449322e-02	1.036987e-02	-2.488827e-02	2.507969e-02	-5.095465e-02
2.250000e+00	-1.762606e-02	8.953209e-03	-1.799748e-02	1.331870e-02	-4.069589e-02
2.300000e+00	-8.906228e-03	7.612887e-03	-9.452175e-03	1.569888e-02	-3.434980e-02
2.350000e+00	-5.241395e-03	6.339918e-03	-5.558438e-03	1.435877e-02	-3.786338e-02
2.400000e+00	-8.788336e-03	5.007534e-03	-8.913621e-03	4.907827e-03	-3.788158e-02
2.450000e+00	-1.062830e-02	4.354101e-03	-1.089622e-02	6.644712e-04	-3.561154e-02
2.500000e+00	-1.340487e-02	3.971613e-03	-1.348640e-02	0.000000e+00	-3.113257e-02
2.550000e+00	-1.596991e-02	3.712542e-03	-1.580133e-02	0.000000e+00	-2.744388e-02
2.600000e+00	-1.712217e-02	3.388611e-03	-1.702059e-02	0.000000e+00	-2.534742e-02
2.650000e+00	-1.839753e-02	3.032659e-03	-1.828719e-02	0.000000e+00	-2.618125e-02
2.700000e+00	-1.838048e-02	2.625636e-03	-1.839028e-02	0.000000e+00	-2.571532e-02
2.750000e+00	-1.703587e-02	2.363741e-03	-1.711252e-02	0.000000e+00	-2.376454e-02
2.800000e+00	-1.473355e-02	2.300023e-03	-1.480319e-02	0.000000e+00	-2.089573e-02
2.850000e+00	-1.296430e-02	2.250549e-03	-1.299302e-02	0.000000e+00	-1.926808e-02
2.900000e+00	-1.022990e-02	2.070409e-03	-1.019694e-02	0.000000e+00	-1.649663e-02
2.950000e+00	-7.000287e-03	1.795896e-03	-6.940689e-03	0.000000e+00	-1.276455e-02
3.000000e+00	-3.751315e-03	1.651525e-03	-3.738504e-03	3.249601e-04	-1.027258e-02
3.050000e+00	1.173110e-04	1.856851e-03	2.364255e-04	4.874088e-03	-7.827486e-03
3.100000e+00	3.002542e-03	2.179287e-03	3.098509e-03	8.964038e-03	-6.857078e-03
3.150000e+00	4.401344e-03	2.339598e-03	4.562685e-03	1.072627e-02	-4.888918e-03
3.200000e+00	4.145051e-03	2.283183e-03	4.357235e-03	1.070245e-02	-2.574564e-03
3.250000e+00	1.979435e-03	2.121438e-03	2.127802e-03	7.903553e-03	-3.271630e-03
3.300000e+00	-1.375856e-03	2.072046e-03	-1.403512e-03	5.980671e-03	-6.962915e-03
3.350000e+00	-4.887336e-03	2.154016e-03	-4.900558e-03	4.310777e-03	-1.072644e-02
3.400000e+00	-7.486605e-03	2.187383e-03	-7.530358e-03	1.061279e-03	-1.364769e-02
3.450000e+00	-8.365780e-03	2.078056e-03	-8.452151e-03	0.000000e+00	-1.451677e-02
3.500000e+00	-6.654419e-03	1.959160e-03	-6.634315e-03	0.000000e+00	-1.301094e-02
3.550000e+00	-2.420025e-03	2.074743e-03	-2.327367e-03	3.242145e-03	-8.328002e-03
3.600000e+00	3.682920e-03	2.408336e-03	3.667719e-03	1.238555e-02	-4.107106e-03
3.650000e+00	1.090822e-02	2.702522e-03	1.073840e-02	2.110053e-02	0.000000e+00
3.700000e+00	1.749050e-02	2.774552e-03	1.738394e-02	2.729411e-02	0.000000e+00
3.750000e+00	2.199126e-02	2.676253e-03	2.196374e-02	3.009047e-02	0.000000e+00
3.800000e+00	2.328642e-02	2.604504e-03	2.316720e-02	3.094378e-02	0.000000e+00
3.850000e+00	2.092014e-02	2.715533e-03	2.064400e-02	3.056114e-02	0.000000e+00
3.900000e+00	1.443807e-02	2.878738e-03	1.425908e-02	2.476235e-02	0.000000e+00
3.950000e+00	4.633089e-03	2.881992e-03	4.567298e-03	1.458110e-02	-3.675550e-03
4.000000e+00	-6.970140e-03	2.651909e-03	-6.985077e-03	7.609694e-04	-1.619378e-02
4.050000e+00	-1.882702e-02	2.355207e-03	-1.892956e-02	0.000000e+00	-2.722624e-02
4.100000e+00	-2.870062e-02	2.190550e-03	-2.876152e-02	0.000000e+00	-3.546047e-02
4.150000e+00	-3.458442e-02	2.309554e-03	-3.460101e-02	0.000000e+00	-4.116566e-02
4.200000e+00	-3.515482e-02	2.582646e-03	-3.497365e-02	0.000000e+00	-4.232984e-02
4.250000e+00	-3.091817e-02	2.825337e-03	-3.072456e-02	0.000000e+00	-4.047347e-02
4.300000e+00	-2.188963e-02	2.989098e-03	-2.184948e-02	0.000000e+00	-3.287482e-02
4.350000e+00	-9.725034e-03	3.125312e-03	-9.645753e-03	0.000000e+00	-2.126846e-02
4.400000e+00	3.331793e-03	3.268782e-03	3.510150e-03	1.091628e-02	-8.249157e-03
4.450000e+00	1.474550e-02	3.387397e-03	1.498787e-02	2.277046e-02	0.000000e+00
4.500000e+00	2.340459e-02	3.396314e-03	2.363519e-02	3.128341e-02	0.000000e+00
4.550000e+00	2.855244e-02	3.219179e-03	2.869514e-02	3.623286e-02	0.000000e+00
4.600000e+00	3.040438e-02	2.851354e-03	3.054038e-02	3.754015e-02	0.000000e+00
4.650000e+00	2.998467e-02	2.414458e-03	3.005231e-02	3.619618e-02	0.000000e+00
4.700000e+00	2.844185e-02	2.050981e-03	2.858759e-02	3.511359e-02	0.000000e+00
4.750000e+00	2.659415e-02	2.066757e-03	2.665783e-02	3.283088e-02	0.000000e+00
4.800000e+00	2.463523e-02	2.566574e-03	2.457116e-02	3.234806e-02	0.000000e+00
4.850000e+00	2.215291e-02	3.296177e-03	2.216671e-02	3.230303e-02	0.000000e+00
4.900000e+00	1.825503e-02	4.010700e-03	1.821124e-02	2.979324e-02	0.000000e+00
4.950000e+00	1.228746e-02	4.585824e-03	1.231889e-02	2.434843e-02	0.000000e+00
5.000000e+00	4.258627e-03	5.019647e-03	4.340333e-03	1.612446e-02	-8.977754e-03
5.050000e+00	-4.914145e-03	5.364371e-03	-4.896956e-03	7.220328e-03	-1.800276e-02
5.100000e+00	-1.348838e-02	5.641185e-03	-1.359363e-02	1.518456e-04	-2.673783e-02
5.150000e+00	-1.948959e-02	5.762306e-03	-1.923249e-02	0.000000e+00	-3.360849e-02
5.200000e+00	-2.141507e-02	5.602709e-03	-2.134131e-02	0.000000e+00	-3.550632e-02
5.250000e+00	-1.895543e-02	5.146808e-03	-1.903415e-02	0.000000e+00	-3.149823e-02
5.300000e+00	-1.313950e-02	4.646544e-03	-1.326329e-02	0.000000e+00	-2.522933e-02
5.350000e+00	-6.332526e-03	4.470610e-03	-6.432729e-03	5.539767e-03	-1.807277e-02
5.400000e+00	-1.482564e-03	4.685436e-03	-1.379896e-03	1.008177e-02	-1.426591e-02
5.450000e+00	-9.906517e-04	4.915960e-03	-1.088994e-03	1.026752e-02	-1.587289e-02
5.500000e+00	-6.082233e-03	4.859079e-03	-6.241944e-03	5.326024e-03	-2.026823e-02
5.550000e+00	-1.608876e-02	4.561731e-03	-1.615682e-02	0.000000e+00	-2.847658e-02
5.600000e+00	-2.857867e-02	4.412150e-03	-2.894666e-02	0.000000e+00	-4.083267e-02
5.650000e+00	-3.989086e-02	4.714659e-03	-4.028060e-02	0.000000e+00	-5.123995e-02
5.700000e+00	-4.672760e-02	5.325283e-03	-4.679357e-02	0.000000e+00	-5.980992e-02
5.750000e+00	-4.678254e-02	5.951079e-03	-4.658335e-02	0.000000e+00	-6.289922e-02
5.800000e+00	-3.956455e-02	6.555383e-03	-3.937035e-02	0.000000e+00	-5.797907e-02
5.850000e+00	-2.634262e-02	7.244708e-03	-2.636833e-02	0.000000e+00	-4.679764e-02
5.900000e+00	-1.004944e-02	8.025448e-03	-1.006557e-02	1.122082e-02	-3.107071e-02
5.950000e+00	6.190889e-03	8.660990e-03	6.493058e-03	2.676535e-02	-1.598465e-02
6.000000e+00	1.987690e-02	8.875243e-03	1.998134e-02	4.027670e-02	-4.426421e-03
6.050000e+00	2.977008e-02	8.491655e-03	2.951089e-02	4.977471e-02	0.000000e+00
6.100000e+00	3.588548e-02	7.645774e-03	3.574792e-02	5.472517e-02	0.000000e+00
6.150000e+00	3.931663e-02	6.580117e-03	3.907007e-02	5.636377e-02	0.000000e+00
6.200000e+00	4.136158e-02	5.600731e-03	4.132847e-02	5.724122e-02	0.000000e+00
6.250000e+00	4.282687e-02	5.015754e-03	4.295972e-02	5.700955e-02	0.000000e+00
6.300000e+00	4.366950e-02	5.044516e-03	4.356881e-02	5.730990e-02	0.000000e+00
6.350000e+00	4.310308e-02	5.668137e-03	4.327824e-02	5.766190e-02	0.000000e+00
6.400000e+00	4.008272e-02	6.663676e-03	4.070208e-02	5.497276e-02	0.000000e+00
6.450000e+00	3.391888e-02	7.789017e-03	3.468530e-02	4.984765e-02	0.000000e+00
6.500000e+00	2.472286e-02	8.852712e-03	2.544491e-02	4.584516e-02	0.000000e+00
6.550000e+00	1.334813e-02	9.683742e-03	1.393130e-02	3.946505e-02	-1.179804e-02
6.600000e+00	1.457220e-03	1.016961e-02	1.995936e-03	3.126986e-02	-2.434529e-02
6.650000e+00	-9.476160e-03	1.024638e-02	-9.069230e-03	2.270802e-02	-3.441362e-02
6.700000e+00	-1.858227e-02	9.916797e-03	-1.878375e-02	1.482688e-02	-4.082571e-02
6.750000e+00	-2.583656e-02	9.222322e-03	-2.621841e-02	7.747872e-03	-4.477755e-02
6.800000e+00	-3.187385e-02	8.219801e-03	-3.223840e-02	0.000000e+00	-5.193412e-02
6.850000e+00	-3.745796e-02	7.042806e-03	-3.787058e-02	0.000000e+00	-5.475282e-02
6.900000e+00	-4.286029e-02	6.058866e-03	-4.327566e-02	0.000000e+00	-6.102446e-02
6.950000e+00	-4.745901e-02	5.857898e-03	-4.737457e-02	0.000000e+00	-6.588078e-02
7.000000e+00	-4.978587e-02	6.598762e-03	-4.956357e-02	0.000000e+00	-6.752135e-02
7.050000e+00	-4.788622e-02	7.709404e-03	-4.777467e-02	0.000000e+00	-6.817308e-02
7.100000e+00	-4.065767e-02	8.685993e-03	-4.027403e-02	0.000000e+00	-6.635109e-02
7.150000e+00	-2.811072e-02	9.433996e-03	-2.796659e-02	0.000000e+00	-5.793272e-02
7.200000e+00	-1.183447e-02	1.006741e-02	-1.155764e-02	1.145372e-02	-4.256318e-02
7.250000e+00	5.276496e-03	1.056166e-02	5.727261e-03	3.101551e-02	-2.367903e-02
7.300000e+00	1.984826e-02	1.064965e-02	2.083976e-02	4.654471e-02	-7.332271e-03
7.350000e+00	2.911623e-02	1.006908e-02	2.981364e-02	5.501766e-02	-5.515176e-04
7.400000e+00	3.185828e-02	8.876153e-03	3.238285e-02	5.526343e-02	0.000000e+00
7.450000e+00	2.879774e-02	7.568202e-03	2.876945e-02	4.822279e-02	0.000000e+00
7.500000e+00	2.230315e-02	6.817245e-03	2.235411e-02	4.044184e-02	0.000000e+00
7.550000e+00	1.544982e-02	6.715478e-03	1.583154e-02	3.288298e-02	-2.678780e-03
7.600000e+00	1.103905e-02	6.712601e-03	1.133407e-02	3.225944e-02	-7.019362e-03
7.650000e+00	1.041490e-02	6.409040e-03	1.068704e-02	3.229341e-02	-6.785243e-03
7.700000e+00	1.321461e-02	6.001933e-03	1.338018e-02	3.030380e-02	-3.835045e-03
7.750000e+00	1.771129e-02	6.002558e-03	1.804802e-02	3.481238e-02	-3.811202e-03
7.800000e+00	2.167711e-02	6.574998e-03	2.238744e-02	3.703921e-02	-3.980755e-03
7.850000e+00	2.338070e-02	7.364284e-03	2.432739e-02	3.905354e-02	-2.080711e-03
7.900000e+00	2.228254e-02	7.991198e-03	2.314845e-02	4.039074e-02	0.000000e+00
7.950000e+00	1.913142e-02	8.304218e-03	1.960688e-02	3.741256e-02	-2.725081e-03
8.000000e+00	1.543308e-02	8.372635e-03	1.540633e-02	3.853410e-02	-4.315353e-03
8.050000e+00	1.245649e-02	8.443862e-03	1.197978e-02	4.237798e-02	-6.419462e-03
8.100000e+00	1.063454e-02	8.867162e-03	9.193198e-03	4.136455e-02	-8.638468e-03
8.150000e+00	8.963514e-03	9.661022e-03	8.085266e-03	3.719889e-02	-1.071049e-02
8.200000e+00	5.441146e-03	1.042795e-02	5.229191e-03	3.601695e-02	-1.970094e-02
8.250000e+00	-1.996251e-03	1.073140e-02	-1.424666e-03	2.909047e-02	-3.007735e-02
8.300000e+00	-1.433353e-02	1.050197e-02	-1.432371e-02	1.454216e-02	-4.298062e-02
8.350000e+00	-3.063653e-02	1.013999e-02	-3.057024e-02	0.000000e+00	-5.779721e-02
8.400000e+00	-4.792321e-02	1.016493e-02	-4.834339e-02	0.000000e+00	-7.536830e-02
8.450000e+00	-6.188298e-02	1.063321e-02	-6.209307e-02	0.000000e+00	-8.568514e-02
8.500000e+00	-6.823459e-02	1.120280e-02	-6.900698e-02	0.000000e+00	-9.072700e-02
8.550000e+00	-6.408736e-02	1.175589e-02	-6.474377e-02	0.000000e+00	-9.029976e-02
8.600000e+00	-4.945481e-02	1.262056e-02	-4.962653e-02	0.000000e+00	-8.211941e-02
8.650000e+00	-2.715147e-02	1.393579e-02	-2.738112e-02	8.933182e-03	-6.182672e-02
8.700000e+00	-2.045460e-03	1.521257e-02	-3.155978e-03	3.397385e-02	-3.545269e-02
8.750000e+00	2.046198e-02	1.569186e-02	2.027464e-02	5.562070e-02	-2.040903e-02
8.800000e+00	3.611730e-02	1.491658e-02	3.714834e-02	6.966464e-02	-6.529023e-03
8.850000e+00	4.304116e-02	1.297805e-02	4.407949e-02	7.353165e-02	0.000000e+00
8.900000e+00	4.206612e-02	1.044642e-02	4.265547e-02	6.671723e-02	0.000000e+00
8.950000e+00	3.609930e-02	8.097864e-03	3.603551e-02	5.743943e-02	0.000000e+00
9.000000e+00	2.880018e-02	6.518096e-03	2.918415e-02	5.061011e-02	0.000000e+00
9.050000e+00	2.317236e-02	5.777931e-03	2.341466e-02	4.666132e-02	0.000000e+00
9.100000e+00	2.039254e-02	5.656147e-03	2.039259e-02	4.112499e-02	0.000000e+00
9.150000e+00	1.968325e-02	6.066752e-03	1.955586e-02	3.794201e-02	0.000000e+00
9.200000e+00	1.895877e-02	7.033023e-03	1.916533e-02	3.829928e-02	-1.739841e-03
9.250000e+00	1.601975e-02	8.468564e-03	1.705327e-02	3.820157e-02	-1.005168e-02
9.300000e+00	9.744449e-03	1.007807e-02	1.101998e-02	3.379427e-02	-1.995419e-02
9.350000e+00	7.555915e-04	1.135268e-02	1.699396e-03	3.067763e-02	-2.932444e-02
9.400000e+00	-8.725178e-03	1.172260e-02	-8.493577e-03	2.332719e-02	-3.517772e-02
9.450000e+00	-1.577403e-02	1.087104e-02	-1.631206e-02	1.253238e-02	-4.034562e-02
9.500000e+00	-1.803163e-02	9.125968e-03	-1.794593e-02	3.878714e-03	-4.087033e-02
9.550000e+00	-1.481532e-02	7.813880e-03	-1.508722e-02	8.169589e-03	-3.498837e-02
9.600000e+00	-7.497970e-03	8.409369e-03	-7.615182e-03	1.527312e-02	-2.925784e-02
9.650000e+00	7.733767e-04	1.007460e-02	1.637013e-03	2.444805e-02	-2.379867e-02
9.700000e+00	6.262982e-03	1.106580e-02	6.930953e-03	3.218034e-02	-2.195492e-02
9.750000e+00	6.076763e-03	1.070680e-02	6.860147e-03	3.115783e-02	-2.132150e-02
9.800000e+00	-6.773545e-04	9.474531e-03	-6.560734e-04	1.971751e-02	-2.502120e-02
9.850000e+00	-1.245734e-02	8.638426e-03	-1.174467e-02	8.415446e-03	-3.636089e-02
9.900000e+00	-2.575728e-02	8.998653e-03	-2.565838e-02	2.062291e-03	-4.658874e-02
9.950000e+00	-3.630459e-02	9.827897e-03	-3.661113e-02	0.000000e+00	-5.733201e-02
1.000000e+01	-4.053297e-02	1.024213e-02	-4.121526e-02	0.000000e+00	-6.503622e-02
1.005000e+01	-3.672997e-02	1.029590e-02	-3.662642e-02	0.000000e+00	-6.585939e-02
1.010000e+01	-2.569902e-02	1.065891e-02	-2.504079e-02	4.214349e-03	-5.360495e-02
1.015000e+01	-1.029567e-02	1.154462e-02	-1.000881e-02	2.431677e-02	-3.753921e-02
1.020000e+01	5.610410e-03	1.232297e-02	5.539962e-03	3.863449e-02	-2.290649e-02
1.025000e+01	1.845804e-02	1.225672e-02	1.841610e-02	4.476126e-02	-1.505094e-02
1.030000e+01	2.608639e-02	1.109663e-02	2.648185e-02	5.181947e-02	-1.054281e-02
1.035000e+01	2.822317e-02	9.147671e-03	2.877068e-02	5.298353e-02	-4.811597e-03
1.040000e+01	2.625265e-02	7.086852e-03	2.661426e-02	4.627506e-02	0.000000e+00
1.045000e+01	2.242786e-02	5.660528e-03	2.263729e-02	3.630680e-02	0.000000e+00
1.050000e+01	1.888504e-02	5.192209e-03	1.911310e-02	3.315242e-02	-1.301052e-03
1.055000e+01	1.685608e-02	5.340297e-03	1.689874e-02	3.159479e-02	-2.954947e-03
1.060000e+01	1.635521e-02	5.695752e-03	1.630767e-02	3.111672e-02	0.000000e+00
1.065000e+01	1.640005e-02	6.128503e-03	1.634762e-02	3.215063e-02	0.000000e+00
1.070000e+01	1.560994e-02	6.630916e-03	1.562644e-02	3.297254e-02	-1.653072e-04
1.075000e+01	1.289269e-02	7.199905e-03	1.351334e-02	3.407098e-02	-4.809413e-03
1.080000e+01	7.929383e-03	7.797039e-03	8.624932e-03	3.012527e-02	-1.424210e-02
1.085000e+01	1.283446e-03	8.303202e-03	1.697186e-03	2.331340e-02	-2.405541e-02
1.090000e+01	-5.865198e-03	8.519167e-03	-5.926939e-03	1.897391e-02	-3.163073e-02
1.095000e+01	-1.220505e-02	8.255708e-03	-1.248391e-02	1.348099e-02	-3.456230e-02
1.100000e+01	-1.676874e-02	7.462345e-03	-1.738344e-02	8.070016e-03	-3.289557e-02
1.105000e+01	-1.925046e-02	6.340645e-03	-2.013840e-02	2.854789e-03	-3.369035e-02
1.110000e+01	-1.984955e-02	5.359966e-03	-2.028531e-02	0.000000e+00	-3.260125e-02
1.115000e+01	-1.915137e-02	5.050773e-03	-1.929915e-02	0.000000e+00	-3.220156e-02
1.120000e+01	-1.773158e-02	5.375169e-03	-1.786145e-02	0.000000e+00	-3.161390e-02
1.125000e+01	-1.589553e-02	5.798930e-03	-1.598786e-02	2.543093e-03	-3.054795e-02
1.130000e+01	-1.362224e-02	6.030196e-03	-1.374264e-02	4.446781e-03	-2.851460e-02
1.135000e+01	-1.071533e-02	6.210967e-03	-1.065570e-02	4.687169e-03	-3.025693e-02
1.140000e+01	-7.058605e-03	6.601684e-03	-7.208700e-03	1.232332e-02	-3.005931e-02
1.145000e+01	-2.826421e-03	7.140545e-03	-2.562619e-03	1.872065e-02	-2.624978e-02
1.150000e+01	1.472151e-03	7.447105e-03	1.946501e-03	2.307349e-02	-1.865585e-02
1.155000e+01	5.147434e-03	7.210417e-03	5.458714e-03	2.640285e-02	-1.225617e-02
1.160000e+01	7.610354e-03	6.462599e-03	7.768443e-03	2.663145e-02	-8.594007e-03
1.165000e+01	8.641914e-03	5.607000e-03	8.796163e-03	2.269354e-02	-7.667354e-03
1.170000e+01	8.512845e-03	5.134538e-03	9.010635e-03	2.012820e-02	-7.045052e-03
1.175000e+01	7.883944e-03	5.069085e-03	8.348032e-03	1.968052e-02	-8.434707e-03
1.180000e+01	7.521455e-03	4.979282e-03	7.880051e-03	2.027494e-02	-7.998569e-03
1.185000e+01	7.951774e-03	4.611981e-03	8.110691e-03	2.031186e-02	-5.238708e-03
1.190000e+01	9.213108e-03	4.146442e-03	9.207785e-03	2.030882e-02	-3.571604e-03
1.195000e+01	1.082200e-02	3.964755e-03	1.107130e-02	2.020476e-02	-3.992864e-03
1.200000e+01	1.197718e-02	4.176236e-03	1.227140e-02	2.162758e-02	-2.591926e-03
1.205000e+01	1.192049e-02	4.563225e-03	1.218281e-02	2.333402e-02	-1.760681e-03
1.210000e+01	1.027092e-02	4.917087e-03	1.041345e-02	2.307435e-02	-2.834284e-03
1.215000e+01	7.225157e-03	5.168748e-03	7.238873e-03	2.038905e-02	-6.464437e-03
1.220000e+01	3.491172e-03	5.254361e-03	3.395274e-03	1.605370e-02	-1.008751e-02
1.225000e+01	-7.395381e-06	5.152085e-03	-4.551406e-05	1.243366e-02	-1.410282e-02
1.230000e+01	-2.532783e-03	5.033754e-03	-2.834650e-03	1.114301e-02	-1.513722e-02
1.235000e+01	-3.860886e-03	5.191215e-03	-4.172222e-03	1.152500e-02	-1.500060e-02
1.240000e+01	-4.382400e-03	5.613852e-03	-4.701493e-03	1.281290e-02	-1.770607e-02
1.245000e+01	-4.920481e-03	5.895469e-03	-4.870066e-03	1.380345e-02	-2.077718e-02
1.250000e+01	-6.332791e-03	5.701748e-03	-6.189391e-03	1.217017e-02	-2.144457e-02
1.255000e+01	-9.065028e-03	5.174106e-03	-9.161741e-03	6.870401e-03	-2.205066e-02
1.260000e+01	-1.285285e-02	4.993196e-03	-1.309761e-02	9.264352e-04	-2.661366e-02
1.265000e+01	-1.671440e-02	5.638182e-03	-1.657584e-02	1.479423e-03	-3.277193e-02
1.270000e+01	-1.925792e-02	6.617401e-03	-1.908273e-02	0.000000e+00	-3.455430e-02
1.275000e+01	-1.919609e-02	7.284841e-03	-1.913758e-02	5.973018e-04	-3.645910e-02
1.280000e+01	-1.586772e-02	7.521726e-03	-1.558598e-02	4.748075e-03	-3.783351e-02
1.285000e+01	-9.555925e-03	7.671398e-03	-9.500693e-03	7.789765e-03	-3.262004e-02
1.290000e+01	-1.467611e-03	8.058889e-03	-1.441316e-03	1.790539e-02	-2.141406e-02
1.295000e+01	6.628530e-03	8.518993e-03	6.550247e-03	2.752126e-02	-1.687584e-02
1.300000e+01	1.297339e-02	8.570646e-03	1.323043e-02	3.212363e-02	-1.326150e-02
1.305000e+01	1.643585e-02	7.916091e-03	1.713705e-02	3.622117e-02	-7.717677e-03
1.310000e+01	1.671285e-02	6.602126e-03	1.749124e-02	3.414140e-02	-1.525728e-03
1.315000e+01	1.445228e-02	5.074186e-03	1.479926e-02	3.058150e-02	0.000000e+00
1.320000e+01	1.090937e-02	4.021767e-03	1.113619e-02	2.501778e-02	0.000000e+00
1.325000e+01	7.439199e-03	3.884697e-03	7.455224e-03	1.947350e-02	-5.572902e-03
1.330000e+01	5.005411e-03	4.284206e-03	5.013293e-03	1.776366e-02	-8.230852e-03
1.335000e+01	3.892837e-03	4.712737e-03	4.173279e-03	1.666862e-02	-8.587827e-03
1.340000e+01	3.719238e-03	5.037777e-03	4.226559e-03	1.655613e-02	-1.123657e-02
1.345000e+01	3.715286e-03	5.295446e-03	4.244038e-03	1.616547e-02	-1.240916e-02
1.350000e+01	3.134700e-03	5.491413e-03	3.466066e-03	1.724557e-02	-1.323513e-02
1.355000e+01	1.612006e-03	5.550296e-03	1.779976e-03	1.564419e-02	-1.266863e-02
1.360000e+01	-6.810227e-04	5.360546e-03	-7.176567e-04	1.373817e-02	-1.240576e-02
1.365000e+01	-3.134962e-03	4.870865e-03	-3.437468e-03	1.005773e-02	-1.351002e-02
1.370000e+01	-5.000559e-03	4.229216e-03	-5.233408e-03	6.790016e-03	-1.511241e-02
1.375000e+01	-5.744153e-03	3.882996e-03	-5.860849e-03	7.517464e-03	-1.799281e-02
1.380000e+01	-5.300654e-03	4.216235e-03	-5.478772e-03	8.601220e-03	-1.886957e-02
1.385000e+01	-4.113625e-03	4.899825e-03	-4.148759e-03	9.329764e-03	-1.643141e-02
1.390000e+01	-2.946950e-03	5.316869e-03	-2.956963e-03	1.043018e-02	-1.501929e-02
1.395000e+01	-2.551223e-03	5.157055e-03	-2.459215e-03	1.037451e-02	-1.552291e-02
1.400000e+01	-3.328796e-03	4.550876e-03	-3.330154e-03	7.301480e-03	-1.454708e-02
1.405000e+01	-5.156754e-03	4.067562e-03	-5.144837e-03	6.513962e-03	-1.589752e-02
1.410000e+01	-7.378954e-03	4.245899e-03	-7.438294e-03	6.144361e-03	-1.950483e-02
1.415000e+01	-9.054213e-03	4.883255e-03	-9.122867e-03	6.276117e-03	-2.229945e-02
1.420000e+01	-9.323543e-03	5.414312e-03	-9.173848e-03	5.051845e-03	-2.320182e-02
1.425000e+01	-7.747560e-03	5.610712e-03	-7.522421e-03	6.650284e-03	-2.436280e-02
1.430000e+01	-4.480107e-03	5.594920e-03	-4.060801e-03	1.251085e-02	-2.152058e-02
1.435000e+01	-2.130153e-04	5.577358e-03	7.142466e-06	1.660564e-02	-1.579228e-02
1.440000e+01	4.078472e-03	5.582001e-03	4.347610e-03	1.801688e-02	-9.573696e-03
1.445000e+01	7.481158e-03	5.435202e-03	7.668081e-03	1.943865e-02	-8.446756e-03
1.450000e+01	9.440705e-03	4.987182e-03	9.953875e-03	2.071740e-02	-7.153614e-03
1.455000e+01	9.897987e-03	4.268689e-03	1.042033e-02	2.031198e-02	-4.343457e-03
1.460000e+01	9.225314e-03	3.497059e-03	9.334072e-03	1.722748e-02	-1.488259e-03
1.465000e+01	8.007011e-03	2.981993e-03	7.973270e-03	1.538566e-02	-3.428283e-03
1.470000e+01	6.769044e-03	2.906646e-03	6.812948e-03	1.518327e-02	-5.098527e-03
1.475000e+01	5.774735e-03	3.146760e-03	5.831200e-03	1.614327e-02	-4.203564e-03
1.480000e+01	4.965777e-03	3.473773e-03	5.008131e-03	1.569576e-02	-4.712292e-03
1.485000e+01	4.059040e-03	3.764897e-03	4.034969e-03	1.360636e-02	-5.137952e-03
1.490000e+01	2.741428e-03	3.994043e-03	2.893296e-03	1.242561e-02	-8.110843e-03
1.495000e+01	8.665069e-04	4.168639e-03	1.210769e-03	1.091076e-02	-1.232113e-02
1.500000e+01	-1.437474e-03	4.271303e-03	-1.175815e-03	8.754996e-03	-1.557994e-02
1.505000e+01	-3.812035e-03	4.242457e-03	-3.770585e-03	6.836117e-03	-1.696773e-02
1.510000e+01	-5.774237e-03	3.996136e-03	-5.787248e-03	4.910974e-03	-1.628193e-02
1.515000e+01	-6.918057e-03	3.514883e-03	-7.129572e-03	3.181452e-03	-1.480741e-02
1.520000e+01	-7.079467e-03	2.933684e-03	-7.506792e-03	1.704476e-03	-1.419382e-02
1.525000e+01	-6.394988e-03	2.572838e-03	-6.562313e-03	1.402838e-03	-1.432863e-02
1.530000e+01	-5.233502e-03	2.689744e-03	-5.310217e-03	5.364147e-03	-1.292653e-02
1.535000e+01	-4.035465e-03	3.085173e-03	-4.402140e-03	8.223169e-03	-1.202798e-02
1.540000e+01	-3.132903e-03	3.403762e-03	-3.709394e-03	8.392924e-03	-1.094393e-02
1.545000e+01	-2.628640e-03	3.488982e-03	-3.059366e-03	7.146840e-03	-1.101056e-02
1.550000e+01	-2.383526e-03	3.385102e-03	-2.556229e-03	6.939454e-03	-1.204988e-02
1.555000e+01	-2.110677e-03	3.242117e-03	-2.256562e-03	7.201408e-03	-1.266735e-02
1.560000e+01	-1.528907e-03	3.179767e-03	-1.558180e-03	7.671862e-03	-1.169643e-02
1.565000e+01	-5.040922e-04	3.182753e-03	-6.188199e-04	8.900297e-03	-1.013350e-02
1.570000e+01	8.835681e-04	3.145530e-03	7.586832e-04	9.950287e-03	-9.799722e-03
1.575000e+01	2.372310e-03	2.995953e-03	2.324678e-03	1.050300e-02	-8.363580e-03
1.580000e+01	3.631802e-03	2.756202e-03	3.611520e-03	1.096098e-02	-6.255977e-03
1.585000e+01	4.402076e-03	2.522650e-03	4.399307e-03	1.086859e-02	-4.101734e-03
1.590000e+01	4.595457e-03	2.388647e-03	4.609098e-03	1.136174e-02	-3.235161e-03
1.595000e+01	4.318322e-03	2.361281e-03	4.305368e-03	1.085921e-02	-2.667110e-03
1.600000e+01	3.807486e-03	2.371579e-03	3.776748e-03	1.009426e-02	-2.573487e-03
1.605000e+01	3.335931e-03	2.367981e-03	3.310324e-03	1.008009e-02	-4.037548e-03
1.610000e+01	3.031577e-03	2.358223e-03	3.107828e-03	9.446534e-03	-4.658456e-03
1.615000e+01	2.883274e-03	2.399410e-03	3.028155e-03	9.152614e-03	-4.635585e-03
1.620000e+01	2.733747e-03	2.525673e-03	2.851821e-03	9.494467e-03	-4.386129e-03
1.625000e+01	2.365636e-03	2.702202e-03	2.352372e-03	9.963518e-03	-4.223613e-03
1.630000e+01	1.615654e-03	2.849206e-03	1.456229e-03	1.044554e-02	-4.823395e-03
1.635000e+01	4.635886e-04	2.894983e-03	1.797350e-04	9.364997e-03	-7.401294e-03
1.640000e+01	-9.444567e-04	2.811205e-03	-1.147094e-03	7.103070e-03	-9.359027e-03
1.645000e+01	-2.348310e-03	2.625094e-03	-2.461116e-03	4.990410e-03	-9.874622e-03
1.650000e+01	-3.476654e-03	2.406739e-03	-3.491223e-03	4.330132e-03	-9.899541e-03
1.655000e+01	-4.153207e-03	2.223903e-03	-4.135111e-03	3.577051e-03	-1.105045e-02
1.660000e+01	-4.358174e-03	2.090138e-03	-4.349223e-03	2.717192e-03	-1.066169e-02
1.665000e+01	-4.218270e-03	1.979045e-03	-4.235705e-03	1.674977e-03	-1.015591e-02
1.670000e+01	-3.931739e-03	1.908337e-03	-3.964945e-03	1.067272e-03	-9.277261e-03
1.675000e+01	-3.664490e-03	1.971459e-03	-3.635253e-03	2.120634e-03	-9.482322e-03
1.680000e+01	-3.466379e-03	2.217710e-03	-3.378759e-03	3.251476e-03	-1.009035e-02
1.685000e+01	-3.247002e-03	2.549551e-03	-3.094897e-03	4.943732e-03	-1.045269e-02
1.690000e+01	-2.822833e-03	2.822844e-03	-2.587545e-03	5.895566e-03	-1.230152e-02
1.695000e+01	-2.014676e-03	2.968273e-03	-1.801848e-03	6.583963e-03	-1.214100e-02
1.700000e+01	-7.510633e-04	3.017500e-03	-6.889561e-04	6.724627e-03	-9.844153e-03
1.705000e+01	8.632788e-04	3.053789e-03	1.050676e-03	9.938266e-03	-8.035625e-03
1.710000e+01	2.588145e-03	3.095872e-03	2.628483e-03	1.182091e-02	-6.012014e-03
1.715000e+01	4.087734e-03	3.079824e-03	4.046191e-03	1.279448e-02	-4.484411e-03
1.720000e+01	5.056811e-03	2.916744e-03	5.089429e-03	1.360703e-02	-3.548631e-03
1.725000e+01	5.327658e-03	2.587784e-03	5.479287e-03	1.263020e-02	-2.145895e-03
1.730000e+01	4.924949e-03	2.202107e-03	4.984095e-03	1.075395e-02	-7.984178e-04
1.735000e+01	4.046878e-03	1.986285e-03	3.976988e-03	9.866642e-03	-2.507182e-03
1.740000e+01	2.982032e-03	2.091387e-03	3.009255e-03	8.459581e-03	-3.393156e-03
1.745000e+01	1.998068e-03	2.382112e-03	2.217966e-03	7.788226e-03	-5.406200e-03
1.750000e+01	1.248741e-03	2.639825e-03	1.496382e-03	8.124960e-03	-6.738531e-03
1.755000e+01	7.362429e-04	2.759999e-03	8.643165e-04	7.756390e-03	-7.374331e-03
1.760000e+01	3.407860e-04	2.744804e-03	3.863415e-04	7.899490e-03	-8.187158e-03
1.765000e+01	-9.984819e-05	2.645876e-03	-1.962246e-04	7.545106e-03	-8.249444e-03
1.770000e+01	-6.986888e-04	2.509746e-03	-7.870767e-04	6.479919e-03	-7.479197e-03
1.775000e+01	-1.457216e-03	2.350817e-03	-1.602138e-03	5.510804e-03	-6.942594e-03
1.780000e+01	-2.258892e-03	2.170245e-03	-2.530168e-03	5.608583e-03	-6.756554e-03
1.785000e+01	-2.919405e-03	1.999557e-03	-3.162891e-03	4.810046e-03	-8.173964e-03
1.790000e+01	-3.269168e-03	1.913826e-03	-3.298929e-03	4.629984e-03	-8.868783e-03
1.795000e+01	-3.229912e-03	1.966047e-03	-3.298347e-03	4.190096e-03	-9.173996e-03
1.800000e+01	-2.850779e-03	2.105531e-03	-2.917832e-03	3.393227e-03	-8.508372e-03
1.805000e+01	-2.292252e-03	2.221333e-03	-2.282076e-03	4.399477e-03	-7.883321e-03
1.810000e+01	-1.744122e-03	2.236175e-03	-1.704588e-03	4.531749e-03	-8.179495e-03
1.815000e+01	-1.359672e-03	2.161282e-03	-1.400922e-03	4.985705e-03	-7.607755e-03
1.820000e+01	-1.184911e-03	2.085046e-03	-1.221394e-03	4.492097e-03	-6.833574e-03
1.825000e+01	-1.141957e-03	2.100915e-03	-1.273899e-03	4.428251e-03	-7.098994e-03
1.830000e+01	-1.067190e-03	2.208858e-03	-1.175001e-03	5.211083e-03	-8.394164e-03
1.835000e+01	-7.871882e-04	2.318435e-03	-6.638047e-04	5.524747e-03	-8.554204e-03
1.840000e+01	-1.993799e-04	2.343867e-03	1.818184e-05	5.992646e-03	-8.377172e-03
1.845000e+01	6.770546e-04	2.262685e-03	9.386415e-04	6.572420e-03	-7.770414e-03
1.850000e+01	1.701154e-03	2.113943e-03	1.805769e-03	6.948713e-03	-6.112496e-03
1.855000e+01	2.660035e-03	1.962419e-03	2.807694e-03	7.509076e-03	-3.924370e-03
1.860000e+01	3.346674e-03	1.851132e-03	3.495664e-03	8.729870e-03	-2.717992e-03
1.865000e+01	3.632702e-03	1.777776e-03	3.674613e-03	8.977994e-03	-1.848873e-03
1.870000e+01	3.506751e-03	1.719648e-03	3.469041e-03	8.848051e-03	-2.177110e-03
1.875000e+01	3.064733e-03	1.674404e-03	3.107631e-03	8.074146e-03	-2.096423e-03
1.880000e+01	2.459381e-03	1.669919e-03	2.480921e-03	7.364034e-03	-2.410151e-03
1.885000e+01	1.833198e-03	1.734512e-03	1.818257e-03	6.705547e-03	-3.282822e-03
1.890000e+01	1.264610e-03	1.859399e-03	1.254454e-03	6.827351e-03	-4.280357e-03
1.895000e+01	7.496165e-04	1.998627e-03	6.035308e-04	6.391513e-03	-5.340648e-03
1.900000e+01	2.243793e-04	2.101168e-03	3.266991e-05	6.193531e-03	-5.968241e-03
1.905000e+01	-3.825260e-04	2.140004e-03	-4.798395e-04	5.629867e-03	-6.094022e-03
1.910000e+01	-1.103920e-03	2.112653e-03	-1.242208e-03	4.577359e-03	-6.765252e-03
1.915000e+01	-1.894329e-03	2.037875e-03	-2.012051e-03	3.756827e-03	-7.152879e-03
1.920000e+01	-2.636256e-03	1.934956e-03	-2.733218e-03	3.025580e-03	-7.586047e-03
1.925000e+01	-3.179705e-03	1.813983e-03	-3.243918e-03	2.342660e-03	-7.639417e-03
1.930000e+01	-3.399409e-03	1.691465e-03	-3.453602e-03	2.036607e-03	-7.700295e-03
1.935000e+01	-3.244615e-03	1.618554e-03	-3.261648e-03	1.944981e-03	-7.935153e-03
1.940000e+01	-2.759935e-03	1.667857e-03	-2.687493e-03	1.898302e-03	-7.686549e-03
1.945000e+01	-2.068750e-03	1.849647e-03	-2.206309e-03	3.594664e-03	-7.233414e-03
1.950000e+01	-1.326871e-03	2.075990e-03	-1.605043e-03	4.978521e-03	-5.985611e-03
1.955000e+01	-6.666217e-04	2.234966e-03	-8.734857e-04	5.318068e-03	-5.760259e-03
1.960000e+01	-1.547491e-04	2.259644e-03	-1.862648e-04	5.894675e-03	-6.159276e-03
1.965000e+01	2.193475e-04	2.149934e-03	2.748236e-04	5.581596e-03	-6.027027e-03
1.970000e+01	5.222731e-04	1.964098e-03	5.550926e-04	5.463327e-03	-5.172120e-03
1.975000e+01	8.336760e-04	1.783729e-03	9.100627e-04	6.091148e-03	-4.636726e-03
1.980000e+01	1.201777e-03	1.658292e-03	1.272827e-03	6.252429e-03	-4.960256e-03
1.985000e+01	1.616983e-03	1.573832e-03	1.692660e-03	5.891258e-03	-5.403021e-03
1.990000e+01	2.014166e-03	1.489930e-03	2.033923e-03	5.433865e-03	-4.988853e-03
1.995000e+01	2.301044e-03	1.397701e-03	2.355544e-03	5.927725e-03	-3.872492e-03
2.000000e+01	2.398707e-03	1.332576e-03	2.383897e-03	5.825219e-03	-2.719325e-03
