# k	<chi>	std	chi_median	chi_max	chi_min
0.000000e+00	-2.189645e-01	2.489864e-01	-2.089570e-01	0.000000e+00	-7.160369e-01
5.000000e-02	-4.316069e-01	1.815783e-01	-4.411407e-01	-1.870940e-01	-7.253128e-01
1.000000e-01	-4.350555e-01	1.856004e-01	-4.454229e-01	-1.865721e-01	-7.343962e-01
1.500000e-01	-4.450716e-01	1.969647e-01	-4.577075e-01	-1.855984e-01	-7.603004e-01
2.000000e-01	-4.547079e-01	2.074021e-01	-4.693755e-01	-1.854262e-01	-7.844324e-01
2.500000e-01	-4.694864e-01	2.225969e-01	-4.844762e-01	-1.806233e-01	-8.200150e-01
3.000000e-01	-4.829374e-01	2.352881e-01	-4.951298e-01	-1.761009e-01	-8.505722e-01
3.500000e-01	-4.985833e-01	2.488922e-01	-5.060045e-01	-1.725783e-01	-8.839184e-01
4.000000e-01	-5.110993e-01	2.580031e-01	-5.128397e-01	-1.697765e-01	-9.075276e-01
4.500000e-01	-5.212635e-01	2.636510e-01	-5.146865e-01	-1.695330e-01	-9.230392e-01
5.000000e-01	-5.258515e-01	2.630723e-01	-5.181033e-01	-1.525676e-01	-9.237600e-01
5.500000e-01	-5.228484e-01	2.552372e-01	-5.174566e-01	-1.382394e-01	-9.055258e-01
6.000000e-01	-5.121672e-01	2.407559e-01	-5.056555e-01	-1.322930e-01	-8.695392e-01
6.500000e-01	-4.899516e-01	2.175471e-01	-4.800321e-01	-1.328318e-01	-8.084913e-01
7.000000e-01	-4.599097e-01	1.898231e-01	-4.484894e-01	-1.402992e-01	-7.323089e-01
7.500000e-01	-4.178625e-01	1.557833e-01	-4.049089e-01	-1.522683e-01	-6.592038e-01
8.000000e-01	-3.713030e-01	1.222427e-01	-3.574103e-01	-1.338545e-01	-5.808573e-01
8.500000e-01	-3.172803e-01	8.879892e-02	-3.019073e-01	-9.593089e-02	-4.880772e-01
9.000000e-01	-2.654784e-01	6.246706e-02	-2.527915e-01	-6.379937e-02	-3.989714e-01
9.500000e-01	-2.149059e-01	4.377679e-02	-2.111259e-01	-3.686981e-02	-3.118865e-01
1.000000e+00	-1.742785e-01	3.543350e-02	-1.759937e-01	-1.949245e-02	-2.416460e-01
1.050000e+00	-1.436692e-01	3.659190e-02	-1.460411e-01	-1.129837e-02	-2.195837e-01
1.100000e+00	-1.270944e-01	4.751833e-02	-1.318253e-01	-1.197614e-02	-2.162440e-01
1.150000e+00	-1.237528e-01	6.819396e-02	-1.394584e-01	-2.275164e-03	-2.286277e-01
1.200000e+00	-1.307297e-01	9.234657e-02	-1.428698e-01	1.606357e-02	-2.657914e-01
1.250000e+00	-1.449449e-01	1.164499e-01	-1.495500e-01	2.528490e-02	-3.118645e-01
1.300000e+00	-1.579887e-01	1.327932e-01	-1.564747e-01	3.013056e-02	-3.431080e-01
1.350000e+00	-1.653768e-01	1.385164e-01	-1.701912e-01	2.496004e-02	-3.730634e-01
1.400000e+00	-1.585229e-01	1.300786e-01	-1.634210e-01	1.524687e-02	-3.721396e-01
1.450000e+00	-1.347361e-01	1.078376e-01	-1.378441e-01	9.485420e-03	-3.385789e-01
1.500000e+00	-9.168705e-02	7.562171e-02	-9.095407e-02	1.634237e-02	-2.657319e-01
1.550000e+00	-3.160539e-02	3.890363e-02	-3.299651e-02	4.065061e-02	-1.592281e-01
1.600000e+00	3.871428e-02	1.933597e-02	3.988886e-02	8.144485e-02	-3.511016e-02
1.650000e+00	1.123969e-01	3.816842e-02	1.149200e-01	1.827592e-01	3.811055e-02
1.700000e+00	1.774309e-01	5.258511e-02	1.857590e-01	2.579413e-01	9.379100e-02
1.750000e+00	2.273493e-01	5.319663e-02	2.348159e-01	3.060443e-01	1.426216e-01
1.800000e+00	2.533232e-01	4.040681e-02	2.604125e-01	3.256343e-01	1.860224e-01
1.850000e+00	2.554936e-01	1.984453e-02	2.547245e-01	3.063084e-01	2.132516e-01
1.900000e+00	2.339404e-01	1.584886e-02	2.327680e-01	2.713868e-01	1.952741e-01
1.950000e+00	1.965641e-01	3.342404e-02	1.989112e-01	2.638200e-01	1.376389e-01
2.000000e+00	1.498363e-01	4.336732e-02	1.522057e-01	2.307418e-01	8.413699e-02
2.050000e+00	1.040468e-01	4.108403e-02	1.042064e-01	1.810345e-01	4.422942e-02
2.100000e+00	6.358943e-02	2.678703e-02	6.178686e-02	1.200596e-01	2.328908e-02
2.150000e+00	3.241829e-02	8.555210e-03	3.192974e-02	5.843067e-02	1.248083e-02
2.200000e+00	1.148766e-02	1.970960e-02	8.104852e-03	4.992000e-02	-2.542382e-02
2.250000e+00	2.958544e-04	3.889619e-02	-5.171415e-03	5.732898e-02	-5.111956e-02
2.300000e+00	-5.221954e-03	4.736482e-02	-1.109001e-02	5.648808e-02	-6.170959e-02
2.350000e+00	-7.780005e-03	4.383338e-02	-1.414086e-02	4.776666e-02	-6.261917e-02
2.400000e+00	-9.047263e-03	3.166007e-02	-1.520069e-02	3.539177e-02	-5.056190e-02
2.450000e+00	-1.135933e-02	1.721762e-02	-1.652112e-02	1.803127e-02	-3.741350e-02
2.500000e+00	-1.042636e-02	6.455520e-03	-1.108118e-02	4.924746e-03	-2.359601e-02
2.550000e+00	-7.023971e-03	5.159514e-03	-6.229623e-03	3.930759e-03	-2.186913e-02
2.600000e+00	-2.592745e-03	5.374393e-03	-2.672784e-03	8.438927e-03	-1.471633e-02
2.650000e+00	1.789334e-03	4.112916e-03	1.495234e-03	1.057911e-02	-8.223367e-03
2.700000e+00	5.003371e-03	3.148130e-03	5.218703e-03	1.734267e-02	-2.990131e-03
2.750000e+00	6.405290e-03	5.764841e-03	6.315116e-03	2.306277e-02	-5.757887e-03
2.800000e+00	5.747287e-03	8.969113e-03	5.174874e-03	2.565882e-02	-8.737035e-03
2.850000e+00	2.070954e-03	1.080299e-02	1.229575e-03	2.408021e-02	-1.366841e-02
2.900000e+00	-2.828920e-03	1.085915e-02	-3.293750e-03	1.859432e-02	-1.880606e-02
2.950000e+00	-8.200079e-03	9.249570e-03	-8.125475e-03	1.051263e-02	-2.210782e-02
3.000000e+00	-1.325639e-02	6.557936e-03	-1.367083e-02	1.561297e-03	-2.326944e-02
3.050000e+00	-1.746946e-02	3.214747e-03	-1.708060e-02	-7.398499e-03	-2.383971e-02
3.100000e+00	-2.000989e-02	2.276489e-03	-2.029481e-02	-1.387323e-02	-2.731937e-02
3.150000e+00	-2.083649e-02	3.942074e-03	-2.010048e-02	-1.386116e-02	-2.936841e-02
3.200000e+00	-2.022550e-02	4.873354e-03	-1.930623e-02	-1.158727e-02	-3.046530e-02
3.250000e+00	-1.813802e-02	5.165038e-03	-1.779996e-02	-8.511755e-03	-2.876303e-02
3.300000e+00	-1.538609e-02	4.399756e-03	-1.517293e-02	-6.785437e-03	-2.465149e-02
3.350000e+00	-1.251958e-02	3.151066e-03	-1.244815e-02	-5.626039e-03	-1.978952e-02
3.400000e+00	-9.858111e-03	2.353788e-03	-1.006422e-02	-4.182390e-03	-1.746794e-02
3.450000e+00	-6.892735e-03	2.663567e-03	-6.813389e-03	-5.025125e-04	-1.688679e-02
3.500000e+00	-4.092403e-03	3.389913e-03	-4.413608e-03	3.774596e-03	-1.579255e-02
3.550000e+00	-1.293400e-03	4.063788e-03	-1.730487e-03	9.305466e-03	-1.320145e-02
3.600000e+00	1.655832e-03	4.662687e-03	9.947982e-04	1.354538e-02	-8.316151e-03
3.650000e+00	5.255745e-03	5.385575e-03	4.551269e-03	1.703656e-02	-4.369057e-03
3.700000e+00	8.603165e-03	6.745842e-03	8.518322e-03	1.931185e-02	-2.590154e-03
3.750000e+00	1.124990e-02	8.601897e-03	1.160048e-02	2.469012e-02	-1.311357e-03
3.800000e+00	1.270397e-02	1.032530e-02	1.183443e-02	3.127622e-02	-9.563826e-04
3.850000e+00	1.268087e-02	1.151310e-02	1.101447e-02	3.661053e-02	-2.983924e-03
3.900000e+00	1.072644e-02	1.119174e-02	8.665664e-03	3.611117e-02	-4.965404e-03
3.950000e+00	7.127131e-03	8.945482e-03	5.213831e-03	2.937579e-02	-6.152241e-03
4.000000e+00	2.566291e-03	4.948925e-03	1.332479e-03	1.750848e-02	-5.980981e-03
4.050000e+00	-2.316110e-03	2.131164e-03	-2.206121e-03	2.975365e-03	-7.853802e-03
4.100000e+00	-6.465768e-03	7.015011e-03	-5.371486e-03	4.347969e-03	-1.903670e-02
4.150000e+00	-9.070812e-03	1.239379e-02	-8.068284e-03	7.763683e-03	-2.766868e-02
4.200000e+00	-9.759398e-03	1.648031e-02	-7.546226e-03	1.148955e-02	-3.422080e-02
4.250000e+00	-9.027335e-03	1.875146e-02	-5.883064e-03	1.457026e-02	-3.698972e-02
4.300000e+00	-7.028873e-03	1.910084e-02	-3.750473e-03	1.770395e-02	-3.562880e-02
4.350000e+00	-4.495697e-03	1.788390e-02	-1.605823e-03	1.958247e-02	-3.120499e-02
4.400000e+00	-2.138787e-03	1.576757e-02	1.633755e-04	1.966187e-02	-2.556639e-02
4.450000e+00	-6.416543e-04	1.356458e-02	1.326989e-03	1.815715e-02	-2.086576e-02
4.500000e+00	2.614315e-04	1.168607e-02	2.641820e-03	1.608908e-02	-1.724991e-02
4.550000e+00	8.707532e-04	1.025828e-02	3.438767e-03	1.518789e-02	-1.544998e-02
4.600000e+00	1.684739e-03	9.029934e-03	3.947455e-03	1.472605e-02	-1.404270e-02
4.650000e+00	3.133504e-03	7.621999e-03	4.524188e-03	1.516626e-02	-1.148939e-02
4.700000e+00	5.565357e-03	5.573750e-03	5.897055e-03	1.580742e-02	-6.813819e-03
4.750000e+00	8.819131e-03	3.664933e-03	8.804120e-03	1.713297e-02	1.810103e-04
4.800000e+00	1.236974e-02	5.931618e-03	1.187699e-02	2.624638e-02	-2.321885e-04
4.850000e+00	1.561909e-02	1.125254e-02	1.457028e-02	3.661353e-02	-2.252372e-03
4.900000e+00	1.778338e-02	1.728895e-02	1.721404e-02	4.546704e-02	-6.231471e-03
4.950000e+00	1.839114e-02	2.294811e-02	1.843694e-02	5.338614e-02	-1.192765e-02
5.000000e+00	1.735155e-02	2.744554e-02	1.794583e-02	5.735730e-02	-1.828814e-02
5.050000e+00	1.500309e-02	3.020034e-02	1.520958e-02	5.697409e-02	-2.442784e-02
5.100000e+00	1.173344e-02	3.115992e-02	1.092740e-02	5.292751e-02	-2.969412e-02
5.150000e+00	8.027146e-03	3.043306e-02	7.977250e-03	4.671223e-02	-3.329134e-02
5.200000e+00	4.182511e-03	2.828850e-02	4.479225e-03	4.195551e-02	-3.490976e-02
5.250000e+00	1.738915e-04	2.497534e-02	4.048250e-04	3.546706e-02	-3.517613e-02
5.300000e+00	-4.155380e-03	2.082960e-02	-5.022457e-03	2.868305e-02	-3.408521e-02
5.350000e+00	-9.045473e-03	1.601531e-02	-1.015606e-02	2.291125e-02	-3.249513e-02
5.400000e+00	-1.456012e-02	1.079219e-02	-1.467198e-02	1.499385e-02	-3.211491e-02
5.450000e+00	-2.037689e-02	6.465668e-03	-2.085840e-02	4.011618e-03	-3.398544e-02
5.500000e+00	-2.579086e-02	7.841597e-03	-2.594440e-02	-8.024812e-03	-4.554018e-02
5.550000e+00	-2.983961e-02	1.390851e-02	-2.732634e-02	-5.771851e-03	-5.566034e-02
5.600000e+00	-3.155130e-02	2.080666e-02	-3.086176e-02	1.044061e-03	-6.506093e-02
5.650000e+00	-3.014187e-02	2.722803e-02	-3.147309e-02	1.053556e-02	-6.986956e-02
5.700000e+00	-2.561029e-02	3.256743e-02	-2.765356e-02	2.103194e-02	-6.945392e-02
5.750000e+00	-1.849090e-02	3.640211e-02	-2.075145e-02	3.174973e-02	-6.664815e-02
5.800000e+00	-9.846444e-03	3.848504e-02	-1.101821e-02	4.452067e-02	-5.951019e-02
5.850000e+00	-9.430014e-04	3.859400e-02	-8.072400e-04	5.468980e-02	-5.423623e-02
5.900000e+00	6.861775e-03	3.683107e-02	7.626580e-03	5.965072e-02	-4.993093e-02
5.950000e+00	1.271359e-02	3.326560e-02	1.385583e-02	5.939944e-02	-4.503108e-02
6.000000e+00	1.630724e-02	2.803240e-02	1.782538e-02	5.875022e-02	-3.928190e-02
6.050000e+00	1.779104e-02	2.123813e-02	1.965608e-02	5.296604e-02	-3.183550e-02
6.100000e+00	1.779049e-02	1.379668e-02	1.768816e-02	4.309037e-02	-2.232068e-02
6.150000e+00	1.696938e-02	8.233001e-03	1.679690e-02	3.526518e-02	-1.065896e-02
6.200000e+00	1.583106e-02	1.052050e-02	1.681723e-02	4.017708e-02	-9.557800e-03
6.250000e+00	1.459269e-02	1.710200e-02	1.622799e-02	4.792845e-02	-1.935373e-02
6.300000e+00	1.320195e-02	2.323454e-02	1.320385e-02	5.332826e-02	-2.698046e-02
6.350000e+00	1.146943e-02	2.767142e-02	7.660997e-03	5.545664e-02	-3.257893e-02
6.400000e+00	9.245981e-03	3.015410e-02	1.966789e-03	5.681226e-02	-3.621025e-02
6.450000e+00	6.561837e-03	3.093596e-02	-2.341214e-03	5.622807e-02	-3.817071e-02
6.500000e+00	3.666804e-03	3.055952e-02	-4.828872e-03	5.181780e-02	-4.139757e-02
6.550000e+00	9.254057e-04	2.947393e-02	-5.086832e-03	4.779496e-02	-4.438781e-02
6.600000e+00	-1.265348e-03	2.814471e-02	-2.780532e-03	4.464383e-02	-4.609088e-02
6.650000e+00	-2.670495e-03	2.659467e-02	-1.889224e-03	4.383799e-02	-4.615566e-02
6.700000e+00	-3.308196e-03	2.452225e-02	-2.157706e-03	4.263766e-02	-4.408486e-02
6.750000e+00	-3.446962e-03	2.147542e-02	-3.309424e-03	3.992876e-02	-3.932950e-02
6.800000e+00	-3.501102e-03	1.714997e-02	-3.990266e-03	3.455485e-02	-3.233515e-02
6.850000e+00	-3.867030e-03	1.193554e-02	-4.878737e-03	2.599106e-02	-2.827253e-02
6.900000e+00	-4.766322e-03	8.639534e-03	-4.993386e-03	2.221429e-02	-2.410348e-02
6.950000e+00	-6.157026e-03	1.210611e-02	-6.978810e-03	2.976077e-02	-3.378651e-02
7.000000e+00	-7.745627e-03	1.885393e-02	-1.111456e-02	3.432061e-02	-4.603571e-02
7.050000e+00	-9.053951e-03	2.500247e-02	-1.699146e-02	3.563318e-02	-5.399973e-02
7.100000e+00	-9.693726e-03	2.903100e-02	-1.803805e-02	3.783073e-02	-5.726248e-02
7.150000e+00	-9.393311e-03	3.045089e-02	-1.554794e-02	3.779903e-02	-5.560438e-02
7.200000e+00	-8.106250e-03	2.948990e-02	-1.012527e-02	3.780577e-02	-5.293951e-02
7.250000e+00	-6.010741e-03	2.688187e-02	-5.461796e-03	4.081381e-02	-4.867139e-02
7.300000e+00	-3.440471e-03	2.354936e-02	-4.810990e-03	4.127475e-02	-4.242880e-02
7.350000e+00	-7.821262e-04	2.023450e-02	-4.248733e-03	3.920219e-02	-3.742936e-02
7.400000e+00	1.618831e-03	1.723496e-02	-1.672419e-03	3.903468e-02	-3.197308e-02
7.450000e+00	3.514497e-03	1.442505e-02	2.061326e-04	3.939895e-02	-2.663698e-02
7.500000e+00	4.766075e-03	1.157284e-02	2.416568e-03	3.558625e-02	-2.079805e-02
7.550000e+00	5.319528e-03	8.819753e-03	3.972092e-03	3.144048e-02	-1.450493e-02
7.600000e+00	5.213373e-03	7.469340e-03	4.790843e-03	2.735368e-02	-1.364689e-02
7.650000e+00	4.531882e-03	9.296648e-03	5.206666e-03	2.543196e-02	-2.078000e-02
7.700000e+00	3.419999e-03	1.329591e-02	4.111326e-03	2.898001e-02	-2.852597e-02
7.750000e+00	2.093618e-03	1.761046e-02	1.747775e-03	3.088656e-02	-3.552799e-02
7.800000e+00	8.316203e-04	2.113033e-02	-7.137300e-05	3.598612e-02	-3.985584e-02
7.850000e+00	-6.808115e-05	2.322541e-02	-1.611282e-03	3.983975e-02	-4.034986e-02
7.900000e+00	-3.674223e-04	2.364669e-02	-2.444365e-03	4.308247e-02	-4.053813e-02
7.950000e+00	2.222985e-05	2.250566e-02	-3.410272e-03	4.137765e-02	-4.162290e-02
8.000000e+00	9.793850e-04	2.021706e-02	-2.957277e-03	3.539111e-02	-3.948613e-02
8.050000e+00	2.169756e-03	1.733747e-02	1.523850e-03	3.616004e-02	-3.448852e-02
8.100000e+00	3.139785e-03	1.455838e-02	2.408627e-03	3.855914e-02	-2.832733e-02
8.150000e+00	3.490747e-03	1.226632e-02	2.423712e-03	3.836000e-02	-2.248491e-02
8.200000e+00	3.024789e-03	1.048635e-02	1.441495e-03	3.487975e-02	-2.060072e-02
8.250000e+00	1.844041e-03	9.152694e-03	7.231969e-04	2.816944e-02	-1.751758e-02
8.300000e+00	3.438577e-04	8.664610e-03	1.420849e-03	2.711119e-02	-2.163887e-02
8.350000e+00	-9.116104e-04	9.747941e-03	-6.818290e-05	2.670172e-02	-2.581647e-02
8.400000e+00	-1.396420e-03	1.222491e-02	-7.694094e-04	2.678288e-02	-2.763633e-02
8.450000e+00	-8.393965e-04	1.504151e-02	3.064326e-04	3.440022e-02	-3.184261e-02
8.500000e+00	6.348269e-04	1.720929e-02	2.172223e-03	4.105401e-02	-3.486980e-02
8.550000e+00	2.532217e-03	1.810954e-02	4.167505e-03	4.358774e-02	-3.574006e-02
8.600000e+00	4.036362e-03	1.751071e-02	5.855796e-03	4.074203e-02	-3.446077e-02
8.650000e+00	4.396153e-03	1.554925e-02	5.932135e-03	3.350681e-02	-3.063716e-02
8.700000e+00	3.169634e-03	1.267835e-02	4.003788e-03	3.154011e-02	-2.751376e-02
8.750000e+00	4.127165e-04	9.689945e-03	1.195942e-03	2.415470e-02	-2.601662e-02
8.800000e+00	-3.298992e-03	7.801253e-03	-3.469379e-03	1.450779e-02	-2.522273e-02
8.850000e+00	-7.032580e-03	7.945352e-03	-7.181181e-03	1.399932e-02	-2.679075e-02
8.900000e+00	-9.793836e-03	9.255227e-03	-9.646567e-03	1.728954e-02	-3.608883e-02
8.950000e+00	-1.085461e-02	1.033826e-02	-1.020262e-02	1.960842e-02	-3.981234e-02
9.000000e+00	-9.994285e-03	1.057920e-02	-9.450093e-03	2.017727e-02	-3.876899e-02
9.050000e+00	-7.567936e-03	1.001030e-02	-6.893464e-03	1.843944e-02	-3.520936e-02
9.100000e+00	-4.368732e-03	9.065583e-03	-4.738671e-03	1.459231e-02	-2.841699e-02
9.150000e+00	-1.348912e-03	8.262811e-03	-2.266715e-03	1.603271e-02	-2.213933e-02
9.200000e+00	7.303908e-04	7.807564e-03	-8.784493e-06	1.829584e-02	-2.004690e-02
9.250000e+00	1.561197e-03	7.516458e-03	1.409308e-03	1.945610e-02	-2.030968e-02
9.300000e+00	1.377019e-03	7.234124e-03	1.190018e-03	1.979691e-02	-1.968270e-02
9.350000e+00	8.360484e-04	7.157071e-03	7.081195e-04	1.910696e-02	-1.870097e-02
9.400000e+00	7.438152e-04	7.612708e-03	6.449546e-04	2.030385e-02	-2.143393e-02
9.450000e+00	1.719392e-03	8.531943e-03	1.867630e-03	2.082986e-02	-2.288562e-02
9.500000e+00	3.929878e-03	9.431593e-03	4.963705e-03	2.550229e-02	-2.274849e-02
9.550000e+00	7.000191e-03	9.857278e-03	8.323789e-03	2.991633e-02	-2.056301e-02
9.600000e+00	1.008530e-02	9.624342e-03	1.129872e-02	3.418683e-02	-1.643134e-02
9.650000e+00	1.218522e-02	8.946598e-03	1.242336e-02	3.527238e-02	-1.055057e-02
9.700000e+00	1.247396e-02	8.386419e-03	1.277210e-02	3.337534e-02	-1.293642e-02
9.750000e+00	1.058999e-02	8.484080e-03	1.110275e-02	3.155600e-02	-1.770835e-02
9.800000e+00	6.773300e-03	9.158896e-03	7.873697e-03	2.538941e-02	-2.678888e-02
9.850000e+00	1.804024e-03	9.811870e-03	3.464260e-03	2.231691e-02	-3.304038e-02
9.900000e+00	-3.232339e-03	9.955570e-03	-1.643025e-03	1.814022e-02	-3.447986e-02
9.950000e+00	-7.269881e-03	9.501544e-03	-5.792192e-03	1.516580e-02	-3.152515e-02
1.000000e+01	-9.567280e-03	8.713579e-03	-8.528343e-03	1.146857e-02	-3.034121e-02
1.005000e+01	-9.901031e-03	7.986345e-03	-9.254544e-03	1.042333e-02	-2.923980e-02
1.010000e+01	-8.570429e-03	7.522079e-03	-7.670159e-03	1.411329e-02	-2.893576e-02
1.015000e+01	-6.263018e-03	7.228954e-03	-5.956299e-03	1.543835e-02	-2.902380e-02
1.020000e+01	-3.803546e-03	6.934350e-03	-3.855184e-03	1.425754e-02	-2.690717e-02
1.025000e+01	-1.894061e-03	6.616968e-03	-1.470750e-03	1.136696e-02	-2.337325e-02
1.030000e+01	-9.246435e-04	6.423968e-03	-5.683165e-04	1.409287e-02	-1.938244e-02
1.035000e+01	-9.057320e-04	6.573728e-03	-4.292669e-04	1.655567e-02	-1.990054e-02
1.040000e+01	-1.527345e-03	7.203942e-03	-1.367929e-03	1.625600e-02	-2.174406e-02
1.045000e+01	-2.308735e-03	8.180756e-03	-2.171235e-03	1.809031e-02	-2.157386e-02
1.050000e+01	-2.777848e-03	9.073768e-03	-2.437155e-03	2.314224e-02	-2.545719e-02
1.055000e+01	-2.619302e-03	9.371774e-03	-2.425790e-03	2.554412e-02	-2.577580e-02
1.060000e+01	-1.749465e-03	8.781466e-03	-2.275636e-03	2.434726e-02	-2.164911e-02
1.065000e+01	-3.075775e-04	7.534806e-03	-1.283056e-03	1.944470e-02	-1.623604e-02
1.070000e+01	1.419075e-03	6.652281e-03	6.820625e-04	2.005436e-02	-1.306792e-02
1.075000e+01	3.100076e-03	7.270010e-03	2.958738e-03	2.593296e-02	-1.180051e-02
1.080000e+01	4.458324e-03	8.800317e-03	3.663948e-03	2.845868e-02	-1.249430e-02
1.085000e+01	5.330051e-03	9.852717e-03	4.454340e-03	2.752047e-02	-1.389211e-02
1.090000e+01	5.678108e-03	9.690556e-03	5.217995e-03	2.927866e-02	-1.645668e-02
1.095000e+01	5.565367e-03	8.357213e-03	5.191717e-03	2.838506e-02	-1.601643e-02
1.100000e+01	5.106115e-03	6.632766e-03	5.624050e-03	2.424562e-02	-1.312690e-02
1.105000e+01	4.430256e-03	5.871566e-03	4.873068e-03	1.829260e-02	-1.247753e-02
1.110000e+01	3.606801e-03	6.574935e-03	3.413445e-03	1.700020e-02	-1.447840e-02
1.115000e+01	2.661447e-03	7.618640e-03	2.212594e-03	1.802164e-02	-1.805112e-02
1.120000e+01	1.582724e-03	8.137034e-03	5.019630e-04	1.993857e-02	-1.971487e-02
1.125000e+01	3.498361e-04	8.039038e-03	-1.165055e-03	2.215799e-02	-1.830516e-02
1.130000e+01	-1.034701e-03	7.637013e-03	-1.911739e-03	2.164535e-02	-2.044744e-02
1.135000e+01	-2.518078e-03	7.271597e-03	-2.753604e-03	1.851012e-02	-2.540761e-02
1.140000e+01	-3.984506e-03	7.057413e-03	-4.251013e-03	1.722986e-02	-2.747231e-02
1.145000e+01	-5.262443e-03	6.898480e-03	-6.133269e-03	1.424105e-02	-2.586199e-02
1.150000e+01	-6.152901e-03	6.671135e-03	-6.736930e-03	9.514470e-03	-2.170229e-02
1.155000e+01	-6.474470e-03	6.339447e-03	-6.795604e-03	1.088231e-02	-2.154468e-02
1.160000e+01	-6.114724e-03	5.993516e-03	-5.693893e-03	1.198745e-02	-2.283330e-02
1.165000e+01	-5.073194e-03	5.844183e-03	-4.917490e-03	1.225948e-02	-2.200912e-02
1.170000e+01	-3.480429e-03	6.053287e-03	-3.048669e-03	1.291758e-02	-1.967774e-02
1.175000e+01	-1.582249e-03	6.473112e-03	-1.303938e-03	1.875101e-02	-1.864161e-02
1.180000e+01	3.117965e-04	6.719669e-03	8.544754e-04	2.216339e-02	-1.986467e-02
1.185000e+01	1.904379e-03	6.521310e-03	2.009966e-03	2.223689e-02	-1.923624e-02
1.190000e+01	2.988771e-03	5.988675e-03	2.926456e-03	1.984851e-02	-1.727253e-02
1.195000e+01	3.503573e-03	5.665951e-03	3.052812e-03	1.776945e-02	-1.465024e-02
1.200000e+01	3.542872e-03	6.035641e-03	3.692128e-03	1.874277e-02	-1.150025e-02
1.205000e+01	3.333512e-03	6.811583e-03	3.130325e-03	1.815962e-02	-1.108076e-02
1.210000e+01	3.097243e-03	7.265793e-03	2.713032e-03	1.782021e-02	-1.584820e-02
1.215000e+01	3.006456e-03	7.002661e-03	3.284136e-03	1.732482e-02	-1.818820e-02
1.220000e+01	3.101088e-03	6.165526e-03	3.997606e-03	1.566014e-02	-1.726219e-02
1.225000e+01	3.265626e-03	5.437651e-03	3.970708e-03	1.802895e-02	-1.470172e-02
1.230000e+01	3.267252e-03	5.562147e-03	3.673332e-03	1.867007e-02	-1.162496e-02
1.235000e+01	2.845693e-03	6.318546e-03	2.633948e-03	1.724918e-02	-1.233101e-02
1.240000e+01	1.824671e-03	6.891973e-03	1.104898e-03	1.751340e-02	-1.484017e-02
1.245000e+01	2.041206e-04	6.830856e-03	-1.476237e-04	1.533860e-02	-1.503810e-02
1.250000e+01	-1.803664e-03	6.207173e-03	-2.227954e-03	1.180847e-02	-1.837083e-02
1.255000e+01	-3.812371e-03	5.509388e-03	-3.828349e-03	1.027024e-02	-2.155667e-02
1.260000e+01	-5.366355e-03	5.329661e-03	-4.802812e-03	8.651227e-03	-2.219173e-02
1.265000e+01	-6.078522e-03	5.738810e-03	-5.634631e-03	8.122701e-03	-2.034551e-02
1.270000e+01	-5.754503e-03	6.255312e-03	-5.631766e-03	1.028935e-02	-2.000853e-02
1.275000e+01	-4.459371e-03	6.473491e-03	-4.975594e-03	1.221978e-02	-1.902172e-02
1.280000e+01	-2.502605e-03	6.293242e-03	-2.236533e-03	1.301648e-02	-1.840674e-02
1.285000e+01	-3.456927e-04	5.832090e-03	2.982836e-04	1.290358e-02	-1.630599e-02
1.290000e+01	1.535859e-03	5.292135e-03	1.795829e-03	1.348748e-02	-1.353596e-02
1.295000e+01	2.788696e-03	4.850529e-03	2.947838e-03	1.496281e-02	-1.045726e-02
1.300000e+01	3.270370e-03	4.600071e-03	3.088410e-03	1.553887e-02	-7.284948e-03
1.305000e+01	3.080998e-03	4.551434e-03	2.681058e-03	2.002965e-02	-9.539413e-03
1.310000e+01	2.439898e-03	4.635168e-03	2.216069e-03	2.188451e-02	-1.205066e-02
1.315000e+01	1.648329e-03	4.762002e-03	1.367657e-03	2.088369e-02	-1.332304e-02
1.320000e+01	9.621694e-04	4.861566e-03	7.263672e-04	1.734101e-02	-1.339920e-02
1.325000e+01	5.161226e-04	4.918195e-03	5.612424e-04	1.848566e-02	-1.228687e-02
1.330000e+01	3.047645e-04	4.956144e-03	3.991996e-04	1.807976e-02	-1.024439e-02
1.335000e+01	2.205667e-04	4.984187e-03	-7.803524e-05	1.628303e-02	-1.061242e-02
1.340000e+01	1.269672e-04	4.966677e-03	-3.219606e-04	1.291240e-02	-1.275295e-02
1.345000e+01	-6.735257e-05	4.864938e-03	-6.583152e-04	1.139083e-02	-1.372505e-02
1.350000e+01	-3.644795e-04	4.700455e-03	-8.749514e-04	1.333917e-02	-1.314314e-02
1.355000e+01	-6.801290e-04	4.556458e-03	-8.842855e-04	1.426903e-02	-1.155782e-02
1.360000e+01	-8.890119e-04	4.493683e-03	-7.075266e-04	1.391551e-02	-1.270787e-02
1.365000e+01	-8.902849e-04	4.470865e-03	-7.557472e-04	1.232201e-02	-1.275954e-02
1.370000e+01	-6.626980e-04	4.385128e-03	-3.123500e-04	1.005890e-02	-1.209208e-02
1.375000e+01	-2.842020e-04	4.184269e-03	-3.912126e-04	8.688663e-03	-1.282939e-02
1.380000e+01	9.346800e-05	3.926369e-03	-8.863058e-05	9.192808e-03	-1.334822e-02
1.385000e+01	3.051577e-04	3.748123e-03	6.669067e-04	1.023171e-02	-1.181747e-02
1.390000e+01	2.423953e-04	3.772808e-03	5.786733e-04	9.039266e-03	-1.056883e-02
1.395000e+01	-9.640335e-05	4.035503e-03	1.908609e-04	9.812499e-03	-1.278706e-02
1.400000e+01	-5.972654e-04	4.483211e-03	-3.600654e-04	1.185031e-02	-1.411708e-02
1.405000e+01	-1.072289e-03	5.013207e-03	-9.926319e-04	1.328466e-02	-1.450271e-02
1.410000e+01	-1.313870e-03	5.440868e-03	-1.488807e-03	1.404644e-02	-1.504951e-02
1.415000e+01	-1.183365e-03	5.585545e-03	-1.433477e-03	1.406385e-02	-1.624818e-02
1.420000e+01	-6.615085e-04	5.328165e-03	-9.862239e-04	1.308896e-02	-1.508990e-02
1.425000e+01	1.412873e-04	4.682278e-03	1.053264e-04	1.134552e-02	-1.191158e-02
1.430000e+01	1.020814e-03	3.847924e-03	1.115409e-03	1.094555e-02	-7.077642e-03
1.435000e+01	1.746583e-03	3.231631e-03	1.712063e-03	1.002566e-02	-6.089656e-03
1.440000e+01	2.135264e-03	3.226766e-03	2.166847e-03	1.043346e-02	-5.260874e-03
1.445000e+01	2.103619e-03	3.699174e-03	2.104801e-03	1.201554e-02	-7.174336e-03
1.450000e+01	1.684013e-03	4.208901e-03	1.371843e-03	1.306153e-02	-1.009758e-02
1.455000e+01	1.000808e-03	4.499269e-03	6.596133e-04	1.276530e-02	-1.272292e-02
1.460000e+01	2.206094e-04	4.517721e-03	1.583530e-04	1.162540e-02	-1.373262e-02
1.465000e+01	-5.023866e-04	4.330333e-03	-5.460758e-04	1.082865e-02	-1.305442e-02
1.470000e+01	-1.065561e-03	4.062813e-03	-9.946622e-04	9.507356e-03	-1.103897e-02
1.475000e+01	-1.430016e-03	3.845031e-03	-1.515628e-03	7.570694e-03	-1.083758e-02
1.480000e+01	-1.606670e-03	3.738062e-03	-1.885448e-03	6.949051e-03	-9.795982e-03
1.485000e+01	-1.627883e-03	3.692540e-03	-1.734555e-03	6.529574e-03	-1.116393e-02
1.490000e+01	-1.520668e-03	3.607042e-03	-1.582892e-03	7.392741e-03	-1.412286e-02
1.495000e+01	-1.294413e-03	3.435115e-03	-1.121457e-03	8.730707e-03	-1.524361e-02
1.500000e+01	-9.473672e-04	3.239964e-03	-7.590463e-04	8.706459e-03	-1.438056e-02
1.505000e+01	-4.931779e-04	3.156461e-03	-5.341691e-04	8.388596e-03	-1.182839e-02
1.510000e+01	4.190244e-05	3.214987e-03	7.162041e-05	8.975547e-03	-1.099294e-02
1.515000e+01	5.894075e-04	3.314779e-03	5.193605e-04	8.798375e-03	-1.083075e-02
1.520000e+01	1.052160e-03	3.329058e-03	9.489700e-04	9.614627e-03	-9.245027e-03
1.525000e+01	1.333070e-03	3.229332e-03	1.344740e-03	9.844999e-03	-7.066206e-03
1.530000e+01	1.371577e-03	3.103698e-03	1.517439e-03	9.966052e-03	-6.897452e-03
1.535000e+01	1.171767e-03	3.074606e-03	1.372731e-03	9.188635e-03	-7.543210e-03
1.540000e+01	8.085665e-04	3.177084e-03	1.120219e-03	7.869293e-03	-8.495341e-03
1.545000e+01	4.070475e-04	3.335986e-03	4.834850e-04	9.370281e-03	-8.643177e-03
1.550000e+01	1.009218e-04	3.455896e-03	2.469590e-04	1.070799e-02	-8.775977e-03
1.555000e+01	-1.477373e-05	3.481046e-03	1.904987e-04	1.155236e-02	-8.870571e-03
1.560000e+01	8.115846e-05	3.389112e-03	1.203328e-04	1.131320e-02	-8.292489e-03
1.565000e+01	3.267991e-04	3.178609e-03	4.638705e-04	9.883422e-03	-7.466163e-03
1.570000e+01	5.977638e-04	2.889068e-03	6.835656e-04	8.037196e-03	-6.463672e-03
1.575000e+01	7.505759e-04	2.638598e-03	7.472635e-04	8.263814e-03	-5.350066e-03
1.580000e+01	6.731751e-04	2.601008e-03	4.995721e-04	8.821516e-03	-5.400589e-03
1.585000e+01	3.246370e-04	2.844321e-03	2.543186e-04	7.769716e-03	-6.505314e-03
1.590000e+01	-2.494423e-04	3.237107e-03	-6.134143e-04	1.096274e-02	-8.026859e-03
1.595000e+01	-9.303030e-04	3.595998e-03	-1.323882e-03	1.292391e-02	-1.084012e-02
1.600000e+01	-1.562290e-03	3.809621e-03	-1.549337e-03	1.307527e-02	-1.265245e-02
1.605000e+01	-2.002510e-03	3.851244e-03	-1.719639e-03	1.121127e-02	-1.349147e-02
1.610000e+01	-2.145436e-03	3.752541e-03	-1.872703e-03	7.699849e-03	-1.318226e-02
1.615000e+01	-1.966029e-03	3.581018e-03	-2.029981e-03	6.392651e-03	-1.161370e-02
1.620000e+01	-1.510615e-03	3.407407e-03	-1.621405e-03	6.781839e-03	-1.079699e-02
1.625000e+01	-8.758723e-04	3.278741e-03	-8.680023e-04	7.762704e-03	-9.797084e-03
1.630000e+01	-1.779369e-04	3.202886e-03	-1.389634e-04	7.757651e-03	-9.337852e-03
1.635000e+01	4.771706e-04	3.160605e-03	5.837832e-04	7.457410e-03	-8.434025e-03
1.640000e+01	1.013213e-03	3.136029e-03	1.195417e-03	8.117937e-03	-6.827791e-03
1.645000e+01	1.390146e-03	3.129699e-03	1.459150e-03	9.224727e-03	-5.723156e-03
1.650000e+01	1.599267e-03	3.138903e-03	1.236616e-03	9.074032e-03	-6.043512e-03
1.655000e+01	1.652537e-03	3.137240e-03	1.321972e-03	8.364885e-03	-6.149997e-03
1.660000e+01	1.571986e-03	3.092944e-03	1.705200e-03	8.446922e-03	-5.929387e-03
1.665000e+01	1.383105e-03	3.013053e-03	1.570695e-03	7.963646e-03	-5.788494e-03
1.670000e+01	1.112916e-03	2.957384e-03	1.348505e-03	8.738876e-03	-7.129392e-03
1.675000e+01	7.907635e-04	2.981674e-03	1.024907e-03	8.585794e-03	-7.705885e-03
1.680000e+01	4.488575e-04	3.056914e-03	5.081888e-04	9.379741e-03	-7.719747e-03
1.685000e+01	1.203991e-04	3.079431e-03	-3.114083e-05	1.031964e-02	-8.279360e-03
1.690000e+01	-1.649145e-04	2.965158e-03	-2.224210e-04	9.778514e-03	-8.234889e-03
1.695000e+01	-3.863541e-04	2.723992e-03	-4.839062e-04	7.937104e-03	-7.387024e-03
1.700000e+01	-5.361165e-04	2.469362e-03	-7.238914e-04	5.707516e-03	-7.078666e-03
1.705000e+01	-6.184090e-04	2.348703e-03	-7.250843e-04	4.521545e-03	-6.276310e-03
1.710000e+01	-6.578257e-04	2.403833e-03	-6.133050e-04	5.398089e-03	-6.295639e-03
1.715000e+01	-6.763024e-04	2.538607e-03	-8.604344e-04	6.591570e-03	-6.852461e-03
1.720000e+01	-6.927132e-04	2.647125e-03	-8.419183e-04	7.126998e-03	-7.120697e-03
1.725000e+01	-7.184880e-04	2.696869e-03	-7.416459e-04	6.839677e-03	-7.117938e-03
1.730000e+01	-7.560714e-04	2.704027e-03	-5.507333e-04	5.977810e-03	-7.114928e-03
1.735000e+01	-7.996507e-04	2.678559e-03	-7.286783e-04	6.007869e-03	-7.782251e-03
1.740000e+01	-8.367759e-04	2.604467e-03	-8.549345e-04	5.781811e-03	-9.053597e-03
1.745000e+01	-8.497266e-04	2.469520e-03	-8.045014e-04	5.997344e-03	-9.150156e-03
1.750000e+01	-8.165620e-04	2.306053e-03	-7.138188e-04	5.360500e-03	-7.651293e-03
1.755000e+01	-7.129765e-04	2.195858e-03	-7.136497e-04	5.166230e-03	-6.469578e-03
1.760000e+01	-5.165024e-04	2.210645e-03	-4.867081e-04	6.380399e-03	-6.214629e-03
1.765000e+01	-2.137680e-04	2.331880e-03	-3.542635e-04	7.113942e-03	-5.764361e-03
1.770000e+01	1.903658e-04	2.464853e-03	7.832173e-05	7.604033e-03	-5.761724e-03
1.775000e+01	6.649991e-04	2.524151e-03	8.179732e-04	7.260766e-03	-6.395711e-03
1.780000e+01	1.150944e-03	2.485289e-03	1.363333e-03	7.097904e-03	-7.468002e-03
1.785000e+01	1.567388e-03	2.387937e-03	1.659689e-03	5.992528e-03	-7.437136e-03
1.790000e+01	1.828036e-03	2.305463e-03	1.759918e-03	7.433955e-03	-6.303701e-03
1.795000e+01	1.863450e-03	2.289250e-03	1.681021e-03	8.129900e-03	-4.301610e-03
1.800000e+01	1.643053e-03	2.328069e-03	1.446875e-03	7.915655e-03	-5.132918e-03
1.805000e+01	1.187034e-03	2.373458e-03	9.167072e-04	6.984587e-03	-5.866315e-03
1.810000e+01	5.718105e-04	2.382145e-03	4.871818e-04	6.503430e-03	-5.873543e-03
1.815000e+01	-8.942259e-05	2.352054e-03	-2.519863e-04	6.505263e-03	-5.604308e-03
1.820000e+01	-6.749111e-04	2.309879e-03	-7.382556e-04	5.620534e-03	-6.446601e-03
1.825000e+01	-1.085211e-03	2.281996e-03	-1.168551e-03	4.742915e-03	-6.512189e-03
1.830000e+01	-1.267491e-03	2.270592e-03	-1.420680e-03	5.401823e-03	-6.070923e-03
1.835000e+01	-1.225600e-03	2.254209e-03	-1.539760e-03	5.450044e-03	-6.303675e-03
1.840000e+01	-1.013075e-03	2.207862e-03	-1.276875e-03	4.903567e-03	-6.947851e-03
1.845000e+01	-7.121877e-04	2.122745e-03	-8.631069e-04	5.163425e-03	-7.445239e-03
1.850000e+01	-4.068571e-04	2.014324e-03	-4.271520e-04	4.768307e-03	-7.030043e-03
1.855000e+01	-1.590341e-04	1.916640e-03	-1.707495e-04	4.015444e-03	-5.869425e-03
1.860000e+01	3.740087e-06	1.862596e-03	1.096158e-04	4.914874e-03	-5.452413e-03
1.865000e+01	8.663584e-05	1.860688e-03	1.930431e-04	5.733466e-03	-5.859488e-03
1.870000e+01	1.143731e-04	1.892723e-03	7.342257e-05	5.857580e-03	-5.839398e-03
1.875000e+01	1.135504e-04	1.937290e-03	1.522884e-04	5.256895e-03	-5.123091e-03
1.880000e+01	9.863173e-05	1.990131e-03	1.590712e-04	5.117172e-03	-4.319620e-03
1.885000e+01	6.751110e-05	2.059003e-03	7.346296e-05	5.433908e-03	-5.665809e-03
1.890000e+01	7.910716e-06	2.140611e-03	-1.892649e-05	5.375329e-03	-6.534968e-03
1.895000e+01	-8.918848e-05	2.206580e-03	8.597756e-05	5.594793e-03	-6.786810e-03
1.900000e+01	-2.161549e-04	2.214472e-03	5.866699e-05	5.388702e-03	-6.285643e-03
1.905000e+01	-3.403410e-04	2.137682e-03	-1.894158e-04	4.700441e-03	-6.246998e-03
1.910000e+01	-4.158415e-04	1.972068e-03	-3.568402e-04	3.743302e-03	-6.669828e-03
1.915000e+01	-3.929400e-04	1.765584e-03	-4.820866e-04	3.214382e-03	-5.750267e-03
1.920000e+01	-2.395664e-04	1.612004e-03	-5.146249e-04	4.070116e-03	-4.345481e-03
1.925000e+01	4.189909e-05	1.601731e-03	-1.900627e-04	4.605816e-03	-3.669716e-03
1.930000e+01	4.082518e-04	1.730236e-03	3.652498e-04	4.804902e-03	-4.679757e-03
1.935000e+01	7.830376e-04	1.901296e-03	8.543936e-04	5.408970e-03	-5.571669e-03
1.940000e+01	1.076376e-03	2.021379e-03	1.023349e-03	5.741778e-03	-5.811872e-03
1.945000e+01	1.210685e-03	2.048822e-03	1.058113e-03	5.687812e-03	-5.291897e-03
1.950000e+01	1.143696e-03	1.996671e-03	1.101360e-03	5.458577e-03	-5.558494e-03
1.955000e+01	8.811032e-04	1.920512e-03	8.496194e-04	5.371637e-03	-5.408598e-03
1.960000e+01	4.748963e-04	1.890200e-03	4.695902e-04	4.386953e-03	-5.133184e-03
1.965000e+01	8.401350e-06	1.940313e-03	-6.164823e-05	4.263920e-03	-5.605974e-03
1.970000e+01	-4.265896e-04	2.036685e-03	-3.511366e-04	4.534467e-03	-6.539212e-03
1.975000e+01	-7.530778e-04	2.103314e-03	-6.910349e-04	5.452512e-03	-6.340709e-03
1.980000e+01	-9.256013e-04	2.077875e-03	-7.929129e-04	5.853554e-03	-5.491265e-03
1.985000e+01	-9.364713e-04	1.952383e-03	-1.034903e-03	5.873620e-03	-5.205159e-03
1.990000e+01	-8.113935e-04	1.791910e-03	-9.514116e-04	5.616223e-03	-4.739599e-03
1.995000e+01	-5.976817e-04	1.711399e-03	-8.693192e-04	5.024450e-03	-5.064117e-03
2.000000e+01	-3.499060e-04	1.772042e-03	-6.385745e-04	5.041891e-03	-4.900294e-03
