# k	<chi>	std	chi_median	chi_max	chi_min
0.000000e+00	8.293013e-02	9.474800e-02	1.476778e-02	4.010074e-01	-2.603872e-02
5.000000e-02	1.638057e-01	6.648954e-02	1.487660e-01	4.011357e-01	-2.886411e-02
1.000000e-01	1.615389e-01	6.738834e-02	1.459577e-01	4.011964e-01	-3.166638e-02
1.500000e-01	1.544524e-01	6.987644e-02	1.371075e-01	4.009632e-01	-3.990271e-02
2.000000e-01	1.469252e-01	7.206346e-02	1.286123e-01	4.001197e-01	-4.791778e-02
2.500000e-01	1.335030e-01	7.495968e-02	1.141751e-01	3.973410e-01	-6.069251e-02
3.000000e-01	1.190087e-01	7.694738e-02	9.895839e-02	3.964614e-01	-7.279238e-02
3.500000e-01	9.725899e-02	7.816792e-02	7.739104e-02	3.995106e-01	-8.842025e-02
4.000000e-01	7.396030e-02	7.773575e-02	5.443401e-02	3.990497e-01	-1.026100e-01
4.500000e-01	4.260649e-02	7.506680e-02	2.516099e-02	3.954081e-01	-1.405229e-01
5.000000e-01	1.013696e-02	7.060369e-02	-4.615098e-03	3.861031e-01	-1.910582e-01
5.500000e-01	-2.931042e-02	6.389346e-02	-4.085329e-02	3.672136e-01	-2.435402e-01
6.000000e-01	-6.754545e-02	5.718831e-02	-7.477357e-02	3.404325e-01	-2.847935e-01
6.500000e-01	-1.084702e-01	5.127867e-02	-1.085829e-01	3.000291e-01	-3.160192e-01
7.000000e-01	-1.434186e-01	4.832943e-02	-1.367753e-01	2.533607e-01	-3.279815e-01
7.500000e-01	-1.734044e-01	4.692966e-02	-1.640775e-01	1.955099e-01	-3.296474e-01
8.000000e-01	-1.913010e-01	4.446151e-02	-1.837663e-01	1.334363e-01	-3.136761e-01
8.500000e-01	-1.957759e-01	3.758905e-02	-1.958251e-01	6.636263e-02	-2.878816e-01
9.000000e-01	-1.841802e-01	3.060937e-02	-1.863239e-01	2.855151e-02	-2.668584e-01
9.500000e-01	-1.550030e-01	4.125295e-02	-1.586335e-01	3.522396e-02	-2.629952e-01
1.000000e+00	-1.123685e-01	7.297646e-02	-1.321704e-01	1.319676e-01	-2.559811e-01
1.050000e+00	-5.700410e-02	1.158229e-01	-1.163422e-01	2.240711e-01	-2.539517e-01
1.100000e+00	1.274081e-03	1.569774e-01	-9.659166e-02	3.001254e-01	-2.671804e-01
1.150000e+00	5.963801e-02	1.912285e-01	-7.101421e-02	3.596382e-01	-2.641683e-01
1.200000e+00	1.079264e-01	2.083540e-01	-4.036587e-02	4.097500e-01	-2.373966e-01
1.250000e+00	1.446885e-01	2.043500e-01	-9.611460e-04	4.446413e-01	-1.828631e-01
1.300000e+00	1.656105e-01	1.776150e-01	4.411914e-02	4.410326e-01	-1.085635e-01
1.350000e+00	1.738259e-01	1.300796e-01	9.363459e-02	3.967417e-01	-1.932210e-02
1.400000e+00	1.717399e-01	7.218589e-02	1.400950e-01	3.194670e-01	4.768956e-02
1.450000e+00	1.652923e-01	2.326304e-02	1.633652e-01	2.450102e-01	9.695482e-02
1.500000e+00	1.574492e-01	5.533356e-02	1.838163e-01	2.679856e-01	4.659197e-02
1.550000e+00	1.513768e-01	9.383191e-02	2.139695e-01	2.857070e-01	9.632051e-03
1.600000e+00	1.447967e-01	1.128677e-01	2.242608e-01	2.843386e-01	-2.969206e-02
1.650000e+00	1.363155e-01	1.135250e-01	2.157959e-01	2.683568e-01	-4.172822e-02
1.700000e+00	1.210517e-01	9.844222e-02	1.873875e-01	2.385213e-01	-4.605635e-02
1.750000e+00	9.801153e-02	7.334726e-02	1.429997e-01	1.987495e-01	-4.364961e-02
1.800000e+00	6.715355e-02	4.514728e-02	8.827008e-02	1.454145e-01	-3.038680e-02
1.850000e+00	3.159622e-02	1.873457e-02	3.062205e-02	8.427037e-02	-1.584842e-02
1.900000e+00	-2.610224e-03	1.646004e-02	9.885112e-05	4.657298e-02	-6.380024e-02
1.950000e+00	-3.211648e-02	3.036091e-02	-4.460365e-02	3.530285e-02	-1.016662e-01
2.000000e+00	-5.068368e-02	3.472786e-02	-6.898207e-02	1.519168e-02	-1.150604e-01
2.050000e+00	-6.028298e-02	2.687219e-02	-7.290732e-02	-1.048732e-02	-1.079844e-01
2.100000e+00	-5.649851e-02	8.983401e-03	-5.566067e-02	-2.616065e-02	-8.650919e-02
2.150000e+00	-4.306050e-02	2.003481e-02	-3.525585e-02	6.394066e-03	-8.095874e-02
2.200000e+00	-2.532045e-02	3.797917e-02	-8.499644e-04	3.146880e-02	-9.041752e-02
2.250000e+00	-8.409930e-03	4.274351e-02	2.102838e-02	4.622684e-02	-9.079994e-02
2.300000e+00	-2.437936e-03	3.070114e-02	1.784084e-02	3.919522e-02	-7.464348e-02
2.350000e+00	-5.850369e-03	1.033817e-02	-3.292387e-03	1.907306e-02	-7.322288e-02
2.400000e+00	-1.287621e-02	1.123681e-02	-1.500206e-02	1.024112e-02	-6.232690e-02
2.450000e+00	-1.585664e-02	2.033009e-02	-2.536705e-02	1.661523e-02	-6.078429e-02
2.500000e+00	-1.543661e-02	2.173270e-02	-2.736117e-02	1.780395e-02	-5.402432e-02
2.550000e+00	-1.153262e-02	1.566541e-02	-1.991891e-02	2.126081e-02	-3.540402e-02
2.600000e+00	-5.411842e-03	5.567078e-03	-5.624950e-03	1.843818e-02	-1.978249e-02
2.650000e+00	-6.104522e-05	7.460104e-03	1.713602e-03	2.004363e-02	-1.492381e-02
2.700000e+00	5.810040e-03	1.637154e-02	1.561346e-02	3.167908e-02	-2.087212e-02
2.750000e+00	1.114593e-02	2.183903e-02	2.629280e-02	3.890666e-02	-2.344307e-02
2.800000e+00	1.497093e-02	2.243519e-02	3.122374e-02	4.110933e-02	-2.019279e-02
2.850000e+00	1.694138e-02	1.827726e-02	2.959947e-02	3.802049e-02	-1.534601e-02
2.900000e+00	1.617974e-02	1.101230e-02	2.219372e-02	3.163323e-02	-8.708419e-03
2.950000e+00	1.273660e-02	3.561339e-03	1.248294e-02	2.219330e-02	-2.324401e-03
3.000000e+00	7.184451e-03	5.770766e-03	6.084395e-03	2.337237e-02	-9.251298e-03
3.050000e+00	1.771061e-05	1.052869e-02	-5.478366e-03	2.308534e-02	-1.842379e-02
3.100000e+00	-7.079114e-03	1.236238e-02	-1.451232e-02	2.102228e-02	-2.585485e-02
3.150000e+00	-1.283917e-02	1.151690e-02	-1.974458e-02	1.716043e-02	-3.096737e-02
3.200000e+00	-1.630177e-02	9.080954e-03	-2.107189e-02	1.192466e-02	-3.171278e-02
3.250000e+00	-1.703959e-02	6.342180e-03	-1.941976e-02	9.353125e-03	-2.854310e-02
3.300000e+00	-1.443390e-02	4.135973e-03	-1.511421e-02	9.276639e-03	-2.360937e-02
3.350000e+00	-8.966896e-03	2.906258e-03	-9.366619e-03	9.217377e-03	-1.634847e-02
3.400000e+00	-1.643630e-03	2.654820e-03	-1.584955e-03	9.152805e-03	-1.256119e-02
3.450000e+00	6.611248e-03	3.439673e-03	6.938344e-03	1.532727e-02	-8.525827e-03
3.500000e+00	1.384292e-02	4.702934e-03	1.354741e-02	2.550792e-02	-4.135581e-03
3.550000e+00	1.854157e-02	5.616265e-03	1.746856e-02	3.166214e-02	5.938069e-04
3.600000e+00	1.968606e-02	5.552418e-03	1.830974e-02	3.222345e-02	2.616575e-03
3.650000e+00	1.680011e-02	4.390347e-03	1.585356e-02	2.890236e-02	-8.095956e-04
3.700000e+00	1.040297e-02	2.374230e-03	1.043602e-02	2.143962e-02	-6.747359e-03
3.750000e+00	1.830811e-03	3.641164e-03	2.506970e-03	1.189967e-02	-1.307066e-02
3.800000e+00	-7.143691e-03	7.291288e-03	-3.564409e-03	5.878130e-03	-2.061966e-02
3.850000e+00	-1.528301e-02	1.049676e-02	-9.473950e-03	7.760672e-04	-3.328633e-02
3.900000e+00	-2.067353e-02	1.224031e-02	-1.357864e-02	-3.416583e-03	-4.081838e-02
3.950000e+00	-2.263008e-02	1.200407e-02	-1.547367e-02	-5.851389e-03	-4.597959e-02
4.000000e+00	-2.118875e-02	9.881331e-03	-1.523595e-02	-7.049836e-03	-4.398073e-02
4.050000e+00	-1.704387e-02	6.839681e-03	-1.345828e-02	-6.532987e-03	-3.732174e-02
4.100000e+00	-1.094291e-02	3.525325e-03	-1.045407e-02	-3.109203e-03	-2.588170e-02
4.150000e+00	-4.054035e-03	2.572350e-03	-4.027472e-03	5.043144e-03	-1.306828e-02
4.200000e+00	2.436774e-03	5.462376e-03	9.594227e-04	1.615355e-02	-1.165140e-02
4.250000e+00	7.428864e-03	8.765958e-03	3.253308e-03	2.706767e-02	-1.083967e-02
4.300000e+00	1.029251e-02	1.221891e-02	3.374585e-03	3.477552e-02	-1.158687e-02
4.350000e+00	1.073234e-02	1.552229e-02	1.379705e-03	4.029095e-02	-1.434768e-02
4.400000e+00	9.122920e-03	1.817551e-02	-2.050772e-03	4.154175e-02	-1.857342e-02
4.450000e+00	6.629429e-03	1.966283e-02	-5.356188e-03	3.881416e-02	-2.276637e-02
4.500000e+00	4.370764e-03	1.978035e-02	-7.444151e-03	3.563438e-02	-2.539871e-02
4.550000e+00	3.363923e-03	1.866754e-02	-7.538682e-03	3.217427e-02	-2.532054e-02
4.600000e+00	3.830540e-03	1.676784e-02	-5.877502e-03	2.879974e-02	-2.293223e-02
4.650000e+00	5.091716e-03	1.448268e-02	-3.222179e-03	2.867661e-02	-1.847963e-02
4.700000e+00	5.779642e-03	1.180768e-02	-6.537598e-04	2.736416e-02	-1.368167e-02
4.750000e+00	4.719871e-03	8.404788e-03	1.112792e-03	2.260514e-02	-1.139427e-02
4.800000e+00	1.712646e-03	4.424354e-03	1.463206e-03	1.667277e-02	-1.030517e-02
4.850000e+00	-2.062935e-03	5.199149e-03	-1.578391e-03	1.167833e-02	-1.994264e-02
4.900000e+00	-4.724726e-03	1.131649e-02	-6.108193e-04	1.583375e-02	-3.245799e-02
4.950000e+00	-4.417446e-03	1.732556e-02	4.217231e-03	2.154289e-02	-4.098609e-02
5.000000e+00	-4.337076e-04	2.156828e-02	1.157330e-02	3.108314e-02	-4.170119e-02
5.050000e+00	6.305364e-03	2.359632e-02	1.974496e-02	4.455169e-02	-3.713636e-02
5.100000e+00	1.359212e-02	2.384068e-02	2.658884e-02	5.621001e-02	-2.925965e-02
5.150000e+00	1.902985e-02	2.322885e-02	3.075213e-02	6.381685e-02	-2.866464e-02
5.200000e+00	2.101574e-02	2.240029e-02	3.148041e-02	6.618970e-02	-2.845270e-02
5.250000e+00	1.912623e-02	2.133032e-02	2.848335e-02	6.299170e-02	-2.911089e-02
5.300000e+00	1.395688e-02	1.976171e-02	2.204865e-02	5.501241e-02	-2.881526e-02
5.350000e+00	6.326347e-03	1.728933e-02	1.269306e-02	4.328784e-02	-2.800657e-02
5.400000e+00	-3.151705e-03	1.387439e-02	8.633659e-04	3.171962e-02	-2.926108e-02
5.450000e+00	-1.386205e-02	1.010888e-02	-1.244287e-02	1.880747e-02	-4.079890e-02
5.500000e+00	-2.469736e-02	7.378303e-03	-2.424742e-02	6.328454e-03	-4.832253e-02
5.550000e+00	-3.364060e-02	6.456420e-03	-3.316406e-02	-4.470265e-03	-5.546087e-02
5.600000e+00	-3.811875e-02	6.556492e-03	-3.775517e-02	-7.513694e-03	-6.124614e-02
5.650000e+00	-3.606898e-02	6.538773e-03	-3.583138e-02	-6.513217e-03	-5.910718e-02
5.700000e+00	-2.749890e-02	6.275342e-03	-2.768575e-02	-1.524889e-03	-4.860811e-02
5.750000e+00	-1.476244e-02	7.457285e-03	-1.438688e-02	1.144208e-02	-4.653915e-02
5.800000e+00	-1.838361e-03	1.152012e-02	-1.864351e-03	2.652509e-02	-4.581786e-02
5.850000e+00	7.435821e-03	1.707279e-02	3.195464e-03	4.849454e-02	-4.156184e-02
5.900000e+00	1.105638e-02	2.259941e-02	1.173292e-03	5.997129e-02	-3.848719e-02
5.950000e+00	9.681956e-03	2.754772e-02	-5.404988e-03	6.056188e-02	-3.740842e-02
6.000000e+00	5.786404e-03	3.196406e-02	-1.395506e-02	5.806228e-02	-4.073214e-02
6.050000e+00	2.023246e-03	3.579595e-02	-2.172276e-02	6.315850e-02	-4.385039e-02
6.100000e+00	-1.713081e-04	3.872382e-02	-2.677623e-02	6.386285e-02	-4.667788e-02
6.150000e+00	-9.650626e-04	3.977321e-02	-2.838393e-02	5.971974e-02	-5.266975e-02
6.200000e+00	-1.299475e-03	3.765621e-02	-2.706922e-02	5.993554e-02	-5.207647e-02
6.250000e+00	-1.715126e-03	3.161552e-02	-2.290134e-02	5.328059e-02	-4.508058e-02
6.300000e+00	-1.772593e-03	2.221245e-02	-1.551009e-02	4.276279e-02	-3.924518e-02
6.350000e+00	-4.506722e-04	1.154130e-02	-4.496354e-03	3.510168e-02	-2.767748e-02
6.400000e+00	2.904594e-03	6.327717e-03	2.953568e-03	2.968689e-02	-2.240457e-02
6.450000e+00	7.921546e-03	1.366716e-02	1.164945e-02	4.540686e-02	-3.086202e-02
6.500000e+00	1.338861e-02	2.240067e-02	2.386447e-02	5.865816e-02	-3.466994e-02
6.550000e+00	1.804551e-02	3.088929e-02	3.497005e-02	6.607667e-02	-3.767498e-02
6.600000e+00	2.143566e-02	3.926695e-02	4.449259e-02	7.841559e-02	-4.492206e-02
6.650000e+00	2.392906e-02	4.722978e-02	5.279175e-02	9.408069e-02	-5.472999e-02
6.700000e+00	2.586671e-02	5.350606e-02	5.908088e-02	1.072630e-01	-6.319815e-02
6.750000e+00	2.667883e-02	5.636508e-02	6.202233e-02	1.126120e-01	-6.856645e-02
6.800000e+00	2.482523e-02	5.464126e-02	5.884193e-02	1.061350e-01	-7.166725e-02
6.850000e+00	1.880763e-02	4.835832e-02	4.857971e-02	9.000715e-02	-6.374738e-02
6.900000e+00	8.580567e-03	3.857502e-02	3.111499e-02	7.102757e-02	-5.712196e-02
6.950000e+00	-3.775248e-03	2.682606e-02	8.989749e-03	4.492679e-02	-5.724003e-02
7.000000e+00	-1.482639e-02	1.494095e-02	-1.247180e-02	2.777625e-02	-5.591493e-02
7.050000e+00	-2.165985e-02	9.132562e-03	-2.177990e-02	1.651910e-02	-5.305128e-02
7.100000e+00	-2.354848e-02	1.845508e-02	-2.780254e-02	2.192530e-02	-6.724162e-02
7.150000e+00	-2.245337e-02	3.114946e-02	-3.791091e-02	4.112446e-02	-7.450202e-02
7.200000e+00	-2.143490e-02	4.208392e-02	-4.661651e-02	6.167107e-02	-7.855200e-02
7.250000e+00	-2.240318e-02	4.834757e-02	-5.370912e-02	6.906784e-02	-8.325140e-02
7.300000e+00	-2.474443e-02	4.822267e-02	-5.669794e-02	6.341504e-02	-8.475841e-02
7.350000e+00	-2.586883e-02	4.213555e-02	-5.323602e-02	4.742418e-02	-8.173644e-02
7.400000e+00	-2.332663e-02	3.273317e-02	-4.329039e-02	3.693217e-02	-7.139538e-02
7.450000e+00	-1.694553e-02	2.378980e-02	-2.939303e-02	3.671226e-02	-5.497189e-02
7.500000e+00	-9.354925e-03	1.837012e-02	-1.729915e-02	3.845209e-02	-4.309885e-02
7.550000e+00	-4.393962e-03	1.777364e-02	-1.217320e-02	3.930385e-02	-3.897617e-02
7.600000e+00	-4.432633e-03	2.190524e-02	-1.570936e-02	4.278689e-02	-4.146947e-02
7.650000e+00	-8.407583e-03	2.790590e-02	-2.381171e-02	4.643272e-02	-5.059009e-02
7.700000e+00	-1.224009e-02	3.103694e-02	-2.843816e-02	4.673191e-02	-6.087479e-02
7.750000e+00	-1.129730e-02	2.761263e-02	-2.336737e-02	4.299986e-02	-6.216395e-02
7.800000e+00	-3.285078e-03	1.733830e-02	-6.018937e-03	4.083284e-02	-4.678060e-02
7.850000e+00	1.036398e-02	9.189385e-03	1.038512e-02	4.104554e-02	-2.307579e-02
7.900000e+00	2.547674e-02	2.038353e-02	3.140312e-02	7.060520e-02	-1.681108e-02
7.950000e+00	3.771694e-02	3.194788e-02	5.393041e-02	9.090571e-02	-2.108687e-02
8.000000e+00	4.491943e-02	3.784949e-02	6.621777e-02	1.040669e-01	-2.685578e-02
8.050000e+00	4.755487e-02	3.918777e-02	7.004127e-02	1.086816e-01	-3.483377e-02
8.100000e+00	4.750189e-02	3.960655e-02	7.009116e-02	1.088647e-01	-4.022488e-02
8.150000e+00	4.566442e-02	4.191736e-02	6.980291e-02	1.037318e-01	-5.249601e-02
8.200000e+00	4.094037e-02	4.629882e-02	6.820967e-02	1.064820e-01	-6.427416e-02
8.250000e+00	3.110038e-02	5.093554e-02	6.066953e-02	1.045565e-01	-6.406707e-02
8.300000e+00	1.498693e-02	5.288407e-02	4.422772e-02	9.208794e-02	-7.490462e-02
8.350000e+00	-5.642915e-03	4.919258e-02	1.869056e-02	7.278288e-02	-1.048162e-01
8.400000e+00	-2.611335e-02	3.873104e-02	-1.121529e-02	4.159509e-02	-1.218579e-01
8.450000e+00	-4.087372e-02	2.418717e-02	-3.552992e-02	2.673863e-02	-1.126931e-01
8.500000e+00	-4.636125e-02	1.724720e-02	-5.037776e-02	2.715793e-02	-8.323963e-02
8.550000e+00	-4.277679e-02	2.734009e-02	-5.576243e-02	2.328998e-02	-8.663329e-02
8.600000e+00	-3.405044e-02	3.845764e-02	-5.753498e-02	5.330639e-02	-8.489639e-02
8.650000e+00	-2.529070e-02	4.453473e-02	-5.410613e-02	7.076410e-02	-8.312080e-02
8.700000e+00	-2.001236e-02	4.607926e-02	-5.090419e-02	7.147283e-02	-7.782488e-02
8.750000e+00	-1.858832e-02	4.527553e-02	-4.938621e-02	6.158121e-02	-7.215231e-02
8.800000e+00	-1.874785e-02	4.351581e-02	-4.820461e-02	5.368436e-02	-7.184891e-02
8.850000e+00	-1.756866e-02	4.073941e-02	-4.442890e-02	5.284264e-02	-7.311102e-02
8.900000e+00	-1.354017e-02	3.657676e-02	-3.644384e-02	5.712716e-02	-6.578534e-02
8.950000e+00	-7.397818e-03	3.121618e-02	-2.543583e-02	5.590777e-02	-5.625986e-02
9.000000e+00	-1.364575e-03	2.509682e-02	-1.394891e-02	5.606078e-02	-4.957920e-02
9.050000e+00	2.577170e-03	1.844419e-02	-4.262573e-03	4.694835e-02	-4.075411e-02
9.100000e+00	3.843052e-03	1.182094e-02	2.626564e-03	3.589012e-02	-2.803360e-02
9.150000e+00	3.718708e-03	8.396547e-03	3.639502e-03	3.595407e-02	-2.170868e-02
9.200000e+00	4.373983e-03	1.266698e-02	5.929613e-03	4.649731e-02	-3.632415e-02
9.250000e+00	7.507245e-03	1.984048e-02	1.191451e-02	5.224375e-02	-5.177954e-02
9.300000e+00	1.343425e-02	2.648995e-02	2.228327e-02	6.524754e-02	-5.488754e-02
9.350000e+00	2.107171e-02	3.149042e-02	3.616879e-02	7.337747e-02	-4.845989e-02
9.400000e+00	2.862864e-02	3.459778e-02	4.826967e-02	8.099817e-02	-3.816502e-02
9.450000e+00	3.443190e-02	3.604855e-02	5.632460e-02	8.328495e-02	-3.275287e-02
9.500000e+00	3.738789e-02	3.604126e-02	5.942142e-02	8.689966e-02	-2.959606e-02
9.550000e+00	3.698291e-02	3.441971e-02	5.648491e-02	8.722981e-02	-3.924898e-02
9.600000e+00	3.299000e-02	3.081226e-02	4.806428e-02	8.253766e-02	-4.355282e-02
9.650000e+00	2.548438e-02	2.527818e-02	3.471978e-02	7.182442e-02	-4.171615e-02
9.700000e+00	1.494736e-02	1.880259e-02	1.782272e-02	5.886992e-02	-3.638918e-02
9.750000e+00	2.453910e-03	1.326403e-02	3.253725e-03	4.208785e-02	-3.880826e-02
9.800000e+00	-1.037104e-02	1.003986e-02	-9.926209e-03	2.766969e-02	-4.515090e-02
9.850000e+00	-2.173041e-02	8.717258e-03	-2.189389e-02	1.452952e-02	-5.138498e-02
9.900000e+00	-3.018989e-02	9.471657e-03	-3.030986e-02	3.621972e-03	-6.005048e-02
9.950000e+00	-3.505128e-02	1.214569e-02	-3.636056e-02	9.788133e-03	-6.899917e-02
1.000000e+01	-3.636134e-02	1.512493e-02	-4.048414e-02	1.955823e-02	-7.200977e-02
1.005000e+01	-3.465648e-02	1.933366e-02	-4.294141e-02	2.747196e-02	-6.493322e-02
1.010000e+01	-3.053761e-02	2.623699e-02	-4.691831e-02	2.818853e-02	-6.943979e-02
1.015000e+01	-2.471387e-02	3.333734e-02	-4.691157e-02	4.290133e-02	-6.732032e-02
1.020000e+01	-1.804953e-02	3.663693e-02	-4.148602e-02	5.820984e-02	-6.737097e-02
1.025000e+01	-1.160242e-02	3.446075e-02	-3.237727e-02	5.965290e-02	-5.710150e-02
1.030000e+01	-6.365214e-03	2.851057e-02	-2.205965e-02	5.053097e-02	-5.081754e-02
1.035000e+01	-2.760023e-03	2.235327e-02	-1.303266e-02	3.972270e-02	-4.842091e-02
1.040000e+01	-2.545777e-04	1.827765e-02	-6.083110e-03	3.888034e-02	-4.383801e-02
1.045000e+01	2.481156e-03	1.558319e-02	-1.454909e-06	3.652647e-02	-3.750754e-02
1.050000e+01	6.785874e-03	1.261244e-02	7.048038e-03	3.451492e-02	-3.013021e-02
1.055000e+01	1.299677e-02	9.325420e-03	1.338566e-02	4.094637e-02	-2.029978e-02
1.060000e+01	1.991936e-02	1.058516e-02	2.045814e-02	5.755154e-02	-2.019706e-02
1.065000e+01	2.527142e-02	1.766181e-02	3.110921e-02	6.569505e-02	-2.144792e-02
1.070000e+01	2.696403e-02	2.435156e-02	3.980050e-02	6.644988e-02	-2.578292e-02
1.075000e+01	2.444718e-02	2.720093e-02	3.940679e-02	6.552240e-02	-3.564411e-02
1.080000e+01	1.919132e-02	2.596403e-02	3.283540e-02	6.656574e-02	-3.630038e-02
1.085000e+01	1.387917e-02	2.284624e-02	2.488419e-02	6.007257e-02	-3.371165e-02
1.090000e+01	1.074835e-02	2.064491e-02	1.959755e-02	5.222982e-02	-2.983953e-02
1.095000e+01	1.015933e-02	2.066126e-02	1.864767e-02	4.896580e-02	-3.259040e-02
1.100000e+01	1.038352e-02	2.191075e-02	1.950598e-02	5.233542e-02	-3.383415e-02
1.105000e+01	8.802953e-03	2.197438e-02	1.727889e-02	4.993370e-02	-3.554878e-02
1.110000e+01	3.773744e-03	1.866652e-02	9.562325e-03	4.548244e-02	-3.496996e-02
1.115000e+01	-4.063227e-03	1.208946e-02	-3.154845e-03	3.094188e-02	-3.387464e-02
1.120000e+01	-1.208327e-02	6.918731e-03	-1.228571e-02	1.943586e-02	-3.475465e-02
1.125000e+01	-1.732742e-02	1.056233e-02	-1.899726e-02	1.824361e-02	-4.498929e-02
1.130000e+01	-1.841560e-02	1.512266e-02	-2.412306e-02	1.979702e-02	-4.838553e-02
1.135000e+01	-1.640815e-02	1.715718e-02	-2.410486e-02	2.129479e-02	-4.984747e-02
1.140000e+01	-1.401219e-02	1.770443e-02	-2.211593e-02	2.823019e-02	-4.854941e-02
1.145000e+01	-1.367121e-02	1.811419e-02	-2.207498e-02	3.381962e-02	-4.734965e-02
1.150000e+01	-1.585039e-02	1.852362e-02	-2.481034e-02	3.284828e-02	-4.583794e-02
1.155000e+01	-1.869552e-02	1.862332e-02	-2.814367e-02	3.123890e-02	-5.189219e-02
1.160000e+01	-1.929366e-02	1.828850e-02	-2.779800e-02	2.054764e-02	-5.276008e-02
1.165000e+01	-1.566592e-02	1.704172e-02	-2.166725e-02	2.097439e-02	-4.781473e-02
1.170000e+01	-8.138055e-03	1.429199e-02	-1.080985e-02	2.789619e-02	-3.919475e-02
1.175000e+01	8.151461e-04	1.056622e-02	9.925697e-04	3.128349e-02	-2.933720e-02
1.180000e+01	8.102928e-03	7.820657e-03	8.625869e-03	2.957778e-02	-2.352081e-02
1.185000e+01	1.186641e-02	6.908462e-03	1.169437e-02	3.326059e-02	-1.616762e-02
1.190000e+01	1.242062e-02	6.417795e-03	1.249047e-02	3.495356e-02	-1.318279e-02
1.195000e+01	1.174025e-02	7.244505e-03	1.102428e-02	3.858812e-02	-1.076903e-02
1.200000e+01	1.193792e-02	1.002783e-02	1.247186e-02	4.147279e-02	-1.767798e-02
1.205000e+01	1.383492e-02	1.250640e-02	1.583937e-02	4.259380e-02	-2.539284e-02
1.210000e+01	1.647802e-02	1.351142e-02	2.007892e-02	4.356762e-02	-2.099264e-02
1.215000e+01	1.794231e-02	1.358046e-02	2.254569e-02	4.602162e-02	-1.383693e-02
1.220000e+01	1.667465e-02	1.319991e-02	2.088387e-02	4.397121e-02	-1.822150e-02
1.225000e+01	1.249524e-02	1.212716e-02	1.563050e-02	3.924314e-02	-2.048453e-02
1.230000e+01	6.636281e-03	1.055053e-02	8.441663e-03	3.168806e-02	-2.320012e-02
1.235000e+01	9.145851e-04	9.230328e-03	1.643292e-03	2.780792e-02	-2.520906e-02
1.240000e+01	-3.318025e-03	8.304876e-03	-3.046129e-03	2.409991e-02	-2.835113e-02
1.245000e+01	-5.758906e-03	7.635969e-03	-5.528056e-03	1.784581e-02	-3.263542e-02
1.250000e+01	-7.002443e-03	7.345015e-03	-6.554282e-03	1.654442e-02	-3.292505e-02
1.255000e+01	-7.904698e-03	6.763598e-03	-7.547469e-03	1.587247e-02	-3.180950e-02
1.260000e+01	-8.974956e-03	5.764033e-03	-9.078236e-03	1.186109e-02	-2.848996e-02
1.265000e+01	-1.016711e-02	6.619033e-03	-9.824108e-03	1.099321e-02	-3.436818e-02
1.270000e+01	-1.108511e-02	8.966453e-03	-1.098813e-02	1.869050e-02	-4.753469e-02
1.275000e+01	-1.133619e-02	1.002547e-02	-1.256802e-02	2.367270e-02	-4.856431e-02
1.280000e+01	-1.074806e-02	9.933182e-03	-1.365132e-02	2.282934e-02	-3.559248e-02
1.285000e+01	-9.362395e-03	1.165743e-02	-1.365898e-02	2.129352e-02	-3.407311e-02
1.290000e+01	-7.321745e-03	1.524260e-02	-1.411823e-02	3.287770e-02	-3.486789e-02
1.295000e+01	-4.809157e-03	1.753198e-02	-1.235726e-02	4.216025e-02	-3.669531e-02
1.300000e+01	-2.078703e-03	1.679256e-02	-8.310652e-03	4.162487e-02	-3.546801e-02
1.305000e+01	5.410844e-04	1.342036e-02	-3.069649e-03	3.676367e-02	-2.889842e-02
1.310000e+01	2.679199e-03	9.036934e-03	1.496711e-03	3.092886e-02	-2.388136e-02
1.315000e+01	4.188228e-03	5.607877e-03	4.225408e-03	2.486985e-02	-1.978721e-02
1.320000e+01	5.237830e-03	4.553306e-03	5.221224e-03	2.222798e-02	-1.307045e-02
1.325000e+01	6.201372e-03	5.214517e-03	6.115136e-03	2.729024e-02	-1.129756e-02
1.330000e+01	7.335946e-03	6.189419e-03	7.273738e-03	3.041649e-02	-1.100394e-02
1.335000e+01	8.484032e-03	7.123494e-03	8.391851e-03	3.336485e-02	-1.329209e-02
1.340000e+01	9.069019e-03	8.070865e-03	9.162904e-03	3.436749e-02	-1.364600e-02
1.345000e+01	8.464140e-03	8.836366e-03	8.935456e-03	3.361857e-02	-1.345091e-02
1.350000e+01	6.510920e-03	9.010460e-03	6.982986e-03	3.177260e-02	-1.937865e-02
1.355000e+01	3.790972e-03	8.643273e-03	4.314335e-03	2.855764e-02	-2.292319e-02
1.360000e+01	1.380721e-03	8.289208e-03	2.447788e-03	2.184149e-02	-2.262301e-02
1.365000e+01	1.843977e-04	7.912199e-03	1.772702e-03	2.102234e-02	-2.247206e-02
1.370000e+01	2.856511e-04	6.756844e-03	1.265564e-03	2.293086e-02	-2.084984e-02
1.375000e+01	8.070721e-04	5.045346e-03	7.711697e-04	2.174572e-02	-1.518109e-02
1.380000e+01	4.476630e-04	5.063570e-03	3.598512e-04	1.616854e-02	-1.530631e-02
1.385000e+01	-1.613565e-03	6.866638e-03	-2.692285e-03	2.330683e-02	-1.791889e-02
1.390000e+01	-5.056451e-03	7.881438e-03	-6.933362e-03	2.545016e-02	-2.204546e-02
1.395000e+01	-8.486522e-03	7.247634e-03	-1.028506e-02	1.867796e-02	-2.630649e-02
1.400000e+01	-1.023460e-02	5.570951e-03	-1.081818e-02	8.467870e-03	-2.642264e-02
1.405000e+01	-9.409936e-03	4.607427e-03	-9.547820e-03	1.050857e-02	-2.486010e-02
1.410000e+01	-6.400686e-03	5.536027e-03	-5.788622e-03	1.086455e-02	-2.940746e-02
1.415000e+01	-2.676223e-03	6.595604e-03	-1.855371e-03	1.793662e-02	-2.811598e-02
1.420000e+01	1.330674e-04	6.325642e-03	5.263878e-04	2.072304e-02	-2.206831e-02
1.425000e+01	1.196030e-03	4.947992e-03	1.149668e-03	1.895188e-02	-1.612263e-02
1.430000e+01	8.594998e-04	4.487860e-03	8.204919e-04	1.788770e-02	-1.692809e-02
1.435000e+01	2.365673e-04	5.785356e-03	-6.951147e-05	1.808363e-02	-1.848029e-02
1.440000e+01	3.450378e-04	6.793263e-03	-4.962553e-04	1.965638e-02	-1.773941e-02
1.445000e+01	1.423559e-03	6.706545e-03	4.781579e-04	2.105691e-02	-1.556461e-02
1.450000e+01	2.883403e-03	5.981385e-03	2.185999e-03	2.094466e-02	-1.429748e-02
1.455000e+01	3.868354e-03	5.233283e-03	3.430064e-03	2.156601e-02	-1.152650e-02
1.460000e+01	3.956779e-03	4.685538e-03	3.748991e-03	2.038879e-02	-1.068855e-02
1.465000e+01	3.464694e-03	4.350538e-03	3.524828e-03	1.766007e-02	-1.298319e-02
1.470000e+01	3.135942e-03	4.156613e-03	3.333106e-03	1.678464e-02	-1.296084e-02
1.475000e+01	3.479224e-03	4.217398e-03	3.531470e-03	1.881886e-02	-1.164938e-02
1.480000e+01	4.276452e-03	4.867651e-03	4.223177e-03	2.082813e-02	-1.072839e-02
1.485000e+01	4.653237e-03	5.711582e-03	4.899572e-03	2.379918e-02	-1.165128e-02
1.490000e+01	3.679458e-03	5.932202e-03	3.768981e-03	2.078960e-02	-1.216105e-02
1.495000e+01	1.073848e-03	5.367767e-03	8.503588e-04	1.785947e-02	-1.511874e-02
1.500000e+01	-2.492200e-03	4.683432e-03	-2.427582e-03	1.366520e-02	-1.894689e-02
1.505000e+01	-5.736573e-03	4.450264e-03	-5.624169e-03	8.642173e-03	-2.132916e-02
1.510000e+01	-7.439723e-03	4.274294e-03	-7.577292e-03	6.627786e-03	-2.067991e-02
1.515000e+01	-7.116177e-03	3.828728e-03	-7.218927e-03	7.128549e-03	-1.983095e-02
1.520000e+01	-5.216611e-03	3.489184e-03	-5.231382e-03	8.764859e-03	-1.763360e-02
1.525000e+01	-2.772372e-03	3.549516e-03	-2.785023e-03	9.261769e-03	-1.480778e-02
1.530000e+01	-7.718240e-04	3.674295e-03	-7.506448e-04	1.250229e-02	-1.240446e-02
1.535000e+01	3.198958e-04	3.626078e-03	3.234526e-04	1.442040e-02	-1.140205e-02
1.540000e+01	6.424460e-04	3.519411e-03	6.529049e-04	1.450635e-02	-1.074010e-02
1.545000e+01	6.654473e-04	3.460115e-03	6.427383e-04	1.287118e-02	-1.131101e-02
1.550000e+01	8.135269e-04	3.421658e-03	7.917468e-04	1.335513e-02	-1.171783e-02
1.555000e+01	1.245904e-03	3.409390e-03	1.196706e-03	1.426531e-02	-1.096096e-02
1.560000e+01	1.871533e-03	3.433992e-03	1.819750e-03	1.506107e-02	-9.541870e-03
1.565000e+01	2.496607e-03	3.416530e-03	2.373855e-03	1.429134e-02	-8.130244e-03
1.570000e+01	2.945981e-03	3.319576e-03	2.825829e-03	1.468070e-02	-9.465371e-03
1.575000e+01	3.086815e-03	3.204768e-03	3.066508e-03	1.591959e-02	-1.120772e-02
1.580000e+01	2.806510e-03	3.062751e-03	2.758893e-03	1.467283e-02	-9.245574e-03
1.585000e+01	2.037915e-03	2.902865e-03	1.930889e-03	1.342898e-02	-8.593388e-03
1.590000e+01	8.528176e-04	3.087512e-03	8.019792e-04	1.324852e-02	-9.134209e-03
1.595000e+01	-4.613012e-04	3.834018e-03	-4.272186e-04	1.214709e-02	-1.256116e-02
1.600000e+01	-1.455265e-03	4.615714e-03	-1.368961e-03	1.301992e-02	-1.603396e-02
1.605000e+01	-1.729042e-03	4.879365e-03	-1.617236e-03	1.269115e-02	-1.745436e-02
1.610000e+01	-1.170348e-03	4.487237e-03	-9.267881e-04	1.133821e-02	-1.725254e-02
1.615000e+01	-9.677363e-05	3.771647e-03	1.880715e-04	1.213892e-02	-1.390984e-02
1.620000e+01	8.838812e-04	3.252854e-03	9.479201e-04	1.351346e-02	-1.206597e-02
1.625000e+01	1.193557e-03	3.116921e-03	1.162299e-03	1.197054e-02	-1.308212e-02
1.630000e+01	5.916969e-04	3.079718e-03	5.179375e-04	1.248755e-02	-1.323123e-02
1.635000e+01	-7.245763e-04	2.937028e-03	-8.236038e-04	1.063042e-02	-1.232793e-02
1.640000e+01	-2.276332e-03	2.761820e-03	-2.315519e-03	8.114248e-03	-1.236313e-02
1.645000e+01	-3.585110e-03	2.691191e-03	-3.617975e-03	6.191745e-03	-1.408102e-02
1.650000e+01	-4.378256e-03	2.761328e-03	-4.453963e-03	5.291888e-03	-1.380601e-02
1.655000e+01	-4.597028e-03	2.916962e-03	-4.616300e-03	6.141372e-03	-1.482734e-02
1.660000e+01	-4.255460e-03	3.036189e-03	-4.195861e-03	6.939596e-03	-1.535151e-02
1.665000e+01	-3.314027e-03	3.044239e-03	-3.276014e-03	7.184404e-03	-1.450372e-02
1.670000e+01	-1.703886e-03	3.169670e-03	-1.726439e-03	9.162652e-03	-1.271402e-02
1.675000e+01	5.090531e-04	3.882786e-03	4.258471e-04	1.354355e-02	-1.275943e-02
1.680000e+01	2.972410e-03	5.154650e-03	3.470203e-03	1.790525e-02	-1.384353e-02
1.685000e+01	5.076204e-03	6.350710e-03	6.562435e-03	2.018401e-02	-1.158502e-02
1.690000e+01	6.200847e-03	6.758258e-03	7.639224e-03	2.063918e-02	-1.433394e-02
1.695000e+01	6.045526e-03	5.966168e-03	6.842383e-03	2.096829e-02	-1.609477e-02
1.700000e+01	4.813618e-03	4.237067e-03	5.085829e-03	1.876055e-02	-1.302481e-02
1.705000e+01	3.111194e-03	3.032331e-03	3.223743e-03	1.364261e-02	-8.913436e-03
1.710000e+01	1.623719e-03	3.823524e-03	1.666006e-03	1.401661e-02	-1.334454e-02
1.715000e+01	7.304201e-04	4.779718e-03	4.602803e-04	1.670575e-02	-1.518338e-02
1.720000e+01	3.592049e-04	4.813875e-03	-8.202558e-05	1.850847e-02	-1.320819e-02
1.725000e+01	1.286190e-04	4.197638e-03	-2.468182e-04	1.641355e-02	-1.353712e-02
1.730000e+01	-3.324749e-04	3.610674e-03	-4.484001e-04	1.211592e-02	-1.377812e-02
1.735000e+01	-1.118131e-03	3.441791e-03	-1.091302e-03	1.099610e-02	-1.306210e-02
1.740000e+01	-2.008034e-03	3.607598e-03	-1.828050e-03	8.857875e-03	-1.410861e-02
1.745000e+01	-2.661323e-03	3.780546e-03	-2.440342e-03	8.112150e-03	-1.640288e-02
1.750000e+01	-2.878941e-03	3.619843e-03	-2.714331e-03	8.330308e-03	-1.501717e-02
1.755000e+01	-2.735917e-03	3.124571e-03	-2.608577e-03	8.198987e-03	-1.398191e-02
1.760000e+01	-2.495574e-03	2.726051e-03	-2.476421e-03	7.651433e-03	-1.174820e-02
1.765000e+01	-2.385726e-03	2.665759e-03	-2.302418e-03	6.007110e-03	-1.051513e-02
1.770000e+01	-2.416088e-03	2.625139e-03	-2.313061e-03	6.212919e-03	-1.117946e-02
1.775000e+01	-2.376860e-03	2.463544e-03	-2.324710e-03	5.458807e-03	-1.082894e-02
1.780000e+01	-2.016195e-03	2.342465e-03	-1.973826e-03	7.322833e-03	-1.079031e-02
1.785000e+01	-1.258121e-03	2.303317e-03	-1.223353e-03	8.718504e-03	-1.046536e-02
1.790000e+01	-2.927468e-04	2.344610e-03	-2.786197e-04	9.387263e-03	-8.421456e-03
1.795000e+01	5.340408e-04	2.535295e-03	5.035452e-04	1.058742e-02	-9.064848e-03
1.800000e+01	9.562720e-04	2.757721e-03	9.477899e-04	1.138289e-02	-8.546448e-03
1.805000e+01	9.956296e-04	2.862967e-03	9.513848e-04	1.022776e-02	-8.998933e-03
1.810000e+01	9.274411e-04	2.890080e-03	9.245624e-04	1.026552e-02	-9.893095e-03
1.815000e+01	1.136547e-03	2.945943e-03	1.218190e-03	1.107735e-02	-1.024662e-02
1.820000e+01	1.847194e-03	3.095601e-03	1.973872e-03	1.162953e-02	-9.778807e-03
1.825000e+01	2.953102e-03	3.448453e-03	3.146857e-03	1.290958e-02	-8.039548e-03
1.830000e+01	4.047005e-03	3.949925e-03	4.377478e-03	1.457959e-02	-6.159757e-03
1.835000e+01	4.628700e-03	4.250481e-03	4.928450e-03	1.614564e-02	-5.998379e-03
1.840000e+01	4.362530e-03	4.042477e-03	4.338515e-03	1.556872e-02	-6.235913e-03
1.845000e+01	3.235938e-03	3.380545e-03	3.044286e-03	1.588399e-02	-6.354729e-03
1.850000e+01	1.543819e-03	2.825889e-03	1.552594e-03	1.366338e-02	-8.771478e-03
1.855000e+01	-2.677960e-04	3.122631e-03	-2.249055e-04	9.534693e-03	-1.151915e-02
1.860000e+01	-1.793371e-03	4.061304e-03	-1.888126e-03	9.727414e-03	-1.359576e-02
1.865000e+01	-2.793383e-03	4.989742e-03	-3.487530e-03	1.030769e-02	-1.589248e-02
1.870000e+01	-3.215335e-03	5.537603e-03	-4.295590e-03	1.298437e-02	-1.784677e-02
1.875000e+01	-3.141306e-03	5.496027e-03	-4.253817e-03	1.551946e-02	-1.671851e-02
1.880000e+01	-2.721693e-03	4.801419e-03	-3.433991e-03	1.459011e-02	-1.497365e-02
1.885000e+01	-2.133419e-03	3.668755e-03	-2.331334e-03	1.107450e-02	-1.239707e-02
1.890000e+01	-1.558768e-03	2.668616e-03	-1.515748e-03	7.978514e-03	-9.987585e-03
1.895000e+01	-1.158015e-03	2.355075e-03	-1.132520e-03	8.999663e-03	-9.377895e-03
1.900000e+01	-1.022727e-03	2.419893e-03	-9.882894e-04	8.262927e-03	-1.023295e-02
1.905000e+01	-1.133891e-03	2.379040e-03	-1.147061e-03	7.611148e-03	-9.929322e-03
1.910000e+01	-1.347396e-03	2.249954e-03	-1.327572e-03	6.867662e-03	-9.126589e-03
1.915000e+01	-1.453813e-03	2.163446e-03	-1.439122e-03	5.748570e-03	-9.106721e-03
1.920000e+01	-1.278327e-03	2.199339e-03	-1.304787e-03	7.109247e-03	-8.967491e-03
1.925000e+01	-7.665347e-04	2.450168e-03	-7.457833e-04	7.925888e-03	-8.428054e-03
1.930000e+01	-3.775145e-06	2.792405e-03	1.548037e-04	9.578664e-03	-9.512235e-03
1.935000e+01	8.415373e-04	2.961134e-03	1.079808e-03	1.086244e-02	-9.875012e-03
1.940000e+01	1.608954e-03	2.889700e-03	1.855386e-03	1.063554e-02	-8.134483e-03
1.945000e+01	2.209516e-03	2.733871e-03	2.422545e-03	9.778864e-03	-6.239420e-03
1.950000e+01	2.625912e-03	2.630541e-03	2.868608e-03	1.099398e-02	-5.877653e-03
1.955000e+01	2.864780e-03	2.565664e-03	3.100564e-03	1.067291e-02	-5.120462e-03
1.960000e+01	2.912047e-03	2.477564e-03	3.067580e-03	1.143062e-02	-5.695372e-03
1.965000e+01	2.733505e-03	2.325929e-03	2.739325e-03	1.105381e-02	-6.017023e-03
1.970000e+01	2.318097e-03	2.137399e-03	2.257134e-03	9.573921e-03	-5.976297e-03
1.975000e+01	1.719240e-03	2.051349e-03	1.732366e-03	8.255918e-03	-6.513320e-03
1.980000e+01	1.047093e-03	2.137171e-03	1.152443e-03	7.324060e-03	-8.514516e-03
1.985000e+01	4.064075e-04	2.255664e-03	5.574748e-04	7.962445e-03	-8.156945e-03
1.990000e+01	-1.735463e-04	2.318594e-03	-3.225810e-05	7.071371e-03	-8.353759e-03
1.995000e+01	-7.538907e-04	2.422140e-03	-6.339828e-04	6.382745e-03	-8.700026e-03
2.000000e+01	-1.420576e-03	2.672288e-03	-1.310558e-03	6.729358e-03	-9.809973e-03
