# k	<chi>	std	chi_median	chi_max	chi_min
0.000000e+00	-3.100408e-02	2.038264e-01	0.000000e+00	4.886605e-01	-4.349873e-01
5.000000e-02	-7.218169e-02	2.776508e-01	-2.089901e-01	4.750605e-01	-4.330507e-01
1.000000e-01	-7.597257e-02	2.700596e-01	-2.071285e-01	4.611350e-01	-4.310703e-01
1.500000e-01	-8.818745e-02	2.472046e-01	-2.003004e-01	4.171747e-01	-4.248424e-01
2.000000e-01	-1.013943e-01	2.242790e-01	-1.948919e-01	3.706094e-01	-4.181585e-01
2.500000e-01	-1.254750e-01	1.865686e-01	-1.901275e-01	2.878628e-01	-4.248872e-01
3.000000e-01	-1.514746e-01	1.502869e-01	-1.861253e-01	2.036435e-01	-4.313168e-01
3.500000e-01	-1.896376e-01	1.062821e-01	-1.870002e-01	9.072165e-02	-4.370195e-01
4.000000e-01	-2.290645e-01	8.074570e-02	-2.154121e-01	-2.592335e-02	-4.394392e-01
4.500000e-01	-2.778117e-01	9.496487e-02	-2.627852e-01	-6.030078e-02	-5.041134e-01
5.000000e-01	-3.240392e-01	1.391427e-01	-2.792076e-01	-6.356958e-02	-6.455667e-01
5.500000e-01	-3.716047e-01	1.958917e-01	-2.837152e-01	-4.872036e-02	-8.076899e-01
6.000000e-01	-4.097641e-01	2.457640e-01	-3.026855e-01	-1.307806e-02	-9.366001e-01
6.500000e-01	-4.380579e-01	2.887490e-01	-3.013290e-01	1.677811e-02	-1.034989e+00
7.000000e-01	-4.495609e-01	3.155621e-01	-2.864132e-01	3.604550e-02	-1.081440e+00
7.500000e-01	-4.414217e-01	3.255353e-01	-2.558242e-01	5.051381e-02	-1.070756e+00
8.000000e-01	-4.135045e-01	3.170275e-01	-2.276567e-01	5.695890e-02	-1.003607e+00
8.500000e-01	-3.638237e-01	2.894814e-01	-1.997169e-01	5.497394e-02	-8.805235e-01
9.000000e-01	-3.004953e-01	2.483750e-01	-1.632666e-01	5.012942e-02	-7.279991e-01
9.500000e-01	-2.250643e-01	1.947001e-01	-1.305256e-01	5.476854e-02	-5.630078e-01
1.000000e+00	-1.515096e-01	1.384478e-01	-9.583421e-02	5.172223e-02	-4.159919e-01
1.050000e+00	-8.422839e-02	8.339681e-02	-6.613880e-02	5.013449e-02	-2.696857e-01
1.100000e+00	-3.612539e-02	4.657336e-02	-4.023404e-02	4.952401e-02	-1.683845e-01
1.150000e+00	-1.052844e-02	4.935636e-02	-1.651490e-02	1.237673e-01	-1.307000e-01
1.200000e+00	-1.099543e-02	7.025674e-02	-1.910385e-02	1.585643e-01	-1.642341e-01
1.250000e+00	-3.525918e-02	8.589398e-02	-5.339899e-02	1.404458e-01	-1.999414e-01
1.300000e+00	-7.438387e-02	9.179679e-02	-9.990831e-02	8.535684e-02	-2.320746e-01
1.350000e+00	-1.203403e-01	8.973009e-02	-1.426859e-01	2.754706e-02	-2.728117e-01
1.400000e+00	-1.577633e-01	8.267812e-02	-1.818930e-01	-2.340191e-02	-2.990305e-01
1.450000e+00	-1.787129e-01	7.303955e-02	-1.972412e-01	-5.572117e-02	-2.953598e-01
1.500000e+00	-1.734346e-01	6.333573e-02	-1.942121e-01	-5.652881e-02	-2.757204e-01
1.550000e+00	-1.414450e-01	5.443873e-02	-1.614488e-01	-3.816225e-02	-2.335846e-01
1.600000e+00	-8.682172e-02	4.756733e-02	-9.700359e-02	1.000414e-03	-1.676488e-01
1.650000e+00	-1.773102e-02	4.372169e-02	-1.883634e-02	5.449904e-02	-1.095828e-01
1.700000e+00	5.141995e-02	4.247852e-02	5.137929e-02	1.203712e-01	-5.902673e-02
1.750000e+00	1.111614e-01	4.252521e-02	1.100498e-01	1.877746e-01	-2.013602e-03
1.800000e+00	1.492619e-01	4.081602e-02	1.459533e-01	2.310763e-01	5.189738e-02
1.850000e+00	1.644107e-01	3.698368e-02	1.636810e-01	2.418995e-01	8.724319e-02
1.900000e+00	1.555635e-01	3.153668e-02	1.596050e-01	2.158727e-01	7.661893e-02
1.950000e+00	1.310200e-01	2.787524e-02	1.341243e-01	1.822029e-01	6.002955e-02
2.000000e+00	9.799728e-02	2.772581e-02	9.791922e-02	1.653278e-01	4.143426e-02
2.050000e+00	6.663718e-02	3.004418e-02	6.170404e-02	1.445460e-01	1.980055e-02
2.100000e+00	4.296912e-02	2.991556e-02	4.678528e-02	1.173198e-01	-6.019835e-03
2.150000e+00	2.983394e-02	2.578556e-02	3.398868e-02	8.939337e-02	-1.408787e-02
2.200000e+00	2.558521e-02	1.877013e-02	2.869093e-02	6.567652e-02	-7.600181e-03
2.250000e+00	2.633411e-02	1.213858e-02	2.720985e-02	4.827282e-02	3.556177e-03
2.300000e+00	2.639336e-02	8.144255e-03	2.776376e-02	4.195881e-02	5.758715e-03
2.350000e+00	2.297945e-02	7.532899e-03	2.311069e-02	3.808693e-02	-7.206528e-04
2.400000e+00	1.578223e-02	7.630567e-03	1.642265e-02	3.158990e-02	-6.954581e-03
2.450000e+00	9.629721e-03	7.772198e-03	1.034043e-02	2.396512e-02	-1.158128e-02
2.500000e+00	2.831521e-03	7.622586e-03	3.783814e-03	1.614949e-02	-1.599453e-02
2.550000e+00	-3.489335e-03	7.565365e-03	-1.993952e-03	9.909477e-03	-1.963841e-02
2.600000e+00	-8.287828e-03	7.838683e-03	-8.431092e-03	6.556596e-03	-2.493523e-02
2.650000e+00	-1.254221e-02	8.567741e-03	-1.394914e-02	4.202008e-03	-2.931572e-02
2.700000e+00	-1.474744e-02	9.197115e-03	-1.463081e-02	2.860265e-03	-3.105778e-02
2.750000e+00	-1.482916e-02	9.453266e-03	-1.314878e-02	3.009218e-03	-3.035704e-02
2.800000e+00	-1.312018e-02	9.216100e-03	-1.109216e-02	4.599874e-03	-3.080432e-02
2.850000e+00	-1.105954e-02	8.647234e-03	-8.944490e-03	5.530939e-03	-2.948361e-02
2.900000e+00	-8.194013e-03	7.715703e-03	-5.570432e-03	5.973535e-03	-2.582694e-02
2.950000e+00	-5.277410e-03	6.738426e-03	-2.752278e-03	5.417356e-03	-2.102592e-02
3.000000e+00	-2.910110e-03	6.048761e-03	-1.314111e-03	8.572659e-03	-1.620109e-02
3.050000e+00	-1.664865e-03	5.630791e-03	-1.926787e-03	1.223939e-02	-1.197947e-02
3.100000e+00	-1.324019e-03	5.535800e-03	-2.321781e-03	1.416134e-02	-9.814400e-03
3.150000e+00	-1.661859e-03	5.385353e-03	-3.093567e-03	1.407067e-02	-9.534129e-03
3.200000e+00	-2.245663e-03	4.938218e-03	-2.998517e-03	1.182875e-02	-1.233070e-02
3.250000e+00	-2.664868e-03	4.368418e-03	-2.616097e-03	7.750382e-03	-1.458250e-02
3.300000e+00	-2.208690e-03	4.167043e-03	-1.561311e-03	4.553330e-03	-1.453749e-02
3.350000e+00	-7.145054e-04	4.857863e-03	-1.593894e-03	7.706052e-03	-1.217822e-02
3.400000e+00	1.631380e-03	6.175624e-03	2.525330e-04	1.271462e-02	-7.953254e-03
3.450000e+00	4.564581e-03	7.550267e-03	2.988837e-03	1.778032e-02	-8.560055e-03
3.500000e+00	7.320896e-03	8.174555e-03	5.433866e-03	2.166405e-02	-9.017527e-03
3.550000e+00	9.213444e-03	7.762004e-03	8.408815e-03	2.275001e-02	-7.867344e-03
3.600000e+00	9.754298e-03	6.400014e-03	9.874903e-03	2.030264e-02	-5.713775e-03
3.650000e+00	8.931421e-03	4.610598e-03	1.004293e-02	1.555905e-02	-3.071137e-03
3.700000e+00	6.678176e-03	4.117940e-03	6.183317e-03	1.655952e-02	-2.728709e-03
3.750000e+00	3.437597e-03	5.695128e-03	3.861326e-03	1.559708e-02	-6.510072e-03
3.800000e+00	-2.032947e-04	7.479249e-03	1.281839e-03	1.287701e-02	-1.315154e-02
3.850000e+00	-3.607730e-03	8.457074e-03	-2.713397e-03	8.882402e-03	-1.842646e-02
3.900000e+00	-6.517541e-03	8.107506e-03	-5.644063e-03	5.330482e-03	-2.129799e-02
3.950000e+00	-8.658437e-03	6.527433e-03	-7.796343e-03	1.727702e-03	-2.111438e-02
4.000000e+00	-9.935121e-03	4.299320e-03	-9.394822e-03	-2.710019e-03	-1.825439e-02
4.050000e+00	-1.052502e-02	2.954434e-03	-1.022859e-02	-4.825866e-03	-1.912768e-02
4.100000e+00	-1.051904e-02	4.072951e-03	-1.049221e-02	-1.241415e-03	-1.921832e-02
4.150000e+00	-9.943606e-03	5.893624e-03	-1.087194e-02	3.157401e-03	-2.038119e-02
4.200000e+00	-8.827593e-03	7.196188e-03	-9.819871e-03	6.082906e-03	-2.156415e-02
4.250000e+00	-7.543922e-03	7.761025e-03	-8.551717e-03	7.506259e-03	-2.108521e-02
4.300000e+00	-5.917317e-03	7.811971e-03	-6.719472e-03	7.935259e-03	-1.908117e-02
4.350000e+00	-4.055303e-03	7.630344e-03	-4.713458e-03	1.026387e-02	-1.698990e-02
4.400000e+00	-2.112020e-03	7.418064e-03	-3.030294e-03	1.294619e-02	-1.547415e-02
4.450000e+00	-4.363520e-04	7.222791e-03	-1.587977e-03	1.488445e-02	-1.414384e-02
4.500000e+00	1.108171e-03	6.857809e-03	-2.557375e-04	1.593354e-02	-1.223695e-02
4.550000e+00	2.593275e-03	6.182997e-03	1.652040e-03	1.582403e-02	-9.342368e-03
4.600000e+00	4.214306e-03	5.369345e-03	3.735919e-03	1.560540e-02	-9.269255e-03
4.650000e+00	6.084757e-03	5.147789e-03	6.110911e-03	1.740755e-02	-8.467305e-03
4.700000e+00	8.570150e-03	6.190842e-03	8.504258e-03	2.595756e-02	-6.222331e-03
4.750000e+00	1.171295e-02	8.072540e-03	1.074129e-02	3.452785e-02	-2.299132e-03
4.800000e+00	1.528119e-02	9.863057e-03	1.354057e-02	4.190901e-02	-4.884283e-04
4.850000e+00	1.874633e-02	1.089673e-02	1.622812e-02	4.683586e-02	3.859711e-05
4.900000e+00	2.153233e-02	1.086771e-02	1.971424e-02	4.805606e-02	1.195429e-03
4.950000e+00	2.293083e-02	9.840948e-03	2.275638e-02	4.484618e-02	2.974641e-03
5.000000e+00	2.240486e-02	8.355851e-03	2.330821e-02	3.748283e-02	4.579962e-03
5.050000e+00	1.980313e-02	7.450718e-03	2.026291e-02	3.647544e-02	5.216661e-03
5.100000e+00	1.533857e-02	7.966126e-03	1.501962e-02	3.835010e-02	1.128937e-03
5.150000e+00	9.590521e-03	9.527178e-03	8.937123e-03	3.814918e-02	-9.757320e-03
5.200000e+00	3.350300e-03	1.126788e-02	3.208095e-03	3.592725e-02	-2.273180e-02
5.250000e+00	-2.594904e-03	1.271264e-02	-2.127169e-03	3.190675e-02	-3.406049e-02
5.300000e+00	-7.704499e-03	1.377285e-02	-6.998291e-03	2.648967e-02	-4.295967e-02
5.350000e+00	-1.180039e-02	1.439918e-02	-1.085317e-02	1.977974e-02	-4.909108e-02
5.400000e+00	-1.507106e-02	1.445328e-02	-1.489753e-02	1.180877e-02	-5.239946e-02
5.450000e+00	-1.787576e-02	1.369778e-02	-1.888060e-02	5.177627e-03	-5.314968e-02
5.500000e+00	-2.069099e-02	1.220150e-02	-2.238350e-02	1.376639e-03	-5.194967e-02
5.550000e+00	-2.376403e-02	1.040856e-02	-2.555985e-02	-6.527309e-04	-4.923352e-02
5.600000e+00	-2.698100e-02	9.437206e-03	-2.613873e-02	-3.877752e-03	-4.562243e-02
5.650000e+00	-2.972423e-02	1.038804e-02	-2.918313e-02	-6.045909e-03	-5.334434e-02
5.700000e+00	-3.132459e-02	1.287570e-02	-3.101665e-02	-9.300397e-03	-5.874057e-02
5.750000e+00	-3.097570e-02	1.562277e-02	-2.959928e-02	-5.256062e-03	-6.213340e-02
5.800000e+00	-2.808105e-02	1.777426e-02	-2.741669e-02	6.010485e-04	-6.181515e-02
5.850000e+00	-2.234923e-02	1.893660e-02	-2.355358e-02	1.080083e-02	-5.712427e-02
5.900000e+00	-1.424456e-02	1.919482e-02	-1.838035e-02	2.239731e-02	-4.892367e-02
5.950000e+00	-4.549773e-03	1.881764e-02	-8.943072e-03	3.454380e-02	-3.648971e-02
6.000000e+00	5.684290e-03	1.814051e-02	2.030118e-03	4.444902e-02	-2.344557e-02
6.050000e+00	1.537343e-02	1.730822e-02	1.216124e-02	5.154040e-02	-1.972232e-02
6.100000e+00	2.350609e-02	1.642579e-02	2.160332e-02	5.579054e-02	-1.486471e-02
6.150000e+00	2.949733e-02	1.536966e-02	3.009104e-02	5.682973e-02	-9.443048e-03
6.200000e+00	3.311431e-02	1.407850e-02	3.382612e-02	6.151358e-02	-3.852521e-03
6.250000e+00	3.440896e-02	1.284582e-02	3.437209e-02	6.327085e-02	1.736626e-03
6.300000e+00	3.360320e-02	1.252381e-02	3.295758e-02	6.400888e-02	6.234625e-03
6.350000e+00	3.097984e-02	1.400295e-02	2.963508e-02	6.201435e-02	1.521124e-03
6.400000e+00	2.681964e-02	1.704845e-02	2.627838e-02	5.916141e-02	-1.040284e-02
6.450000e+00	2.139758e-02	2.047730e-02	2.575824e-02	5.595986e-02	-2.041072e-02
6.500000e+00	1.502231e-02	2.308610e-02	2.231285e-02	5.157578e-02	-2.836619e-02
6.550000e+00	8.014888e-03	2.396454e-02	1.731283e-02	4.410308e-02	-3.721922e-02
6.600000e+00	9.470582e-04	2.288396e-02	9.063175e-03	3.502491e-02	-4.071387e-02
6.650000e+00	-5.621134e-03	2.026832e-02	-5.018431e-04	3.041133e-02	-3.884545e-02
6.700000e+00	-1.115006e-02	1.731775e-02	-1.191789e-02	2.932474e-02	-4.376307e-02
6.750000e+00	-1.523163e-02	1.568846e-02	-1.605988e-02	2.748085e-02	-5.529362e-02
6.800000e+00	-1.768375e-02	1.605228e-02	-1.669839e-02	2.455800e-02	-6.172166e-02
6.850000e+00	-1.859085e-02	1.715393e-02	-1.701139e-02	2.095278e-02	-6.187165e-02
6.900000e+00	-1.827221e-02	1.740267e-02	-1.798942e-02	1.612689e-02	-5.585167e-02
6.950000e+00	-1.718630e-02	1.612935e-02	-1.621220e-02	1.768868e-02	-4.919639e-02
7.000000e+00	-1.580171e-02	1.366283e-02	-1.356826e-02	1.588657e-02	-4.279183e-02
7.050000e+00	-1.444658e-02	1.111362e-02	-1.400650e-02	1.884038e-02	-4.157251e-02
7.100000e+00	-1.331995e-02	9.960324e-03	-1.411613e-02	2.275154e-02	-3.678607e-02
7.150000e+00	-1.239075e-02	1.046252e-02	-1.227304e-02	2.440896e-02	-3.145816e-02
7.200000e+00	-1.147169e-02	1.147274e-02	-1.165403e-02	2.382772e-02	-3.778771e-02
7.250000e+00	-1.030634e-02	1.225148e-02	-9.626210e-03	2.165598e-02	-4.277309e-02
7.300000e+00	-8.660518e-03	1.297681e-02	-6.714437e-03	1.849032e-02	-4.460026e-02
7.350000e+00	-6.389609e-03	1.411958e-02	-6.033505e-03	1.725108e-02	-4.266224e-02
7.400000e+00	-3.468083e-03	1.572054e-02	-4.220962e-03	2.420620e-02	-3.755456e-02
7.450000e+00	1.540060e-05	1.731416e-02	-9.321378e-04	3.166410e-02	-3.072823e-02
7.500000e+00	3.882138e-03	1.839116e-02	-3.249393e-04	3.791487e-02	-3.099874e-02
7.550000e+00	7.855382e-03	1.869140e-02	4.221862e-03	4.137774e-02	-2.954062e-02
7.600000e+00	1.165514e-02	1.837715e-02	1.203551e-02	4.396457e-02	-2.545490e-02
7.650000e+00	1.497125e-02	1.774858e-02	1.764298e-02	4.375301e-02	-2.182463e-02
7.700000e+00	1.748021e-02	1.708551e-02	2.082305e-02	4.731443e-02	-2.318435e-02
7.750000e+00	1.887584e-02	1.651462e-02	2.149702e-02	5.272546e-02	-2.104486e-02
7.800000e+00	1.892228e-02	1.603663e-02	1.956167e-02	5.540993e-02	-1.653367e-02
7.850000e+00	1.752117e-02	1.567278e-02	1.648656e-02	5.261236e-02	-1.342522e-02
7.900000e+00	1.477117e-02	1.559625e-02	1.573543e-02	4.771021e-02	-1.250553e-02
7.950000e+00	1.099221e-02	1.611402e-02	1.029207e-02	4.264064e-02	-1.732111e-02
8.000000e+00	6.692877e-03	1.742243e-02	8.378946e-03	3.900985e-02	-2.818234e-02
8.050000e+00	2.464120e-03	1.926626e-02	6.181779e-03	3.801489e-02	-3.590178e-02
8.100000e+00	-1.096461e-03	2.104742e-02	3.630493e-03	3.616849e-02	-4.554570e-02
8.150000e+00	-3.617632e-03	2.201884e-02	5.501665e-04	3.473446e-02	-5.492751e-02
8.200000e+00	-5.013924e-03	2.164153e-02	-2.096722e-03	3.290304e-02	-5.770486e-02
8.250000e+00	-5.503839e-03	1.983604e-02	-5.077720e-03	2.895351e-02	-5.381339e-02
8.300000e+00	-5.536177e-03	1.713753e-02	-4.940754e-03	3.003438e-02	-4.669903e-02
8.350000e+00	-5.643906e-03	1.466337e-02	-3.886585e-03	3.047712e-02	-4.023658e-02
8.400000e+00	-6.270253e-03	1.352314e-02	-4.812423e-03	2.723820e-02	-4.360440e-02
8.450000e+00	-7.621647e-03	1.363855e-02	-6.168637e-03	2.063610e-02	-4.414355e-02
8.500000e+00	-9.593729e-03	1.384764e-02	-9.869606e-03	1.688998e-02	-4.763512e-02
8.550000e+00	-1.179920e-02	1.331143e-02	-1.295602e-02	1.605418e-02	-4.740950e-02
8.600000e+00	-1.364732e-02	1.218970e-02	-1.566987e-02	1.241850e-02	-4.250943e-02
8.650000e+00	-1.454425e-02	1.133373e-02	-1.656122e-02	8.719299e-03	-3.389020e-02
8.700000e+00	-1.405130e-02	1.145441e-02	-1.385466e-02	1.150282e-02	-3.415942e-02
8.750000e+00	-1.200452e-02	1.229756e-02	-1.027879e-02	1.409049e-02	-3.352887e-02
8.800000e+00	-8.552650e-03	1.313576e-02	-6.606601e-03	1.566654e-02	-3.362130e-02
8.850000e+00	-4.110277e-03	1.360027e-02	-2.826630e-03	1.808712e-02	-3.201499e-02
8.900000e+00	7.502785e-04	1.373273e-02	9.934706e-04	2.699023e-02	-2.765918e-02
8.950000e+00	5.428605e-03	1.363518e-02	5.424112e-03	3.529180e-02	-2.262265e-02
9.000000e+00	9.408260e-03	1.324882e-02	1.004287e-02	4.032403e-02	-1.611662e-02
9.050000e+00	1.233940e-02	1.250231e-02	1.327001e-02	4.109412e-02	-1.131362e-02
9.100000e+00	1.401908e-02	1.161345e-02	1.531711e-02	3.744667e-02	-1.257998e-02
9.150000e+00	1.441762e-02	1.121797e-02	1.650000e-02	3.383787e-02	-1.363631e-02
9.200000e+00	1.362511e-02	1.184498e-02	1.376505e-02	3.314126e-02	-1.229088e-02
9.250000e+00	1.181728e-02	1.324447e-02	1.024998e-02	3.830454e-02	-1.650670e-02
9.300000e+00	9.235621e-03	1.468570e-02	8.071165e-03	4.000827e-02	-1.986021e-02
9.350000e+00	6.178390e-03	1.562573e-02	6.006526e-03	3.678195e-02	-2.140197e-02
9.400000e+00	2.989686e-03	1.590485e-02	4.629838e-03	3.054373e-02	-2.456260e-02
9.450000e+00	3.282311e-05	1.564195e-02	3.445521e-03	2.644425e-02	-2.776473e-02
9.500000e+00	-2.357422e-03	1.506600e-02	4.273769e-04	2.494885e-02	-2.819938e-02
9.550000e+00	-3.944286e-03	1.439742e-02	-3.969849e-03	2.692806e-02	-3.011749e-02
9.600000e+00	-4.619766e-03	1.376670e-02	-6.334083e-03	2.829508e-02	-3.231106e-02
9.650000e+00	-4.461649e-03	1.322774e-02	-4.117651e-03	2.690462e-02	-3.204836e-02
9.700000e+00	-3.716067e-03	1.275883e-02	-3.343067e-03	2.690536e-02	-3.361807e-02
9.750000e+00	-2.739024e-03	1.229892e-02	-2.826980e-03	2.501280e-02	-3.201845e-02
9.800000e+00	-1.903417e-03	1.182220e-02	-2.293194e-03	2.307935e-02	-2.869922e-02
9.850000e+00	-1.498368e-03	1.139615e-02	-2.409532e-03	2.919506e-02	-2.633811e-02
9.900000e+00	-1.652570e-03	1.113039e-02	-4.270688e-03	3.127607e-02	-2.434718e-02
9.950000e+00	-2.306741e-03	1.101612e-02	-3.110326e-03	2.899785e-02	-2.802712e-02
1.000000e+01	-3.244142e-03	1.084303e-02	-2.840759e-03	2.287656e-02	-3.496279e-02
1.005000e+01	-4.162792e-03	1.035432e-02	-2.245871e-03	1.600528e-02	-3.802822e-02
1.010000e+01	-4.782972e-03	9.572336e-03	-2.844931e-03	1.524305e-02	-3.634003e-02
1.015000e+01	-4.934428e-03	9.024855e-03	-4.834866e-03	1.551617e-02	-3.015887e-02
1.020000e+01	-4.594456e-03	9.510430e-03	-4.924117e-03	1.540549e-02	-2.385765e-02
1.025000e+01	-3.872533e-03	1.111754e-02	-5.353280e-03	2.363332e-02	-2.595965e-02
1.030000e+01	-2.948853e-03	1.301730e-02	-2.674822e-03	3.064481e-02	-3.207521e-02
1.035000e+01	-1.992972e-03	1.431586e-02	-2.155481e-03	3.543502e-02	-3.624578e-02
1.040000e+01	-1.095356e-03	1.450013e-02	-1.792101e-03	3.690112e-02	-3.740962e-02
1.045000e+01	-2.388754e-04	1.349132e-02	-1.406542e-04	3.499394e-02	-3.523767e-02
1.050000e+01	6.786929e-04	1.160349e-02	1.464912e-04	3.025358e-02	-2.933521e-02
1.055000e+01	1.780077e-03	9.483051e-03	9.229911e-04	2.364798e-02	-2.137602e-02
1.060000e+01	3.127588e-03	8.022425e-03	2.583758e-03	2.170912e-02	-1.890245e-02
1.065000e+01	4.658883e-03	7.932293e-03	4.544288e-03	2.366478e-02	-1.446506e-02
1.070000e+01	6.167539e-03	8.981940e-03	7.306609e-03	2.674013e-02	-1.464953e-02
1.075000e+01	7.341014e-03	1.037795e-02	8.633925e-03	2.826671e-02	-1.544372e-02
1.080000e+01	7.847792e-03	1.156721e-02	9.061388e-03	2.815786e-02	-1.895673e-02
1.085000e+01	7.446784e-03	1.233659e-02	8.591622e-03	3.124126e-02	-2.061284e-02
1.090000e+01	6.081950e-03	1.271001e-02	6.203101e-03	3.208974e-02	-2.097203e-02
1.095000e+01	3.927658e-03	1.282570e-02	3.662120e-03	2.957397e-02	-2.385493e-02
1.100000e+01	1.364816e-03	1.276805e-02	1.753478e-03	2.575412e-02	-2.819943e-02
1.105000e+01	-1.116191e-03	1.248136e-02	-2.714235e-04	2.300455e-02	-3.183525e-02
1.110000e+01	-3.024896e-03	1.182433e-02	-3.263577e-03	1.991610e-02	-3.291999e-02
1.115000e+01	-4.034207e-03	1.091844e-02	-5.963312e-03	1.805930e-02	-3.140867e-02
1.120000e+01	-4.069659e-03	1.031428e-02	-4.012910e-03	2.033300e-02	-2.779154e-02
1.125000e+01	-3.328589e-03	1.065324e-02	-1.551189e-03	2.043561e-02	-2.981912e-02
1.130000e+01	-2.215847e-03	1.183729e-02	-1.781732e-03	2.217897e-02	-2.966538e-02
1.135000e+01	-1.214781e-03	1.304185e-02	-5.445744e-04	2.635690e-02	-2.668488e-02
1.140000e+01	-7.336833e-04	1.351139e-02	5.060889e-04	2.788197e-02	-2.323782e-02
1.145000e+01	-9.765837e-04	1.297091e-02	-7.384341e-04	2.518939e-02	-2.297096e-02
1.150000e+01	-1.880132e-03	1.166019e-02	-1.563290e-03	2.179332e-02	-2.706659e-02
1.155000e+01	-3.137216e-03	1.020005e-02	-1.898194e-03	1.959520e-02	-2.907866e-02
1.160000e+01	-4.299804e-03	9.247951e-03	-3.160440e-03	1.503006e-02	-2.867528e-02
1.165000e+01	-4.927352e-03	8.970453e-03	-4.943545e-03	1.140719e-02	-2.571708e-02
1.170000e+01	-4.731888e-03	8.964758e-03	-4.356407e-03	1.513227e-02	-2.608259e-02
1.175000e+01	-3.671839e-03	8.833526e-03	-3.378383e-03	1.842500e-02	-2.425551e-02
1.180000e+01	-1.963712e-03	8.546342e-03	-2.029593e-03	2.005706e-02	-1.936368e-02
1.185000e+01	-8.445434e-06	8.319972e-03	9.995334e-05	2.037201e-02	-1.654173e-02
1.190000e+01	1.741861e-03	8.293673e-03	1.142355e-03	2.031221e-02	-1.550646e-02
1.195000e+01	2.930833e-03	8.347993e-03	2.597664e-03	2.173015e-02	-1.338277e-02
1.200000e+01	3.407889e-03	8.261750e-03	2.638408e-03	2.238950e-02	-1.228606e-02
1.205000e+01	3.273117e-03	7.991970e-03	1.789860e-03	2.031287e-02	-1.058953e-02
1.210000e+01	2.803593e-03	7.670057e-03	2.211242e-03	1.963087e-02	-9.506217e-03
1.215000e+01	2.357170e-03	7.560163e-03	2.428447e-03	1.958237e-02	-1.091575e-02
1.220000e+01	2.226280e-03	7.753425e-03	2.578174e-03	1.892861e-02	-1.318546e-02
1.225000e+01	2.524434e-03	8.061695e-03	2.704356e-03	1.963225e-02	-1.497840e-02
1.230000e+01	3.140651e-03	8.224010e-03	3.955946e-03	2.151796e-02	-1.702793e-02
1.235000e+01	3.778395e-03	8.119569e-03	4.477854e-03	2.065702e-02	-1.962296e-02
1.240000e+01	4.065282e-03	7.789356e-03	4.825737e-03	1.738223e-02	-1.992420e-02
1.245000e+01	3.694325e-03	7.325906e-03	4.566943e-03	1.960681e-02	-1.826450e-02
1.250000e+01	2.546144e-03	6.772862e-03	2.783954e-03	2.071110e-02	-1.539049e-02
1.255000e+01	7.481108e-04	6.161024e-03	2.647002e-04	1.989527e-02	-1.272643e-02
1.260000e+01	-1.351264e-03	5.652641e-03	-2.249735e-03	1.693286e-02	-1.312989e-02
1.265000e+01	-3.284627e-03	5.559082e-03	-3.953997e-03	1.240785e-02	-1.751578e-02
1.270000e+01	-4.609941e-03	6.011028e-03	-4.721602e-03	1.176280e-02	-2.056078e-02
1.275000e+01	-5.047473e-03	6.722648e-03	-4.463269e-03	1.419783e-02	-2.053779e-02
1.280000e+01	-4.563729e-03	7.310796e-03	-3.686181e-03	1.508581e-02	-2.035630e-02
1.285000e+01	-3.375398e-03	7.611054e-03	-2.940157e-03	1.390428e-02	-2.099993e-02
1.290000e+01	-1.874178e-03	7.698875e-03	-7.029616e-04	1.318088e-02	-1.921097e-02
1.295000e+01	-4.999236e-04	7.727563e-03	8.681242e-04	1.597381e-02	-1.622113e-02
1.300000e+01	3.942596e-04	7.739084e-03	5.628244e-04	1.673230e-02	-1.454059e-02
1.305000e+01	6.417076e-04	7.663084e-03	8.579448e-05	1.755394e-02	-1.634815e-02
1.310000e+01	2.920214e-04	7.437453e-03	-4.643479e-05	1.860619e-02	-1.805715e-02
1.315000e+01	-4.279331e-04	7.158489e-03	-3.535784e-04	1.792445e-02	-1.924130e-02
1.320000e+01	-1.200224e-03	6.995896e-03	-5.762521e-04	1.715380e-02	-2.045787e-02
1.325000e+01	-1.722424e-03	6.976267e-03	-1.542300e-03	1.543070e-02	-2.022833e-02
1.330000e+01	-1.797105e-03	6.937058e-03	-2.066707e-03	1.633778e-02	-1.849474e-02
1.335000e+01	-1.378073e-03	6.762517e-03	-1.957838e-03	1.853105e-02	-1.580105e-02
1.340000e+01	-5.642813e-04	6.601630e-03	-1.052400e-03	1.906647e-02	-1.289670e-02
1.345000e+01	4.494342e-04	6.770332e-03	-3.261454e-04	1.804542e-02	-1.307967e-02
1.350000e+01	1.442686e-03	7.334790e-03	2.668102e-04	1.566822e-02	-1.301695e-02
1.355000e+01	2.235049e-03	7.951045e-03	1.098593e-03	1.930607e-02	-1.228572e-02
1.360000e+01	2.726513e-03	8.210795e-03	2.040528e-03	2.160296e-02	-1.261893e-02
1.365000e+01	2.904509e-03	7.954014e-03	2.804112e-03	2.122400e-02	-1.275013e-02
1.370000e+01	2.822262e-03	7.335975e-03	2.419874e-03	1.816984e-02	-1.266070e-02
1.375000e+01	2.562464e-03	6.709366e-03	3.391293e-03	1.562646e-02	-1.199763e-02
1.380000e+01	2.202744e-03	6.349282e-03	2.411310e-03	1.448531e-02	-1.112640e-02
1.385000e+01	1.795129e-03	6.220423e-03	6.364793e-04	1.591644e-02	-9.893063e-03
1.390000e+01	1.363275e-03	6.110544e-03	8.123957e-04	1.540426e-02	-1.193870e-02
1.395000e+01	9.129348e-04	5.929430e-03	1.290971e-03	1.234432e-02	-1.448672e-02
1.400000e+01	4.463594e-04	5.773396e-03	1.159480e-03	1.118242e-02	-1.472330e-02
1.405000e+01	-3.768320e-05	5.777306e-03	1.393086e-05	1.307235e-02	-1.331530e-02
1.410000e+01	-5.042035e-04	5.865351e-03	1.835809e-05	1.352172e-02	-1.288059e-02
1.415000e+01	-9.369199e-04	5.879460e-03	-3.199063e-04	1.250211e-02	-1.521338e-02
1.420000e+01	-1.334870e-03	5.715160e-03	-4.910675e-04	1.001035e-02	-1.814738e-02
1.425000e+01	-1.710632e-03	5.393363e-03	-1.265517e-03	7.550453e-03	-1.898691e-02
1.430000e+01	-2.077200e-03	5.030379e-03	-1.725060e-03	6.868338e-03	-1.790657e-02
1.435000e+01	-2.429092e-03	4.767731e-03	-1.970166e-03	8.482318e-03	-1.538123e-02
1.440000e+01	-2.727705e-03	4.695511e-03	-2.832813e-03	7.867826e-03	-1.367784e-02
1.445000e+01	-2.900505e-03	4.794178e-03	-2.561208e-03	8.428436e-03	-1.352623e-02
1.450000e+01	-2.858249e-03	4.947202e-03	-3.045633e-03	1.000259e-02	-1.455866e-02
1.455000e+01	-2.526327e-03	5.030846e-03	-3.161815e-03	1.074424e-02	-1.421622e-02
1.460000e+01	-1.879130e-03	5.005837e-03	-2.333858e-03	1.050407e-02	-1.187685e-02
1.465000e+01	-9.634099e-04	4.937612e-03	-1.511898e-03	1.155968e-02	-1.051817e-02
1.470000e+01	1.005841e-04	4.914736e-03	-6.310167e-04	1.305564e-02	-1.060583e-02
1.475000e+01	1.143594e-03	4.929119e-03	8.702705e-04	1.326751e-02	-9.568577e-03
1.480000e+01	1.991180e-03	4.872571e-03	2.160962e-03	1.224718e-02	-9.846132e-03
1.485000e+01	2.512709e-03	4.671348e-03	2.762225e-03	1.243227e-02	-9.505043e-03
1.490000e+01	2.658549e-03	4.403034e-03	3.019395e-03	1.323222e-02	-1.112932e-02
1.495000e+01	2.472020e-03	4.262620e-03	2.694849e-03	1.299168e-02	-1.096947e-02
1.500000e+01	2.071396e-03	4.353354e-03	1.966903e-03	1.157794e-02	-1.040029e-02
1.505000e+01	1.614737e-03	4.558199e-03	1.801747e-03	1.012278e-02	-1.031205e-02
1.510000e+01	1.222683e-03	4.663839e-03	1.078746e-03	1.007228e-02	-1.236371e-02
1.515000e+01	9.672959e-04	4.608318e-03	6.972313e-04	1.000507e-02	-1.325793e-02
1.520000e+01	8.436596e-04	4.493754e-03	5.269196e-04	9.921746e-03	-1.236045e-02
1.525000e+01	7.819125e-04	4.451161e-03	9.240069e-04	1.045860e-02	-9.950541e-03
1.530000e+01	6.830997e-04	4.487465e-03	1.184266e-03	1.121604e-02	-8.294873e-03
1.535000e+01	4.639879e-04	4.504663e-03	7.886224e-04	1.085588e-02	-7.676054e-03
1.540000e+01	9.310777e-05	4.451962e-03	3.855213e-04	9.323879e-03	-8.287566e-03
1.545000e+01	-3.955789e-04	4.400071e-03	-1.008802e-04	8.963357e-03	-1.131449e-02
1.550000e+01	-9.156647e-04	4.459318e-03	-5.187396e-04	7.356141e-03	-1.488125e-02
1.555000e+01	-1.361545e-03	4.637481e-03	-1.026290e-03	8.005241e-03	-1.698731e-02
1.560000e+01	-1.647803e-03	4.820546e-03	-1.739116e-03	7.914287e-03	-1.693894e-02
1.565000e+01	-1.738764e-03	4.883950e-03	-2.236706e-03	9.543854e-03	-1.448794e-02
1.570000e+01	-1.656899e-03	4.778049e-03	-2.122255e-03	1.012157e-02	-1.095794e-02
1.575000e+01	-1.467747e-03	4.536588e-03	-1.888266e-03	9.188906e-03	-1.067116e-02
1.580000e+01	-1.248715e-03	4.251104e-03	-1.264047e-03	7.123131e-03	-1.190370e-02
1.585000e+01	-1.055445e-03	4.041828e-03	-5.913755e-04	8.060412e-03	-1.211195e-02
1.590000e+01	-9.000630e-04	4.012011e-03	-5.029794e-04	1.171476e-02	-1.120284e-02
1.595000e+01	-7.502975e-04	4.179053e-03	-6.866020e-04	1.374569e-02	-9.529892e-03
1.600000e+01	-5.495316e-04	4.454073e-03	-1.616904e-03	1.397559e-02	-8.872800e-03
1.605000e+01	-2.491370e-04	4.724276e-03	-1.212064e-03	1.284958e-02	-1.062982e-02
1.610000e+01	1.639125e-04	4.878203e-03	-5.177585e-04	1.436730e-02	-1.141977e-02
1.615000e+01	6.462001e-04	4.885209e-03	1.628709e-04	1.586472e-02	-1.091813e-02
1.620000e+01	1.108868e-03	4.769498e-03	3.121159e-04	1.568010e-02	-9.017782e-03
1.625000e+01	1.447121e-03	4.576394e-03	3.520354e-04	1.399220e-02	-6.376545e-03
1.630000e+01	1.579388e-03	4.353430e-03	6.388059e-04	1.300012e-02	-6.670509e-03
1.635000e+01	1.480583e-03	4.157931e-03	1.410667e-03	1.122660e-02	-8.011496e-03
1.640000e+01	1.195786e-03	4.060519e-03	1.578168e-03	1.042916e-02	-9.097414e-03
1.645000e+01	8.279356e-04	4.105120e-03	8.725548e-04	9.356522e-03	-9.227023e-03
1.650000e+01	5.030664e-04	4.253849e-03	7.600041e-04	1.110638e-02	-1.090414e-02
1.655000e+01	3.253236e-04	4.395924e-03	4.013925e-04	1.162942e-02	-1.291695e-02
1.660000e+01	3.381706e-04	4.415769e-03	3.810779e-04	1.117077e-02	-1.310304e-02
1.665000e+01	5.062807e-04	4.250657e-03	5.566459e-04	9.829485e-03	-1.172768e-02
1.670000e+01	7.252964e-04	3.914795e-03	9.003431e-04	9.139776e-03	-9.294833e-03
1.675000e+01	8.566897e-04	3.503320e-03	1.213877e-03	9.386830e-03	-7.161368e-03
1.680000e+01	7.759800e-04	3.174885e-03	1.156130e-03	8.256574e-03	-7.047519e-03
1.685000e+01	4.178148e-04	3.072960e-03	3.515118e-04	6.385525e-03	-6.516163e-03
1.690000e+01	-1.975230e-04	3.198362e-03	-6.539412e-05	6.055706e-03	-8.562547e-03
1.695000e+01	-9.652003e-04	3.413323e-03	-7.827623e-04	5.521345e-03	-9.983920e-03
1.700000e+01	-1.724150e-03	3.586712e-03	-1.517775e-03	5.227568e-03	-1.132645e-02
1.705000e+01	-2.310815e-03	3.681081e-03	-2.008145e-03	4.814500e-03	-1.109861e-02
1.710000e+01	-2.576751e-03	3.718665e-03	-2.363504e-03	4.714430e-03	-1.013127e-02
1.715000e+01	-2.466033e-03	3.731889e-03	-2.499160e-03	6.017503e-03	-1.114442e-02
1.720000e+01	-2.014002e-03	3.707741e-03	-2.231455e-03	6.862058e-03	-1.082670e-02
1.725000e+01	-1.330779e-03	3.600069e-03	-1.138055e-03	6.796375e-03	-9.635710e-03
1.730000e+01	-5.639663e-04	3.391067e-03	-4.029464e-04	6.888865e-03	-7.563083e-03
1.735000e+01	1.458712e-04	3.146054e-03	7.283900e-05	7.861393e-03	-6.070626e-03
1.740000e+01	7.019921e-04	3.008238e-03	4.807091e-04	7.844103e-03	-6.457351e-03
1.745000e+01	1.069445e-03	3.087954e-03	9.147218e-04	8.718456e-03	-7.484051e-03
1.750000e+01	1.270495e-03	3.332360e-03	1.164522e-03	1.012825e-02	-7.621063e-03
1.755000e+01	1.361843e-03	3.576215e-03	1.158588e-03	1.069056e-02	-6.856822e-03
1.760000e+01	1.403892e-03	3.686154e-03	1.334341e-03	1.027567e-02	-6.178368e-03
1.765000e+01	1.434091e-03	3.628899e-03	1.105128e-03	9.798735e-03	-5.703726e-03
1.770000e+01	1.453814e-03	3.469459e-03	7.696950e-04	9.964008e-03	-5.407678e-03
1.775000e+01	1.432392e-03	3.323267e-03	7.101790e-04	9.885748e-03	-6.569182e-03
1.780000e+01	1.325258e-03	3.268579e-03	1.414947e-03	1.021469e-02	-7.118817e-03
1.785000e+01	1.098022e-03	3.283345e-03	1.321074e-03	9.789615e-03	-6.787858e-03
1.790000e+01	7.465075e-04	3.287983e-03	9.191966e-04	9.875093e-03	-7.289952e-03
1.795000e+01	3.047837e-04	3.238936e-03	5.591701e-04	8.912463e-03	-8.149657e-03
1.800000e+01	-1.619262e-04	3.164451e-03	8.833400e-05	7.086973e-03	-8.600534e-03
1.805000e+01	-5.752079e-04	3.121100e-03	-8.339494e-05	5.990669e-03	-9.189659e-03
1.810000e+01	-8.726304e-04	3.099878e-03	-6.976977e-04	6.202794e-03	-9.481207e-03
1.815000e+01	-1.024066e-03	3.026876e-03	-7.926178e-04	5.983563e-03	-8.687975e-03
1.820000e+01	-1.042261e-03	2.834161e-03	-8.581027e-04	5.894141e-03	-6.645019e-03
1.825000e+01	-9.759743e-04	2.542721e-03	-1.074721e-03	5.343972e-03	-6.332142e-03
1.830000e+01	-8.902273e-04	2.287252e-03	-1.100014e-03	4.387047e-03	-5.920163e-03
1.835000e+01	-8.410399e-04	2.227732e-03	-9.260322e-04	5.170514e-03	-5.642210e-03
1.840000e+01	-8.540036e-04	2.362457e-03	-1.125990e-03	5.901263e-03	-5.735677e-03
1.845000e+01	-9.145378e-04	2.530725e-03	-1.256774e-03	5.858312e-03	-6.211130e-03
1.850000e+01	-9.733463e-04	2.606855e-03	-1.140118e-03	4.947617e-03	-6.408999e-03
1.855000e+01	-9.650390e-04	2.582823e-03	-1.134885e-03	4.506330e-03	-7.426885e-03
1.860000e+01	-8.331557e-04	2.527626e-03	-8.184734e-04	5.133441e-03	-7.487409e-03
1.865000e+01	-5.526153e-04	2.496460e-03	-5.712156e-04	6.902937e-03	-7.499929e-03
1.870000e+01	-1.416453e-04	2.469760e-03	-7.112859e-05	7.772411e-03	-6.899058e-03
1.875000e+01	3.409102e-04	2.391432e-03	4.232203e-04	7.516129e-03	-5.954583e-03
1.880000e+01	8.118163e-04	2.253476e-03	8.415188e-04	6.733465e-03	-4.335815e-03
1.885000e+01	1.187454e-03	2.130545e-03	1.363813e-03	7.010874e-03	-4.054004e-03
1.890000e+01	1.407372e-03	2.118991e-03	1.549053e-03	6.653719e-03	-3.341534e-03
1.895000e+01	1.449648e-03	2.220488e-03	1.393491e-03	6.866144e-03	-3.285467e-03
1.900000e+01	1.333472e-03	2.336059e-03	9.922244e-04	6.534747e-03	-3.640216e-03
1.905000e+01	1.108828e-03	2.383539e-03	8.509037e-04	7.014749e-03	-3.790624e-03
1.910000e+01	8.388325e-04	2.352335e-03	6.134613e-04	6.701017e-03	-4.468856e-03
1.915000e+01	5.795180e-04	2.304320e-03	5.718423e-04	5.621431e-03	-4.427584e-03
1.920000e+01	3.640218e-04	2.305762e-03	4.853632e-04	5.060110e-03	-6.339341e-03
1.925000e+01	1.974356e-04	2.371816e-03	2.200043e-04	5.216960e-03	-7.401989e-03
1.930000e+01	6.233214e-05	2.475130e-03	-8.219117e-06	5.131311e-03	-7.390937e-03
1.935000e+01	-6.832132e-05	2.586139e-03	-2.293876e-04	5.104944e-03	-6.984120e-03
1.940000e+01	-2.165323e-04	2.677900e-03	-1.548288e-04	5.423743e-03	-7.493101e-03
1.945000e+01	-3.886843e-04	2.706456e-03	-5.710258e-04	5.737204e-03	-7.653134e-03
1.950000e+01	-5.726315e-04	2.616892e-03	-7.240516e-04	5.888553e-03	-6.977982e-03
1.955000e+01	-7.428484e-04	2.386027e-03	-7.369571e-04	5.372039e-03	-6.260217e-03
1.960000e+01	-8.708250e-04	2.076178e-03	-7.713349e-04	4.204589e-03	-6.465292e-03
1.965000e+01	-9.360681e-04	1.863898e-03	-9.138641e-04	3.139008e-03	-6.743470e-03
1.970000e+01	-9.331884e-04	1.933161e-03	-1.124405e-03	4.617170e-03	-6.100637e-03
1.975000e+01	-8.724527e-04	2.233282e-03	-1.070742e-03	5.468589e-03	-5.789758e-03
1.980000e+01	-7.739887e-04	2.550140e-03	-1.145907e-03	5.433718e-03	-6.310257e-03
1.985000e+01	-6.584000e-04	2.726972e-03	-8.750876e-04	7.134832e-03	-6.354101e-03
1.990000e+01	-5.378774e-04	2.704419e-03	-6.077189e-04	8.018966e-03	-5.954110e-03
1.995000e+01	-4.115309e-04	2.496303e-03	-3.958618e-04	7.533343e-03	-6.464327e-03
2.000000e+01	-2.668527e-04	2.175888e-03	-2.053276e-04	5.827659e-03	-6.211704e-03
