# k	<chi>	std	chi_median	chi_max	chi_min
0.000000e+00	-1.448527e-02	1.458781e-01	0.000000e+00	3.858860e-01	-5.057614e-01
5.000000e-02	-3.839945e-02	2.037052e-01	-6.458939e-03	3.875262e-01	-5.220111e-01
1.000000e-01	-4.666743e-02	2.031388e-01	-1.714508e-02	3.713838e-01	-5.346641e-01
1.500000e-01	-7.192415e-02	2.030000e-01	-4.286284e-02	3.220677e-01	-5.711552e-01
2.000000e-01	-9.815988e-02	2.049178e-01	-5.459145e-02	2.713245e-01	-6.061930e-01
2.500000e-01	-1.425697e-01	2.119470e-01	-7.641458e-02	1.848941e-01	-6.601398e-01
3.000000e-01	-1.887769e-01	2.221148e-01	-1.051283e-01	9.547728e-02	-7.127963e-01
3.500000e-01	-2.528088e-01	2.397232e-01	-1.375293e-01	4.307554e-02	-7.843045e-01
4.000000e-01	-3.174274e-01	2.580921e-01	-2.107443e-01	6.704221e-03	-8.572094e-01
4.500000e-01	-3.955966e-01	2.808170e-01	-3.147965e-01	-8.938502e-03	-9.496473e-01
5.000000e-01	-4.694223e-01	2.993958e-01	-4.330983e-01	-2.600214e-02	-1.019445e+00
5.500000e-01	-5.465486e-01	3.155801e-01	-5.582243e-01	-5.818440e-02	-1.071666e+00
6.000000e-01	-6.103200e-01	3.227244e-01	-6.597538e-01	-9.766530e-02	-1.100835e+00
6.500000e-01	-6.619978e-01	3.203269e-01	-7.236297e-01	-1.385934e-01	-1.148967e+00
7.000000e-01	-6.897035e-01	3.063999e-01	-7.218183e-01	-1.792367e-01	-1.150235e+00
7.500000e-01	-6.898340e-01	2.794668e-01	-6.940237e-01	-2.226582e-01	-1.143084e+00
8.000000e-01	-6.597198e-01	2.435586e-01	-6.126513e-01	-2.554241e-01	-1.096234e+00
8.500000e-01	-5.952058e-01	1.986483e-01	-5.367040e-01	-2.700002e-01	-1.000102e+00
9.000000e-01	-5.056494e-01	1.543089e-01	-4.534778e-01	-2.730715e-01	-8.605588e-01
9.500000e-01	-3.911731e-01	1.148905e-01	-3.748538e-01	-1.654297e-01	-6.832445e-01
1.000000e+00	-2.710998e-01	9.306615e-02	-2.845100e-01	-5.034640e-02	-4.831065e-01
1.050000e+00	-1.509546e-01	8.969890e-02	-1.689391e-01	6.799688e-02	-3.064946e-01
1.100000e+00	-5.131452e-02	9.472562e-02	-4.963840e-02	1.615638e-01	-2.583444e-01
1.150000e+00	2.144699e-02	9.752816e-02	4.345745e-02	2.090723e-01	-2.081717e-01
1.200000e+00	5.758997e-02	9.449220e-02	7.084525e-02	2.462582e-01	-1.643550e-01
1.250000e+00	5.754434e-02	8.990868e-02	6.163119e-02	2.780558e-01	-1.273388e-01
1.300000e+00	2.899907e-02	8.976118e-02	2.144110e-02	2.694771e-01	-1.238052e-01
1.350000e+00	-1.793895e-02	9.772895e-02	-3.866598e-02	2.315355e-01	-1.839431e-01
1.400000e+00	-6.416068e-02	1.079980e-01	-8.185287e-02	1.806167e-01	-2.391617e-01
1.450000e+00	-9.689575e-02	1.138024e-01	-1.087546e-01	1.265648e-01	-2.642579e-01
1.500000e+00	-1.022045e-01	1.089231e-01	-1.015910e-01	8.646114e-02	-2.732785e-01
1.550000e+00	-7.621229e-02	9.167079e-02	-6.514334e-02	7.763904e-02	-2.384967e-01
1.600000e+00	-2.317117e-02	6.455392e-02	-9.057077e-03	9.392681e-02	-1.689001e-01
1.650000e+00	4.781434e-02	3.603284e-02	5.190130e-02	1.268323e-01	-5.408198e-02
1.700000e+00	1.180275e-01	3.574758e-02	1.113144e-01	2.105156e-01	3.449325e-02
1.750000e+00	1.752304e-01	6.126912e-02	1.634316e-01	2.738576e-01	7.155755e-02
1.800000e+00	2.039403e-01	8.217639e-02	1.927086e-01	3.265369e-01	9.115050e-02
1.850000e+00	2.029728e-01	9.212642e-02	1.928244e-01	3.478179e-01	7.717005e-02
1.900000e+00	1.731240e-01	8.886929e-02	1.660186e-01	3.186798e-01	4.868775e-02
1.950000e+00	1.262113e-01	7.613437e-02	1.238328e-01	2.488645e-01	7.076268e-03
2.000000e+00	7.433095e-02	5.830329e-02	8.261041e-02	1.628324e-01	-3.291768e-02
2.050000e+00	2.935839e-02	4.164977e-02	4.399045e-02	9.699100e-02	-6.562098e-02
2.100000e+00	1.568650e-03	3.187559e-02	1.246267e-02	5.455399e-02	-7.644315e-02
2.150000e+00	-7.162988e-03	2.741950e-02	-6.827089e-03	4.835275e-02	-6.713371e-02
2.200000e+00	-2.123834e-03	2.316146e-02	-4.721691e-03	4.700094e-02	-4.755915e-02
2.250000e+00	5.547625e-03	1.994762e-02	3.677901e-03	5.345166e-02	-3.431190e-02
2.300000e+00	1.092668e-02	1.664869e-02	9.754675e-03	5.419409e-02	-2.272653e-02
2.350000e+00	1.059741e-02	1.402520e-02	1.060644e-02	4.761009e-02	-2.250544e-02
2.400000e+00	4.595982e-03	1.298141e-02	2.574268e-03	3.685476e-02	-2.581287e-02
2.450000e+00	-3.418735e-04	1.260514e-02	-4.875919e-03	2.919668e-02	-2.615034e-02
2.500000e+00	-6.020375e-03	1.239888e-02	-1.066697e-02	2.040355e-02	-2.719233e-02
2.550000e+00	-1.110914e-02	1.168164e-02	-1.352558e-02	1.120239e-02	-3.314853e-02
2.600000e+00	-1.445873e-02	1.011191e-02	-1.493380e-02	4.338187e-03	-3.422435e-02
2.650000e+00	-1.759983e-02	8.431503e-03	-1.732884e-02	-1.533774e-03	-3.511797e-02
2.700000e+00	-1.882102e-02	6.628269e-03	-1.874452e-02	-5.409305e-03	-3.252570e-02
2.750000e+00	-1.806509e-02	5.189042e-03	-1.863840e-02	-4.379584e-03	-2.984472e-02
2.800000e+00	-1.568221e-02	4.578492e-03	-1.612602e-02	-2.689941e-03	-2.627235e-02
2.850000e+00	-1.325156e-02	4.962615e-03	-1.363527e-02	-3.798315e-04	-2.627465e-02
2.900000e+00	-9.794598e-03	5.485990e-03	-9.992470e-03	4.905875e-03	-2.540937e-02
2.950000e+00	-5.920761e-03	5.832719e-03	-5.585586e-03	9.979304e-03	-2.246924e-02
3.000000e+00	-2.153166e-03	5.935687e-03	-1.057263e-03	1.369463e-02	-1.807527e-02
3.050000e+00	1.444453e-03	6.028813e-03	2.273774e-03	1.571725e-02	-1.290906e-02
3.100000e+00	4.378058e-03	6.012375e-03	4.636338e-03	1.590661e-02	-1.004290e-02
3.150000e+00	6.546080e-03	5.805941e-03	6.507073e-03	1.897465e-02	-8.082038e-03
3.200000e+00	8.025461e-03	5.288987e-03	7.484525e-03	1.976480e-02	-5.097211e-03
3.250000e+00	8.921168e-03	4.222515e-03	8.376240e-03	1.843846e-02	-7.418010e-04
3.300000e+00	9.478717e-03	3.048606e-03	9.551997e-03	1.891508e-02	1.901187e-03
3.350000e+00	9.854546e-03	2.812713e-03	9.803740e-03	1.738274e-02	2.039411e-03
3.400000e+00	1.005783e-02	3.865210e-03	1.022151e-02	1.882114e-02	-1.839632e-03
3.450000e+00	1.005513e-02	5.091057e-03	1.086136e-02	2.188364e-02	-4.790936e-03
3.500000e+00	9.613571e-03	5.621574e-03	1.049716e-02	2.296487e-02	-6.136795e-03
3.550000e+00	8.514617e-03	5.252932e-03	9.016279e-03	2.230022e-02	-6.385678e-03
3.600000e+00	6.651192e-03	4.301737e-03	6.365751e-03	1.979135e-02	-5.948237e-03
3.650000e+00	4.161935e-03	3.811484e-03	4.180359e-03	1.515069e-02	-7.113832e-03
3.700000e+00	1.094177e-03	4.790911e-03	1.445119e-03	1.192667e-02	-1.158241e-02
3.750000e+00	-2.276685e-03	6.241635e-03	-2.365791e-03	1.303676e-02	-1.609885e-02
3.800000e+00	-5.682543e-03	7.021757e-03	-6.697140e-03	1.273792e-02	-2.000631e-02
3.850000e+00	-8.911608e-03	6.692877e-03	-1.016749e-02	9.020387e-03	-2.189801e-02
3.900000e+00	-1.200985e-02	5.046753e-03	-1.284943e-02	1.294308e-03	-2.159116e-02
3.950000e+00	-1.493224e-02	2.902289e-03	-1.512473e-02	-6.035514e-03	-2.255330e-02
4.000000e+00	-1.755784e-02	3.399856e-03	-1.742415e-02	-9.240796e-03	-2.659300e-02
4.050000e+00	-1.977721e-02	6.289250e-03	-1.963074e-02	-5.168620e-03	-3.421790e-02
4.100000e+00	-2.114972e-02	8.833024e-03	-2.083669e-02	-1.445168e-03	-3.944268e-02
4.150000e+00	-2.107499e-02	1.012680e-02	-2.090042e-02	1.547582e-03	-4.210371e-02
4.200000e+00	-1.899802e-02	9.903246e-03	-1.959654e-02	3.661727e-03	-3.996778e-02
4.250000e+00	-1.503360e-02	8.535748e-03	-1.653598e-02	4.894000e-03	-3.537577e-02
4.300000e+00	-8.931739e-03	6.516289e-03	-9.731050e-03	6.917424e-03	-2.657526e-02
4.350000e+00	-1.220840e-03	5.062729e-03	-8.031135e-04	1.132992e-02	-1.452486e-02
4.400000e+00	7.154357e-03	5.322517e-03	7.260280e-03	2.205630e-02	-5.635703e-03
4.450000e+00	1.487880e-02	6.534443e-03	1.489898e-02	2.998779e-02	-3.772542e-03
4.500000e+00	2.126157e-02	7.572075e-03	2.135780e-02	3.487254e-02	-3.060129e-03
4.550000e+00	2.563446e-02	8.082307e-03	2.616709e-02	4.005704e-02	-1.680251e-03
4.600000e+00	2.780495e-02	8.122599e-03	2.919272e-02	4.289992e-02	3.037198e-04
4.650000e+00	2.807296e-02	7.925666e-03	2.982775e-02	4.285742e-02	2.700341e-03
4.700000e+00	2.699028e-02	7.866686e-03	2.932221e-02	4.204636e-02	5.418425e-03
4.750000e+00	2.509207e-02	8.272758e-03	2.777275e-02	4.035632e-02	7.392570e-03
4.800000e+00	2.271999e-02	9.142524e-03	2.533523e-02	3.911702e-02	6.023836e-04
4.850000e+00	1.990790e-02	1.005282e-02	2.167323e-02	4.128868e-02	-5.030492e-03
4.900000e+00	1.643610e-02	1.047711e-02	1.714285e-02	4.109977e-02	-9.359400e-03
4.950000e+00	1.199320e-02	1.015809e-02	1.193455e-02	3.745531e-02	-1.177961e-02
5.000000e+00	6.408129e-03	9.330284e-03	5.959548e-03	2.980598e-02	-1.414559e-02
5.050000e+00	-1.492079e-04	8.658794e-03	-2.916102e-04	1.844992e-02	-1.911968e-02
5.100000e+00	-7.099871e-03	8.693393e-03	-6.702863e-03	1.584494e-02	-2.700019e-02
5.150000e+00	-1.363720e-02	9.145290e-03	-1.431012e-02	1.260709e-02	-3.284256e-02
5.200000e+00	-1.892550e-02	9.365709e-03	-2.058162e-02	8.901529e-03	-3.566955e-02
5.250000e+00	-2.232731e-02	9.157054e-03	-2.366879e-02	5.020926e-03	-3.969379e-02
5.300000e+00	-2.375738e-02	8.868210e-03	-2.336884e-02	1.446975e-03	-4.606271e-02
5.350000e+00	-2.361572e-02	8.817214e-03	-2.228719e-02	3.766444e-04	-4.890727e-02
5.400000e+00	-2.266536e-02	8.774217e-03	-2.096867e-02	4.685144e-04	-4.794658e-02
5.450000e+00	-2.162377e-02	8.429558e-03	-2.043324e-02	4.191384e-05	-4.433228e-02
5.500000e+00	-2.116910e-02	8.475706e-03	-2.117445e-02	-1.018133e-03	-4.194595e-02
5.550000e+00	-2.139051e-02	1.028742e-02	-2.242720e-02	4.373613e-03	-4.084386e-02
5.600000e+00	-2.182630e-02	1.368685e-02	-2.306464e-02	9.979595e-03	-5.000522e-02
5.650000e+00	-2.153075e-02	1.701075e-02	-2.137709e-02	1.517177e-02	-5.712272e-02
5.700000e+00	-1.967816e-02	1.890232e-02	-1.863224e-02	2.193989e-02	-5.859879e-02
5.750000e+00	-1.563146e-02	1.867139e-02	-1.587343e-02	3.053096e-02	-5.161436e-02
5.800000e+00	-9.300729e-03	1.647539e-02	-1.178788e-02	3.725854e-02	-4.185156e-02
5.850000e+00	-1.155676e-03	1.331713e-02	-4.015546e-03	4.099076e-02	-3.145402e-02
5.900000e+00	7.692675e-03	1.120737e-02	7.200947e-03	4.114634e-02	-2.255061e-02
5.950000e+00	1.603666e-02	1.165864e-02	1.523261e-02	4.586532e-02	-1.644558e-02
6.000000e+00	2.282852e-02	1.375241e-02	2.184191e-02	5.677860e-02	-9.100938e-03
6.050000e+00	2.742901e-02	1.588503e-02	2.564734e-02	6.484283e-02	-1.142726e-03
6.100000e+00	2.965652e-02	1.749127e-02	2.963321e-02	6.569736e-02	-1.165170e-03
6.150000e+00	2.981661e-02	1.863055e-02	3.065177e-02	6.745150e-02	-7.740889e-03
6.200000e+00	2.842643e-02	1.948040e-02	2.967118e-02	6.673285e-02	-1.378251e-02
6.250000e+00	2.598000e-02	2.005648e-02	2.704298e-02	6.570191e-02	-1.980012e-02
6.300000e+00	2.279178e-02	2.016857e-02	2.439799e-02	6.277933e-02	-2.520054e-02
6.350000e+00	1.897160e-02	1.953082e-02	2.008895e-02	5.903581e-02	-2.803995e-02
6.400000e+00	1.451940e-02	1.795078e-02	1.476044e-02	5.458159e-02	-2.933466e-02
6.450000e+00	9.474254e-03	1.555450e-02	9.744413e-03	4.803013e-02	-3.322982e-02
6.500000e+00	4.031363e-03	1.300577e-02	4.467859e-03	3.735592e-02	-3.561202e-02
6.550000e+00	-1.517760e-03	1.148447e-02	-1.597489e-03	2.878998e-02	-3.786289e-02
6.600000e+00	-6.618093e-03	1.192874e-02	-6.027594e-03	2.220497e-02	-3.936040e-02
6.650000e+00	-1.088728e-02	1.367359e-02	-1.174340e-02	2.009588e-02	-3.952965e-02
6.700000e+00	-1.416612e-02	1.557341e-02	-1.641760e-02	2.591205e-02	-4.737387e-02
6.750000e+00	-1.656929e-02	1.714068e-02	-1.761711e-02	2.906039e-02	-5.146250e-02
6.800000e+00	-1.840746e-02	1.843662e-02	-2.013650e-02	2.911758e-02	-5.248028e-02
6.850000e+00	-2.000676e-02	1.964750e-02	-2.423100e-02	2.604139e-02	-5.323443e-02
6.900000e+00	-2.150374e-02	2.076474e-02	-2.756593e-02	2.192169e-02	-5.853437e-02
6.950000e+00	-2.271312e-02	2.150092e-02	-3.027760e-02	2.656803e-02	-6.233557e-02
7.000000e+00	-2.314046e-02	2.140278e-02	-3.008585e-02	2.749872e-02	-6.215315e-02
7.050000e+00	-2.209570e-02	1.999506e-02	-2.915515e-02	2.472264e-02	-5.651453e-02
7.100000e+00	-1.911415e-02	1.723018e-02	-2.369566e-02	1.911087e-02	-4.964363e-02
7.150000e+00	-1.409383e-02	1.367522e-02	-1.552677e-02	1.818679e-02	-4.359237e-02
7.200000e+00	-7.459305e-03	1.105727e-02	-7.674598e-03	1.869758e-02	-3.354888e-02
7.250000e+00	-1.052261e-04	1.156923e-02	-1.232568e-04	2.900251e-02	-3.043508e-02
7.300000e+00	6.843805e-03	1.434884e-02	6.278256e-03	4.018829e-02	-2.810553e-02
7.350000e+00	1.237267e-02	1.689516e-02	1.251102e-02	4.716296e-02	-2.707177e-02
7.400000e+00	1.588571e-02	1.798013e-02	1.574973e-02	5.014509e-02	-2.648854e-02
7.450000e+00	1.736569e-02	1.756774e-02	1.772010e-02	4.736167e-02	-2.203355e-02
7.500000e+00	1.731851e-02	1.636494e-02	1.763957e-02	5.271889e-02	-1.604009e-02
7.550000e+00	1.649781e-02	1.526321e-02	1.733277e-02	5.484048e-02	-1.932207e-02
7.600000e+00	1.565411e-02	1.485161e-02	1.541077e-02	5.391122e-02	-2.103641e-02
7.650000e+00	1.514729e-02	1.497909e-02	1.455838e-02	5.053734e-02	-2.152757e-02
7.700000e+00	1.485824e-02	1.517648e-02	1.460102e-02	5.455189e-02	-2.112417e-02
7.750000e+00	1.428289e-02	1.505452e-02	1.532097e-02	5.474697e-02	-2.023558e-02
7.800000e+00	1.280016e-02	1.437228e-02	1.513971e-02	4.931638e-02	-2.086509e-02
7.850000e+00	9.998749e-03	1.306124e-02	1.204855e-02	4.155948e-02	-2.289752e-02
7.900000e+00	5.921675e-03	1.137657e-02	6.794182e-03	3.782108e-02	-2.801166e-02
7.950000e+00	1.120341e-03	1.005098e-02	2.281564e-03	3.742677e-02	-3.414105e-02
8.000000e+00	-3.511636e-03	1.000033e-02	-2.990611e-03	3.319844e-02	-3.576587e-02
8.050000e+00	-7.085663e-03	1.127339e-02	-7.271555e-03	2.610108e-02	-3.519638e-02
8.100000e+00	-8.980899e-03	1.301390e-02	-8.685362e-03	2.275300e-02	-4.080536e-02
8.150000e+00	-9.196529e-03	1.438671e-02	-7.253547e-03	2.203235e-02	-4.379956e-02
8.200000e+00	-8.306787e-03	1.503161e-02	-6.776378e-03	2.196646e-02	-4.389705e-02
8.250000e+00	-7.234866e-03	1.511658e-02	-8.674855e-03	2.449312e-02	-3.945319e-02
8.300000e+00	-6.884086e-03	1.534268e-02	-9.084358e-03	2.557988e-02	-4.052136e-02
8.350000e+00	-7.771803e-03	1.649168e-02	-9.216979e-03	2.686178e-02	-5.202559e-02
8.400000e+00	-9.811548e-03	1.847536e-02	-8.706257e-03	2.854153e-02	-6.498735e-02
8.450000e+00	-1.233037e-02	2.020385e-02	-8.963103e-03	3.087070e-02	-7.100659e-02
8.500000e+00	-1.431521e-02	2.047283e-02	-1.040175e-02	3.499808e-02	-6.952379e-02
8.550000e+00	-1.476301e-02	1.869747e-02	-1.320830e-02	3.644754e-02	-6.728257e-02
8.600000e+00	-1.311829e-02	1.554380e-02	-1.388296e-02	3.397063e-02	-6.086241e-02
8.650000e+00	-9.440176e-03	1.312806e-02	-1.130309e-02	2.982959e-02	-4.506596e-02
8.700000e+00	-4.387524e-03	1.381721e-02	-5.548015e-03	3.780954e-02	-3.441288e-02
8.750000e+00	1.021315e-03	1.668421e-02	-1.732836e-03	5.891307e-02	-3.180149e-02
8.800000e+00	5.763779e-03	1.923945e-02	-2.967562e-04	6.879980e-02	-3.178864e-02
8.850000e+00	9.142374e-03	2.035008e-02	4.974669e-03	6.703256e-02	-2.899592e-02
8.900000e+00	1.096452e-02	2.012539e-02	9.654512e-03	5.871808e-02	-4.023803e-02
8.950000e+00	1.151564e-02	1.924329e-02	1.407474e-02	5.619387e-02	-4.733770e-02
9.000000e+00	1.135374e-02	1.829024e-02	1.365763e-02	5.291585e-02	-4.928924e-02
9.050000e+00	1.103622e-02	1.739893e-02	1.272846e-02	4.574428e-02	-4.640694e-02
9.100000e+00	1.083454e-02	1.637110e-02	1.197838e-02	4.356934e-02	-3.971768e-02
9.150000e+00	1.068061e-02	1.509579e-02	1.162321e-02	4.259537e-02	-3.068943e-02
9.200000e+00	1.022686e-02	1.367979e-02	1.064264e-02	4.254928e-02	-2.667036e-02
9.250000e+00	9.055353e-03	1.237894e-02	8.827022e-03	4.083816e-02	-2.756605e-02
9.300000e+00	6.918216e-03	1.150883e-02	7.189354e-03	3.451882e-02	-2.661451e-02
9.350000e+00	3.899257e-03	1.130089e-02	4.066653e-03	2.600746e-02	-2.389140e-02
9.400000e+00	4.249796e-04	1.169008e-02	1.080080e-03	2.872683e-02	-2.889134e-02
9.450000e+00	-2.879026e-03	1.237956e-02	-2.786604e-03	2.741723e-02	-3.340354e-02
9.500000e+00	-5.422645e-03	1.319605e-02	-5.324163e-03	3.422864e-02	-3.969359e-02
9.550000e+00	-6.893403e-03	1.421667e-02	-7.727536e-03	3.910398e-02	-3.960676e-02
9.600000e+00	-7.303890e-03	1.540434e-02	-8.518230e-03	4.090220e-02	-4.503694e-02
9.650000e+00	-7.031778e-03	1.636922e-02	-7.570742e-03	3.959320e-02	-4.665467e-02
9.700000e+00	-6.614812e-03	1.658198e-02	-7.307249e-03	3.883593e-02	-4.342827e-02
9.750000e+00	-6.506791e-03	1.585436e-02	-6.965388e-03	3.518411e-02	-3.915703e-02
9.800000e+00	-6.874491e-03	1.462386e-02	-8.341185e-03	3.520737e-02	-3.788907e-02
9.850000e+00	-7.522393e-03	1.372121e-02	-1.022792e-02	3.690204e-02	-3.432267e-02
9.900000e+00	-7.977437e-03	1.351680e-02	-1.033157e-02	3.495585e-02	-4.684958e-02
9.950000e+00	-7.698209e-03	1.343111e-02	-8.196633e-03	3.327485e-02	-5.331547e-02
1.000000e+01	-6.320766e-03	1.272860e-02	-5.050903e-03	2.963188e-02	-4.981081e-02
1.005000e+01	-3.820436e-03	1.143512e-02	-2.917488e-03	2.593309e-02	-3.677239e-02
1.010000e+01	-5.998361e-04	1.052266e-02	-1.580467e-04	2.611137e-02	-3.201738e-02
1.015000e+01	2.669010e-03	1.094228e-02	3.066895e-03	3.298032e-02	-2.942545e-02
1.020000e+01	5.266507e-03	1.226282e-02	5.809957e-03	4.054924e-02	-2.806944e-02
1.025000e+01	6.679292e-03	1.336914e-02	7.132954e-03	4.230662e-02	-2.563156e-02
1.030000e+01	6.774982e-03	1.369324e-02	6.230223e-03	4.681351e-02	-2.466350e-02
1.035000e+01	5.831395e-03	1.332089e-02	5.595690e-03	4.438423e-02	-2.663904e-02
1.040000e+01	4.413044e-03	1.263937e-02	4.420854e-03	4.046720e-02	-2.803702e-02
1.045000e+01	3.148032e-03	1.198100e-02	3.925609e-03	3.845311e-02	-2.854598e-02
1.050000e+01	2.495316e-03	1.147104e-02	4.049929e-03	3.437459e-02	-2.893638e-02
1.055000e+01	2.591769e-03	1.107687e-02	4.855448e-03	2.932378e-02	-2.905250e-02
1.060000e+01	3.232435e-03	1.066265e-02	5.532788e-03	2.538852e-02	-2.991144e-02
1.065000e+01	3.982130e-03	1.002613e-02	5.691372e-03	2.513041e-02	-2.889536e-02
1.070000e+01	4.365333e-03	9.064224e-03	5.559384e-03	2.616029e-02	-2.588678e-02
1.075000e+01	4.054535e-03	8.043724e-03	4.654343e-03	2.502497e-02	-2.064952e-02
1.080000e+01	2.984170e-03	7.676118e-03	2.764952e-03	2.283395e-02	-1.602088e-02
1.085000e+01	1.352789e-03	8.436989e-03	6.638952e-04	2.593907e-02	-2.355470e-02
1.090000e+01	-4.760474e-04	9.844353e-03	-1.420398e-03	2.912167e-02	-2.943539e-02
1.095000e+01	-2.124122e-03	1.113666e-02	-2.815878e-03	3.013912e-02	-3.102034e-02
1.100000e+01	-3.334277e-03	1.193041e-02	-4.407578e-03	2.830443e-02	-2.882649e-02
1.105000e+01	-4.045433e-03	1.223209e-02	-5.893175e-03	2.874498e-02	-3.271773e-02
1.110000e+01	-4.347933e-03	1.215473e-02	-6.901000e-03	3.081361e-02	-3.278364e-02
1.115000e+01	-4.425192e-03	1.181209e-02	-6.697479e-03	3.118306e-02	-2.958586e-02
1.120000e+01	-4.433717e-03	1.125231e-02	-6.469791e-03	2.954497e-02	-2.681398e-02
1.125000e+01	-4.422017e-03	1.051022e-02	-5.760418e-03	2.634779e-02	-2.943777e-02
1.130000e+01	-4.313896e-03	9.641873e-03	-5.087728e-03	2.464880e-02	-3.050328e-02
1.135000e+01	-3.959600e-03	8.725425e-03	-4.997158e-03	2.344976e-02	-2.982864e-02
1.140000e+01	-3.227049e-03	7.906142e-03	-4.188064e-03	2.059974e-02	-2.574297e-02
1.145000e+01	-2.088259e-03	7.465111e-03	-2.315607e-03	2.209323e-02	-2.066439e-02
1.150000e+01	-6.598019e-04	7.683431e-03	-1.100354e-03	2.523851e-02	-2.119530e-02
1.155000e+01	8.218249e-04	8.490108e-03	6.038907e-04	2.622703e-02	-2.139042e-02
1.160000e+01	2.079360e-03	9.472874e-03	2.374808e-03	2.720289e-02	-2.289207e-02
1.165000e+01	2.893913e-03	1.024492e-02	3.955540e-03	2.533071e-02	-2.241043e-02
1.170000e+01	3.181501e-03	1.063492e-02	5.263153e-03	2.295927e-02	-2.294111e-02
1.175000e+01	3.015268e-03	1.065372e-02	5.277410e-03	2.231081e-02	-2.584856e-02
1.180000e+01	2.585888e-03	1.038520e-02	4.789550e-03	2.133788e-02	-2.670528e-02
1.185000e+01	2.119171e-03	9.905530e-03	3.745998e-03	2.198888e-02	-2.546000e-02
1.190000e+01	1.787143e-03	9.266305e-03	3.007766e-03	2.301092e-02	-2.233716e-02
1.195000e+01	1.649776e-03	8.502752e-03	2.604541e-03	2.233093e-02	-2.143644e-02
1.200000e+01	1.649433e-03	7.635493e-03	2.353786e-03	1.950988e-02	-2.010425e-02
1.205000e+01	1.653372e-03	6.722168e-03	2.311532e-03	1.517507e-02	-1.696497e-02
1.210000e+01	1.534588e-03	5.964474e-03	1.720034e-03	1.552217e-02	-1.534365e-02
1.215000e+01	1.232274e-03	5.799078e-03	1.208806e-03	1.584343e-02	-1.659658e-02
1.220000e+01	7.811334e-04	6.459423e-03	1.019854e-03	1.537785e-02	-1.688501e-02
1.225000e+01	2.923135e-04	7.550070e-03	8.629609e-04	1.880803e-02	-1.947089e-02
1.230000e+01	-1.031542e-04	8.487495e-03	3.792400e-04	2.114660e-02	-2.088154e-02
1.235000e+01	-3.208374e-04	8.945159e-03	-8.760168e-04	2.406446e-02	-2.032935e-02
1.240000e+01	-3.677197e-04	8.915225e-03	-1.821991e-03	2.369168e-02	-1.784942e-02
1.245000e+01	-3.439794e-04	8.594252e-03	-1.779751e-03	2.071759e-02	-1.640017e-02
1.250000e+01	-3.999864e-04	8.187555e-03	-1.679643e-03	2.079036e-02	-2.048745e-02
1.255000e+01	-6.669577e-04	7.766061e-03	-1.238332e-03	2.127523e-02	-2.244340e-02
1.260000e+01	-1.191599e-03	7.312752e-03	-1.169212e-03	1.985406e-02	-2.181004e-02
1.265000e+01	-1.903606e-03	6.873253e-03	-2.097026e-03	1.672620e-02	-1.972020e-02
1.270000e+01	-2.630950e-03	6.588021e-03	-2.912085e-03	1.363537e-02	-2.136490e-02
1.275000e+01	-3.157675e-03	6.553781e-03	-3.422022e-03	1.380810e-02	-2.048625e-02
1.280000e+01	-3.301193e-03	6.723520e-03	-3.874140e-03	1.410442e-02	-1.962917e-02
1.285000e+01	-2.978273e-03	7.006880e-03	-3.172886e-03	1.548692e-02	-2.147580e-02
1.290000e+01	-2.234095e-03	7.386905e-03	-2.188942e-03	1.949255e-02	-2.348793e-02
1.295000e+01	-1.224285e-03	7.873098e-03	-1.255283e-03	2.136836e-02	-2.277306e-02
1.300000e+01	-1.589354e-04	8.391975e-03	1.595659e-04	2.458283e-02	-2.275015e-02
1.305000e+01	7.695849e-04	8.806607e-03	1.428332e-03	2.511629e-02	-2.223104e-02
1.310000e+01	1.443510e-03	8.940147e-03	2.175216e-03	2.465078e-02	-1.996030e-02
1.315000e+01	1.837207e-03	8.721592e-03	2.656846e-03	2.400578e-02	-2.260213e-02
1.320000e+01	2.005363e-03	8.192345e-03	3.238598e-03	2.397707e-02	-2.196542e-02
1.325000e+01	2.040790e-03	7.488613e-03	2.962706e-03	2.130542e-02	-1.869156e-02
1.330000e+01	2.025876e-03	6.790044e-03	2.390654e-03	1.756766e-02	-1.439745e-02
1.335000e+01	1.998820e-03	6.232252e-03	1.869161e-03	1.799869e-02	-1.384694e-02
1.340000e+01	1.946935e-03	5.828969e-03	1.987474e-03	1.915047e-02	-1.190593e-02
1.345000e+01	1.826054e-03	5.508056e-03	2.058239e-03	1.838203e-02	-1.295163e-02
1.350000e+01	1.593533e-03	5.254640e-03	1.610497e-03	1.684362e-02	-1.473926e-02
1.355000e+01	1.237530e-03	5.188243e-03	1.400077e-03	1.660429e-02	-1.416827e-02
1.360000e+01	7.886573e-04	5.437900e-03	7.373524e-04	1.639521e-02	-1.381391e-02
1.365000e+01	3.096203e-04	5.947677e-03	-1.963360e-04	1.631353e-02	-1.416566e-02
1.370000e+01	-1.307137e-04	6.508200e-03	-8.177379e-04	1.788482e-02	-1.562011e-02
1.375000e+01	-4.853280e-04	6.927706e-03	-1.024473e-03	1.889090e-02	-1.634848e-02
1.380000e+01	-7.453641e-04	7.097331e-03	-1.450100e-03	1.829416e-02	-1.762934e-02
1.385000e+01	-9.372217e-04	6.957678e-03	-1.822778e-03	1.692950e-02	-1.844039e-02
1.390000e+01	-1.102539e-03	6.477370e-03	-1.664091e-03	1.641133e-02	-1.711933e-02
1.395000e+01	-1.271444e-03	5.703059e-03	-1.503873e-03	1.329932e-02	-1.387065e-02
1.400000e+01	-1.442572e-03	4.850515e-03	-1.639361e-03	1.104467e-02	-1.459904e-02
1.405000e+01	-1.586719e-03	4.320831e-03	-1.686228e-03	1.120162e-02	-1.451067e-02
1.410000e+01	-1.639363e-03	4.336260e-03	-1.646121e-03	1.076634e-02	-1.528042e-02
1.415000e+01	-1.551175e-03	4.634688e-03	-1.821046e-03	9.610644e-03	-1.723801e-02
1.420000e+01	-1.309304e-03	4.826382e-03	-1.333179e-03	1.118035e-02	-1.538600e-02
1.425000e+01	-9.491243e-04	4.830386e-03	-7.225901e-04	1.253504e-02	-1.406055e-02
1.430000e+01	-5.439406e-04	4.864703e-03	-5.027044e-04	1.241079e-02	-1.382882e-02
1.435000e+01	-1.764968e-04	5.131570e-03	-1.423219e-04	1.328454e-02	-1.405217e-02
1.440000e+01	9.510707e-05	5.519735e-03	1.121498e-04	1.527099e-02	-1.353908e-02
1.445000e+01	2.614044e-04	5.738009e-03	1.540148e-04	1.796206e-02	-1.201288e-02
1.450000e+01	3.639086e-04	5.617554e-03	3.534921e-04	1.842784e-02	-1.214816e-02
1.455000e+01	4.738605e-04	5.223401e-03	2.974259e-04	1.632225e-02	-1.138399e-02
1.460000e+01	6.561813e-04	4.782229e-03	4.633790e-04	1.202406e-02	-9.229949e-03
1.465000e+01	9.344964e-04	4.493300e-03	7.783472e-04	1.358639e-02	-9.259738e-03
1.470000e+01	1.273173e-03	4.362256e-03	1.018638e-03	1.572353e-02	-8.951721e-03
1.475000e+01	1.585261e-03	4.260406e-03	1.480207e-03	1.576009e-02	-9.240430e-03
1.480000e+01	1.764057e-03	4.108362e-03	1.890018e-03	1.400439e-02	-9.061314e-03
1.485000e+01	1.725604e-03	3.942529e-03	1.757380e-03	1.209072e-02	-1.020844e-02
1.490000e+01	1.444415e-03	3.859863e-03	1.177558e-03	1.324765e-02	-1.115060e-02
1.495000e+01	9.672500e-04	3.934463e-03	7.564260e-04	1.302170e-02	-1.058261e-02
1.500000e+01	3.988867e-04	4.163150e-03	3.125381e-04	1.189428e-02	-1.082145e-02
1.505000e+01	-1.374964e-04	4.472768e-03	9.143156e-05	1.254567e-02	-1.377660e-02
1.510000e+01	-5.350791e-04	4.726299e-03	-3.415774e-04	1.393355e-02	-1.450850e-02
1.515000e+01	-7.444891e-04	4.816209e-03	-9.208562e-04	1.395682e-02	-1.333784e-02
1.520000e+01	-7.861613e-04	4.705452e-03	-1.106050e-03	1.246643e-02	-1.184277e-02
1.525000e+01	-7.349964e-04	4.445576e-03	-1.178012e-03	1.102524e-02	-1.018710e-02
1.530000e+01	-6.844001e-04	4.143983e-03	-9.091369e-04	1.218552e-02	-1.000321e-02
1.535000e+01	-7.053236e-04	3.888386e-03	-7.955729e-04	1.197784e-02	-1.108022e-02
1.540000e+01	-8.174199e-04	3.688691e-03	-7.859110e-04	1.072370e-02	-1.195583e-02
1.545000e+01	-9.836368e-04	3.506896e-03	-7.687885e-04	8.833258e-03	-1.160509e-02
1.550000e+01	-1.129187e-03	3.342997e-03	-8.727338e-04	7.922570e-03	-1.044737e-02
1.555000e+01	-1.175493e-03	3.271701e-03	-9.582565e-04	7.494390e-03	-1.144656e-02
1.560000e+01	-1.073869e-03	3.372810e-03	-1.006868e-03	9.230341e-03	-1.151580e-02
1.565000e+01	-8.246654e-04	3.620920e-03	-6.117924e-04	9.874586e-03	-1.246655e-02
1.570000e+01	-4.747486e-04	3.886900e-03	-1.592873e-04	9.613415e-03	-1.184864e-02
1.575000e+01	-9.597556e-05	4.039185e-03	3.083317e-04	9.564593e-03	-1.108385e-02
1.580000e+01	2.445431e-04	4.019451e-03	5.851999e-04	1.000994e-02	-1.042186e-02
1.585000e+01	5.086953e-04	3.861555e-03	6.325789e-04	9.284040e-03	-1.049928e-02
1.590000e+01	6.957900e-04	3.665320e-03	8.149935e-04	9.665371e-03	-9.632007e-03
1.595000e+01	8.326192e-04	3.529243e-03	7.880465e-04	9.961190e-03	-1.131613e-02
1.600000e+01	9.512181e-04	3.477615e-03	9.744487e-04	1.077297e-02	-1.128413e-02
1.605000e+01	1.070263e-03	3.465404e-03	1.082270e-03	1.160666e-02	-9.485256e-03
1.610000e+01	1.168519e-03	3.423731e-03	1.205586e-03	1.129163e-02	-8.635203e-03
1.615000e+01	1.203929e-03	3.335929e-03	1.291948e-03	9.752222e-03	-7.558146e-03
1.620000e+01	1.127954e-03	3.229273e-03	1.136858e-03	1.007818e-02	-7.881312e-03
1.625000e+01	9.110360e-04	3.146949e-03	8.285687e-04	9.862089e-03	-8.399040e-03
1.630000e+01	5.624476e-04	3.121014e-03	3.635366e-04	9.701550e-03	-8.099243e-03
1.635000e+01	1.348295e-04	3.156865e-03	-1.017507e-04	1.137070e-02	-8.985490e-03
1.640000e+01	-2.896497e-04	3.227994e-03	-3.305099e-04	1.308225e-02	-8.635715e-03
1.645000e+01	-6.264721e-04	3.285917e-03	-7.158582e-04	1.321748e-02	-8.485861e-03
1.650000e+01	-8.182597e-04	3.287860e-03	-9.953102e-04	1.155032e-02	-9.871199e-03
1.655000e+01	-8.543327e-04	3.225721e-03	-1.004588e-03	9.556896e-03	-1.008505e-02
1.660000e+01	-7.721605e-04	3.131978e-03	-9.281062e-04	9.396097e-03	-1.028878e-02
1.665000e+01	-6.401142e-04	3.052140e-03	-8.328976e-04	8.167244e-03	-9.946419e-03
1.670000e+01	-5.287386e-04	3.004207e-03	-5.266660e-04	6.825091e-03	-8.639661e-03
1.675000e+01	-4.824525e-04	2.967328e-03	-3.292953e-04	6.687951e-03	-8.409830e-03
1.680000e+01	-5.032192e-04	2.909044e-03	-3.626995e-04	6.946871e-03	-9.120367e-03
1.685000e+01	-5.525345e-04	2.813401e-03	-4.968885e-04	6.969274e-03	-9.109492e-03
1.690000e+01	-5.703583e-04	2.686853e-03	-5.632738e-04	6.141333e-03	-9.024709e-03
1.695000e+01	-5.026647e-04	2.556877e-03	-4.690672e-04	6.817102e-03	-8.241891e-03
1.700000e+01	-3.259960e-04	2.475549e-03	-4.145367e-04	7.327419e-03	-7.068907e-03
1.705000e+01	-5.798857e-05	2.507604e-03	-1.745365e-04	7.098851e-03	-8.144721e-03
1.710000e+01	2.467307e-04	2.659413e-03	2.518225e-04	9.206172e-03	-8.502852e-03
1.715000e+01	5.151016e-04	2.856922e-03	5.106907e-04	1.032409e-02	-8.067841e-03
1.720000e+01	6.840196e-04	2.998275e-03	6.325291e-04	1.019955e-02	-6.734507e-03
1.725000e+01	7.224351e-04	3.027005e-03	5.077078e-04	9.360985e-03	-7.360239e-03
1.730000e+01	6.402912e-04	2.961506e-03	4.516074e-04	8.599058e-03	-8.551041e-03
1.735000e+01	4.816970e-04	2.872473e-03	6.435315e-04	7.595502e-03	-8.286564e-03
1.740000e+01	3.061954e-04	2.820956e-03	5.968332e-04	6.711270e-03	-6.908138e-03
1.745000e+01	1.664223e-04	2.807383e-03	2.325772e-04	8.006561e-03	-6.415124e-03
1.750000e+01	9.115217e-05	2.789113e-03	1.793033e-05	8.679839e-03	-6.292821e-03
1.755000e+01	7.967795e-05	2.738060e-03	-1.366576e-05	8.485324e-03	-6.494389e-03
1.760000e+01	1.082477e-04	2.666186e-03	6.062907e-05	7.729681e-03	-5.788168e-03
1.765000e+01	1.442455e-04	2.603189e-03	1.842295e-04	6.606684e-03	-6.703408e-03
1.770000e+01	1.610962e-04	2.563771e-03	8.746674e-05	7.011727e-03	-7.204172e-03
1.775000e+01	1.474525e-04	2.545556e-03	3.371706e-05	7.193615e-03	-7.513899e-03
1.780000e+01	1.075536e-04	2.552364e-03	9.414496e-05	6.742308e-03	-7.528714e-03
1.785000e+01	5.403829e-05	2.599411e-03	-2.257208e-05	6.236347e-03	-7.046001e-03
1.790000e+01	-2.112633e-06	2.685073e-03	-7.374726e-06	6.319937e-03	-7.008879e-03
1.795000e+01	-5.889408e-05	2.768619e-03	-4.319785e-05	6.306533e-03	-7.556556e-03
1.800000e+01	-1.240412e-04	2.790186e-03	-9.925988e-05	6.907302e-03	-7.108510e-03
1.805000e+01	-2.091264e-04	2.717415e-03	-1.681097e-04	7.188135e-03	-6.786964e-03
1.810000e+01	-3.208157e-04	2.560847e-03	-2.425379e-04	6.477484e-03	-6.894666e-03
1.815000e+01	-4.505725e-04	2.381588e-03	-3.731086e-04	6.028760e-03	-6.727273e-03
1.820000e+01	-5.733813e-04	2.247887e-03	-5.232335e-04	5.570768e-03	-7.026218e-03
1.825000e+01	-6.539435e-04	2.183905e-03	-8.044749e-04	5.761870e-03	-6.854858e-03
1.830000e+01	-6.590093e-04	2.160979e-03	-7.622346e-04	5.914521e-03	-6.776154e-03
1.835000e+01	-5.707856e-04	2.143833e-03	-6.533540e-04	5.802027e-03	-6.983007e-03
1.840000e+01	-3.956037e-04	2.128391e-03	-4.623464e-04	5.836453e-03	-6.912628e-03
1.845000e+01	-1.638806e-04	2.132693e-03	-2.054638e-04	5.550455e-03	-5.880421e-03
1.850000e+01	7.897108e-05	2.165374e-03	6.318066e-06	5.895372e-03	-6.630750e-03
1.855000e+01	2.872214e-04	2.214980e-03	1.250557e-04	6.157119e-03	-6.670204e-03
1.860000e+01	4.293081e-04	2.267305e-03	3.192654e-04	6.129023e-03	-5.965728e-03
1.865000e+01	4.964848e-04	2.317700e-03	3.930123e-04	6.526848e-03	-5.607428e-03
1.870000e+01	5.024939e-04	2.360341e-03	4.625290e-04	7.683073e-03	-5.484926e-03
1.875000e+01	4.748707e-04	2.374686e-03	5.101388e-04	8.824049e-03	-6.295322e-03
1.880000e+01	4.418560e-04	2.333681e-03	4.840134e-04	8.896235e-03	-6.745875e-03
1.885000e+01	4.204824e-04	2.228180e-03	5.712533e-04	8.009340e-03	-6.413666e-03
1.890000e+01	4.106165e-04	2.083781e-03	4.888957e-04	6.409663e-03	-5.386802e-03
1.895000e+01	3.970074e-04	1.954769e-03	3.350123e-04	6.228741e-03	-5.002702e-03
1.900000e+01	3.579543e-04	1.894939e-03	3.683883e-04	5.368792e-03	-5.024017e-03
1.905000e+01	2.767784e-04	1.925914e-03	3.403190e-04	4.937130e-03	-5.561981e-03
1.910000e+01	1.493470e-04	2.020871e-03	1.522391e-04	5.524936e-03	-5.607883e-03
1.915000e+01	-1.090190e-05	2.131646e-03	-3.012886e-05	5.436155e-03	-5.802090e-03
1.920000e+01	-1.777831e-04	2.207708e-03	-1.532778e-04	4.965252e-03	-6.608709e-03
1.925000e+01	-3.215501e-04	2.213660e-03	-1.356308e-04	5.122647e-03	-7.061440e-03
1.930000e+01	-4.192141e-04	2.145662e-03	-2.575394e-04	5.714271e-03	-6.686294e-03
1.935000e+01	-4.617911e-04	2.038252e-03	-4.394524e-04	5.831856e-03	-6.237938e-03
1.940000e+01	-4.557934e-04	1.946622e-03	-5.103357e-04	5.341928e-03	-6.101524e-03
1.945000e+01	-4.188034e-04	1.904486e-03	-4.507649e-04	4.974760e-03	-5.512725e-03
1.950000e+01	-3.713702e-04	1.897261e-03	-5.979131e-04	5.658312e-03	-5.008267e-03
1.955000e+01	-3.287670e-04	1.887916e-03	-5.973583e-04	5.513310e-03	-5.207079e-03
1.960000e+01	-2.958856e-04	1.860401e-03	-4.535822e-04	5.270796e-03	-5.019406e-03
1.965000e+01	-2.669681e-04	1.830067e-03	-2.886578e-04	5.338703e-03	-4.725599e-03
1.970000e+01	-2.297583e-04	1.819846e-03	-2.729210e-04	5.398474e-03	-5.568370e-03
1.975000e+01	-1.719201e-04	1.834031e-03	-2.508498e-04	4.938003e-03	-5.826313e-03
1.980000e+01	-8.691181e-05	1.857970e-03	-1.118093e-04	4.817066e-03	-5.349347e-03
1.985000e+01	2.293719e-05	1.875526e-03	3.588990e-05	4.952861e-03	-5.540756e-03
1.990000e+01	1.469854e-04	1.878178e-03	1.917216e-04	4.749578e-03	-5.805620e-03
1.995000e+01	2.697523e-04	1.861689e-03	2.208032e-04	4.890398e-03	-5.196646e-03
2.000000e+01	3.755441e-04	1.824211e-03	2.698993e-04	5.327736e-03	-5.049395e-03
