# k	<chi>	std	chi_median	chi_max	chi_min
0.000000e+00	2.111786e-01	2.180726e-01	0.000000e+00	6.555948e-01	0.000000e+00
5.000000e-02	4.113445e-01	6.805156e-02	4.067156e-01	6.384680e-01	2.013321e-01
1.000000e-01	3.929610e-01	6.800371e-02	3.884209e-01	6.209475e-01	1.841783e-01
1.500000e-01	3.364963e-01	6.787558e-02	3.301616e-01	5.661108e-01	1.322066e-01
2.000000e-01	2.780462e-01	6.778568e-02	2.715015e-01	5.082233e-01	7.933585e-02
2.500000e-01	1.781154e-01	6.766216e-02	1.713358e-01	4.092710e-01	-9.232574e-03
3.000000e-01	7.501615e-02	6.765754e-02	7.043178e-02	3.054100e-01	-9.851280e-02
3.500000e-01	-6.888495e-02	6.773120e-02	-7.138289e-02	1.558443e-01	-2.399363e-01
4.000000e-01	-2.130159e-01	6.790664e-02	-2.153617e-01	1.464115e-03	-4.004914e-01
4.500000e-01	-3.878996e-01	6.793908e-02	-3.901381e-01	-1.917480e-01	-5.880657e-01
5.000000e-01	-5.530510e-01	6.756229e-02	-5.546706e-01	-3.791182e-01	-7.572123e-01
5.500000e-01	-7.276714e-01	6.599090e-02	-7.320161e-01	-5.605656e-01	-9.251370e-01
6.000000e-01	-8.754374e-01	6.301568e-02	-8.794396e-01	-7.184715e-01	-1.055154e+00
6.500000e-01	-1.002715e+00	5.761637e-02	-1.005746e+00	-8.618499e-01	-1.150464e+00
7.000000e-01	-1.083433e+00	5.070962e-02	-1.086451e+00	-9.600221e-01	-1.205293e+00
7.500000e-01	-1.113867e+00	4.267885e-02	-1.114747e+00	-9.918193e-01	-1.221788e+00
8.000000e-01	-1.085660e+00	3.711684e-02	-1.084754e+00	-9.542847e-01	-1.186956e+00
8.500000e-01	-9.925338e-01	3.708173e-02	-9.923439e-01	-8.652937e-01	-1.086019e+00
9.000000e-01	-8.489640e-01	4.239987e-02	-8.512430e-01	-7.331806e-01	-9.520495e-01
9.500000e-01	-6.550462e-01	4.926057e-02	-6.546380e-01	-5.224810e-01	-7.901580e-01
1.000000e+00	-4.447879e-01	5.360702e-02	-4.411154e-01	-3.090502e-01	-5.976904e-01
1.050000e+00	-2.279140e-01	5.345982e-02	-2.232491e-01	-1.013481e-01	-3.980814e-01
1.100000e+00	-4.318135e-02	4.879592e-02	-3.816128e-02	7.826667e-02	-2.396960e-01
1.150000e+00	9.685613e-02	4.082623e-02	9.816089e-02	1.984119e-01	-1.060786e-01
1.200000e+00	1.704784e-01	3.306057e-02	1.704626e-01	2.577956e-01	-1.581795e-02
1.250000e+00	1.755971e-01	2.901764e-02	1.770551e-01	2.479249e-01	3.097071e-02
1.300000e+00	1.219356e-01	2.914518e-02	1.258226e-01	1.904482e-01	2.057836e-02
1.350000e+00	2.499374e-02	2.995913e-02	2.456789e-02	9.359316e-02	-6.226895e-02
1.400000e+00	-8.120192e-02	2.846054e-02	-8.157235e-02	-1.242174e-02	-1.593095e-01
1.450000e+00	-1.730570e-01	2.462691e-02	-1.733001e-01	-6.769876e-02	-2.341522e-01
1.500000e+00	-2.199143e-01	2.093320e-02	-2.191395e-01	-8.567820e-02	-2.763479e-01
1.550000e+00	-2.105908e-01	2.046259e-02	-2.099531e-01	-7.569159e-02	-2.633480e-01
1.600000e+00	-1.444509e-01	2.257309e-02	-1.457110e-01	-3.559662e-02	-1.971256e-01
1.650000e+00	-3.390582e-02	2.410451e-02	-3.460165e-02	2.952922e-02	-9.124827e-02
1.700000e+00	9.165047e-02	2.282659e-02	9.024900e-02	1.410937e-01	3.582516e-02
1.750000e+00	2.090612e-01	1.880338e-02	2.084390e-01	2.543468e-01	1.629701e-01
1.800000e+00	2.868863e-01	1.353216e-02	2.867922e-01	3.200809e-01	2.255453e-01
1.850000e+00	3.166610e-01	1.007197e-02	3.170821e-01	3.440328e-01	2.482788e-01
1.900000e+00	2.922912e-01	1.053629e-02	2.925256e-01	3.165053e-01	2.377092e-01
1.950000e+00	2.293738e-01	1.240640e-02	2.285838e-01	2.601335e-01	2.018660e-01
2.000000e+00	1.461524e-01	1.294356e-02	1.459097e-01	1.780561e-01	1.175919e-01
2.050000e+00	6.251807e-02	1.225467e-02	6.317459e-02	9.574797e-02	3.294884e-02
2.100000e+00	1.989707e-03	1.098713e-02	2.706814e-03	4.269552e-02	-2.892692e-02
2.150000e+00	-2.607108e-02	9.872695e-03	-2.648337e-02	8.777120e-03	-5.227176e-02
2.200000e+00	-2.612893e-02	8.843759e-03	-2.654591e-02	-6.123957e-03	-4.854391e-02
2.250000e+00	-1.741278e-02	8.041871e-03	-1.755557e-02	1.978275e-03	-3.717925e-02
2.300000e+00	-8.109974e-03	6.805807e-03	-7.687821e-03	8.675451e-03	-2.472464e-02
2.350000e+00	-4.657641e-03	5.394211e-03	-4.123925e-03	8.407025e-03	-2.323153e-02
2.400000e+00	-8.667879e-03	4.284600e-03	-8.709510e-03	2.564006e-03	-2.318583e-02
2.450000e+00	-1.073675e-02	4.061706e-03	-1.104404e-02	5.181632e-04	-2.092608e-02
2.500000e+00	-1.373898e-02	4.140205e-03	-1.392813e-02	-2.967473e-03	-2.348563e-02
2.550000e+00	-1.641590e-02	4.083694e-03	-1.651463e-02	-6.516022e-03	-2.730225e-02
2.600000e+00	-1.752918e-02	3.677645e-03	-1.760305e-02	-7.883358e-03	-2.772709e-02
2.650000e+00	-1.865993e-02	3.065152e-03	-1.866329e-02	-7.163442e-03	-2.704116e-02
2.700000e+00	-1.841819e-02	2.340331e-03	-1.835540e-02	-5.595380e-03	-2.435152e-02
2.750000e+00	-1.684800e-02	1.949351e-03	-1.685629e-02	-5.073881e-03	-2.259724e-02
2.800000e+00	-1.439252e-02	2.067891e-03	-1.441998e-02	-5.473344e-03	-1.986969e-02
2.850000e+00	-1.259944e-02	2.254726e-03	-1.249407e-02	-7.448565e-03	-1.888279e-02
2.900000e+00	-9.987766e-03	2.203256e-03	-9.797942e-03	-4.992886e-03	-1.641380e-02
2.950000e+00	-6.986279e-03	1.881316e-03	-6.925063e-03	-2.544360e-03	-1.247896e-02
3.000000e+00	-3.992804e-03	1.567256e-03	-3.973365e-03	8.565537e-05	-9.244669e-03
3.050000e+00	-3.442371e-04	1.699174e-03	-2.369936e-04	3.449114e-03	-6.635378e-03
3.100000e+00	2.479772e-03	2.114716e-03	2.740955e-03	7.203755e-03	-3.199570e-03
3.150000e+00	4.041103e-03	2.344959e-03	4.304241e-03	9.760285e-03	-2.278679e-03
3.200000e+00	4.172526e-03	2.217157e-03	4.344679e-03	1.007674e-02	-2.396313e-03
3.250000e+00	2.562489e-03	1.816449e-03	2.742078e-03	7.903628e-03	-3.255103e-03
3.300000e+00	-1.684549e-04	1.606993e-03	-1.858016e-04	3.946374e-03	-4.576399e-03
3.350000e+00	-3.146747e-03	1.949709e-03	-3.012466e-03	1.305599e-03	-8.228016e-03
3.400000e+00	-5.460221e-03	2.470309e-03	-5.484068e-03	3.476897e-04	-1.048565e-02
3.450000e+00	-6.391966e-03	2.782742e-03	-6.743768e-03	2.383126e-04	-1.210099e-02
3.500000e+00	-5.137521e-03	2.753114e-03	-5.407476e-03	1.088429e-03	-1.170238e-02
3.550000e+00	-1.718808e-03	2.472278e-03	-1.798786e-03	4.576105e-03	-8.054407e-03
3.600000e+00	3.340259e-03	2.152101e-03	3.425099e-03	8.681469e-03	-1.977147e-03
3.650000e+00	9.478361e-03	2.032088e-03	9.527875e-03	1.405217e-02	4.608551e-03
3.700000e+00	1.513584e-02	2.223509e-03	1.511240e-02	2.086390e-02	1.053651e-02
3.750000e+00	1.905190e-02	2.620989e-03	1.900639e-02	2.487491e-02	1.257802e-02
3.800000e+00	2.021497e-02	3.047508e-03	2.031208e-02	2.690751e-02	1.261419e-02
3.850000e+00	1.819589e-02	3.390620e-03	1.836012e-02	2.646149e-02	9.404147e-03
3.900000e+00	1.248575e-02	3.434992e-03	1.244426e-02	2.094603e-02	3.899658e-03
3.950000e+00	3.744595e-03	3.112977e-03	3.370388e-03	1.079894e-02	-3.689916e-03
4.000000e+00	-6.679587e-03	2.524597e-03	-6.892854e-03	-1.173844e-03	-1.215121e-02
4.050000e+00	-1.743285e-02	2.041387e-03	-1.744995e-02	-1.260300e-02	-2.229042e-02
4.100000e+00	-2.644626e-02	2.054126e-03	-2.641720e-02	-2.064341e-02	-3.127487e-02
4.150000e+00	-3.182837e-02	2.494830e-03	-3.195689e-02	-2.528548e-02	-3.805125e-02
4.200000e+00	-3.230648e-02	2.925786e-03	-3.228375e-02	-2.539000e-02	-3.976433e-02
4.250000e+00	-2.836739e-02	3.160575e-03	-2.857342e-02	-2.028422e-02	-3.601182e-02
4.300000e+00	-1.993836e-02	3.243799e-03	-2.006612e-02	-1.150938e-02	-2.690523e-02
4.350000e+00	-8.545354e-03	3.324255e-03	-8.734255e-03	-4.437555e-04	-1.530622e-02
4.400000e+00	3.713278e-03	3.467071e-03	3.603314e-03	1.211723e-02	-5.369606e-03
4.450000e+00	1.443733e-02	3.596456e-03	1.429286e-02	2.302986e-02	3.701061e-03
4.500000e+00	2.260627e-02	3.578784e-03	2.278618e-02	3.058125e-02	1.127398e-02
4.550000e+00	2.748605e-02	3.330046e-03	2.786933e-02	3.432991e-02	1.619035e-02
4.600000e+00	2.925696e-02	2.856873e-03	2.952713e-02	3.499145e-02	1.883211e-02
4.650000e+00	2.887038e-02	2.299325e-03	2.913226e-02	3.337474e-02	2.022833e-02
4.700000e+00	2.739188e-02	1.830108e-03	2.779138e-02	3.083692e-02	2.129657e-02
4.750000e+00	2.558140e-02	1.833848e-03	2.576669e-02	2.914055e-02	2.010566e-02
4.800000e+00	2.361658e-02	2.406903e-03	2.385440e-02	2.923039e-02	1.574423e-02
4.850000e+00	2.112810e-02	3.214005e-03	2.149628e-02	2.825118e-02	1.141952e-02
4.900000e+00	1.728622e-02	4.030928e-03	1.750907e-02	2.528744e-02	6.252977e-03
4.950000e+00	1.148491e-02	4.792296e-03	1.154988e-02	2.264630e-02	-7.763001e-04
5.000000e+00	3.741345e-03	5.490253e-03	3.728413e-03	1.779041e-02	-9.870635e-03
5.050000e+00	-5.058306e-03	6.070165e-03	-5.195529e-03	1.155265e-02	-1.952293e-02
5.100000e+00	-1.328093e-02	6.429870e-03	-1.375757e-02	5.657832e-03	-2.801922e-02
5.150000e+00	-1.906827e-02	6.474165e-03	-1.976912e-02	1.498169e-03	-3.327754e-02
5.200000e+00	-2.099806e-02	6.245206e-03	-2.196495e-02	-1.748981e-04	-3.382918e-02
5.250000e+00	-1.877063e-02	5.963342e-03	-1.996302e-02	4.879121e-04	-2.951859e-02
5.300000e+00	-1.334497e-02	5.937744e-03	-1.408356e-02	2.681177e-03	-2.623786e-02
5.350000e+00	-6.939200e-03	6.131510e-03	-7.451880e-03	7.627749e-03	-2.409672e-02
5.400000e+00	-2.334035e-03	6.141878e-03	-2.526636e-03	1.201904e-02	-2.173095e-02
5.450000e+00	-1.814453e-03	5.607524e-03	-1.658538e-03	1.089458e-02	-2.025946e-02
5.500000e+00	-6.568910e-03	4.642885e-03	-6.246426e-03	2.818300e-03	-2.167682e-02
5.550000e+00	-1.600837e-02	4.078079e-03	-1.582532e-02	-5.910527e-03	-2.627929e-02
5.600000e+00	-2.786596e-02	4.882393e-03	-2.764595e-02	-1.410180e-02	-4.018000e-02
5.650000e+00	-3.867152e-02	6.427746e-03	-3.827510e-02	-2.158829e-02	-5.221830e-02
5.700000e+00	-4.525968e-02	7.707362e-03	-4.509571e-02	-2.574088e-02	-6.205758e-02
5.750000e+00	-4.535655e-02	8.314141e-03	-4.503191e-02	-2.435126e-02	-6.515827e-02
5.800000e+00	-3.838606e-02	8.352959e-03	-3.754244e-02	-1.678461e-02	-5.839020e-02
5.850000e+00	-2.545008e-02	8.210303e-03	-2.483076e-02	-4.066291e-03	-4.313169e-02
5.900000e+00	-9.305181e-03	8.262023e-03	-8.931705e-03	1.096175e-02	-2.735843e-02
5.950000e+00	7.030752e-03	8.461492e-03	7.802113e-03	2.558203e-02	-1.286855e-02
6.000000e+00	2.104414e-02	8.462116e-03	2.220930e-02	3.832572e-02	1.719771e-03
6.050000e+00	3.135900e-02	7.924210e-03	3.202612e-02	4.847739e-02	1.395495e-02
6.100000e+00	3.778519e-02	6.875068e-03	3.847542e-02	5.304425e-02	2.052217e-02
6.150000e+00	4.122496e-02	5.578442e-03	4.187819e-02	5.347911e-02	2.464163e-02
6.200000e+00	4.287415e-02	4.561190e-03	4.339117e-02	5.314107e-02	2.730108e-02
6.250000e+00	4.356554e-02	4.381693e-03	4.382695e-02	5.466698e-02	2.974331e-02
6.300000e+00	4.339762e-02	4.979269e-03	4.349459e-02	5.546269e-02	2.958592e-02
6.350000e+00	4.178168e-02	5.844901e-03	4.218245e-02	5.535887e-02	2.528002e-02
6.400000e+00	3.784938e-02	6.745273e-03	3.783570e-02	5.247440e-02	1.924665e-02
6.450000e+00	3.100596e-02	7.743820e-03	3.145788e-02	4.720025e-02	1.057889e-02
6.500000e+00	2.136000e-02	8.917744e-03	2.130694e-02	4.323754e-02	-8.321539e-04
6.550000e+00	9.708040e-03	1.014868e-02	9.149625e-03	3.619366e-02	-1.411987e-02
6.600000e+00	-2.348709e-03	1.119556e-02	-2.869831e-03	2.696628e-02	-2.740832e-02
6.650000e+00	-1.331976e-02	1.178901e-02	-1.335989e-02	1.680219e-02	-3.863998e-02
6.700000e+00	-2.221964e-02	1.170211e-02	-2.237320e-02	6.696990e-03	-4.696488e-02
6.750000e+00	-2.884731e-02	1.076485e-02	-2.864176e-02	-2.900320e-03	-5.107569e-02
6.800000e+00	-3.369070e-02	8.935227e-03	-3.359313e-02	-1.206070e-02	-5.266536e-02
6.850000e+00	-3.750194e-02	6.547682e-03	-3.790564e-02	-2.058584e-02	-5.152332e-02
6.900000e+00	-4.074722e-02	4.994481e-03	-4.122271e-02	-2.759431e-02	-5.163672e-02
6.950000e+00	-4.320215e-02	6.225978e-03	-4.320089e-02	-2.888463e-02	-6.015045e-02
7.000000e+00	-4.390638e-02	8.780413e-03	-4.410150e-02	-1.954497e-02	-6.787477e-02
7.050000e+00	-4.138238e-02	1.072942e-02	-4.219334e-02	-9.802045e-03	-6.832212e-02
7.100000e+00	-3.477219e-02	1.144749e-02	-3.665512e-02	2.470705e-04	-5.965582e-02
7.150000e+00	-2.399462e-02	1.117563e-02	-2.598981e-02	1.058976e-02	-4.698907e-02
7.200000e+00	-1.021200e-02	1.071572e-02	-1.083604e-02	2.094432e-02	-3.414527e-02
7.250000e+00	4.328110e-03	1.072915e-02	4.889208e-03	3.103410e-02	-1.990052e-02
7.300000e+00	1.692249e-02	1.100891e-02	1.786678e-02	4.156462e-02	-1.041293e-02
7.350000e+00	2.529063e-02	1.088215e-02	2.608815e-02	4.994707e-02	-4.024574e-03
7.400000e+00	2.835953e-02	1.010017e-02	2.920790e-02	5.080420e-02	-1.527573e-03
7.450000e+00	2.663349e-02	9.103967e-03	2.777850e-02	4.525539e-02	-2.206565e-03
7.500000e+00	2.198582e-02	8.562795e-03	2.301608e-02	3.814837e-02	-4.131375e-03
7.550000e+00	1.689317e-02	8.470863e-03	1.725214e-02	4.007322e-02	-4.790500e-03
7.600000e+00	1.366239e-02	8.222468e-03	1.371461e-02	3.918755e-02	-5.669597e-03
7.650000e+00	1.340256e-02	7.453984e-03	1.276217e-02	3.667911e-02	-4.786848e-03
7.700000e+00	1.579869e-02	6.543170e-03	1.561575e-02	3.345662e-02	6.234903e-04
7.750000e+00	1.937774e-02	6.346803e-03	1.921101e-02	3.606159e-02	1.697972e-03
7.800000e+00	2.222938e-02	7.144093e-03	2.238633e-02	3.931724e-02	1.239447e-03
7.850000e+00	2.286203e-02	8.297332e-03	2.297090e-02	4.365458e-02	-2.802696e-04
7.900000e+00	2.082081e-02	9.230980e-03	2.039589e-02	4.405764e-02	-3.139112e-03
7.950000e+00	1.680014e-02	9.798859e-03	1.627397e-02	4.134588e-02	-6.847492e-03
8.000000e+00	1.220776e-02	1.019944e-02	1.128911e-02	3.656571e-02	-1.289359e-02
8.050000e+00	8.299347e-03	1.081606e-02	6.951866e-03	3.200655e-02	-1.827680e-02
8.100000e+00	5.651692e-03	1.191214e-02	4.363634e-03	3.369757e-02	-2.168319e-02
8.150000e+00	3.560843e-03	1.312314e-02	3.642719e-03	3.480525e-02	-2.629321e-02
8.200000e+00	3.708352e-04	1.362784e-02	1.168828e-03	3.278800e-02	-3.134429e-02
8.250000e+00	-5.750336e-03	1.275062e-02	-5.509480e-03	2.410956e-02	-3.524007e-02
8.300000e+00	-1.581650e-02	1.059434e-02	-1.563965e-02	9.553902e-03	-3.660439e-02
8.350000e+00	-2.924395e-02	8.765164e-03	-3.025787e-02	-3.602293e-03	-4.939722e-02
8.400000e+00	-4.365936e-02	9.836764e-03	-4.468006e-02	-1.268700e-02	-6.397239e-02
8.450000e+00	-5.544367e-02	1.300412e-02	-5.589678e-02	-2.054069e-02	-8.397267e-02
8.500000e+00	-6.086264e-02	1.568096e-02	-6.117393e-02	-2.468835e-02	-9.348745e-02
8.550000e+00	-5.724664e-02	1.667621e-02	-5.698877e-02	-1.974626e-02	-9.330646e-02
8.600000e+00	-4.438456e-02	1.620491e-02	-4.432791e-02	-7.481233e-03	-7.955466e-02
8.650000e+00	-2.451810e-02	1.535274e-02	-2.569858e-02	9.690940e-03	-6.202321e-02
8.700000e+00	-1.789956e-03	1.508188e-02	-1.861873e-03	3.452070e-02	-4.148618e-02
8.750000e+00	1.902542e-02	1.517444e-02	2.020627e-02	5.355287e-02	-1.986262e-02
8.800000e+00	3.399555e-02	1.465500e-02	3.617718e-02	6.686343e-02	-5.336124e-03
8.850000e+00	4.117199e-02	1.296444e-02	4.298182e-02	7.320807e-02	8.684797e-03
8.900000e+00	4.099502e-02	1.039551e-02	4.225197e-02	6.901447e-02	1.453632e-02
8.950000e+00	3.584326e-02	7.929690e-03	3.632846e-02	5.736692e-02	1.288238e-02
9.000000e+00	2.893895e-02	6.694465e-03	2.930791e-02	4.275361e-02	9.625739e-03
9.050000e+00	2.309987e-02	6.778900e-03	2.297327e-02	4.258355e-02	6.785939e-03
9.100000e+00	1.966113e-02	7.193410e-03	1.836518e-02	4.248418e-02	2.524088e-03
9.150000e+00	1.822473e-02	7.334703e-03	1.705113e-02	4.076148e-02	-3.311568e-05
9.200000e+00	1.711898e-02	7.305191e-03	1.696585e-02	3.696170e-02	-2.654434e-03
9.250000e+00	1.438819e-02	7.695672e-03	1.499557e-02	3.047204e-02	-9.570257e-03
9.300000e+00	8.857484e-03	8.985660e-03	9.078540e-03	3.054728e-02	-1.756970e-02
9.350000e+00	8.085019e-04	1.076181e-02	5.518276e-04	2.763300e-02	-2.620135e-02
9.400000e+00	-8.023014e-03	1.203207e-02	-9.619132e-03	2.356145e-02	-3.380770e-02
9.450000e+00	-1.512585e-02	1.203772e-02	-1.710192e-02	1.959908e-02	-3.850871e-02
9.500000e+00	-1.827965e-02	1.084529e-02	-2.023344e-02	1.365815e-02	-3.857443e-02
9.550000e+00	-1.657292e-02	9.769682e-03	-1.834664e-02	1.299950e-02	-3.613103e-02
9.600000e+00	-1.083479e-02	1.053472e-02	-1.170808e-02	1.748121e-02	-3.150793e-02
9.650000e+00	-3.545426e-03	1.250388e-02	-4.039909e-03	2.737904e-02	-2.822114e-02
9.700000e+00	2.090272e-03	1.356152e-02	2.682667e-03	3.433642e-02	-3.059249e-02
9.750000e+00	3.353841e-03	1.249425e-02	4.259014e-03	3.445164e-02	-3.155446e-02
9.800000e+00	-9.188858e-04	9.535995e-03	-7.501921e-04	2.328503e-02	-3.068397e-02
9.850000e+00	-9.832004e-03	6.977711e-03	-1.023957e-02	1.135481e-02	-2.870293e-02
9.900000e+00	-2.068517e-02	8.425283e-03	-2.135145e-02	8.911289e-03	-3.841010e-02
9.950000e+00	-2.989525e-02	1.178587e-02	-3.140804e-02	6.336637e-03	-5.590794e-02
1.000000e+01	-3.423576e-02	1.395619e-02	-3.522169e-02	4.217299e-03	-6.479976e-02
1.005000e+01	-3.189144e-02	1.412586e-02	-3.240285e-02	3.518143e-03	-6.346790e-02
1.010000e+01	-2.313555e-02	1.283180e-02	-2.216617e-02	8.741379e-03	-5.306249e-02
1.015000e+01	-1.009675e-02	1.129906e-02	-9.956369e-03	1.633321e-02	-3.470875e-02
1.020000e+01	4.028612e-03	1.048813e-02	4.651453e-03	2.611407e-02	-2.361631e-02
1.025000e+01	1.607974e-02	1.015758e-02	1.703350e-02	4.051150e-02	-1.246332e-02
1.030000e+01	2.391856e-02	9.450436e-03	2.475795e-02	4.584693e-02	-5.280460e-03
1.035000e+01	2.695652e-02	8.016374e-03	2.797295e-02	4.312845e-02	-8.332793e-05
1.040000e+01	2.607710e-02	6.212913e-03	2.720706e-02	3.694650e-02	3.843093e-03
1.045000e+01	2.304994e-02	4.791677e-03	2.363224e-02	3.290183e-02	7.452467e-03
1.050000e+01	1.971430e-02	4.312321e-03	1.998036e-02	2.950837e-02	1.031091e-02
1.055000e+01	1.726855e-02	4.552934e-03	1.732392e-02	2.779416e-02	7.426191e-03
1.060000e+01	1.592468e-02	5.070229e-03	1.645046e-02	2.765089e-02	4.702325e-03
1.065000e+01	1.501576e-02	5.736849e-03	1.586081e-02	2.792577e-02	2.947279e-03
1.070000e+01	1.345623e-02	6.511000e-03	1.394931e-02	3.127835e-02	-2.004377e-03
1.075000e+01	1.032538e-02	7.307214e-03	1.060279e-02	3.164775e-02	-7.932993e-03
1.080000e+01	5.320672e-03	8.041635e-03	5.262485e-03	2.860343e-02	-1.430523e-02
1.085000e+01	-1.091818e-03	8.613950e-03	-1.621395e-03	2.255747e-02	-2.075877e-02
1.090000e+01	-7.860531e-03	8.851989e-03	-8.438277e-03	1.461874e-02	-3.011445e-02
1.095000e+01	-1.375574e-02	8.549153e-03	-1.388981e-02	6.220045e-03	-3.589282e-02
1.100000e+01	-1.781166e-02	7.596229e-03	-1.850806e-02	7.765430e-04	-3.614027e-02
1.105000e+01	-1.966052e-02	6.132135e-03	-2.029338e-02	-3.460620e-03	-3.316867e-02
1.110000e+01	-1.945518e-02	4.687904e-03	-1.979435e-02	-4.512591e-03	-2.943365e-02
1.115000e+01	-1.781217e-02	4.217586e-03	-1.775409e-02	-5.838229e-03	-3.185201e-02
1.120000e+01	-1.544598e-02	4.967369e-03	-1.532288e-02	-7.130798e-04	-3.347110e-02
1.125000e+01	-1.288014e-02	5.988392e-03	-1.312467e-02	5.580387e-03	-3.248034e-02
1.130000e+01	-1.031222e-02	6.646680e-03	-1.105775e-02	8.536409e-03	-2.856731e-02
1.135000e+01	-7.668937e-03	6.896751e-03	-8.837920e-03	1.234976e-02	-2.589625e-02
1.140000e+01	-4.793994e-03	6.996566e-03	-5.495079e-03	1.668151e-02	-2.322219e-02
1.145000e+01	-1.653167e-03	7.158007e-03	-2.037283e-03	2.017526e-02	-1.772031e-02
1.150000e+01	1.556523e-03	7.299803e-03	1.494049e-03	2.237193e-02	-1.474172e-02
1.155000e+01	4.449427e-03	7.181178e-03	4.129419e-03	2.263572e-02	-1.045310e-02
1.160000e+01	6.619828e-03	6.721134e-03	6.548318e-03	2.249711e-02	-9.289217e-03
1.165000e+01	7.845052e-03	6.140423e-03	8.505651e-03	2.115243e-02	-8.270247e-03
1.170000e+01	8.213579e-03	5.781934e-03	9.015194e-03	1.927599e-02	-7.780821e-03
1.175000e+01	8.105492e-03	5.699153e-03	8.839698e-03	2.230011e-02	-8.262117e-03
1.180000e+01	8.025664e-03	5.583165e-03	8.148240e-03	2.417759e-02	-7.158164e-03
1.185000e+01	8.363904e-03	5.189601e-03	8.266309e-03	2.338955e-02	-7.131910e-03
1.190000e+01	9.195161e-03	4.637456e-03	9.494549e-03	2.264500e-02	-6.950890e-03
1.195000e+01	1.021815e-02	4.330549e-03	1.076284e-02	2.044715e-02	-4.842469e-03
1.200000e+01	1.086877e-02	4.510200e-03	1.139230e-02	2.096530e-02	-3.079862e-03
1.205000e+01	1.056398e-02	4.973023e-03	1.096415e-02	2.272079e-02	-4.430411e-03
1.210000e+01	8.972887e-03	5.392555e-03	9.243421e-03	2.307552e-02	-5.857050e-03
1.215000e+01	6.180831e-03	5.657921e-03	6.212375e-03	2.119770e-02	-7.247291e-03
1.220000e+01	2.685465e-03	5.817063e-03	2.282747e-03	1.730597e-02	-9.208767e-03
1.225000e+01	-7.911609e-04	6.012386e-03	-1.731498e-03	1.620568e-02	-1.269215e-02
1.230000e+01	-3.594675e-03	6.415982e-03	-4.398435e-03	1.517551e-02	-1.705036e-02
1.235000e+01	-5.405974e-03	7.027417e-03	-6.482998e-03	1.397991e-02	-2.015135e-02
1.240000e+01	-6.362393e-03	7.518117e-03	-7.288763e-03	1.235033e-02	-2.339926e-02
1.245000e+01	-6.972285e-03	7.410471e-03	-7.562127e-03	1.186040e-02	-2.355867e-02
1.250000e+01	-7.853500e-03	6.455804e-03	-8.288308e-03	9.485178e-03	-2.053625e-02
1.255000e+01	-9.406345e-03	5.103212e-03	-9.104937e-03	2.513936e-03	-2.009210e-02
1.260000e+01	-1.156569e-02	4.983381e-03	-1.192850e-02	1.847736e-03	-2.382516e-02
1.265000e+01	-1.374875e-02	6.828840e-03	-1.423998e-02	2.540161e-03	-3.266094e-02
1.270000e+01	-1.503520e-02	8.971568e-03	-1.410329e-02	3.839382e-03	-3.746515e-02
1.275000e+01	-1.451815e-02	1.017347e-02	-1.381715e-02	7.223745e-03	-3.908911e-02
1.280000e+01	-1.168837e-02	1.007747e-02	-1.104547e-02	8.726015e-03	-3.823923e-02
1.285000e+01	-6.694825e-03	9.040464e-03	-5.956714e-03	1.035191e-02	-3.020941e-02
1.290000e+01	-3.687648e-04	7.951888e-03	3.670194e-04	1.675037e-02	-2.371576e-02
1.295000e+01	6.008187e-03	7.585941e-03	7.075405e-03	2.149386e-02	-1.553936e-02
1.300000e+01	1.110971e-02	7.707057e-03	1.199786e-02	2.952006e-02	-9.012332e-03
1.305000e+01	1.404019e-02	7.520156e-03	1.521230e-02	3.281374e-02	-4.509347e-03
1.310000e+01	1.448193e-02	6.638091e-03	1.467407e-02	3.064548e-02	3.793884e-04
1.315000e+01	1.285173e-02	5.347797e-03	1.275931e-02	2.536731e-02	7.866126e-04
1.320000e+01	1.006622e-02	4.389057e-03	1.038462e-02	2.097800e-02	1.950090e-05
1.325000e+01	7.172816e-03	4.287009e-03	7.342458e-03	1.949948e-02	-3.538505e-03
1.330000e+01	4.968370e-03	4.612113e-03	4.699318e-03	1.842701e-02	-6.038034e-03
1.335000e+01	3.752440e-03	4.755400e-03	3.554275e-03	1.823650e-02	-8.263639e-03
1.340000e+01	3.300746e-03	4.601286e-03	3.105844e-03	1.635004e-02	-1.073990e-02
1.345000e+01	3.051479e-03	4.397386e-03	3.145387e-03	1.312025e-02	-1.131630e-02
1.350000e+01	2.411401e-03	4.460480e-03	2.568156e-03	1.190611e-02	-1.115206e-02
1.355000e+01	1.045308e-03	4.846642e-03	1.166990e-03	1.284469e-02	-1.278871e-02
1.360000e+01	-9.723638e-04	5.293591e-03	-1.290494e-03	1.147891e-02	-1.422666e-02
1.365000e+01	-3.200142e-03	5.483411e-03	-3.970433e-03	1.127555e-02	-1.510761e-02
1.370000e+01	-5.037237e-03	5.272510e-03	-5.743356e-03	1.086468e-02	-1.744502e-02
1.375000e+01	-5.998095e-03	4.822163e-03	-6.597848e-03	9.263981e-03	-1.730585e-02
1.380000e+01	-5.930896e-03	4.583088e-03	-6.345725e-03	7.691577e-03	-1.544226e-02
1.385000e+01	-5.085708e-03	4.847429e-03	-5.331295e-03	7.869140e-03	-1.595339e-02
1.390000e+01	-4.005488e-03	5.279543e-03	-4.231813e-03	1.091066e-02	-1.536565e-02
1.395000e+01	-3.289632e-03	5.355427e-03	-3.296811e-03	1.177359e-02	-1.566821e-02
1.400000e+01	-3.332703e-03	4.923856e-03	-2.988724e-03	9.300080e-03	-1.717412e-02
1.405000e+01	-4.161639e-03	4.420093e-03	-4.122158e-03	1.045532e-02	-1.725437e-02
1.410000e+01	-5.394402e-03	4.597127e-03	-5.635312e-03	9.065334e-03	-1.593359e-02
1.415000e+01	-6.383492e-03	5.506215e-03	-6.455356e-03	6.396592e-03	-1.940537e-02
1.420000e+01	-6.478739e-03	6.408929e-03	-6.562632e-03	6.434029e-03	-2.285513e-02
1.425000e+01	-5.290288e-03	6.762752e-03	-4.932975e-03	1.064579e-02	-2.265582e-02
1.430000e+01	-2.848233e-03	6.464064e-03	-2.668382e-03	1.368411e-02	-1.908703e-02
1.435000e+01	4.023271e-04	5.738529e-03	7.680494e-04	1.471241e-02	-1.246436e-02
1.440000e+01	3.763051e-03	4.956177e-03	3.915819e-03	1.394091e-02	-1.124611e-02
1.445000e+01	6.530201e-03	4.388764e-03	6.770205e-03	1.677143e-02	-9.176714e-03
1.450000e+01	8.226891e-03	4.046622e-03	8.379527e-03	1.712784e-02	-6.407314e-03
1.455000e+01	8.730622e-03	3.799354e-03	9.444914e-03	1.716604e-02	-3.286057e-03
1.460000e+01	8.255559e-03	3.593503e-03	8.671155e-03	1.672275e-02	-2.583190e-03
1.465000e+01	7.211219e-03	3.473787e-03	7.346923e-03	1.641548e-02	-2.038799e-03
1.470000e+01	6.008020e-03	3.479377e-03	6.158784e-03	1.505842e-02	-1.354151e-03
1.475000e+01	4.895754e-03	3.590361e-03	5.046219e-03	1.350187e-02	-2.824587e-03
1.480000e+01	3.899097e-03	3.749551e-03	4.089324e-03	1.204105e-02	-4.188973e-03
1.485000e+01	2.866737e-03	3.889888e-03	3.012293e-03	1.128164e-02	-6.775113e-03
1.490000e+01	1.599890e-03	3.959125e-03	1.773271e-03	1.145095e-02	-9.033376e-03
1.495000e+01	-6.035027e-06	3.952542e-03	1.584465e-04	1.135571e-02	-1.042290e-02
1.500000e+01	-1.873504e-03	3.914824e-03	-2.095436e-03	1.034334e-02	-1.083181e-02
1.505000e+01	-3.766393e-03	3.887441e-03	-4.262712e-03	8.521195e-03	-1.198205e-02
1.510000e+01	-5.338129e-03	3.821867e-03	-5.809093e-03	6.380497e-03	-1.357021e-02
1.515000e+01	-6.278261e-03	3.629429e-03	-6.621350e-03	4.251014e-03	-1.346151e-02
1.520000e+01	-6.438142e-03	3.269500e-03	-6.751012e-03	2.427562e-03	-1.303845e-02
1.525000e+01	-5.886891e-03	2.836723e-03	-5.924960e-03	3.550740e-03	-1.228629e-02
1.530000e+01	-4.876610e-03	2.568751e-03	-5.068503e-03	3.802661e-03	-1.159304e-02
1.535000e+01	-3.735350e-03	2.659066e-03	-4.000122e-03	4.121068e-03	-1.063812e-02
1.540000e+01	-2.737257e-03	2.999166e-03	-2.929701e-03	7.076294e-03	-9.132511e-03
1.545000e+01	-2.006798e-03	3.333937e-03	-2.071201e-03	8.359281e-03	-9.593964e-03
1.550000e+01	-1.495813e-03	3.505850e-03	-1.360512e-03	7.754099e-03	-9.407638e-03
1.555000e+01	-1.037803e-03	3.486036e-03	-9.285069e-04	8.241349e-03	-8.349251e-03
1.560000e+01	-4.495337e-04	3.336797e-03	-2.570785e-04	8.333826e-03	-7.372770e-03
1.565000e+01	3.689703e-04	3.161909e-03	5.931804e-04	7.925443e-03	-5.911539e-03
1.570000e+01	1.381051e-03	3.036931e-03	1.591788e-03	8.551659e-03	-5.227982e-03
1.575000e+01	2.427794e-03	2.952503e-03	2.608189e-03	9.264841e-03	-5.044664e-03
1.580000e+01	3.299355e-03	2.839599e-03	3.430407e-03	9.463186e-03	-4.946895e-03
1.585000e+01	3.827248e-03	2.657578e-03	3.937007e-03	8.920113e-03	-5.236493e-03
1.590000e+01	3.954064e-03	2.454315e-03	4.256608e-03	9.614229e-03	-4.931512e-03
1.595000e+01	3.749810e-03	2.344286e-03	3.760355e-03	1.008724e-02	-4.073076e-03
1.600000e+01	3.370000e-03	2.397119e-03	3.390700e-03	9.147620e-03	-4.992984e-03
1.605000e+01	2.994428e-03	2.561821e-03	3.194076e-03	8.553883e-03	-5.289462e-03
1.610000e+01	2.694476e-03	2.730434e-03	2.929293e-03	9.211501e-03	-5.728055e-03
1.615000e+01	2.454967e-03	2.850264e-03	2.783394e-03	1.006105e-02	-6.226640e-03
1.620000e+01	2.164327e-03	2.933229e-03	2.582293e-03	1.010592e-02	-5.987992e-03
1.625000e+01	1.675305e-03	3.012620e-03	2.068012e-03	9.815434e-03	-5.351485e-03
1.630000e+01	8.855955e-04	3.098428e-03	1.140888e-03	8.761900e-03	-7.451559e-03
1.635000e+01	-1.991801e-04	3.164976e-03	-3.007937e-04	6.911608e-03	-8.834244e-03
1.640000e+01	-1.449508e-03	3.169654e-03	-1.557471e-03	6.224746e-03	-9.707514e-03
1.645000e+01	-2.651008e-03	3.078793e-03	-2.582017e-03	6.314869e-03	-1.035672e-02
1.650000e+01	-3.581553e-03	2.886107e-03	-3.612555e-03	5.825142e-03	-1.112411e-02
1.655000e+01	-4.092584e-03	2.623038e-03	-4.103433e-03	4.874233e-03	-1.039955e-02
1.660000e+01	-4.159086e-03	2.363977e-03	-4.270463e-03	3.704487e-03	-9.485468e-03
1.665000e+01	-3.877074e-03	2.222232e-03	-4.018563e-03	2.877752e-03	-9.919219e-03
1.670000e+01	-3.411051e-03	2.304360e-03	-3.506141e-03	2.449428e-03	-1.042600e-02
1.675000e+01	-2.916170e-03	2.615257e-03	-3.057561e-03	3.107390e-03	-1.006964e-02
1.680000e+01	-2.470659e-03	3.038319e-03	-2.565014e-03	5.344295e-03	-1.136221e-02
1.685000e+01	-2.048867e-03	3.415229e-03	-1.944846e-03	6.363703e-03	-1.152998e-02
1.690000e+01	-1.546431e-03	3.613108e-03	-1.361933e-03	6.713936e-03	-1.039403e-02
1.695000e+01	-8.452971e-04	3.563842e-03	-5.540337e-04	6.756540e-03	-1.049464e-02
1.700000e+01	1.117449e-04	3.290509e-03	3.530446e-04	7.361861e-03	-9.593577e-03
1.705000e+01	1.266473e-03	2.919113e-03	1.432561e-03	8.552050e-03	-9.581211e-03
1.710000e+01	2.465556e-03	2.608007e-03	2.530482e-03	8.845477e-03	-8.381194e-03
1.715000e+01	3.486637e-03	2.468686e-03	3.619702e-03	1.130565e-02	-6.168589e-03
1.720000e+01	4.123019e-03	2.458053e-03	4.383309e-03	1.267734e-02	-3.319653e-03
1.725000e+01	4.258994e-03	2.453815e-03	4.307910e-03	1.204544e-02	-1.108238e-03
1.730000e+01	3.910925e-03	2.394770e-03	3.892501e-03	1.119438e-02	-2.177367e-03
1.735000e+01	3.217242e-03	2.311234e-03	3.361490e-03	1.057996e-02	-3.315311e-03
1.740000e+01	2.382384e-03	2.265202e-03	2.695222e-03	8.729099e-03	-3.965458e-03
1.745000e+01	1.598859e-03	2.274531e-03	1.644665e-03	6.668747e-03	-5.038790e-03
1.750000e+01	9.801315e-04	2.300168e-03	1.060734e-03	6.323755e-03	-5.904678e-03
1.755000e+01	5.312984e-04	2.302787e-03	7.417966e-04	5.783037e-03	-6.840800e-03
1.760000e+01	1.675658e-04	2.290808e-03	3.535274e-04	4.908317e-03	-7.276305e-03
1.765000e+01	-2.301248e-04	2.309738e-03	9.382935e-06	4.001785e-03	-7.267912e-03
1.770000e+01	-7.483388e-04	2.379915e-03	-7.608937e-04	4.722462e-03	-7.226897e-03
1.775000e+01	-1.392909e-03	2.449599e-03	-1.336839e-03	5.699359e-03	-7.380236e-03
1.780000e+01	-2.079636e-03	2.428334e-03	-2.187621e-03	5.908789e-03	-7.641075e-03
1.785000e+01	-2.666660e-03	2.265539e-03	-2.729021e-03	5.461595e-03	-7.600542e-03
1.790000e+01	-3.013040e-03	2.014452e-03	-3.272812e-03	4.516262e-03	-7.600175e-03
1.795000e+01	-3.037234e-03	1.845961e-03	-3.237788e-03	3.179842e-03	-7.700121e-03
1.800000e+01	-2.750060e-03	1.914748e-03	-2.852773e-03	2.200146e-03	-6.977489e-03
1.805000e+01	-2.251853e-03	2.148665e-03	-2.207446e-03	3.772669e-03	-6.533265e-03
1.810000e+01	-1.679680e-03	2.351545e-03	-1.693011e-03	5.103096e-03	-8.097030e-03
1.815000e+01	-1.163482e-03	2.430614e-03	-1.133951e-03	6.058212e-03	-8.762229e-03
1.820000e+01	-7.714250e-04	2.435172e-03	-8.196313e-04	6.483883e-03	-8.469704e-03
1.825000e+01	-4.897807e-04	2.478631e-03	-5.980298e-04	6.215267e-03	-7.473258e-03
1.830000e+01	-2.397176e-04	2.601358e-03	7.256255e-06	6.905882e-03	-6.760882e-03
1.835000e+01	7.781938e-05	2.718449e-03	4.685320e-04	6.623900e-03	-7.506162e-03
1.840000e+01	5.297813e-04	2.715163e-03	9.109948e-04	7.532227e-03	-7.011183e-03
1.845000e+01	1.114316e-03	2.543671e-03	1.355540e-03	7.370784e-03	-6.925803e-03
1.850000e+01	1.755150e-03	2.246308e-03	2.073482e-03	6.836092e-03	-5.479800e-03
1.855000e+01	2.328506e-03	1.932337e-03	2.472627e-03	7.481388e-03	-3.815010e-03
1.860000e+01	2.709995e-03	1.728111e-03	2.701692e-03	7.719446e-03	-3.193179e-03
1.865000e+01	2.820877e-03	1.700417e-03	2.739312e-03	7.823836e-03	-2.249188e-03
1.870000e+01	2.654304e-03	1.812029e-03	2.628266e-03	8.593967e-03	-1.874351e-03
1.875000e+01	2.271693e-03	1.980037e-03	2.138722e-03	8.363801e-03	-2.656770e-03
1.880000e+01	1.772633e-03	2.141040e-03	1.637608e-03	9.061773e-03	-3.348028e-03
1.885000e+01	1.252923e-03	2.260236e-03	1.170526e-03	9.034011e-03	-4.057890e-03
1.890000e+01	7.695814e-04	2.320075e-03	6.473827e-04	8.310879e-03	-4.134234e-03
1.895000e+01	3.274918e-04	2.309650e-03	1.987767e-04	7.054301e-03	-4.754307e-03
1.900000e+01	-1.080222e-04	2.222564e-03	-1.914784e-04	5.289998e-03	-5.216942e-03
1.905000e+01	-5.792414e-04	2.073174e-03	-6.332523e-04	5.349954e-03	-6.034894e-03
1.910000e+01	-1.106387e-03	1.906407e-03	-1.072899e-03	5.187184e-03	-6.345028e-03
1.915000e+01	-1.661587e-03	1.806291e-03	-1.724933e-03	4.649937e-03	-5.991492e-03
1.920000e+01	-2.170996e-03	1.826440e-03	-2.304999e-03	3.706404e-03	-6.651675e-03
1.925000e+01	-2.538380e-03	1.917505e-03	-2.750069e-03	2.496224e-03	-7.454118e-03
1.930000e+01	-2.680780e-03	1.975784e-03	-2.706678e-03	2.763558e-03	-7.042029e-03
1.935000e+01	-2.560630e-03	1.944589e-03	-2.591746e-03	2.595576e-03	-7.288606e-03
1.940000e+01	-2.200634e-03	1.857355e-03	-2.299815e-03	2.250305e-03	-7.139739e-03
1.945000e+01	-1.675535e-03	1.810441e-03	-1.738297e-03	2.812017e-03	-6.085371e-03
1.950000e+01	-1.084950e-03	1.867387e-03	-1.088818e-03	3.484428e-03	-5.492140e-03
1.955000e+01	-5.193275e-04	1.983466e-03	-5.733094e-04	4.718361e-03	-5.113668e-03
1.960000e+01	-3.328407e-05	2.062328e-03	-1.099464e-04	5.636405e-03	-5.103721e-03
1.965000e+01	3.633984e-04	2.046146e-03	3.846846e-04	5.872123e-03	-4.624742e-03
1.970000e+01	6.951035e-04	1.940447e-03	7.082262e-04	5.600039e-03	-4.315831e-03
1.975000e+01	9.966512e-04	1.791126e-03	9.995024e-04	4.930492e-03	-3.771925e-03
1.980000e+01	1.288344e-03	1.644280e-03	1.240348e-03	5.032900e-03	-3.271953e-03
1.985000e+01	1.561309e-03	1.517154e-03	1.626405e-03	5.217755e-03	-2.961723e-03
1.990000e+01	1.779230e-03	1.405358e-03	1.914571e-03	4.950699e-03	-2.693984e-03
1.995000e+01	1.894729e-03	1.314707e-03	1.940881e-03	4.851369e-03	-2.693110e-03
2.000000e+01	1.871992e-03	1.275058e-03	1.894644e-03	5.636474e-03	-2.525097e-03
