# k	<chi>	std	chi_median	chi_max	chi_min
0.000000e+00	4.653896e-02	1.910208e-01	0.000000e+00	6.820334e-01	-4.517268e-01
5.000000e-02	8.161186e-02	2.604267e-01	1.747802e-01	6.753046e-01	-4.539264e-01
1.000000e-01	7.294131e-02	2.564581e-01	1.634663e-01	6.652291e-01	-4.560911e-01
1.500000e-01	4.597582e-02	2.441764e-01	1.297170e-01	6.318891e-01	-4.621632e-01
2.000000e-01	1.783745e-02	2.316192e-01	9.307167e-02	5.947719e-01	-4.677874e-01
2.500000e-01	-3.112582e-02	2.100945e-01	3.104141e-02	5.240021e-01	-4.753242e-01
3.000000e-01	-8.200881e-02	1.888183e-01	-3.330838e-02	4.476406e-01	-4.811140e-01
3.500000e-01	-1.539352e-01	1.612450e-01	-1.219954e-01	3.872284e-01	-5.272315e-01
4.000000e-01	-2.260486e-01	1.394067e-01	-2.025718e-01	3.123154e-01	-6.203053e-01
4.500000e-01	-3.136370e-01	1.264910e-01	-2.953712e-01	2.014119e-01	-7.295804e-01
5.000000e-01	-3.954751e-01	1.331478e-01	-3.879528e-01	7.610491e-02	-8.259433e-01
5.500000e-01	-4.806161e-01	1.592366e-01	-4.782792e-01	-8.276886e-02	-9.204882e-01
6.000000e-01	-5.503796e-01	1.918895e-01	-5.683162e-01	-1.235235e-01	-9.897403e-01
6.500000e-01	-6.074069e-01	2.259734e-01	-6.439388e-01	-1.276371e-01	-1.034106e+00
7.000000e-01	-6.393121e-01	2.515110e-01	-6.868557e-01	-1.337697e-01	-1.059922e+00
7.500000e-01	-6.445140e-01	2.662007e-01	-7.007805e-01	-1.055983e-01	-1.079802e+00
8.000000e-01	-6.206527e-01	2.666855e-01	-6.798503e-01	-7.969856e-02	-1.086525e+00
8.500000e-01	-5.655974e-01	2.513228e-01	-6.216017e-01	-5.996073e-02	-1.046403e+00
9.000000e-01	-4.886146e-01	2.229323e-01	-5.406374e-01	-3.167554e-02	-9.458972e-01
9.500000e-01	-3.904061e-01	1.813722e-01	-4.392057e-01	-5.759072e-03	-7.874024e-01
1.000000e+00	-2.887041e-01	1.345887e-01	-3.251476e-01	7.441932e-03	-6.525897e-01
1.050000e+00	-1.870318e-01	8.610155e-02	-2.056408e-01	1.016352e-02	-4.961836e-01
1.100000e+00	-1.035924e-01	5.358277e-02	-1.034508e-01	1.828300e-02	-3.349292e-01
1.150000e+00	-4.161736e-02	5.674692e-02	-5.177975e-02	1.377164e-01	-1.844758e-01
1.200000e+00	-9.700971e-03	7.778715e-02	-2.867816e-02	2.062366e-01	-1.516970e-01
1.250000e+00	-6.239593e-03	9.316681e-02	-2.001798e-02	2.240299e-01	-1.791443e-01
1.300000e+00	-2.505982e-02	9.623530e-02	-2.953866e-02	2.038043e-01	-2.108463e-01
1.350000e+00	-5.855846e-02	8.745503e-02	-5.207473e-02	1.740641e-01	-2.361392e-01
1.400000e+00	-9.066424e-02	7.132464e-02	-7.658408e-02	1.168801e-01	-2.522924e-01
1.450000e+00	-1.125898e-01	5.343125e-02	-9.755596e-02	5.054103e-02	-2.517309e-01
1.500000e+00	-1.115338e-01	4.229879e-02	-1.060226e-01	-3.033010e-03	-2.242105e-01
1.550000e+00	-8.517961e-02	4.031362e-02	-8.421681e-02	7.173004e-04	-1.736440e-01
1.600000e+00	-3.534768e-02	4.131581e-02	-3.081731e-02	4.487255e-02	-1.411030e-01
1.650000e+00	3.096152e-02	4.030780e-02	3.691127e-02	1.019127e-01	-7.833717e-02
1.700000e+00	9.853497e-02	3.733039e-02	1.067538e-01	1.611946e-01	1.713210e-03
1.750000e+00	1.576451e-01	3.572905e-02	1.653816e-01	2.364546e-01	7.591253e-02
1.800000e+00	1.931797e-01	3.547082e-02	1.981744e-01	2.785140e-01	1.108230e-01
1.850000e+00	2.034478e-01	3.451793e-02	1.977673e-01	2.829115e-01	1.258786e-01
1.900000e+00	1.856891e-01	3.053473e-02	1.780969e-01	2.648789e-01	1.254419e-01
1.950000e+00	1.492200e-01	2.641265e-02	1.436308e-01	2.221024e-01	9.783260e-02
2.000000e+00	1.024524e-01	2.738950e-02	9.407331e-02	1.751312e-01	4.759821e-02
2.050000e+00	5.652281e-02	3.469296e-02	4.273301e-02	1.498093e-01	1.362114e-03
2.100000e+00	2.135613e-02	3.990673e-02	8.171198e-03	1.193053e-01	-3.593137e-02
2.150000e+00	1.954053e-03	3.896410e-02	-8.553607e-03	8.866313e-02	-5.801631e-02
2.200000e+00	-3.217624e-03	3.255493e-02	-7.960880e-03	6.171586e-02	-5.426609e-02
2.250000e+00	-1.469798e-03	2.533264e-02	-2.389820e-03	5.003044e-02	-4.306051e-02
2.300000e+00	2.504226e-03	1.883570e-02	6.358444e-03	4.132444e-02	-3.342308e-02
2.350000e+00	4.569888e-03	1.453093e-02	2.874387e-03	3.881353e-02	-2.402615e-02
2.400000e+00	2.848111e-03	1.195255e-02	-1.139301e-04	3.495464e-02	-1.842901e-02
2.450000e+00	1.087590e-03	1.103162e-02	-8.874703e-04	3.087052e-02	-2.240436e-02
2.500000e+00	-1.943013e-03	9.964131e-03	-2.785643e-03	2.344492e-02	-2.708909e-02
2.550000e+00	-5.487856e-03	8.375196e-03	-5.118882e-03	1.402411e-02	-2.887004e-02
2.600000e+00	-8.608874e-03	6.478867e-03	-7.791577e-03	5.175335e-03	-2.954975e-02
2.650000e+00	-1.198132e-02	5.209530e-03	-1.121098e-02	-1.421582e-03	-3.057804e-02
2.700000e+00	-1.424534e-02	5.022077e-03	-1.443131e-02	-2.453999e-03	-2.959387e-02
2.750000e+00	-1.507678e-02	5.908547e-03	-1.678039e-02	-2.353121e-03	-2.701318e-02
2.800000e+00	-1.452058e-02	6.991646e-03	-1.700083e-02	-1.363024e-03	-2.885299e-02
2.850000e+00	-1.363799e-02	7.924974e-03	-1.640701e-02	6.021253e-04	-2.877401e-02
2.900000e+00	-1.179945e-02	8.173300e-03	-1.286130e-02	2.664379e-03	-2.599836e-02
2.950000e+00	-9.617028e-03	7.782615e-03	-1.037568e-02	3.670598e-03	-2.483509e-02
3.000000e+00	-7.646633e-03	7.037977e-03	-8.583982e-03	4.096177e-03	-2.193736e-02
3.050000e+00	-6.028152e-03	6.302456e-03	-7.108109e-03	5.988272e-03	-1.802101e-02
3.100000e+00	-5.119598e-03	6.246160e-03	-5.599202e-03	8.965901e-03	-1.643726e-02
3.150000e+00	-4.766242e-03	6.734995e-03	-5.475812e-03	1.120545e-02	-1.823461e-02
3.200000e+00	-4.547821e-03	7.103790e-03	-5.429061e-03	1.213780e-02	-1.829877e-02
3.250000e+00	-3.978389e-03	6.787720e-03	-5.298912e-03	1.163287e-02	-1.600216e-02
3.300000e+00	-2.539070e-03	5.563503e-03	-3.639709e-03	1.243896e-02	-1.201155e-02
3.350000e+00	4.076115e-06	3.724830e-03	-4.863105e-04	1.429996e-02	-7.106989e-03
3.400000e+00	3.488181e-03	2.795401e-03	3.608999e-03	1.412441e-02	-3.550106e-03
3.450000e+00	7.496671e-03	4.549940e-03	7.223775e-03	1.689797e-02	-4.357626e-03
3.500000e+00	1.115149e-02	6.947170e-03	1.026638e-02	2.453443e-02	-4.251049e-03
3.550000e+00	1.362199e-02	8.781343e-03	1.275807e-02	2.913123e-02	-5.350215e-03
3.600000e+00	1.431495e-02	9.710362e-03	1.396235e-02	3.066149e-02	-6.596790e-03
3.650000e+00	1.311885e-02	9.674666e-03	1.445364e-02	2.872751e-02	-7.666865e-03
3.700000e+00	1.008579e-02	8.852058e-03	1.312633e-02	2.571100e-02	-8.977309e-03
3.750000e+00	5.847136e-03	7.568666e-03	6.771353e-03	2.237790e-02	-1.019370e-02
3.800000e+00	1.210029e-03	6.189460e-03	-2.982547e-04	1.939939e-02	-1.111807e-02
3.850000e+00	-3.129516e-03	5.116889e-03	-3.608496e-03	1.489425e-02	-1.197765e-02
3.900000e+00	-6.705805e-03	5.016825e-03	-6.310601e-03	8.039341e-03	-1.718127e-02
3.950000e+00	-9.266547e-03	6.043264e-03	-9.476828e-03	3.270693e-03	-2.118959e-02
4.000000e+00	-1.082359e-02	7.537774e-03	-1.273450e-02	3.458528e-03	-2.256319e-02
4.050000e+00	-1.174182e-02	8.949639e-03	-1.467362e-02	3.224650e-03	-2.739691e-02
4.100000e+00	-1.211738e-02	9.715336e-03	-1.419298e-02	2.708525e-03	-3.094377e-02
4.150000e+00	-1.195422e-02	9.525087e-03	-1.279800e-02	5.644334e-03	-3.302364e-02
4.200000e+00	-1.113965e-02	8.300969e-03	-1.091543e-02	7.059817e-03	-3.269349e-02
4.250000e+00	-9.897194e-03	6.396161e-03	-9.343510e-03	6.456048e-03	-2.891525e-02
4.300000e+00	-7.767120e-03	4.336411e-03	-8.314038e-03	5.616893e-03	-2.097582e-02
4.350000e+00	-4.752718e-03	4.181487e-03	-4.977123e-03	5.987372e-03	-1.369232e-02
4.400000e+00	-1.080783e-03	6.455127e-03	-2.223682e-03	1.767985e-02	-1.126427e-02
4.450000e+00	2.655492e-03	9.003908e-03	7.097778e-04	2.737473e-02	-1.107491e-02
4.500000e+00	6.260669e-03	1.079470e-02	4.478016e-03	3.390878e-02	-1.304917e-02
4.550000e+00	9.394936e-03	1.135054e-02	7.976707e-03	3.652545e-02	-1.243962e-02
4.600000e+00	1.191591e-02	1.058312e-02	1.079514e-02	3.561624e-02	-8.903282e-03
4.650000e+00	1.380443e-02	8.890390e-03	1.232434e-02	3.433389e-02	-2.601825e-03
4.700000e+00	1.542221e-02	6.899932e-03	1.449781e-02	3.388386e-02	-8.953451e-04
4.750000e+00	1.699731e-02	5.734116e-03	1.755396e-02	3.206124e-02	8.012201e-04
4.800000e+00	1.858611e-02	6.090285e-03	1.806852e-02	3.245689e-02	3.469132e-03
4.850000e+00	1.996086e-02	7.177088e-03	1.921191e-02	3.850994e-02	5.325288e-03
4.900000e+00	2.072351e-02	8.115465e-03	1.999128e-02	4.219641e-02	5.208331e-03
4.950000e+00	2.027418e-02	8.736385e-03	1.996057e-02	4.242636e-02	-1.621539e-03
5.000000e+00	1.808497e-02	9.278071e-03	1.844737e-02	3.863815e-02	-1.040022e-02
5.050000e+00	1.393474e-02	9.959723e-03	1.516250e-02	3.363619e-02	-2.022841e-02
5.100000e+00	8.023699e-03	1.067044e-02	9.965660e-03	3.228329e-02	-2.979783e-02
5.150000e+00	9.508096e-04	1.108146e-02	2.547431e-03	2.893089e-02	-3.705047e-02
5.200000e+00	-6.407369e-03	1.094629e-02	-4.905136e-03	2.372218e-02	-4.010991e-02
5.250000e+00	-1.311220e-02	1.034040e-02	-1.272093e-02	1.830679e-02	-3.809814e-02
5.300000e+00	-1.846927e-02	9.791919e-03	-1.867850e-02	1.397000e-02	-4.120391e-02
5.350000e+00	-2.218255e-02	9.923272e-03	-2.261464e-02	1.081282e-02	-4.765377e-02
5.400000e+00	-2.438141e-02	1.076295e-02	-2.439727e-02	8.370455e-03	-5.258074e-02
5.450000e+00	-2.537411e-02	1.159629e-02	-2.486996e-02	5.861218e-03	-5.318236e-02
5.500000e+00	-2.575734e-02	1.177966e-02	-2.625642e-02	4.311805e-03	-5.171022e-02
5.550000e+00	-2.589084e-02	1.099851e-02	-2.598680e-02	3.469567e-03	-5.121835e-02
5.600000e+00	-2.581033e-02	9.436338e-03	-2.529853e-02	-1.147068e-03	-5.007543e-02
5.650000e+00	-2.509454e-02	7.844581e-03	-2.475120e-02	-6.082801e-03	-4.890164e-02
5.700000e+00	-2.336561e-02	7.571478e-03	-2.301461e-02	1.727326e-03	-4.514756e-02
5.750000e+00	-2.013856e-02	9.131239e-03	-1.990758e-02	1.090353e-02	-4.566708e-02
5.800000e+00	-1.517191e-02	1.150745e-02	-1.706008e-02	2.027038e-02	-5.138390e-02
5.850000e+00	-8.534274e-03	1.362742e-02	-1.163762e-02	2.817243e-02	-5.389069e-02
5.900000e+00	-8.609589e-04	1.496407e-02	-3.662806e-03	3.474855e-02	-5.221538e-02
5.950000e+00	7.071421e-03	1.533764e-02	5.393775e-03	3.964204e-02	-4.633311e-02
6.000000e+00	1.446442e-02	1.486178e-02	1.415593e-02	4.189596e-02	-3.731210e-02
6.050000e+00	2.069098e-02	1.379945e-02	2.146940e-02	4.753693e-02	-2.704169e-02
6.100000e+00	2.537960e-02	1.255328e-02	2.602694e-02	5.008734e-02	-1.740515e-02
6.150000e+00	2.852788e-02	1.132691e-02	2.894409e-02	5.312365e-02	-9.885200e-03
6.200000e+00	3.031359e-02	1.016879e-02	3.044185e-02	5.325029e-02	-3.740422e-03
6.250000e+00	3.092275e-02	9.204074e-03	3.066987e-02	5.216046e-02	2.596928e-03
6.300000e+00	3.041233e-02	8.825331e-03	3.037460e-02	5.287745e-02	4.814577e-03
6.350000e+00	2.867027e-02	9.410863e-03	2.865555e-02	5.756458e-02	6.516974e-03
6.400000e+00	2.549016e-02	1.080354e-02	2.509178e-02	5.827832e-02	-4.492135e-03
6.450000e+00	2.072535e-02	1.247618e-02	1.961931e-02	5.913504e-02	-1.329030e-02
6.500000e+00	1.445095e-02	1.400124e-02	1.286516e-02	6.024924e-02	-1.890746e-02
6.550000e+00	6.972017e-03	1.512083e-02	6.304466e-03	5.893269e-02	-2.359059e-02
6.600000e+00	-9.115285e-04	1.576116e-02	-7.625308e-04	5.314546e-02	-3.380978e-02
6.650000e+00	-8.366176e-03	1.587844e-02	-6.832432e-03	4.327837e-02	-4.530478e-02
6.700000e+00	-1.463580e-02	1.545513e-02	-1.192955e-02	3.034060e-02	-5.428365e-02
6.750000e+00	-1.924199e-02	1.451727e-02	-1.622422e-02	1.707930e-02	-5.747321e-02
6.800000e+00	-2.209187e-02	1.316799e-02	-1.995818e-02	7.652579e-03	-5.665854e-02
6.850000e+00	-2.345239e-02	1.166714e-02	-2.273175e-02	4.053197e-03	-5.236774e-02
6.900000e+00	-2.380313e-02	1.055796e-02	-2.397976e-02	3.820076e-03	-4.734631e-02
6.950000e+00	-2.362721e-02	1.054162e-02	-2.382841e-02	5.748012e-03	-4.864496e-02
7.000000e+00	-2.322226e-02	1.172355e-02	-2.292639e-02	7.280752e-03	-5.432376e-02
7.050000e+00	-2.255308e-02	1.328995e-02	-2.222623e-02	1.200500e-02	-5.572380e-02
7.100000e+00	-2.143768e-02	1.429817e-02	-2.134487e-02	1.332704e-02	-5.286130e-02
7.150000e+00	-1.951248e-02	1.427225e-02	-1.935062e-02	1.746069e-02	-4.714470e-02
7.200000e+00	-1.646788e-02	1.342102e-02	-1.753599e-02	2.161529e-02	-4.265057e-02
7.250000e+00	-1.220217e-02	1.261754e-02	-1.404428e-02	2.466529e-02	-3.874342e-02
7.300000e+00	-6.886766e-03	1.284158e-02	-9.486847e-03	3.040078e-02	-3.043023e-02
7.350000e+00	-9.224170e-04	1.412397e-02	-2.943948e-03	3.834434e-02	-2.905781e-02
7.400000e+00	5.186613e-03	1.558222e-02	4.085639e-03	4.280493e-02	-3.606370e-02
7.450000e+00	1.098071e-02	1.643442e-02	1.168528e-02	4.705144e-02	-3.920346e-02
7.500000e+00	1.614988e-02	1.643318e-02	1.850042e-02	5.280217e-02	-3.736797e-02
7.550000e+00	2.049700e-02	1.571382e-02	2.334633e-02	5.457508e-02	-3.028364e-02
7.600000e+00	2.401949e-02	1.466693e-02	2.596495e-02	5.428464e-02	-2.389198e-02
7.650000e+00	2.667428e-02	1.359429e-02	2.791369e-02	5.433972e-02	-1.856543e-02
7.700000e+00	2.830942e-02	1.268602e-02	2.887509e-02	5.645117e-02	-1.129027e-02
7.750000e+00	2.863797e-02	1.209136e-02	2.829243e-02	6.059605e-02	-3.202585e-03
7.800000e+00	2.730712e-02	1.195371e-02	2.674549e-02	6.246965e-02	-5.791342e-03
7.850000e+00	2.404131e-02	1.231543e-02	2.411299e-02	6.313511e-02	-8.047937e-03
7.900000e+00	1.880212e-02	1.304764e-02	1.920603e-02	5.554048e-02	-1.338533e-02
7.950000e+00	1.189493e-02	1.394210e-02	1.147992e-02	5.218111e-02	-1.911077e-02
8.000000e+00	3.969914e-03	1.483319e-02	2.722777e-03	5.472130e-02	-2.689284e-02
8.050000e+00	-4.117714e-03	1.556789e-02	-6.386598e-03	5.251057e-02	-3.233515e-02
8.100000e+00	-1.139376e-02	1.605098e-02	-1.372846e-02	4.493410e-02	-4.640307e-02
8.150000e+00	-1.714094e-02	1.612106e-02	-1.914661e-02	3.372116e-02	-5.679667e-02
8.200000e+00	-2.099056e-02	1.567725e-02	-2.299400e-02	2.339473e-02	-6.170937e-02
8.250000e+00	-2.296068e-02	1.481311e-02	-2.479849e-02	1.639630e-02	-6.020109e-02
8.300000e+00	-2.337132e-02	1.385052e-02	-2.435461e-02	1.229968e-02	-5.542763e-02
8.350000e+00	-2.267575e-02	1.313152e-02	-2.212881e-02	9.652818e-03	-5.240241e-02
8.400000e+00	-2.127654e-02	1.265854e-02	-2.105407e-02	5.986318e-03	-5.357846e-02
8.450000e+00	-1.939689e-02	1.206979e-02	-1.880345e-02	6.435174e-03	-5.343621e-02
8.500000e+00	-1.705149e-02	1.115065e-02	-1.698193e-02	1.232012e-02	-4.737652e-02
8.550000e+00	-1.409750e-02	1.039307e-02	-1.343046e-02	1.254060e-02	-4.077844e-02
8.600000e+00	-1.043011e-02	1.090931e-02	-8.768319e-03	1.912931e-02	-4.276199e-02
8.650000e+00	-6.061743e-03	1.286473e-02	-6.352059e-03	3.050251e-02	-4.116318e-02
8.700000e+00	-1.209841e-03	1.507439e-02	-3.764360e-03	3.782668e-02	-3.945417e-02
8.750000e+00	3.721507e-03	1.635215e-02	1.524189e-03	4.021773e-02	-3.726374e-02
8.800000e+00	8.243123e-03	1.619850e-02	6.983052e-03	4.311078e-02	-3.242719e-02
8.850000e+00	1.192212e-02	1.485794e-02	1.185063e-02	4.378049e-02	-2.474971e-02
8.900000e+00	1.450394e-02	1.314769e-02	1.568186e-02	4.542245e-02	-2.042237e-02
8.950000e+00	1.596545e-02	1.198323e-02	1.628039e-02	4.417149e-02	-1.970238e-02
9.000000e+00	1.647954e-02	1.163960e-02	1.665317e-02	4.290356e-02	-1.957379e-02
9.050000e+00	1.633294e-02	1.162331e-02	1.649882e-02	4.283530e-02	-1.896021e-02
9.100000e+00	1.571567e-02	1.139225e-02	1.605561e-02	4.331905e-02	-1.680771e-02
9.150000e+00	1.471666e-02	1.087771e-02	1.491030e-02	3.934885e-02	-1.537619e-02
9.200000e+00	1.327032e-02	1.038457e-02	1.377493e-02	3.857478e-02	-1.791717e-02
9.250000e+00	1.121396e-02	1.032365e-02	1.087891e-02	3.889616e-02	-1.745349e-02
9.300000e+00	8.400942e-03	1.093206e-02	7.446830e-03	3.994389e-02	-1.668053e-02
9.350000e+00	4.820574e-03	1.208036e-02	3.432928e-03	3.713499e-02	-2.144585e-02
9.400000e+00	6.729263e-04	1.333051e-02	-3.607695e-04	4.281879e-02	-2.728493e-02
9.450000e+00	-3.635632e-03	1.418567e-02	-4.296256e-03	4.549553e-02	-3.345470e-02
9.500000e+00	-7.578858e-03	1.432599e-02	-8.520522e-03	4.188732e-02	-3.773694e-02
9.550000e+00	-1.066656e-02	1.372952e-02	-1.233026e-02	3.222411e-02	-4.272698e-02
9.600000e+00	-1.252829e-02	1.260245e-02	-1.377225e-02	2.523723e-02	-4.395186e-02
9.650000e+00	-1.306870e-02	1.124620e-02	-1.413270e-02	2.372108e-02	-4.166322e-02
9.700000e+00	-1.246223e-02	9.910060e-03	-1.295562e-02	1.994664e-02	-3.595167e-02
9.750000e+00	-1.108513e-02	8.857519e-03	-1.142964e-02	1.886578e-02	-3.294044e-02
9.800000e+00	-9.390834e-03	8.473776e-03	-9.398584e-03	1.469947e-02	-3.371042e-02
9.850000e+00	-7.772442e-03	8.927734e-03	-7.609170e-03	1.800265e-02	-3.557241e-02
9.900000e+00	-6.458192e-03	9.745595e-03	-5.918813e-03	2.305075e-02	-3.746926e-02
9.950000e+00	-5.470590e-03	1.021598e-02	-5.592236e-03	2.307812e-02	-3.439663e-02
1.000000e+01	-4.656068e-03	1.002385e-02	-4.333303e-03	2.090881e-02	-3.045170e-02
1.005000e+01	-3.761048e-03	9.514615e-03	-3.470026e-03	2.180957e-02	-2.906627e-02
1.010000e+01	-2.555682e-03	9.504364e-03	-2.164254e-03	2.256519e-02	-3.085830e-02
1.015000e+01	-8.989863e-04	1.036371e-02	-8.526614e-04	2.536358e-02	-2.896793e-02
1.020000e+01	1.203731e-03	1.149001e-02	9.837718e-05	2.827992e-02	-3.127819e-02
1.025000e+01	3.600609e-03	1.207413e-02	3.077520e-03	3.162947e-02	-3.808704e-02
1.030000e+01	6.034343e-03	1.176787e-02	5.813787e-03	3.341818e-02	-3.981455e-02
1.035000e+01	8.206362e-03	1.076325e-02	8.818441e-03	3.697928e-02	-3.595231e-02
1.040000e+01	9.842960e-03	9.602786e-03	1.122302e-02	3.698619e-02	-2.730417e-02
1.045000e+01	1.074660e-02	8.820806e-03	1.134438e-02	3.438055e-02	-1.562476e-02
1.050000e+01	1.082373e-02	8.560755e-03	1.118884e-02	3.212284e-02	-1.148573e-02
1.055000e+01	1.008874e-02	8.593755e-03	1.013990e-02	3.435839e-02	-1.280165e-02
1.060000e+01	8.649213e-03	8.698366e-03	9.312245e-03	3.388045e-02	-1.847300e-02
1.065000e+01	6.679752e-03	8.829122e-03	6.930248e-03	3.150400e-02	-2.123730e-02
1.070000e+01	4.391063e-03	9.007532e-03	4.437844e-03	2.842515e-02	-2.067461e-02
1.075000e+01	1.999385e-03	9.216817e-03	2.029516e-03	2.786047e-02	-2.058053e-02
1.080000e+01	-3.000664e-04	9.427625e-03	-4.954157e-04	2.669452e-02	-2.354835e-02
1.085000e+01	-2.352716e-03	9.665006e-03	-2.543168e-03	2.433659e-02	-2.785926e-02
1.090000e+01	-4.055007e-03	9.994587e-03	-3.721459e-03	2.256577e-02	-2.947273e-02
1.095000e+01	-5.354428e-03	1.042220e-02	-4.755216e-03	2.205753e-02	-2.939752e-02
1.100000e+01	-6.240254e-03	1.081703e-02	-6.581244e-03	1.808361e-02	-2.964076e-02
1.105000e+01	-6.749389e-03	1.097114e-02	-7.593473e-03	2.062197e-02	-3.010170e-02
1.110000e+01	-6.888841e-03	1.068000e-02	-7.719949e-03	2.150118e-02	-3.193015e-02
1.115000e+01	-6.684109e-03	9.926467e-03	-6.930261e-03	1.921679e-02	-2.974928e-02
1.120000e+01	-6.161814e-03	8.922580e-03	-6.565276e-03	1.592866e-02	-2.578528e-02
1.125000e+01	-5.358264e-03	8.039664e-03	-5.893380e-03	1.783283e-02	-2.579221e-02
1.130000e+01	-4.330796e-03	7.564829e-03	-4.507093e-03	1.879906e-02	-2.832239e-02
1.135000e+01	-3.163762e-03	7.465127e-03	-3.085407e-03	1.622504e-02	-2.718771e-02
1.140000e+01	-1.962594e-03	7.531278e-03	-1.292382e-03	1.940455e-02	-2.450476e-02
1.145000e+01	-8.345618e-04	7.710184e-03	1.568850e-04	2.285173e-02	-2.346749e-02
1.150000e+01	1.382586e-04	8.125687e-03	2.126593e-04	2.489111e-02	-2.583299e-02
1.155000e+01	9.230664e-04	8.793536e-03	2.312050e-04	2.518172e-02	-2.598913e-02
1.160000e+01	1.545836e-03	9.465736e-03	7.693846e-04	2.433666e-02	-2.429916e-02
1.165000e+01	2.079216e-03	9.807355e-03	1.702035e-03	2.631529e-02	-2.371515e-02
1.170000e+01	2.610358e-03	9.629191e-03	2.494023e-03	2.519901e-02	-2.428499e-02
1.175000e+01	3.199281e-03	8.974403e-03	3.318293e-03	2.554162e-02	-2.079229e-02
1.180000e+01	3.843841e-03	8.071259e-03	3.804318e-03	2.497877e-02	-1.624496e-02
1.185000e+01	4.466540e-03	7.214147e-03	4.893438e-03	2.219959e-02	-1.328497e-02
1.190000e+01	4.930911e-03	6.640011e-03	5.656427e-03	2.306104e-02	-1.306935e-02
1.195000e+01	5.083916e-03	6.458604e-03	5.509699e-03	2.209687e-02	-1.642718e-02
1.200000e+01	4.810081e-03	6.638289e-03	5.150484e-03	2.164789e-02	-1.777686e-02
1.205000e+01	4.080793e-03	7.038105e-03	4.644586e-03	2.304081e-02	-1.728197e-02
1.210000e+01	2.961243e-03	7.409159e-03	2.967654e-03	2.235937e-02	-1.527877e-02
1.215000e+01	1.613632e-03	7.569550e-03	1.071926e-03	2.280709e-02	-1.725713e-02
1.220000e+01	2.447067e-04	7.498930e-03	-6.091650e-04	2.486530e-02	-1.947423e-02
1.225000e+01	-9.543216e-04	7.351754e-03	-1.673131e-03	2.490096e-02	-1.928649e-02
1.230000e+01	-1.860908e-03	7.327808e-03	-1.841016e-03	2.241557e-02	-1.838281e-02
1.235000e+01	-2.448260e-03	7.471371e-03	-2.245408e-03	1.781720e-02	-2.096529e-02
1.240000e+01	-2.777397e-03	7.631798e-03	-3.413673e-03	1.598370e-02	-2.130379e-02
1.245000e+01	-2.958727e-03	7.638237e-03	-3.276346e-03	1.952118e-02	-2.247132e-02
1.250000e+01	-3.099227e-03	7.451909e-03	-3.503676e-03	2.144498e-02	-2.107953e-02
1.255000e+01	-3.256311e-03	7.153784e-03	-4.073758e-03	2.034373e-02	-1.959188e-02
1.260000e+01	-3.415962e-03	6.822149e-03	-4.076911e-03	1.645960e-02	-2.014088e-02
1.265000e+01	-3.502454e-03	6.455537e-03	-3.655043e-03	1.428153e-02	-1.909343e-02
1.270000e+01	-3.414154e-03	6.053960e-03	-2.896444e-03	1.321923e-02	-2.032147e-02
1.275000e+01	-3.069769e-03	5.764629e-03	-2.771308e-03	1.437198e-02	-1.947896e-02
1.280000e+01	-2.446010e-03	5.847807e-03	-2.256196e-03	1.680374e-02	-1.982251e-02
1.285000e+01	-1.591923e-03	6.367789e-03	-1.521388e-03	1.973559e-02	-1.779915e-02
1.290000e+01	-6.152560e-04	7.047466e-03	-9.903629e-04	2.010537e-02	-1.564418e-02
1.295000e+01	3.524290e-04	7.532937e-03	-3.308483e-05	2.053824e-02	-1.675696e-02
1.300000e+01	1.197031e-03	7.630272e-03	9.032360e-04	2.238677e-02	-1.749616e-02
1.305000e+01	1.860427e-03	7.359793e-03	1.523731e-03	2.135351e-02	-1.674321e-02
1.310000e+01	2.328420e-03	6.823848e-03	2.320280e-03	2.117654e-02	-1.504091e-02
1.315000e+01	2.638540e-03	6.175988e-03	2.953196e-03	1.920619e-02	-1.447876e-02
1.320000e+01	2.843664e-03	5.552167e-03	3.031174e-03	1.621855e-02	-1.182238e-02
1.325000e+01	2.980848e-03	5.078126e-03	3.243768e-03	1.620651e-02	-1.190199e-02
1.330000e+01	3.052196e-03	4.861789e-03	3.026962e-03	1.557573e-02	-1.164658e-02
1.335000e+01	3.024576e-03	4.915163e-03	2.824920e-03	1.401033e-02	-1.241052e-02
1.340000e+01	2.846461e-03	5.127231e-03	2.576740e-03	1.446951e-02	-1.345375e-02
1.345000e+01	2.473362e-03	5.376752e-03	2.277652e-03	1.496203e-02	-1.333797e-02
1.350000e+01	1.890765e-03	5.626952e-03	2.083891e-03	1.437644e-02	-1.452202e-02
1.355000e+01	1.125777e-03	5.887205e-03	1.298226e-03	1.306428e-02	-1.805365e-02
1.360000e+01	2.441179e-04	6.119768e-03	8.090036e-04	1.321029e-02	-2.042004e-02
1.365000e+01	-6.648557e-04	6.227537e-03	-2.478071e-06	1.442271e-02	-2.096378e-02
1.370000e+01	-1.508252e-03	6.137479e-03	-1.061799e-03	1.586881e-02	-1.905853e-02
1.375000e+01	-2.207242e-03	5.874827e-03	-2.123766e-03	1.584044e-02	-1.630389e-02
1.380000e+01	-2.706928e-03	5.549212e-03	-2.625280e-03	1.383379e-02	-1.573243e-02
1.385000e+01	-2.977491e-03	5.264503e-03	-3.173066e-03	1.061361e-02	-1.482544e-02
1.390000e+01	-3.009715e-03	5.048922e-03	-3.235541e-03	9.591805e-03	-1.434582e-02
1.395000e+01	-2.809987e-03	4.889154e-03	-3.057936e-03	1.385595e-02	-1.477183e-02
1.400000e+01	-2.398966e-03	4.798251e-03	-2.664167e-03	1.626288e-02	-1.472796e-02
1.405000e+01	-1.815485e-03	4.804976e-03	-2.216631e-03	1.608263e-02	-1.486069e-02
1.410000e+01	-1.111157e-03	4.846485e-03	-1.748380e-03	1.427580e-02	-1.379681e-02
1.415000e+01	-3.711181e-04	4.830272e-03	-8.734539e-04	1.484899e-02	-1.506773e-02
1.420000e+01	3.038891e-04	4.737315e-03	-1.458326e-04	1.563015e-02	-1.529841e-02
1.425000e+01	8.181581e-04	4.692755e-03	5.814453e-04	1.369735e-02	-1.543513e-02
1.430000e+01	1.107516e-03	4.863663e-03	1.005428e-03	1.279640e-02	-1.471606e-02
1.435000e+01	1.161734e-03	5.245227e-03	1.370462e-03	1.229540e-02	-1.396291e-02
1.440000e+01	1.032186e-03	5.634880e-03	1.397650e-03	1.352012e-02	-1.524465e-02
1.445000e+01	8.185771e-04	5.819505e-03	1.486118e-03	1.272365e-02	-1.455743e-02
1.450000e+01	6.367663e-04	5.709229e-03	1.106613e-03	1.283235e-02	-1.585243e-02
1.455000e+01	5.783292e-04	5.344909e-03	1.060308e-03	1.245980e-02	-1.635124e-02
1.460000e+01	6.772646e-04	4.839388e-03	9.447931e-04	1.146726e-02	-1.433363e-02
1.465000e+01	8.976029e-04	4.313709e-03	1.229957e-03	1.007547e-02	-1.108207e-02
1.470000e+01	1.147749e-03	3.872892e-03	1.346020e-03	1.125169e-02	-1.007989e-02
1.475000e+01	1.316436e-03	3.615787e-03	1.211454e-03	1.120056e-02	-8.526803e-03
1.480000e+01	1.316020e-03	3.611812e-03	1.058704e-03	1.110879e-02	-9.739116e-03
1.485000e+01	1.115659e-03	3.832805e-03	7.198983e-04	1.248312e-02	-1.086224e-02
1.490000e+01	7.512265e-04	4.157652e-03	6.323863e-04	1.314068e-02	-1.144597e-02
1.495000e+01	3.086968e-04	4.460871e-03	1.199249e-04	1.288187e-02	-1.102173e-02
1.500000e+01	-1.111976e-04	4.667666e-03	-5.405565e-04	1.368377e-02	-1.158173e-02
1.505000e+01	-4.372894e-04	4.760266e-03	-1.166388e-03	1.402382e-02	-1.234466e-02
1.510000e+01	-6.340538e-04	4.722151e-03	-1.244073e-03	1.366028e-02	-1.222538e-02
1.515000e+01	-7.285489e-04	4.559255e-03	-1.143100e-03	1.338558e-02	-1.146748e-02
1.520000e+01	-7.855411e-04	4.301989e-03	-7.646651e-04	1.140034e-02	-1.049660e-02
1.525000e+01	-8.726200e-04	4.016952e-03	-1.010371e-03	1.167339e-02	-9.410830e-03
1.530000e+01	-1.024394e-03	3.789263e-03	-1.149972e-03	1.176578e-02	-1.006117e-02
1.535000e+01	-1.221467e-03	3.673226e-03	-1.437376e-03	1.056030e-02	-1.170402e-02
1.540000e+01	-1.393729e-03	3.659866e-03	-1.486304e-03	8.199504e-03	-1.350391e-02
1.545000e+01	-1.447226e-03	3.708907e-03	-1.481199e-03	8.398916e-03	-1.318406e-02
1.550000e+01	-1.303821e-03	3.803350e-03	-1.243615e-03	9.723176e-03	-1.125516e-02
1.555000e+01	-9.372902e-04	3.952912e-03	-9.857786e-04	1.023953e-02	-1.110425e-02
1.560000e+01	-3.906561e-04	4.146135e-03	-3.799208e-04	1.047745e-02	-1.073134e-02
1.565000e+01	2.328533e-04	4.319041e-03	1.635069e-04	1.096483e-02	-1.152691e-02
1.570000e+01	8.021553e-04	4.385263e-03	8.657880e-04	1.153261e-02	-1.144119e-02
1.575000e+01	1.201467e-03	4.296680e-03	1.140667e-03	1.257089e-02	-1.011281e-02
1.580000e+01	1.367523e-03	4.082573e-03	1.297485e-03	1.345535e-02	-9.065585e-03
1.585000e+01	1.306726e-03	3.838905e-03	1.142728e-03	1.259944e-02	-8.857883e-03
1.590000e+01	1.086423e-03	3.662747e-03	9.615134e-04	1.069506e-02	-8.616631e-03
1.595000e+01	8.048708e-04	3.576237e-03	8.747594e-04	1.029525e-02	-7.666290e-03
1.600000e+01	5.527345e-04	3.528744e-03	7.182115e-04	1.211303e-02	-9.483493e-03
1.605000e+01	3.849845e-04	3.482671e-03	4.864303e-04	1.231331e-02	-1.111018e-02
1.610000e+01	2.929551e-04	3.442533e-03	2.973351e-04	1.119097e-02	-1.105351e-02
1.615000e+01	2.350185e-04	3.435960e-03	1.401605e-04	1.066930e-02	-9.396981e-03
1.620000e+01	1.557927e-04	3.452101e-03	4.063737e-05	9.954329e-03	-9.846154e-03
1.625000e+01	1.608253e-05	3.444188e-03	-1.226452e-04	9.842980e-03	-9.097088e-03
1.630000e+01	-1.866889e-04	3.384775e-03	-3.580957e-04	9.301931e-03	-7.468319e-03
1.635000e+01	-4.158571e-04	3.301007e-03	-6.328200e-04	1.015778e-02	-7.775271e-03
1.640000e+01	-6.109954e-04	3.250111e-03	-8.489138e-04	1.060259e-02	-8.934806e-03
1.645000e+01	-7.140663e-04	3.260305e-03	-9.335558e-04	9.624863e-03	-9.845934e-03
1.650000e+01	-6.945934e-04	3.305574e-03	-9.684173e-04	1.018880e-02	-1.010025e-02
1.655000e+01	-5.630891e-04	3.341137e-03	-6.688646e-04	1.006495e-02	-9.124375e-03
1.660000e+01	-3.673427e-04	3.344076e-03	-4.375674e-04	9.353110e-03	-1.064756e-02
1.665000e+01	-1.735656e-04	3.314078e-03	-2.699608e-04	8.533739e-03	-1.105079e-02
1.670000e+01	-4.060964e-05	3.250953e-03	-9.630028e-05	8.233040e-03	-1.027469e-02
1.675000e+01	2.002834e-06	3.147584e-03	-1.673689e-04	7.972706e-03	-8.983390e-03
1.680000e+01	-3.646188e-05	3.010917e-03	-2.241992e-04	1.027730e-02	-7.409679e-03
1.685000e+01	-1.141984e-04	2.887196e-03	-1.650361e-04	1.173333e-02	-7.620925e-03
1.690000e+01	-1.755120e-04	2.854920e-03	-1.510124e-04	1.176249e-02	-9.047566e-03
1.695000e+01	-1.737868e-04	2.967711e-03	-1.575646e-04	1.062875e-02	-1.069770e-02
1.700000e+01	-8.948820e-05	3.195420e-03	-6.959184e-05	8.719819e-03	-1.109984e-02
1.705000e+01	6.498418e-05	3.441837e-03	1.073075e-04	9.159223e-03	-1.030628e-02
1.710000e+01	2.498483e-04	3.599555e-03	4.164336e-04	1.071512e-02	-9.623260e-03
1.715000e+01	4.111486e-04	3.596442e-03	5.745987e-04	1.125039e-02	-1.006604e-02
1.720000e+01	5.041900e-04	3.415057e-03	7.007889e-04	1.082102e-02	-1.022494e-02
1.725000e+01	5.086076e-04	3.107847e-03	5.483726e-04	9.439552e-03	-9.033777e-03
1.730000e+01	4.326845e-04	2.798988e-03	5.568054e-04	7.750852e-03	-6.659996e-03
1.735000e+01	3.065130e-04	2.641176e-03	4.235686e-04	7.054450e-03	-6.382790e-03
1.740000e+01	1.681251e-04	2.700414e-03	2.665116e-04	8.411922e-03	-6.584803e-03
1.745000e+01	4.903435e-05	2.889169e-03	1.053097e-04	9.557340e-03	-7.746882e-03
1.750000e+01	-3.499156e-05	3.064193e-03	-7.118778e-05	9.148628e-03	-8.728517e-03
1.755000e+01	-8.510689e-05	3.132143e-03	-2.417791e-04	1.026352e-02	-8.456955e-03
1.760000e+01	-1.134947e-04	3.072204e-03	-3.245068e-04	1.073012e-02	-7.464773e-03
1.765000e+01	-1.342613e-04	2.923439e-03	-2.893504e-04	1.041424e-02	-7.834285e-03
1.770000e+01	-1.557590e-04	2.764372e-03	-1.908566e-04	9.197385e-03	-8.163801e-03
1.775000e+01	-1.775733e-04	2.677667e-03	-2.772965e-04	7.829494e-03	-7.821062e-03
1.780000e+01	-1.927202e-04	2.696712e-03	-2.945631e-04	8.182415e-03	-7.903729e-03
1.785000e+01	-1.930266e-04	2.778134e-03	-3.793563e-04	8.597374e-03	-7.965165e-03
1.790000e+01	-1.744041e-04	2.839071e-03	-4.377396e-04	9.447328e-03	-7.113012e-03
1.795000e+01	-1.392527e-04	2.815269e-03	-4.833927e-04	8.924697e-03	-7.710352e-03
1.800000e+01	-9.508253e-05	2.691484e-03	-3.760591e-04	8.255739e-03	-7.831452e-03
1.805000e+01	-5.014267e-05	2.507399e-03	-2.517552e-04	6.945698e-03	-7.952430e-03
1.810000e+01	-9.927955e-06	2.332147e-03	-1.578213e-04	6.624313e-03	-8.132386e-03
1.815000e+01	2.333433e-05	2.245806e-03	-7.953467e-05	6.950038e-03	-7.394566e-03
1.820000e+01	5.030964e-05	2.283435e-03	-2.080210e-05	6.699631e-03	-7.560002e-03
1.825000e+01	7.165648e-05	2.406711e-03	3.063849e-05	6.373605e-03	-6.526756e-03
1.830000e+01	8.523710e-05	2.537977e-03	8.990653e-06	6.825447e-03	-6.249583e-03
1.835000e+01	8.555067e-05	2.613664e-03	5.793603e-05	6.448065e-03	-6.469317e-03
1.840000e+01	6.627806e-05	2.612441e-03	1.199556e-05	7.364656e-03	-6.798046e-03
1.845000e+01	2.496052e-05	2.557063e-03	-4.829104e-05	7.831564e-03	-7.747381e-03
1.850000e+01	-3.266692e-05	2.493551e-03	-1.033670e-04	7.310657e-03	-7.819030e-03
1.855000e+01	-9.145269e-05	2.453280e-03	-1.817016e-04	7.021288e-03	-7.456698e-03
1.860000e+01	-1.302752e-04	2.426380e-03	-7.394947e-05	6.802259e-03	-7.303570e-03
1.865000e+01	-1.295118e-04	2.377832e-03	-2.385158e-04	6.803819e-03	-6.981819e-03
1.870000e+01	-7.970773e-05	2.291774e-03	-3.000756e-04	7.614922e-03	-6.917490e-03
1.875000e+01	1.241975e-05	2.200771e-03	-1.871068e-04	7.644979e-03	-7.140360e-03
1.880000e+01	1.238069e-04	2.169821e-03	1.564955e-05	7.368173e-03	-6.338695e-03
1.885000e+01	2.215821e-04	2.233673e-03	1.425839e-04	6.464642e-03	-4.817018e-03
1.890000e+01	2.742996e-04	2.351032e-03	1.885965e-04	7.603474e-03	-5.038630e-03
1.895000e+01	2.636021e-04	2.439187e-03	1.288405e-04	8.992545e-03	-5.278963e-03
1.900000e+01	1.915384e-04	2.437972e-03	9.494708e-05	9.139935e-03	-5.676483e-03
1.905000e+01	8.017663e-05	2.344098e-03	2.870040e-05	8.640853e-03	-5.904579e-03
1.910000e+01	-3.611269e-05	2.198993e-03	-7.774540e-06	7.116174e-03	-6.496528e-03
1.915000e+01	-1.230432e-04	2.073286e-03	-1.447686e-04	6.273763e-03	-6.151662e-03
1.920000e+01	-1.596356e-04	2.020475e-03	-1.618949e-04	6.240257e-03	-6.738381e-03
1.925000e+01	-1.454943e-04	2.043281e-03	-2.117268e-04	6.404665e-03	-6.453278e-03
1.930000e+01	-9.956170e-05	2.103300e-03	-2.067488e-04	6.740762e-03	-5.036258e-03
1.935000e+01	-5.094254e-05	2.156744e-03	-1.827899e-04	7.141361e-03	-5.429443e-03
1.940000e+01	-2.576156e-05	2.175920e-03	-1.188316e-04	7.030181e-03	-6.267548e-03
1.945000e+01	-3.571071e-05	2.153645e-03	-6.037246e-05	6.050191e-03	-5.873285e-03
1.950000e+01	-7.320280e-05	2.104025e-03	-3.619771e-05	5.363183e-03	-5.866149e-03
1.955000e+01	-1.151825e-04	2.060036e-03	-3.848315e-05	4.588592e-03	-5.755824e-03
1.960000e+01	-1.338881e-04	2.057884e-03	-1.013200e-05	4.958448e-03	-7.210581e-03
1.965000e+01	-1.098379e-04	2.109231e-03	-1.336103e-04	5.709403e-03	-7.771269e-03
1.970000e+01	-4.135058e-05	2.187890e-03	-6.754628e-05	6.086966e-03	-7.281138e-03
1.975000e+01	5.358822e-05	2.248862e-03	1.370773e-04	6.753478e-03	-7.010354e-03
1.980000e+01	1.439805e-04	2.258345e-03	1.383811e-04	7.030570e-03	-6.304602e-03
1.985000e+01	1.981756e-04	2.210209e-03	1.549186e-04	6.503432e-03	-5.110763e-03
1.990000e+01	1.966697e-04	2.125784e-03	9.970682e-05	6.630581e-03	-4.837393e-03
1.995000e+01	1.399220e-04	2.042067e-03	1.760972e-04	6.418235e-03	-5.413276e-03
2.000000e+01	4.794632e-05	1.992500e-03	1.669634e-04	5.266655e-03	-5.818999e-03
