# # k	<chi>	std
0.000000000000000000e+00 4.298576121306378894e-01 6.790948638805467674e-02
5.000000000000000278e-02 4.106765042400007393e-01 6.685764648400802090e-02
1.000000000000000056e-01 3.913123162800009047e-01 6.670572200829082143e-02
1.499999999999999944e-01 3.322121894239998263e-01 6.624821137986039443e-02
2.000000000000000111e-01 2.713746019480000604e-01 6.579655578679476091e-02
2.500000000000000000e-01 1.681358949387998514e-01 6.506507758852407564e-02
2.999999999999999889e-01 6.217875371807208423e-02 6.439818685736319048e-02
3.499999999999999778e-01 -8.516612741612003545e-02 6.356519330907042797e-02
4.000000000000000222e-01 -2.323437108313515520e-01 6.286772537593431076e-02
4.500000000000000111e-01 -4.111088567320004827e-01 6.200834854910071414e-02
5.000000000000000000e-01 -5.798460305600003917e-01 6.105883659736793811e-02
5.500000000000000444e-01 -7.588443325199999423e-01 5.936006426631996319e-02
5.999999999999999778e-01 -9.103141706399987543e-01 5.689695798430276230e-02
6.500000000000000222e-01 -1.040986742639999907e+00 5.283706103180663138e-02
6.999999999999999556e-01 -1.123500498759999022e+00 4.782523467499287528e-02
7.500000000000000000e-01 -1.153777493999998960e+00 4.198819569234620713e-02
8.000000000000000444e-01 -1.123058098760002510e+00 3.747403644494604752e-02
8.499999999999999778e-01 -1.024668446679999789e+00 3.597624752081967497e-02
9.000000000000000222e-01 -8.739054922400004699e-01 3.794745379723151596e-02
9.499999999999999556e-01 -6.710090036400011559e-01 4.164736306232218188e-02
1.000000000000000000e+00 -4.516845634400006859e-01 4.434636416734703129e-02
1.050000000000000044e+00 -2.263860705880004764e-01 4.460826889932623107e-02
1.100000000000000089e+00 -3.539998255058982024e-02 4.229225499029529156e-02
1.149999999999999911e+00 1.082228743363597978e-01 3.836420454709591615e-02
1.199999999999999956e+00 1.823770875960000204e-01 3.474612555863640373e-02
1.250000000000000000e+00 1.854365188079997451e-01 3.283660307826129915e-02
1.300000000000000044e+00 1.280187206615998052e-01 3.224748645306800554e-02
1.350000000000000089e+00 2.689399579150072647e-02 3.169817346065065267e-02
1.399999999999999911e+00 -8.270845047840010011e-02 2.988769040069760505e-02
1.449999999999999956e+00 -1.761541891480001287e-01 2.706067345263707402e-02
1.500000000000000000e+00 -2.224925809999998283e-01 2.411091802218151559e-02
1.550000000000000044e+00 -2.106263702039997965e-01 2.216126576229097977e-02
1.600000000000000089e+00 -1.408026006864004365e-01 2.124967156935300000e-02
1.649999999999999911e+00 -2.639187977565202181e-02 2.051467954572598965e-02
1.699999999999999956e+00 1.020587261799999756e-01 1.899665845219055890e-02
1.750000000000000000e+00 2.206717975999998582e-01 1.662080763960698329e-02
1.800000000000000044e+00 2.976739039599997083e-01 1.383620297371111231e-02
1.850000000000000089e+00 3.248577364399999889e-01 1.176911096205944876e-02
1.899999999999999911e+00 2.967866113599998967e-01 1.101710148712768504e-02
1.949999999999999956e+00 2.299041395600000259e-01 1.138891037310973443e-02
2.000000000000000000e+00 1.433587837599996362e-01 1.174442098313818392e-02
2.049999999999999822e+00 5.746483969599990721e-02 1.184043418842577189e-02
2.100000000000000089e+00 -3.711743128262717274e-03 1.119890524766163457e-02
2.149999999999999911e+00 -3.101023605880006209e-02 9.809736032925455221e-03
2.200000000000000178e+00 -2.945596980079998733e-02 8.034063927604412694e-03
2.250000000000000000e+00 -1.919447826870401136e-02 6.852298516468535196e-03
2.299999999999999822e+00 -8.777312049155997636e-03 6.147331166543928624e-03
2.350000000000000089e+00 -4.829166671574404782e-03 5.562075638590444938e-03
2.399999999999999911e+00 -8.853396784648002310e-03 4.813223366501077904e-03
2.450000000000000178e+00 -1.086910260631519451e-02 4.589543520433432208e-03
2.500000000000000000e+00 -1.387368096152001400e-02 4.372851883627206643e-03
2.549999999999999822e+00 -1.652865867559999424e-02 4.059946644855555280e-03
2.600000000000000089e+00 -1.754600386920000810e-02 3.596165570031761502e-03
2.649999999999999911e+00 -1.851164613040001336e-02 3.126558627376795681e-03
2.700000000000000178e+00 -1.807622413200001346e-02 2.653084113407519484e-03
2.750000000000000000e+00 -1.632543268480002308e-02 2.331934509983502827e-03
2.799999999999999822e+00 -1.375063327263997652e-02 2.180982366197868616e-03
2.850000000000000089e+00 -1.200888814584001596e-02 2.033342039312234940e-03
2.899999999999999911e+00 -9.542639565999971180e-03 1.812256000717979215e-03
2.950000000000000178e+00 -6.738278221599992152e-03 1.617090234040255122e-03
3.000000000000000000e+00 -3.930103538219997111e-03 1.668337679999653796e-03
3.049999999999999822e+00 -3.805674851991989647e-04 2.039851218096468913e-03
3.100000000000000089e+00 2.503462526638002440e-03 2.408431321621916105e-03
3.149999999999999911e+00 4.285617439057993333e-03 2.542552051108779541e-03
3.200000000000000178e+00 4.744364515072004192e-03 2.400380888793018919e-03
3.250000000000000000e+00 3.469687805968001918e-03 2.080573623572049089e-03
3.299999999999999822e+00 9.626689224014805743e-04 1.837808674206298232e-03
3.350000000000000089e+00 -2.011752764262798778e-03 1.854066587433035943e-03
3.399999999999999911e+00 -4.595841444204004124e-03 2.021185871688887734e-03
3.450000000000000178e+00 -6.061744875560009030e-03 2.154434492979155538e-03
3.500000000000000000e+00 -5.493216483932007732e-03 2.179586200415702113e-03
3.549999999999999822e+00 -2.760936420355600447e-03 2.122982500093224898e-03
3.600000000000000089e+00 1.772086583872402006e-03 2.028042671952559866e-03
3.649999999999999911e+00 7.687455260119985603e-03 1.950558649577429846e-03
3.700000000000000178e+00 1.348420295639999981e-02 1.969952746916422449e-03
3.750000000000000000e+00 1.785517714000001144e-02 2.174488799148988332e-03
3.799999999999999822e+00 1.966095178399999283e-02 2.489066335317983731e-03
3.850000000000000089e+00 1.834438795999998248e-02 2.768221603255390916e-03
3.899999999999999911e+00 1.318930400720000166e-02 2.759421580206375749e-03
3.950000000000000178e+00 4.731005872084000433e-03 2.399410808214156015e-03
4.000000000000000000e+00 -5.716276743182788049e-03 1.812139505722569228e-03
4.049999999999999822e+00 -1.672698239199995815e-02 1.421544250151290587e-03
4.099999999999999645e+00 -2.613697071200003774e-02 1.612190755127461102e-03
4.150000000000000355e+00 -3.190783530400005674e-02 2.104300657504042018e-03
4.200000000000000178e+00 -3.264093368399995782e-02 2.487795769959131719e-03
4.250000000000000000e+00 -2.877097382799999672e-02 2.661915711474730200e-03
4.299999999999999822e+00 -2.022865306799997293e-02 2.711402296844652934e-03
4.349999999999999645e+00 -8.618818476120006580e-03 2.780037164141727513e-03
4.400000000000000355e+00 3.847213008958000509e-03 2.924389014342535734e-03
4.450000000000000178e+00 1.467403280800001590e-02 3.080630298698388506e-03
4.500000000000000000e+00 2.280380496800000698e-02 3.113960912381059844e-03
4.549999999999999822e+00 2.752348614000006341e-02 2.931191909258122012e-03
4.599999999999999645e+00 2.909422362399997561e-02 2.527025630320435187e-03
4.650000000000000355e+00 2.857413823199996677e-02 2.060176360056603390e-03
4.700000000000000178e+00 2.711214382800001751e-02 1.732868048851044993e-03
4.750000000000000000e+00 2.548336900800000915e-02 1.876295633608234936e-03
4.799999999999999822e+00 2.379790897200000435e-02 2.438013020192947734e-03
4.849999999999999645e+00 2.157550948799998730e-02 3.115770681048675265e-03
4.900000000000000355e+00 1.782696187399999271e-02 3.760733159343596956e-03
4.950000000000000178e+00 1.183689462080400774e-02 4.348959037531950969e-03
5.000000000000000000e+00 3.610100931584394029e-03 4.898829111478888131e-03
5.049999999999999822e+00 -5.851315932606807046e-03 5.391260417532188660e-03
5.099999999999999645e+00 -1.472863486252399753e-02 5.752930763460665196e-03
5.150000000000000355e+00 -2.092355439360000027e-02 5.898170546417172248e-03
5.200000000000000178e+00 -2.281243253080004682e-02 5.815709376481211293e-03
5.250000000000000000e+00 -2.001698192352002401e-02 5.602790342821214846e-03
5.299999999999999822e+00 -1.355956147379201379e-02 5.460455401517102028e-03
5.349999999999999645e+00 -5.872316620962798363e-03 5.440052506882456923e-03
5.400000000000000355e+00 -4.153353916920038576e-05 5.351051547226377825e-03
5.450000000000000178e+00 1.327571603563199899e-03 4.945419544077656569e-03
5.500000000000000000e+00 -3.167224710262800131e-03 4.269371129365180130e-03
5.549999999999999822e+00 -1.301052513912000566e-02 3.849306968734473103e-03
5.599999999999999645e+00 -2.584622592799997245e-02 4.392896157571209853e-03
5.650000000000000355e+00 -3.798812414399995591e-02 5.628459769899692329e-03
5.700000000000000178e+00 -4.597673402399998083e-02 6.808340185065732235e-03
5.750000000000000000e+00 -4.727286661600001855e-02 7.542010672793601246e-03
5.799999999999999822e+00 -4.111341578800004060e-02 7.860000950398980668e-03
5.849999999999999645e+00 -2.851109520160000077e-02 8.040093221287554145e-03
5.900000000000000355e+00 -1.224805861359760419e-02 8.371414497524300169e-03
5.950000000000000178e+00 4.571250051658874887e-03 8.793673694191603621e-03
6.000000000000000000e+00 1.932022830844801545e-02 8.978557077742640308e-03
6.049999999999999822e+00 3.051853741359999983e-02 8.563110866561415152e-03
6.099999999999999645e+00 3.785167757600013672e-02 7.515458411018424191e-03
6.150000000000000355e+00 4.212395398800003465e-02 6.036913936592271275e-03
6.200000000000000178e+00 4.443364979600011172e-02 4.666886986941572169e-03
6.250000000000000000e+00 4.551912515600001208e-02 4.268740328444440950e-03
6.299999999999999822e+00 4.540647606400000785e-02 5.100906291550701653e-03
6.349999999999999645e+00 4.348670413200002305e-02 6.401706490114377965e-03
6.400000000000000355e+00 3.894959874399992611e-02 7.610248398756963226e-03
6.450000000000000178e+00 3.134270018720002049e-02 8.575952753355457411e-03
6.500000000000000000e+00 2.097481519519199186e-02 9.318114434388041767e-03
6.549999999999999822e+00 8.843998143020814426e-03 9.840213572207436379e-03
6.599999999999999645e+00 -3.310753656733594636e-03 1.011625901620145582e-02
6.650000000000000355e+00 -1.398751723770127499e-02 1.007389202382220732e-02
6.700000000000000178e+00 -2.232580408734396657e-02 9.643700668942056103e-03
6.750000000000000000e+00 -2.835081027611996082e-02 8.768941667626574399e-03
6.799999999999999822e+00 -3.280062955800003982e-02 7.446584693965523083e-03
6.849999999999999645e+00 -3.660815660400004723e-02 5.909650130811103935e-03
6.900000000000000355e+00 -4.027678107600002333e-02 4.997572943284201222e-03
6.950000000000000178e+00 -4.345148532000000369e-02 5.734852191653965620e-03
7.000000000000000000e+00 -4.491240259599995482e-02 7.472540371853036816e-03
7.049999999999999822e+00 -4.287960875599992200e-02 8.946586309488076955e-03
7.099999999999999645e+00 -3.627187486359999963e-02 9.600149135396840103e-03
7.150000000000000355e+00 -2.495240826323995992e-02 9.579237825079871607e-03
7.200000000000000178e+00 -1.022191300476398695e-02 9.538280241646629465e-03
7.250000000000000000e+00 5.383489178616000445e-03 1.000637522393869536e-02
7.299999999999999822e+00 1.882277623082402249e-02 1.072578575600558089e-02
7.349999999999999645e+00 2.754859862212001229e-02 1.100292671888472226e-02
7.400000000000000355e+00 3.038513828960003743e-02 1.044904196648344802e-02
7.450000000000000178e+00 2.792778690572002981e-02 9.247179516858539811e-03
7.500000000000000000e+00 2.229055074678002943e-02 7.996247967257506459e-03
7.549999999999999822e+00 1.624043544916964690e-02 7.197838079323322022e-03
7.599999999999999645e+00 1.232073582581598090e-02 6.854201495871168649e-03
7.650000000000000355e+00 1.171966373333196629e-02 6.675903461750240867e-03
7.700000000000000178e+00 1.404295351977905351e-02 6.710770605919618749e-03
7.750000000000000000e+00 1.764219715144002554e-02 7.212469962079999866e-03
7.799999999999999822e+00 2.044195502752002916e-02 8.099038054665665468e-03
7.849999999999999645e+00 2.089806924564800716e-02 8.971752357239560355e-03
7.900000000000000355e+00 1.866517651933198921e-02 9.515703586837178166e-03
7.950000000000000178e+00 1.467890614135595150e-02 9.668009678424937733e-03
8.000000000000000000e+00 1.061595733635799406e-02 9.611573360782936504e-03
8.050000000000000711e+00 7.901082749580391057e-03 9.707442697563684053e-03
8.099999999999999645e+00 7.022938765561203243e-03 1.034104386255058766e-02
8.150000000000000355e+00 6.945560140384006431e-03 1.138454177921346434e-02
8.199999999999999289e+00 5.495938351413607106e-03 1.216676773344576440e-02
8.250000000000000000e+00 2.971740958359990058e-04 1.196526945429396763e-02
8.300000000000000711e+00 -1.004881594952400890e-02 1.055729004367157546e-02
8.349999999999999645e+00 -2.503170579851998409e-02 8.735512060621432318e-03
8.400000000000000355e+00 -4.198749871600005595e-02 8.509350085440041053e-03
8.449999999999999289e+00 -5.671128130399993167e-02 1.064148713977978999e-02
8.500000000000000000e+00 -6.475860200400002098e-02 1.325676401120791902e-02
8.550000000000000711e+00 -6.283151838399998745e-02 1.484872058400181841e-02
8.599999999999999645e+00 -5.036859073832001404e-02 1.514766110214481147e-02
8.650000000000000355e+00 -2.964282690645200086e-02 1.475462299510990616e-02
8.699999999999999289e+00 -5.162685063483798270e-03 1.449612071906459382e-02
8.750000000000000000e+00 1.774254247022798159e-02 1.456667543743933244e-02
8.800000000000000711e+00 3.459172070860802584e-02 1.439845712924130855e-02
8.849999999999999645e+00 4.306531926735993054e-02 1.340663348804574731e-02
8.900000000000000355e+00 4.349728983960007150e-02 1.153738758634749104e-02
8.949999999999999289e+00 3.840256697439994871e-02 9.281581468872753676e-03
9.000000000000000000e+00 3.127021909983598857e-02 7.419263913433210740e-03
9.050000000000000711e+00 2.516439912428002426e-02 6.579412929612354737e-03
9.099999999999999645e+00 2.153532878456398958e-02 6.719062024351238512e-03
9.150000000000000355e+00 1.991518466463994969e-02 7.322216288284612642e-03
9.199999999999999289e+00 1.843561001909079650e-02 8.084354287118766455e-03
9.250000000000000000e+00 1.494119479362360572e-02 9.025560769279510065e-03
9.300000000000000711e+00 8.190016365163583015e-03 1.021619639455406681e-02
9.349999999999999645e+00 -1.385296726908003245e-03 1.143869755521545288e-02
9.400000000000000355e+00 -1.168751817111400582e-02 1.214056278715693223e-02
9.449999999999999289e+00 -1.973788995616799699e-02 1.177399536451948468e-02
9.500000000000000000e+00 -2.290757108265194936e-02 1.029975504444221104e-02
9.550000000000000711e+00 -2.009798276546803653e-02 8.732804795627241434e-03
9.599999999999999645e+00 -1.226494311921201216e-02 8.979113124747896413e-03
9.650000000000000355e+00 -2.334608591596800363e-03 1.102656642632058974e-02
9.699999999999999289e+00 5.848932392256009187e-03 1.277170239519719377e-02
9.750000000000000000e+00 8.925306835879998069e-03 1.278402553025582110e-02
9.800000000000000711e+00 5.280408162965192879e-03 1.089497068573665878e-02
9.849999999999999645e+00 -4.315792560445194312e-03 8.346550796371509859e-03
9.900000000000000355e+00 -1.693879751272002465e-02 7.859613382435164802e-03
9.949999999999999289e+00 -2.851560173156004324e-02 1.005557275911952465e-02
1.000000000000000000e+01 -3.522492780920010585e-02 1.233897911886441996e-02
1.005000000000000071e+01 -3.472905794113993749e-02 1.327101147274537853e-02
1.009999999999999964e+01 -2.698820155891997960e-02 1.286859308977148994e-02
1.015000000000000036e+01 -1.408911609777960088e-02 1.193052960168084625e-02
1.019999999999999929e+01 5.851078736101199751e-04 1.127564621979552408e-02
1.025000000000000000e+01 1.356236433186360640e-02 1.096404894158643957e-02
1.030000000000000071e+01 2.239200916051999751e-02 1.042252700358023594e-02
1.034999999999999964e+01 2.626785893964801721e-02 9.248661188016317827e-03
1.040000000000000036e+01 2.599076752880003990e-02 7.590956486975408181e-03
1.044999999999999929e+01 2.336317476360001005e-02 6.051964797596576413e-03
1.050000000000000000e+01 2.031371316520005563e-02 5.324601491975248721e-03
1.055000000000000071e+01 1.812055900519998070e-02 5.518967011154051264e-03
1.059999999999999964e+01 1.702198111181998930e-02 6.119853461694467131e-03
1.065000000000000036e+01 1.631708485310003065e-02 6.728916098615004768e-03
1.069999999999999929e+01 1.485280216071155693e-02 7.228541694427855283e-03
1.075000000000000000e+01 1.164966124369198885e-02 7.623417191133290138e-03
1.080000000000000071e+01 6.390406673930815185e-03 7.938757193767098999e-03
1.084999999999999964e+01 -4.176680633311996593e-04 8.150117095353220237e-03
1.090000000000000036e+01 -7.640659283436010071e-03 8.143551970082847993e-03
1.094999999999999929e+01 -1.395738940107522398e-02 7.767495760126340472e-03
1.100000000000000000e+01 -1.833389381714799204e-02 6.966931374390580162e-03
1.105000000000000071e+01 -2.037775559252001656e-02 5.928609900052302269e-03
1.109999999999999964e+01 -2.025067954692000988e-02 5.129082493569038156e-03
1.115000000000000036e+01 -1.859357426224001950e-02 5.075884536706998414e-03
1.119999999999999929e+01 -1.613837820863999600e-02 5.644337365535002579e-03
1.125000000000000000e+01 -1.340683135063599173e-02 6.260693556060594606e-03
1.130000000000000071e+01 -1.058151987999598684e-02 6.584321482292323016e-03
1.134999999999999964e+01 -7.582601509195598458e-03 6.646584802789163790e-03
1.140000000000000036e+01 -4.280487188454805067e-03 6.689856418702627358e-03
1.144999999999999929e+01 -7.136342260696004226e-04 6.884076714319192596e-03
1.150000000000000000e+01 2.812359684479994338e-03 7.130844721337284073e-03
1.155000000000000071e+01 5.800155964430758759e-03 7.186227749469379679e-03
1.159999999999999964e+01 7.772960309544014318e-03 6.911506170092404124e-03
1.165000000000000036e+01 8.513521194951604795e-03 6.377175707098403819e-03
1.169999999999999929e+01 8.202840055874391356e-03 5.779474264333966764e-03
1.175000000000000000e+01 7.378073511747601509e-03 5.255560090930038071e-03
1.180000000000000071e+01 6.716245800524404605e-03 4.799765565932563940e-03
1.184999999999999964e+01 6.736429890356798213e-03 4.417470850167445721e-03
1.190000000000000036e+01 7.556841581544004698e-03 4.281389086955285882e-03
1.194999999999999929e+01 8.823425196497614378e-03 4.544339238668797069e-03
1.200000000000000000e+01 9.851162635109990753e-03 5.044059568575095034e-03
1.205000000000000071e+01 9.915908898560003501e-03 5.489852086546859883e-03
1.209999999999999964e+01 8.607033252280403210e-03 5.713739229491848065e-03
1.215000000000000036e+01 6.002765809042002847e-03 5.742052394017869640e-03
1.219999999999999929e+01 2.670713351333483913e-03 5.645560327748836739e-03
1.225000000000000000e+01 -5.610102852499987761e-04 5.474962611039672737e-03
1.230000000000000071e+01 -2.958079155256593783e-03 5.366116274318923247e-03
1.234999999999999964e+01 -4.203466606216792363e-03 5.568825143117141739e-03
1.240000000000000036e+01 -4.541695463726399401e-03 6.111701450855243530e-03
1.244999999999999929e+01 -4.669806370019604670e-03 6.582693626840379654e-03
1.250000000000000000e+01 -5.411100372493521556e-03 6.486237400715623609e-03
1.255000000000000071e+01 -7.305968619315994679e-03 5.722466281031767139e-03
1.259999999999999964e+01 -1.029722989697359412e-02 4.994939540524385123e-03
1.265000000000000036e+01 -1.365505809767600214e-02 5.580362738087538306e-03
1.269999999999999929e+01 -1.619059041741999563e-02 7.286005179612430743e-03
1.275000000000000000e+01 -1.668698032984799323e-02 8.802345156160920614e-03
1.280000000000000071e+01 -1.438242007487920172e-02 9.351728177559956445e-03
1.284999999999999964e+01 -9.311726504680820776e-03 8.867230433606574508e-03
1.290000000000000036e+01 -2.364403414339597519e-03 7.901908981612143154e-03
1.294999999999999929e+01 4.972457647926798591e-03 7.310475947908639908e-03
1.300000000000000000e+01 1.109337367135197934e-02 7.410376518543012117e-03
1.305000000000000071e+01 1.484365319093881516e-02 7.624613412694038368e-03
1.309999999999999964e+01 1.575112271633597599e-02 7.292759021222131911e-03
1.315000000000000036e+01 1.420449918516560224e-02 6.307259910494033422e-03
1.319999999999999929e+01 1.120861335708002275e-02 5.083969356746663275e-03
1.325000000000000000e+01 7.960284797512004115e-03 4.337846933454903020e-03
1.330000000000000071e+01 5.398324219740391165e-03 4.435527155085211039e-03
1.334999999999999964e+01 3.903425981909605571e-03 4.933529922101844399e-03
1.340000000000000036e+01 3.253792179275203766e-03 5.346189661226823618e-03
1.344999999999999929e+01 2.832905509606794842e-03 5.552619998916896206e-03
1.350000000000000000e+01 1.983237412022800968e-03 5.620022337838138232e-03
1.355000000000000071e+01 3.457018238859996414e-04 5.618022570184894385e-03
1.359999999999999964e+01 -1.960381388018396249e-03 5.536861133467566552e-03
1.365000000000000036e+01 -4.387184845805999593e-03 5.308439995464233480e-03
1.369999999999999929e+01 -6.207297361312409320e-03 4.907822804307029017e-03
1.375000000000000000e+01 -6.846554521712006416e-03 4.486539203689589826e-03
1.380000000000000071e+01 -6.152949915367068173e-03 4.387774472607344420e-03
1.384999999999999964e+01 -4.484558432236798037e-03 4.781079781444972678e-03
1.390000000000000036e+01 -2.578663333290403658e-03 5.336163580457838583e-03
1.394999999999999929e+01 -1.257424053411599837e-03 5.584729997245111224e-03
1.400000000000000000e+01 -1.093258314481561182e-03 5.333296824830256570e-03
1.405000000000000071e+01 -2.178478630150321865e-03 4.834753768633834325e-03
1.409999999999999964e+01 -4.076475418996004102e-03 4.669591375595013270e-03
1.415000000000000036e+01 -5.970866316411199345e-03 5.170119187250361847e-03
1.419999999999999929e+01 -6.988462665364786677e-03 5.900299852100896261e-03
1.425000000000000000e+01 -6.533138086604795350e-03 6.301135841592349005e-03
1.430000000000000071e+01 -4.504861934232004886e-03 6.176554888989663900e-03
1.434999999999999964e+01 -1.322654984861997658e-03 5.681015729221513232e-03
1.440000000000000036e+01 2.247528591144403332e-03 5.130127707273212170e-03
1.444999999999999929e+01 5.381035083017599030e-03 4.725587222636370988e-03
1.450000000000000000e+01 7.478346478025193513e-03 4.408699910105640454e-03
1.455000000000000071e+01 8.334248886579987206e-03 4.039722796425281558e-03
1.459999999999999964e+01 8.136983363152015813e-03 3.635354866709098517e-03
1.465000000000000036e+01 7.316035863240000561e-03 3.376693892594215610e-03
1.469999999999999929e+01 6.318034985572014775e-03 3.403284907026936541e-03
1.475000000000000000e+01 5.413036638184006918e-03 3.642629291672942402e-03
1.480000000000000071e+01 4.611146520659321207e-03 3.919948365430918520e-03
1.484999999999999964e+01 3.714583534949195218e-03 4.110847815226983080e-03
1.490000000000000036e+01 2.468731043340003078e-03 4.165631923277713332e-03
1.494999999999999929e+01 7.344870349983994998e-04 4.100346758599006033e-03
1.500000000000000000e+01 -1.400150245642799683e-03 3.985482752207730392e-03
1.505000000000000071e+01 -3.633295859808802642e-03 3.895302937274433639e-03
1.509999999999999964e+01 -5.532390950336406668e-03 3.809118513001428022e-03
1.515000000000000036e+01 -6.697957541135997166e-03 3.634267886976052554e-03
1.519999999999999929e+01 -6.925786768183992727e-03 3.321239099698825286e-03
1.525000000000000000e+01 -6.282938506962799929e-03 2.984413987649109194e-03
1.530000000000000071e+01 -5.071776076206160368e-03 2.874299402554364273e-03
1.534999999999999964e+01 -3.701424481759999548e-03 3.090361585029761850e-03
1.540000000000000036e+01 -2.525581405852000711e-03 3.419229745664590595e-03
1.544999999999999929e+01 -1.717320351207999793e-03 3.616360080278812131e-03
1.550000000000000000e+01 -1.231580764817200588e-03 3.607454511123781276e-03
1.555000000000000071e+01 -8.648635580261208660e-04 3.471169732510185398e-03
1.559999999999999964e+01 -3.785650191174798752e-04 3.333795851135404852e-03
1.565000000000000036e+01 3.734435319183998926e-04 3.253836455754774166e-03
1.569999999999999929e+01 1.370444209153200360e-03 3.191993591358913401e-03
1.575000000000000000e+01 2.433839854387198284e-03 3.081124141006314886e-03
1.580000000000000071e+01 3.310415451821560346e-03 2.892371724323392849e-03
1.584999999999999964e+01 3.787905114853599986e-03 2.648636449834511873e-03
1.590000000000000036e+01 3.788521009716796367e-03 2.415036991029280086e-03
1.594999999999999929e+01 3.398774540834396170e-03 2.278380832889708579e-03
1.600000000000000000e+01 2.824681167020802464e-03 2.292332728458886752e-03
1.605000000000000071e+01 2.312723425711598821e-03 2.429206573073198431e-03
1.610000000000000142e+01 1.992028506521525532e-03 2.600617257482469320e-03
1.614999999999999858e+01 1.870846484143916591e-03 2.746876622813669653e-03
1.619999999999999929e+01 1.818482505914401472e-03 2.854729210519384771e-03
1.625000000000000000e+01 1.633253370098801307e-03 2.928759623851089240e-03
1.630000000000000071e+01 1.143472745533200908e-03 2.959693717218899508e-03
1.635000000000000142e+01 2.950287092818798334e-04 2.924698122403756283e-03
1.639999999999999858e+01 -8.140962114701609824e-04 2.811495370694067249e-03
1.644999999999999929e+01 -1.967458162483000633e-03 2.635339698615726898e-03
1.650000000000000000e+01 -2.916103099342760331e-03 2.436131166605230713e-03
1.655000000000000071e+01 -3.477738663472001480e-03 2.264857531300624484e-03
1.660000000000000142e+01 -3.604770700966399705e-03 2.168573056101090381e-03
1.664999999999999858e+01 -3.391651481490399935e-03 2.174556370604879916e-03
1.669999999999999929e+01 -3.019851925790723642e-03 2.282753307589527412e-03
1.675000000000000000e+01 -2.666944899170000695e-03 2.477221544700255323e-03
1.680000000000000071e+01 -2.422080432811199707e-03 2.734606377475004915e-03
1.685000000000000142e+01 -2.246617232560077330e-03 3.009416200878650954e-03
1.689999999999999858e+01 -1.997694753305082754e-03 3.224067226709762240e-03
1.694999999999999929e+01 -1.503744755458437995e-03 3.296231420170755988e-03
1.700000000000000000e+01 -6.573730683251998233e-04 3.192893798772202495e-03
1.705000000000000071e+01 5.093696039712794239e-04 2.981704556304050086e-03
1.710000000000000142e+01 1.841338894370157233e-03 2.793815313266515433e-03
1.714999999999999858e+01 3.082590307388241233e-03 2.742681459466097833e-03
1.719999999999999929e+01 3.972363687202280780e-03 2.787951809772712310e-03
1.725000000000000000e+01 4.338092384618803810e-03 2.786317886539383098e-03
1.730000000000000071e+01 4.153576751699999958e-03 2.656532677465349088e-03
1.735000000000000142e+01 3.539077162722548391e-03 2.459309900078632521e-03
1.739999999999999858e+01 2.705294711166396620e-03 2.354200400946263472e-03
1.744999999999999929e+01 1.866919036853761232e-03 2.437690781756063265e-03
1.750000000000000000e+01 1.163366672817999761e-03 2.628627752898722667e-03
1.755000000000000071e+01 6.196411401096000139e-04 2.782939673726965608e-03
1.760000000000000142e+01 1.614359475859999569e-04 2.824116208988297367e-03
1.764999999999999858e+01 -3.257093732219995107e-04 2.754622192308725341e-03
1.769999999999999929e+01 -9.224078432147251282e-04 2.616593777870469817e-03
1.775000000000000000e+01 -1.621327913888401468e-03 2.455206147592626630e-03
1.780000000000000071e+01 -2.317752721471999511e-03 2.301404712839249384e-03
1.785000000000000142e+01 -2.848817617271279246e-03 2.172350090623734620e-03
1.789999999999999858e+01 -3.063380742059601362e-03 2.082137419256099419e-03
1.794999999999999929e+01 -2.890831306367196325e-03 2.051923192401932262e-03
1.800000000000000000e+01 -2.377745359005597938e-03 2.099600942776446832e-03
1.805000000000000071e+01 -1.678427263395958820e-03 2.210487309333416216e-03
1.810000000000000142e+01 -9.879519557671201119e-04 2.324107354563302499e-03
1.814999999999999858e+01 -4.787604166327998241e-04 2.382901302002299673e-03
1.819999999999999929e+01 -2.305549592819998385e-04 2.381179320988953494e-03
1.825000000000000000e+01 -2.042345203791195930e-04 2.374904724726407089e-03
1.830000000000000071e+01 -2.652131723066001776e-04 2.424409821610380624e-03
1.835000000000000142e+01 -2.452844110057190064e-04 2.513932102568043440e-03
1.839999999999999858e+01 -1.625069589679982573e-05 2.555692874012989186e-03
1.844999999999999929e+01 4.555971912312790982e-04 2.473575881987847766e-03
1.850000000000000000e+01 1.095979434270520332e-03 2.267404778783097680e-03
1.855000000000000071e+01 1.753934831651195571e-03 2.022056356674920875e-03
1.860000000000000142e+01 2.262843206229113707e-03 1.861514363415091083e-03
1.864999999999999858e+01 2.504330442864832404e-03 1.850196149374897132e-03
1.869999999999999929e+01 2.448394170374118897e-03 1.938495202819065294e-03
1.875000000000000000e+01 2.154597438130800152e-03 2.040844887913609816e-03
1.880000000000000071e+01 1.736603439065602210e-03 2.115070288454218555e-03
1.885000000000000142e+01 1.307911249554400074e-03 2.164689089700828385e-03
1.889999999999999858e+01 9.337586526563988959e-04 2.207707338944760438e-03
1.894999999999999929e+01 6.100809116654788266e-04 2.246893125389668074e-03
1.900000000000000000e+01 2.774043926467190417e-04 2.260735915525759199e-03
1.905000000000000071e+01 -1.368754221940397993e-04 2.225285878938841437e-03
1.910000000000000142e+01 -6.768631956084007750e-04 2.135956325565049364e-03
1.914999999999999858e+01 -1.318617517478721125e-03 2.031773505622203133e-03
1.919999999999999929e+01 -1.968373608754681904e-03 1.965581530729555455e-03
1.925000000000000000e+01 -2.491522137167596646e-03 1.947834614015896788e-03
1.930000000000000071e+01 -2.761417249146801665e-03 1.936327534309639558e-03
1.935000000000000142e+01 -2.707119233582401703e-03 1.899512654723033720e-03
1.939999999999999858e+01 -2.340054084379798987e-03 1.870290081964079117e-03
1.944999999999999929e+01 -1.749038253661161588e-03 1.915160028518347792e-03
1.950000000000000000e+01 -1.066753083454001017e-03 2.038824127341292303e-03
1.955000000000000071e+01 -4.225167788272401722e-04 2.160017428991457995e-03
1.960000000000000142e+01 9.889038218435989409e-05 2.193045058576692779e-03
1.964999999999999858e+01 4.763267977336005919e-04 2.113981835296522942e-03
1.969999999999999929e+01 7.436396421673986158e-04 1.963575469715542459e-03
1.975000000000000000e+01 9.597312473690409584e-04 1.807196015372001044e-03
1.980000000000000071e+01 1.172402344114417422e-03 1.685143613146383983e-03
1.985000000000000142e+01 1.392538381074161398e-03 1.597781662141144372e-03
1.989999999999999858e+01 1.589367175487202194e-03 1.533705410389430996e-03
1.994999999999999929e+01 1.707310161616202703e-03 1.491370805501670031e-03
2.000000000000000000e+01 1.695127233347999826e-03 1.471049914929709783e-03
