# # k	<chi>	std
0.000000000000000000e+00 5.779940914042989986e-02 5.168974858807192652e-01
5.000000000000000278e-02 5.353142118212006473e-02 5.123009795522741605e-01
1.000000000000000056e-01 5.021026337600003470e-02 5.058693843834848325e-01
1.499999999999999944e-01 3.841259388601195313e-02 4.852994612069039815e-01
2.000000000000000111e-01 2.432201286479998906e-02 4.633826126171494697e-01
2.500000000000000000e-01 -4.316127054000001850e-03 4.239138482241748274e-01
2.999999999999999889e-01 -3.831707579599997332e-02 3.820552192179500484e-01
3.499999999999999778e-01 -9.320143311979993406e-02 3.214291704667363025e-01
4.000000000000000222e-01 -1.548974743663002196e-01 2.606183977772573712e-01
4.500000000000000111e-01 -2.387201910614470679e-01 1.887925231456975272e-01
5.000000000000000000e-01 -3.255354303654001136e-01 1.326356342122506360e-01
5.500000000000000444e-01 -4.259102434960012062e-01 1.116203127994907091e-01
5.999999999999999778e-01 -5.181669780599997832e-01 1.422760447158291641e-01
6.500000000000000222e-01 -6.055862968000025326e-01 1.926338035615466349e-01
6.999999999999999556e-01 -6.689631623799975335e-01 2.333357366430638957e-01
7.500000000000000000e-01 -7.054852123800010588e-01 2.594871943547243931e-01
8.000000000000000444e-01 -7.052816306000031510e-01 2.648105535055668702e-01
8.499999999999999778e-01 -6.643209629399996485e-01 2.507127850799872881e-01
9.000000000000000222e-01 -5.874235597000008191e-01 2.212391967766813849e-01
9.499999999999999556e-01 -4.751645733800014537e-01 1.797711438335857226e-01
1.000000000000000000e+00 -3.463880006399998601e-01 1.361076819308521257e-01
1.050000000000000044e+00 -2.076106748520007428e-01 9.355917231000557277e-02
1.100000000000000089e+00 -8.337337077279598219e-02 6.161260364083583768e-02
1.149999999999999911e+00 1.833908507167229807e-02 4.107453298523913027e-02
1.199999999999999956e+00 8.067809364728008303e-02 3.320701598149896488e-02
1.250000000000000000e+00 1.019577990203998918e-01 3.165931787208500769e-02
1.300000000000000044e+00 8.313061460242400502e-02 3.333724638578481475e-02
1.350000000000000089e+00 3.289471905699463405e-02 3.686087877192213702e-02
1.399999999999999911e+00 -3.111458334801200237e-02 3.861576651976296459e-02
1.449999999999999956e+00 -9.434524531179996898e-02 3.704555243528514369e-02
1.500000000000000000e+00 -1.360349641880002902e-01 3.240607732834869387e-02
1.550000000000000044e+00 -1.467361570620002720e-01 3.188966902746894622e-02
1.600000000000000089e+00 -1.191865903652001152e-01 3.957744708263303407e-02
1.649999999999999911e+00 -5.717883079695992854e-02 4.960301259930210982e-02
1.699999999999999956e+00 2.711261463750593709e-02 5.266485297939764443e-02
1.750000000000000000e+00 1.199857753239998159e-01 4.565518787612215384e-02
1.800000000000000044e+00 2.004501201999996374e-01 2.795198377928543795e-02
1.850000000000000089e+00 2.581505237399999708e-01 1.980151642274646448e-02
1.899999999999999911e+00 2.803094246599993067e-01 4.446902852481431079e-02
1.949999999999999956e+00 2.702312038399995453e-01 7.161886739403877655e-02
2.000000000000000000e+00 2.304488125180001179e-01 8.823602072174660527e-02
2.049999999999999822e+00 1.747457233740002391e-01 9.114656184672038919e-02
2.100000000000000089e+00 1.135061277599997281e-01 7.663192872730038852e-02
2.149999999999999911e+00 5.860882944335611688e-02 4.901938919411879397e-02
2.200000000000000178e+00 1.673863485982339874e-02 1.779105108002373981e-02
2.250000000000000000e+00 -1.354580627329206657e-02 1.370286934254991151e-02
2.299999999999999822e+00 -3.018902772494003531e-02 2.801140395623986229e-02
2.350000000000000089e+00 -3.524665307445908752e-02 3.207703748934673943e-02
2.399999999999999911e+00 -3.299990472086988813e-02 2.715217245031512072e-02
2.450000000000000178e+00 -2.915571335148599286e-02 2.122334951796536404e-02
2.500000000000000000e+00 -2.369222221662595218e-02 1.340710424589528459e-02
2.549999999999999822e+00 -1.828449429459998860e-02 7.070630787664408147e-03
2.600000000000000089e+00 -1.391260584736001872e-02 6.081740171917550050e-03
2.649999999999999911e+00 -1.281048266003020908e-02 7.687816221855806390e-03
2.700000000000000178e+00 -1.277490207033961551e-02 7.765637354593264187e-03
2.750000000000000000e+00 -1.327285129293198120e-02 5.815924782139844304e-03
2.799999999999999822e+00 -1.368872420679998272e-02 3.426978103799625374e-03
2.850000000000000089e+00 -1.479890790410003445e-02 4.981038964167371942e-03
2.899999999999999911e+00 -1.431881468350493930e-02 8.340022461166760048e-03
2.950000000000000178e+00 -1.215413311094240729e-02 1.047317244024126119e-02
3.000000000000000000e+00 -8.624865822064984450e-03 1.055721067181183449e-02
3.049999999999999822e+00 -3.750655204257411206e-03 8.446225170321730591e-03
3.100000000000000089e+00 1.287063986286196777e-03 4.826895377882419250e-03
3.149999999999999911e+00 5.495874866391800735e-03 2.263323090415603634e-03
3.200000000000000178e+00 8.101974709165390975e-03 4.669049039842955093e-03
3.250000000000000000e+00 9.195200250401554254e-03 6.980573120317925227e-03
3.299999999999999822e+00 8.190758613646004910e-03 7.068889059444165811e-03
3.350000000000000089e+00 5.450221183502449232e-03 5.021982955386737960e-03
3.399999999999999911e+00 1.625835609724399613e-03 3.727286579589854203e-03
3.450000000000000178e+00 -2.178256111460873893e-03 7.241684575779821359e-03
3.500000000000000000e+00 -5.632138174691415054e-03 1.149754165539401338e-02
3.549999999999999822e+00 -8.297294656177010494e-03 1.414865116964295066e-02
3.600000000000000089e+00 -9.994393208193608907e-03 1.431017774808558858e-02
3.649999999999999911e+00 -1.020976782942407263e-02 1.142449286561943167e-02
3.700000000000000178e+00 -9.972009722812962690e-03 6.854847738836118004e-03
3.750000000000000000e+00 -9.618532441109963610e-03 2.633497210940228660e-03
3.799999999999999822e+00 -9.394690551140004106e-03 4.043033133790377778e-03
3.850000000000000089e+00 -9.186263554202026352e-03 6.593716505562091657e-03
3.899999999999999911e+00 -9.417657051301544027e-03 7.093391908163116863e-03
3.950000000000000178e+00 -9.705104046014005961e-03 5.794104228878450488e-03
4.000000000000000000e+00 -9.553318357193972196e-03 3.819848172019416326e-03
4.049999999999999822e+00 -9.200587403800015648e-03 2.894811116981786843e-03
4.099999999999999645e+00 -7.856835189680005591e-03 3.509755171389787164e-03
4.150000000000000355e+00 -5.137751955236586308e-03 3.633449428892565961e-03
4.200000000000000178e+00 -9.534397580908983687e-04 3.224240518608879977e-03
4.250000000000000000e+00 3.871200872717024503e-03 3.952229001037543994e-03
4.299999999999999822e+00 9.575222473127222717e-03 6.054638308832011387e-03
4.349999999999999645e+00 1.556111333482805559e-02 8.147125624676766764e-03
4.400000000000000355e+00 2.111027339120000873e-02 9.380642830565194545e-03
4.450000000000000178e+00 2.527229632480003374e-02 9.563831799350341195e-03
4.500000000000000000e+00 2.794786245600003674e-02 8.956456800477191268e-03
4.549999999999999822e+00 2.887633235200000315e-02 8.051983972669898154e-03
4.599999999999999645e+00 2.807665315800001588e-02 7.330700102900400764e-03
4.650000000000000355e+00 2.576575343620000902e-02 7.014218433923096255e-03
4.700000000000000178e+00 2.239484789039999577e-02 6.989677956556894153e-03
4.750000000000000000e+00 1.829185975884002613e-02 6.838192634487502350e-03
4.799999999999999822e+00 1.367319783765600857e-02 6.056606098999364231e-03
4.849999999999999645e+00 8.712924489229769906e-03 4.567924005499640790e-03
4.900000000000000355e+00 3.349636379756567792e-03 3.979203374514041908e-03
4.950000000000000178e+00 -2.442318037198221246e-03 7.179366714406327891e-03
5.000000000000000000e+00 -8.574343210769006310e-03 1.214894692760995661e-02
5.049999999999999822e+00 -1.463400247701310969e-02 1.682565706862804850e-02
5.099999999999999645e+00 -2.029565821312003318e-02 2.005842153115874882e-02
5.150000000000000355e+00 -2.505331887254720266e-02 2.099978670409802933e-02
5.200000000000000178e+00 -2.848267556906475262e-02 1.934814804423814691e-02
5.250000000000000000e+00 -3.030136704632017605e-02 1.547036900808568261e-02
5.299999999999999822e+00 -3.077861732719988988e-02 1.047569841422383782e-02
5.349999999999999645e+00 -3.038972444580007731e-02 6.322965733642777440e-03
5.400000000000000355e+00 -2.973835148599992401e-02 5.716492466675191647e-03
5.450000000000000178e+00 -2.913672647680002128e-02 7.043383922744003885e-03
5.500000000000000000e+00 -2.880834523560001081e-02 7.387915978627216697e-03
5.549999999999999822e+00 -2.828560183603999467e-02 6.482968982750633886e-03
5.599999999999999645e+00 -2.658561875127995675e-02 5.389180203408866499e-03
5.650000000000000355e+00 -2.234478029520002226e-02 5.177393987826304882e-03
5.700000000000000178e+00 -1.465993419135402237e-02 5.563832236069566999e-03
5.750000000000000000e+00 -3.093127624592820809e-03 6.662868191989985284e-03
5.799999999999999822e+00 1.183828999530219840e-02 1.009337157925291849e-02
5.849999999999999645e+00 2.857429972257816142e-02 1.584044097529609813e-02
5.900000000000000355e+00 4.461495988776185972e-02 2.213035927233852201e-02
5.950000000000000178e+00 5.726225726139996114e-02 2.689150707489097042e-02
6.000000000000000000e+00 6.417025368599979518e-02 2.834654787453928099e-02
6.049999999999999822e+00 6.363618138400010948e-02 2.533362881166245292e-02
6.099999999999999645e+00 5.588597117799998931e-02 1.821284325178990776e-02
6.150000000000000355e+00 4.235098443399998996e-02 9.466487382260101169e-03
6.200000000000000178e+00 2.548650005311197883e-02 9.817689877510320587e-03
6.250000000000000000e+00 8.164283043030589118e-03 1.855201096690485899e-02
6.299999999999999822e+00 -7.009179779606002081e-03 2.524206749015538848e-02
6.349999999999999645e+00 -1.825515775647979649e-02 2.746461059220417847e-02
6.400000000000000355e+00 -2.491721685735560562e-02 2.505399632813863284e-02
6.450000000000000178e+00 -2.742787880760867020e-02 1.936771342205277635e-02
6.500000000000000000e+00 -2.698944973158836497e-02 1.304723640402199146e-02
6.549999999999999822e+00 -2.508695227586001109e-02 9.499240607036982253e-03
6.599999999999999645e+00 -2.304528098412880061e-02 9.391018400776218744e-03
6.650000000000000355e+00 -2.159306187182206266e-02 9.306922960334772232e-03
6.700000000000000178e+00 -2.079917718374000093e-02 8.530389308087761233e-03
6.750000000000000000e+00 -2.022045866063198680e-02 9.149648380804861411e-03
6.799999999999999822e+00 -1.920095320256556479e-02 1.131469548158824459e-02
6.849999999999999645e+00 -1.719777393822730094e-02 1.257279151918667785e-02
6.900000000000000355e+00 -1.401491371038282585e-02 1.143031411394294407e-02
6.950000000000000178e+00 -9.872468465445202040e-03 8.615833908751029113e-03
7.000000000000000000e+00 -5.304991427585458580e-03 8.416826399324763008e-03
7.049999999999999822e+00 -8.034934415831630067e-04 1.296456246895861739e-02
7.099999999999999645e+00 2.931316256082001307e-03 1.784724908031109017e-02
7.150000000000000355e+00 5.705023485198804784e-03 2.053592585843413976e-02
7.200000000000000178e+00 7.700386508957963484e-03 2.044821348236697256e-02
7.250000000000000000e+00 9.363707567589588804e-03 1.820490184326208766e-02
7.299999999999999822e+00 1.118689474244796700e-02 1.509983344103281444e-02
7.349999999999999645e+00 1.346990040156201794e-02 1.238401781982137635e-02
7.400000000000000355e+00 1.615345247695980715e-02 1.056723935759869455e-02
7.450000000000000178e+00 1.878545454089399977e-02 9.423017666805404841e-03
7.500000000000000000e+00 2.063666824494995999e-02 8.658234964572120856e-03
7.549999999999999822e+00 2.084732507244798846e-02 8.171131702729974786e-03
7.599999999999999645e+00 1.894840106882803368e-02 8.299653654421415214e-03
7.650000000000000355e+00 1.483887264345520353e-02 1.005917062350453542e-02
7.700000000000000178e+00 8.944826146030182210e-03 1.387851378717424797e-02
7.750000000000000000e+00 2.151292985349395354e-03 1.854370624618361871e-02
7.799999999999999822e+00 -4.407003287348015656e-03 2.223307846184904499e-02
7.849999999999999645e+00 -9.635294519604219871e-03 2.340054541769896052e-02
7.900000000000000355e+00 -1.276304375017802209e-02 2.130286714771183199e-02
7.950000000000000178e+00 -1.353847203100697755e-02 1.644856888941108319e-02
8.000000000000000000e+00 -1.227609741272399184e-02 1.135420038628197174e-02
8.050000000000000711e+00 -9.709292830717588044e-03 1.116392755590149381e-02
8.099999999999999645e+00 -6.860338462073610824e-03 1.541494531414539654e-02
8.150000000000000355e+00 -4.649148001684416144e-03 1.885531163314387720e-02
8.199999999999999289e+00 -3.662531811462006650e-03 1.946572557495688041e-02
8.250000000000000000e+00 -4.006475598910000380e-03 1.726208156153597253e-02
8.300000000000000711e+00 -5.312148016864009364e-03 1.336491996597711195e-02
8.349999999999999645e+00 -6.889072149820407373e-03 9.520444155379576695e-03
8.400000000000000355e+00 -7.970536765279586516e-03 7.565834454059379086e-03
8.449999999999999289e+00 -7.967950580735612062e-03 7.926444944032310161e-03
8.500000000000000000e+00 -6.652027198460802940e-03 9.371397972750616229e-03
8.550000000000000711e+00 -4.215048744356779224e-03 1.110849106958170830e-02
8.599999999999999645e+00 -1.147100766940404269e-03 1.263797983230732433e-02
8.650000000000000355e+00 1.882335169472939976e-03 1.327736143467356418e-02
8.699999999999999289e+00 4.271426057579453400e-03 1.250141216794382198e-02
8.750000000000000000e+00 5.683061356887398642e-03 1.046689989137495128e-02
8.800000000000000711e+00 6.134949065829993151e-03 8.508165792861153293e-03
8.849999999999999645e+00 5.950744010175206163e-03 8.811863563306102792e-03
8.900000000000000355e+00 5.595650374093552766e-03 1.115591326380177724e-02
8.949999999999999289e+00 5.466458614180396205e-03 1.336955682648665981e-02
9.000000000000000000e+00 5.723012767599973578e-03 1.425210802563963222e-02
9.050000000000000711e+00 6.251172199173417494e-03 1.359461496583040663e-02
9.099999999999999645e+00 6.669260130459476327e-03 1.184684606428952278e-02
9.150000000000000355e+00 6.526458619645198606e-03 9.789659273367454576e-03
9.199999999999999289e+00 5.500054298160810158e-03 8.197671329722060543e-03
9.250000000000000000e+00 3.565628893604161961e-03 7.518610679788856506e-03
9.300000000000000711e+00 1.056575025656598943e-03 7.757968404385136123e-03
9.349999999999999645e+00 -1.419129631554398932e-03 8.637411254721939075e-03
9.400000000000000355e+00 -3.181580310511200344e-03 9.729411201552544061e-03
9.449999999999999289e+00 -3.729253315022876356e-03 1.057001508688710720e-02
9.500000000000000000e+00 -2.943125365059803128e-03 1.086145431911811343e-02
9.550000000000000711e+00 -1.151823167183004589e-03 1.064298201525157479e-02
9.599999999999999645e+00 9.229782608335980725e-04 1.028170812317730914e-02
9.650000000000000355e+00 2.395683531965400563e-03 1.019773927176594042e-02
9.699999999999999289e+00 2.514031352142005564e-03 1.045123210688912209e-02
9.750000000000000000e+00 9.252033565223994780e-04 1.071833425435043258e-02
9.800000000000000711e+00 -2.179833575075801159e-03 1.068495132718908294e-02
9.849999999999999645e+00 -6.097457210554794657e-03 1.032558396141097096e-02
9.900000000000000355e+00 -9.811829130709404448e-03 9.880798759031198669e-03
9.949999999999999289e+00 -1.230011313626503365e-02 9.633675248148860365e-03
1.000000000000000000e+01 -1.284206431437542005e-02 9.666095166961371360e-03
1.005000000000000071e+01 -1.123187506755282325e-02 9.838763501063029979e-03
1.009999999999999964e+01 -7.816720983596800454e-03 9.941528057866228993e-03
1.015000000000000036e+01 -3.405347938693013485e-03 9.866468692058512693e-03
1.019999999999999929e+01 1.001279300650800364e-03 9.620809589084457561e-03
1.025000000000000000e+01 4.511133050214999329e-03 9.305541219990423954e-03
1.030000000000000071e+01 6.588255429444854136e-03 9.083190677203567195e-03
1.034999999999999964e+01 7.170382496418818696e-03 9.070187861328203593e-03
1.040000000000000036e+01 6.628370218500782320e-03 9.169042235342502942e-03
1.044999999999999929e+01 5.592409629760586136e-03 9.051466266223575502e-03
1.050000000000000000e+01 4.712017501075401425e-03 8.399306198976249152e-03
1.055000000000000071e+01 4.433648824991602913e-03 7.288139037154878035e-03
1.059999999999999964e+01 4.867526147649799129e-03 6.623799485350416634e-03
1.065000000000000036e+01 5.780134120430942268e-03 7.688825195303373126e-03
1.069999999999999929e+01 6.704334544472601715e-03 1.006681222368597736e-02
1.075000000000000000e+01 7.120850424921394695e-03 1.230075702045702567e-02
1.080000000000000071e+01 6.645157393871899132e-03 1.337987762642179473e-02
1.084999999999999964e+01 5.157547106071991641e-03 1.292193051041918596e-02
1.090000000000000036e+01 2.837938406047985085e-03 1.117938881038238116e-02
1.094999999999999929e+01 1.012480435822401561e-04 9.039474945784184076e-03
1.100000000000000000e+01 -2.538364923921994018e-03 7.783020200641648130e-03
1.105000000000000071e+01 -4.633289642073300414e-03 7.932304327225348645e-03
1.109999999999999964e+01 -5.931151980940797298e-03 8.546889830412025824e-03
1.115000000000000036e+01 -6.410738122244008345e-03 8.782676750370938673e-03
1.119999999999999929e+01 -6.272183540096991188e-03 8.619328158674619336e-03
1.125000000000000000e+01 -5.849202709485011066e-03 8.449676626511562830e-03
1.130000000000000071e+01 -5.486227400838805494e-03 8.454139090156380029e-03
1.134999999999999964e+01 -5.420399730463991601e-03 8.424493173370881799e-03
1.140000000000000036e+01 -5.703915728885187823e-03 8.225461602068964012e-03
1.144999999999999929e+01 -6.187867880832118722e-03 8.166966742571458646e-03
1.150000000000000000e+01 -6.569564650110807161e-03 8.690497642877936801e-03
1.155000000000000071e+01 -6.487075025581991519e-03 9.654040968376959367e-03
1.159999999999999964e+01 -5.632345364959296698e-03 1.038694556331670564e-02
1.165000000000000036e+01 -3.850462911011967929e-03 1.033240485785303329e-02
1.169999999999999929e+01 -1.197857479440597337e-03 9.389450398826873143e-03
1.175000000000000000e+01 2.055555922427849957e-03 7.958006985162947855e-03
1.180000000000000071e+01 5.479672609365241094e-03 6.815176254006789607e-03
1.184999999999999964e+01 8.577554745367376582e-03 6.604456142151939393e-03
1.190000000000000036e+01 1.089345313371196250e-02 7.118336986425962028e-03
1.194999999999999929e+01 1.210733537014480922e-02 7.714588527559965853e-03
1.200000000000000000e+01 1.209279021934762770e-02 8.077267099831765204e-03
1.205000000000000071e+01 1.094827291064179656e-02 8.254073339509485421e-03
1.209999999999999964e+01 8.877356730226991163e-03 8.325661082160134424e-03
1.215000000000000036e+01 6.217000919989979467e-03 8.298504543681240603e-03
1.219999999999999929e+01 3.328156773159350428e-03 8.067238703043258172e-03
1.225000000000000000e+01 5.269394283717789441e-04 7.531985053210783591e-03
1.230000000000000071e+01 -1.958159405312420893e-03 6.723853458211076842e-03
1.234999999999999964e+01 -3.996904820692388088e-03 5.871142005754129145e-03
1.240000000000000036e+01 -5.540902335243207653e-03 5.345107629571470460e-03
1.244999999999999929e+01 -6.593356353849000318e-03 5.362825662496165449e-03
1.250000000000000000e+01 -7.180461277720917405e-03 5.712949508251475780e-03
1.255000000000000071e+01 -7.335780792175174495e-03 6.022336787917968379e-03
1.259999999999999964e+01 -7.100593150831498862e-03 6.112957264218250170e-03
1.265000000000000036e+01 -6.534307059131221236e-03 6.044955231417181718e-03
1.269999999999999929e+01 -5.723618029847198259e-03 5.968666235115881701e-03
1.275000000000000000e+01 -4.779523959895607375e-03 5.948636723228308172e-03
1.280000000000000071e+01 -3.817525609712031295e-03 5.948636779048904581e-03
1.284999999999999964e+01 -2.925581015960377566e-03 5.989169890183110301e-03
1.290000000000000036e+01 -2.132440392230401573e-03 6.215987380025075719e-03
1.294999999999999929e+01 -1.391922480907598764e-03 6.698214041157621659e-03
1.300000000000000000e+01 -5.945996241042188430e-04 7.212278931457416324e-03
1.305000000000000071e+01 4.033401504840000685e-04 7.380625658649702520e-03
1.309999999999999964e+01 1.682095645417279505e-03 6.957650586154423729e-03
1.315000000000000036e+01 3.249931604740134445e-03 6.144644423583865353e-03
1.319999999999999929e+01 4.993052055437067691e-03 5.813895761466858665e-03
1.325000000000000000e+01 6.678714628279501866e-03 6.858954945107971490e-03
1.330000000000000071e+01 8.001345007657525640e-03 8.778671459638559896e-03
1.334999999999999964e+01 8.660868952170368978e-03 1.046747909070334416e-02
1.340000000000000036e+01 8.449724141395388924e-03 1.117255968993387250e-02
1.344999999999999929e+01 7.320066005313759921e-03 1.057981797586755868e-02
1.350000000000000000e+01 5.407889672780192593e-03 8.805695688662639603e-03
1.355000000000000071e+01 3.004653753178159522e-03 6.447550639452315560e-03
1.359999999999999964e+01 4.846124602677407919e-04 4.795605003542018768e-03
1.365000000000000036e+01 -1.789051897528632631e-03 5.196178766108224684e-03
1.369999999999999929e+01 -3.549565214328395495e-03 6.582590220801866517e-03
1.375000000000000000e+01 -4.677602071241598880e-03 7.486749803733557147e-03
1.380000000000000071e+01 -5.205096019647805286e-03 7.461516569693140387e-03
1.384999999999999964e+01 -5.275501203157217760e-03 6.635987497713772415e-03
1.390000000000000036e+01 -5.078290689111015707e-03 5.453691516155916713e-03
1.394999999999999929e+01 -4.782076247693957047e-03 4.476789043750866760e-03
1.400000000000000000e+01 -4.488067846641791495e-03 4.058509682223627492e-03
1.405000000000000071e+01 -4.222964828085811785e-03 4.070476170077220492e-03
1.409999999999999964e+01 -3.926078374833199582e-03 4.197435962094147634e-03
1.415000000000000036e+01 -3.522573858014781383e-03 4.353333109942535140e-03
1.419999999999999929e+01 -2.943538259011994895e-03 4.565686022459176235e-03
1.425000000000000000e+01 -2.153391890606137608e-03 4.772032835886157003e-03
1.430000000000000071e+01 -1.159899656349559815e-03 4.820664444109072112e-03
1.434999999999999964e+01 -7.716776321160159888e-06 4.611485540143775430e-03
1.440000000000000036e+01 1.237030247090622342e-03 4.207984491883489352e-03
1.444999999999999929e+01 2.501374904833169981e-03 3.870353275984860387e-03
1.450000000000000000e+01 3.712130922337853779e-03 3.930511778579316717e-03
1.455000000000000071e+01 4.793052955441995389e-03 4.454743195209897449e-03
1.459999999999999964e+01 5.657302827214132600e-03 5.182061927198862786e-03
1.465000000000000036e+01 6.203710871538996655e-03 5.830245251311775602e-03
1.469999999999999929e+01 6.324686514499609086e-03 6.240854512514426404e-03
1.475000000000000000e+01 5.928623242067010586e-03 6.359157065839934030e-03
1.480000000000000071e+01 4.972222069049601206e-03 6.182163386944777503e-03
1.484999999999999964e+01 3.491584577483965428e-03 5.723370188068581735e-03
1.490000000000000036e+01 1.618409241197203393e-03 5.028372542358243089e-03
1.494999999999999929e+01 -4.291013816574807218e-04 4.265620209434510882e-03
1.500000000000000000e+01 -2.382696000258200265e-03 3.845535414946457588e-03
1.505000000000000071e+01 -3.999051616124212408e-03 4.198751023494972159e-03
1.509999999999999964e+01 -5.077007292547824208e-03 5.102305382090641800e-03
1.515000000000000036e+01 -5.514225667292234692e-03 5.962001811056021582e-03
1.519999999999999929e+01 -5.326626879543596912e-03 6.347135115179171165e-03
1.525000000000000000e+01 -4.637119968764738011e-03 6.097014244285135082e-03
1.530000000000000071e+01 -3.638399419448572290e-03 5.316214751074672604e-03
1.534999999999999964e+01 -2.541850491204797335e-03 4.347587975217072007e-03
1.540000000000000036e+01 -1.528080424366600474e-03 3.656556692246506254e-03
1.544999999999999929e+01 -7.126384869896023200e-04 3.471169062614657460e-03
1.550000000000000000e+01 -1.342016667907998731e-04 3.524034850447486846e-03
1.555000000000000071e+01 2.354501172582005219e-04 3.494137421084812008e-03
1.559999999999999964e+01 4.668924783634610946e-04 3.350367671232922905e-03
1.565000000000000036e+01 6.441089005713980607e-04 3.237342828527655595e-03
1.569999999999999929e+01 8.401132415140466882e-04 3.229477688114337341e-03
1.575000000000000000e+01 1.102043467680219454e-03 3.264488679213515578e-03
1.580000000000000071e+01 1.445907350379198493e-03 3.327512876475535297e-03
1.584999999999999964e+01 1.857942055791622204e-03 3.553934265998113639e-03
1.590000000000000036e+01 2.298914830121653267e-03 4.038925241815492610e-03
1.594999999999999929e+01 2.709280420689996836e-03 4.634441957223430289e-03
1.600000000000000000e+01 3.015469856018199255e-03 5.065408536007704778e-03
1.605000000000000071e+01 3.149946712609770060e-03 5.141600116879446736e-03
1.610000000000000142e+01 3.019985589547203794e-03 4.800293125885040854e-03
1.614999999999999858e+01 2.584395521025802112e-03 4.165458385285245035e-03
1.619999999999999929e+01 1.843883388192504988e-03 3.496758881113747920e-03
1.625000000000000000e+01 8.481047692723613302e-04 3.098111968315616239e-03
1.630000000000000071e+01 -3.059679011964417782e-04 3.109631295678991127e-03
1.635000000000000142e+01 -1.485711645600951408e-03 3.391811937570378757e-03
1.639999999999999858e+01 -2.543377150936204818e-03 3.745703244719583540e-03
1.644999999999999929e+01 -3.341674279456201008e-03 4.072205182080200492e-03
1.650000000000000000e+01 -3.778850367486864120e-03 4.336028026041127172e-03
1.655000000000000071e+01 -3.807450524894514556e-03 4.501792416519405024e-03
1.660000000000000142e+01 -3.442378391560396364e-03 4.511790546297635499e-03
1.664999999999999858e+01 -2.756533649875366008e-03 4.306856125594027765e-03
1.669999999999999929e+01 -1.865346886120201452e-03 3.871429000083277585e-03
1.675000000000000000e+01 -9.040454007393204389e-04 3.283401033269621461e-03
1.680000000000000071e+01 -2.823311209799918896e-06 2.749672583452864461e-03
1.685000000000000142e+01 7.349520943225983224e-04 2.542725063518184656e-03
1.689999999999999858e+01 1.247543329197836138e-03 2.710175012032553336e-03
1.694999999999999929e+01 1.520515193848299019e-03 2.990444884791739963e-03
1.700000000000000000e+01 1.583061099888602571e-03 3.148531311158866888e-03
1.705000000000000071e+01 1.493533915091623584e-03 3.120972095030449724e-03
1.710000000000000142e+01 1.336800707915601974e-03 2.975718729349442846e-03
1.714999999999999858e+01 1.187309006122441854e-03 2.817334359559540025e-03
1.719999999999999929e+01 1.099326893474055020e-03 2.720052791894555285e-03
1.725000000000000000e+01 1.094165822585480442e-03 2.712714118817641674e-03
1.730000000000000071e+01 1.155196511618632920e-03 2.801460217394262289e-03
1.735000000000000142e+01 1.232774669902618686e-03 2.957934938297259505e-03
1.739999999999999858e+01 1.258693473502857331e-03 3.092752390534757572e-03
1.744999999999999929e+01 1.166809802029599623e-03 3.090933529150406353e-03
1.750000000000000000e+01 9.141538667779983487e-04 2.896453957476278606e-03
1.755000000000000071e+01 4.961558606301594461e-04 2.590951537960308436e-03
1.760000000000000142e+01 -4.891170172876025014e-05 2.415670754089440601e-03
1.764999999999999858e+01 -6.479122249584873304e-04 2.587716326112005777e-03
1.769999999999999929e+01 -1.210893504550700477e-03 3.006963577601676207e-03
1.775000000000000000e+01 -1.653567200990279425e-03 3.408529405572912480e-03
1.780000000000000071e+01 -1.917202651548596121e-03 3.626529827967311763e-03
1.785000000000000142e+01 -1.979975668899096840e-03 3.628797590780181732e-03
1.789999999999999858e+01 -1.856926864436808655e-03 3.465325917674057839e-03
1.794999999999999929e+01 -1.589703516101604415e-03 3.207045735882073974e-03
1.800000000000000000e+01 -1.230691900818101222e-03 2.905891869283534767e-03
1.805000000000000071e+01 -8.195446839296393346e-04 2.594356244256450488e-03
1.810000000000000142e+01 -3.971641956263996629e-04 2.323646832393202067e-03
1.814999999999999858e+01 1.118964184479997788e-05 2.159223670194503238e-03
1.819999999999999929e+01 3.907695651898194914e-04 2.135595553927643019e-03
1.825000000000000000e+01 7.292688141516014263e-04 2.227205660904079190e-03
1.830000000000000071e+01 1.009890733174403617e-03 2.387611842911698760e-03
1.835000000000000142e+01 1.209789764262141814e-03 2.585195058625474034e-03
1.839999999999999858e+01 1.305249416442563889e-03 2.786209763530487528e-03
1.844999999999999929e+01 1.281425241425835802e-03 2.934741286504477954e-03
1.850000000000000000e+01 1.141904488325315090e-03 2.970019122949958332e-03
1.855000000000000071e+01 9.129439574022006404e-04 2.863505945511098365e-03
1.860000000000000142e+01 6.392972457965591469e-04 2.642908648260566123e-03
1.864999999999999858e+01 3.721856526616002490e-04 2.386732397550344990e-03
1.869999999999999929e+01 1.536066373993999500e-04 2.185314542646386426e-03
1.875000000000000000e+01 3.164811471540131275e-06 2.082877863807768275e-03
1.880000000000000071e+01 -8.701498547593019325e-05 2.056304876306602487e-03
1.885000000000000142e+01 -1.468170791596405537e-04 2.062976619359333571e-03
1.889999999999999858e+01 -2.139324148722597670e-04 2.093780916718935951e-03
1.894999999999999929e+01 -3.164592118961995887e-04 2.174814206895690424e-03
1.900000000000000000e+01 -4.593550331652405689e-04 2.327629241114808571e-03
1.905000000000000071e+01 -6.211150335611268511e-04 2.533968207842517660e-03
1.910000000000000142e+01 -7.623028254515580929e-04 2.732495149945702272e-03
1.914999999999999858e+01 -8.355512140745987833e-04 2.851348313843640389e-03
1.919999999999999929e+01 -8.069772944707400645e-04 2.840519646286549568e-03
1.925000000000000000e+01 -6.703909062104993107e-04 2.692855645258777474e-03
1.930000000000000071e+01 -4.511326480056394124e-04 2.450827233632214310e-03
1.935000000000000142e+01 -1.979442689323596453e-04 2.197101816860142377e-03
1.939999999999999858e+01 3.391989027062013477e-05 2.022972417389836720e-03
1.944999999999999929e+01 2.016389345250795234e-04 1.976007027244714408e-03
1.950000000000000000e+01 2.883798139254208884e-04 2.031053153195588271e-03
1.955000000000000071e+01 3.063027588674413753e-04 2.125868896366677439e-03
1.960000000000000142e+01 2.882225062929400601e-04 2.210505136987342238e-03
1.964999999999999858e+01 2.717410969015800616e-04 2.263713339764806230e-03
1.969999999999999929e+01 2.826207893674599343e-04 2.288667806505005446e-03
1.975000000000000000e+01 3.242666274419595831e-04 2.300805375175339097e-03
1.980000000000000071e+01 3.774482636385001998e-04 2.309468590055750205e-03
1.985000000000000142e+01 4.100069024301802021e-04 2.303111519329600204e-03
1.989999999999999858e+01 3.921253627213997406e-04 2.253791871827851012e-03
1.994999999999999929e+01 3.105220572105605952e-04 2.140598482850809316e-03
2.000000000000000000e+01 1.755408843831999090e-04 1.974809623227689187e-03
