# # k	<chi>	std
0.000000000000000000e+00 -2.340851844909240254e-01 5.548120131560348167e-02
5.000000000000000278e-02 -2.341699775680000095e-01 5.413574255869483404e-02
1.000000000000000056e-01 -2.335040040800004657e-01 5.380722049682745006e-02
1.499999999999999944e-01 -2.318214381679997715e-01 5.311627845652551472e-02
2.000000000000000111e-01 -2.305309599319997627e-01 5.286912597832225946e-02
2.500000000000000000e-01 -2.291022502679994910e-01 5.334720474055408557e-02
2.999999999999999889e-01 -2.284372298119999312e-01 5.483723175702663599e-02
3.499999999999999778e-01 -2.281317052760000463e-01 5.804089482614100542e-02
4.000000000000000222e-01 -2.285121128760004561e-01 6.214307213004326841e-02
4.500000000000000111e-01 -2.288191513560000612e-01 6.763550080455436875e-02
5.000000000000000000e-01 -2.289273353600004557e-01 7.293278455771536051e-02
5.500000000000000444e-01 -2.276062081359998546e-01 7.821855944865357957e-02
5.999999999999999778e-01 -2.243372959239998687e-01 8.204878925830326464e-02
6.500000000000000222e-01 -2.175310509308001072e-01 8.435883475282328348e-02
6.999999999999999556e-01 -2.067229817752003762e-01 8.444028664206995605e-02
7.500000000000000000e-01 -1.902672138008001945e-01 8.201355825887929329e-02
8.000000000000000444e-01 -1.690466185389600806e-01 7.733030839389826161e-02
8.499999999999999778e-01 -1.422304197419600735e-01 7.002419099593445995e-02
9.000000000000000222e-01 -1.133685358148400768e-01 6.124882744875946583e-02
9.499999999999999556e-01 -8.354903257560805652e-02 5.089901133409022865e-02
1.000000000000000000e+00 -5.867884266888803713e-02 4.087059947725232151e-02
1.050000000000000044e+00 -4.142417626809605236e-02 3.212170331187958611e-02
1.100000000000000089e+00 -3.675022275846680925e-02 2.706046024707233974e-02
1.149999999999999911e+00 -4.677265171653599563e-02 2.662445403104865549e-02
1.199999999999999956e+00 -7.072879432948390999e-02 2.898835169635744988e-02
1.250000000000000000e+00 -1.072291033076002154e-01 3.189874692375380821e-02
1.300000000000000044e+00 -1.479287916119998991e-01 3.361421775218632196e-02
1.350000000000000089e+00 -1.876474790800001236e-01 3.385848896035407313e-02
1.399999999999999911e+00 -2.148003090800000014e-01 3.286132956430951046e-02
1.449999999999999956e+00 -2.244212050400002101e-01 3.138572469853420643e-02
1.500000000000000000e+00 -2.101812899600000450e-01 3.033150462537047287e-02
1.550000000000000044e+00 -1.725474391999995694e-01 3.005912549678535148e-02
1.600000000000000089e+00 -1.159206987280001627e-01 3.002276119307603283e-02
1.649999999999999911e+00 -4.692006910949596959e-02 2.916898967652040500e-02
1.699999999999999956e+00 2.244182974855202586e-02 2.639462747703825649e-02
1.750000000000000000e+00 8.481754713999993534e-02 2.175331308770739672e-02
1.800000000000000044e+00 1.298294429359997115e-01 1.634619926937581555e-02
1.850000000000000089e+00 1.563004007599998468e-01 1.388865330462632323e-02
1.899999999999999911e+00 1.616628665200001147e-01 1.659483228912238262e-02
1.949999999999999956e+00 1.520046337280000215e-01 2.127653710049372260e-02
2.000000000000000000e+00 1.306641661159999024e-01 2.408016501934565068e-02
2.049999999999999822e+00 1.062039043920000730e-01 2.429504227656868048e-02
2.100000000000000089e+00 8.124981686000000425e-02 2.119639805508792205e-02
2.149999999999999911e+00 5.968232689600003193e-02 1.616707859228971866e-02
2.200000000000000178e+00 4.295737743600006736e-02 1.118036133824134443e-02
2.250000000000000000e+00 3.154845472440002269e-02 8.418742205862523101e-03
2.299999999999999822e+00 2.218051446575998106e-02 7.541408655742828405e-03
2.350000000000000089e+00 1.376145412399996763e-02 6.992135576485245842e-03
2.399999999999999911e+00 6.081510344278478163e-03 6.192285651974315311e-03
2.450000000000000178e+00 2.841147811780002407e-04 5.683017183976889555e-03
2.500000000000000000e+00 -4.353046299761591589e-03 5.157382587474273507e-03
2.549999999999999822e+00 -7.481229717431595733e-03 4.719909628089976293e-03
2.600000000000000089e+00 -8.868282527687589706e-03 4.517772862837594536e-03
2.649999999999999911e+00 -1.002254650214800223e-02 4.773476497903979786e-03
2.700000000000000178e+00 -9.768565690547978062e-03 5.238325929647150332e-03
2.750000000000000000e+00 -8.293944644728401885e-03 5.736426571964644248e-03
2.799999999999999822e+00 -5.944289849582952770e-03 6.026061368595510975e-03
2.850000000000000089e+00 -3.858397779022804119e-03 6.052485004813589441e-03
2.899999999999999911e+00 -1.602659190436798910e-03 5.551585559612334277e-03
2.950000000000000178e+00 3.229334329203996357e-04 4.550364780546501016e-03
3.000000000000000000e+00 1.523223833703362187e-03 3.313593003649244195e-03
3.049999999999999822e+00 1.369623065365202117e-03 2.515617188974366477e-03
3.100000000000000089e+00 3.562860025831990460e-04 3.117171595661423142e-03
3.149999999999999911e+00 -1.296806444399197737e-03 4.287825052086165559e-03
3.200000000000000178e+00 -3.215261680744400594e-03 5.103546595541312916e-03
3.250000000000000000e+00 -5.051746626585179763e-03 5.362785353741445112e-03
3.299999999999999822e+00 -5.927807185362402725e-03 4.821091200288400887e-03
3.350000000000000089e+00 -5.611206045169603827e-03 3.662457998292098331e-03
3.399999999999999911e+00 -4.146851137397203867e-03 2.426534543244378023e-03
3.450000000000000178e+00 -1.584853001527998647e-03 2.275118678503733251e-03
3.500000000000000000e+00 1.531224351577199511e-03 3.273446290458335937e-03
3.549999999999999822e+00 4.547419931020400992e-03 4.273124055752131750e-03
3.600000000000000089e+00 6.845607052578408722e-03 4.795282609315666168e-03
3.649999999999999911e+00 8.309601499915988607e-03 4.765048859721691434e-03
3.700000000000000178e+00 8.374409636608397267e-03 4.295269038715128322e-03
3.750000000000000000e+00 7.007786539865601232e-03 3.636443815714930118e-03
3.799999999999999822e+00 4.405689588607510782e-03 3.046320427484588457e-03
3.850000000000000089e+00 1.155174752100081347e-03 2.714757984551269872e-03
3.899999999999999911e+00 -2.638622330598398673e-03 2.633465858468172615e-03
3.950000000000000178e+00 -6.485895059571998578e-03 2.690299635753641734e-03
4.000000000000000000e+00 -9.918313115600015453e-03 2.843841449038699183e-03
4.049999999999999822e+00 -1.260568661520000168e-02 3.104882839793062562e-03
4.099999999999999645e+00 -1.437811578319997917e-02 3.368684513369935799e-03
4.150000000000000355e+00 -1.505497610760004289e-02 3.540651050725539782e-03
4.200000000000000178e+00 -1.461141793320001013e-02 3.535984547876320529e-03
4.250000000000000000e+00 -1.345054704400001043e-02 3.362384725892792001e-03
4.299999999999999822e+00 -1.159510822640002353e-02 3.164780068135949424e-03
4.349999999999999645e+00 -9.241070656888002860e-03 3.142796219749315317e-03
4.400000000000000355e+00 -6.549411614781992449e-03 3.358528571045664261e-03
4.450000000000000178e+00 -3.877639233261192045e-03 3.638938385191671076e-03
4.500000000000000000e+00 -9.067221857372016573e-04 3.713733470320404028e-03
4.549999999999999822e+00 2.533969416276796519e-03 3.507437289662690503e-03
4.599999999999999645e+00 6.608493058146799881e-03 3.274125670865914162e-03
4.650000000000000355e+00 1.116925331564401144e-02 3.545495313268962490e-03
4.700000000000000178e+00 1.633289559400000548e-02 4.448969319059695865e-03
4.750000000000000000e+00 2.170429108360001635e-02 5.520414634127788871e-03
4.799999999999999822e+00 2.662788147080001264e-02 6.238122311985872491e-03
4.849999999999999645e+00 3.031492836799996524e-02 6.330454168765695978e-03
4.900000000000000355e+00 3.212657339999996919e-02 5.732871090066074017e-03
4.950000000000000178e+00 3.151981793200001047e-02 4.748765149117179819e-03
5.000000000000000000e+00 2.832714560400004244e-02 4.222861797987129996e-03
5.049999999999999822e+00 2.287560574640004965e-02 5.023081413659543672e-03
5.099999999999999645e+00 1.579427398182399120e-02 6.720772267060824701e-03
5.150000000000000355e+00 7.957352038323987214e-03 8.484202430140655449e-03
5.200000000000000178e+00 2.458430920988001955e-04 9.853053487709527783e-03
5.250000000000000000e+00 -6.664730756888018193e-03 1.062237483075116271e-02
5.299999999999999822e+00 -1.246657751169447971e-02 1.079419068471441402e-02
5.349999999999999645e+00 -1.724444965249520567e-02 1.045086736712513842e-02
5.400000000000000355e+00 -2.136898287836001831e-02 9.719502680571199746e-03
5.450000000000000178e+00 -2.518738035119999497e-02 8.696558994398523659e-03
5.500000000000000000e+00 -2.905493307839997902e-02 7.556294406441188723e-03
5.549999999999999822e+00 -3.295891912800004431e-02 6.494481834648846430e-03
5.599999999999999645e+00 -3.649388552000001201e-02 5.901307935921513634e-03
5.650000000000000355e+00 -3.878984914800007872e-02 6.258427823814362648e-03
5.700000000000000178e+00 -3.917829750800001093e-02 7.626995711833594802e-03
5.750000000000000000e+00 -3.698229685880009138e-02 9.503368633115754152e-03
5.799999999999999822e+00 -3.188997771787605018e-02 1.134124807168553246e-02
5.849999999999999645e+00 -2.396612159846004536e-02 1.271042026171865548e-02
5.900000000000000355e+00 -1.401751530628396816e-02 1.340833603192467804e-02
5.950000000000000178e+00 -3.023352316507602663e-03 1.336706256411695701e-02
6.000000000000000000e+00 7.950421730767589720e-03 1.267950119771540235e-02
6.049999999999999822e+00 1.800229007122801372e-02 1.151630039791119373e-02
6.099999999999999645e+00 2.639034103058397751e-02 1.025659234679964817e-02
6.150000000000000355e+00 3.284656542779999105e-02 9.222039673017920491e-03
6.200000000000000178e+00 3.738071877560004974e-02 8.652127427826400083e-03
6.250000000000000000e+00 4.013147351840007371e-02 8.657386426360904469e-03
6.299999999999999822e+00 4.121257670000000317e-02 9.206650222691058552e-03
6.349999999999999645e+00 4.061693866800000080e-02 1.011707598047311904e-02
6.400000000000000355e+00 3.821455544360000817e-02 1.108749549409714617e-02
6.450000000000000178e+00 3.384120691680601867e-02 1.181895902811610534e-02
6.500000000000000000e+00 2.743907410246241088e-02 1.217236926363276725e-02
6.549999999999999822e+00 1.904134079435401347e-02 1.223478265738012390e-02
6.599999999999999645e+00 9.314310296947602916e-03 1.232061967815489649e-02
6.650000000000000355e+00 -9.256578034799967060e-04 1.261821011937011572e-02
6.700000000000000178e+00 -1.069410567691602212e-02 1.296644245466188096e-02
6.750000000000000000e+00 -1.902623027556163068e-02 1.298114391513003306e-02
6.799999999999999822e+00 -2.517228210843200711e-02 1.240341471641397131e-02
6.849999999999999645e+00 -2.874499549052000544e-02 1.132802806607557250e-02
6.900000000000000355e+00 -2.978056312457597402e-02 1.018625235419991053e-02
6.950000000000000178e+00 -2.870178842168000580e-02 9.455761147857677518e-03
7.000000000000000000e+00 -2.619919208960797691e-02 9.249054530456010323e-03
7.049999999999999822e+00 -2.301209437436357516e-02 9.291934343645570291e-03
7.099999999999999645e+00 -1.991517340148001719e-02 9.411013279987976571e-03
7.150000000000000355e+00 -1.741874780358031866e-02 9.631322480405799663e-03
7.200000000000000178e+00 -1.572084549184402796e-02 9.990239431390539326e-03
7.250000000000000000e+00 -1.468771533050121716e-02 1.038818985564076564e-02
7.299999999999999822e+00 -1.390014199951600422e-02 1.073860177960254784e-02
7.349999999999999645e+00 -1.275495323652905966e-02 1.114142685210675436e-02
7.400000000000000355e+00 -1.060568281943802087e-02 1.175558137760437070e-02
7.450000000000000178e+00 -6.921414731502407991e-03 1.248642584269646014e-02
7.500000000000000000e+00 -1.437497399163200577e-03 1.294811330233722364e-02
7.549999999999999822e+00 5.704484873370001437e-03 1.274105349059339101e-02
7.599999999999999645e+00 1.395949073470538135e-02 1.189356761622903380e-02
7.650000000000000355e+00 2.242368062246398452e-02 1.082056401218864719e-02
7.700000000000000178e+00 2.996957405323199056e-02 1.009091222590171970e-02
7.750000000000000000e+00 3.545920011400002098e-02 9.904951198592316583e-03
7.799999999999999822e+00 3.798413813160007868e-02 9.979258227513143273e-03
7.849999999999999645e+00 3.707360209720007849e-02 1.012345845616283851e-02
7.900000000000000355e+00 3.281317193360005352e-02 1.062733349131676948e-02
7.950000000000000178e+00 2.583658595761199883e-02 1.187533035198999783e-02
8.000000000000000000e+00 1.718692506984404941e-02 1.369074906895721526e-02
8.050000000000000711e+00 8.037190305855227909e-03 1.536403665067441644e-02
8.099999999999999645e+00 -4.040749106456011162e-04 1.628661653250068272e-02
8.150000000000000355e+00 -7.339318789471998249e-03 1.614244565258463743e-02
8.199999999999999289e+00 -1.241850710273198835e-02 1.498826358793790316e-02
8.250000000000000000e+00 -1.572801589696960767e-02 1.319963533375417483e-02
8.300000000000000711e+00 -1.766345930742402315e-02 1.136394635030071008e-02
8.349999999999999645e+00 -1.873680109820999307e-02 1.007870063217644087e-02
8.400000000000000355e+00 -1.938485370153199619e-02 9.596939023312333478e-03
8.449999999999999289e+00 -1.983951432616001820e-02 9.638601644095235593e-03
8.500000000000000000e+00 -2.009351701471195906e-02 9.746108022527288917e-03
8.550000000000000711e+00 -1.994581607664477549e-02 9.687304930789744639e-03
8.599999999999999645e+00 -1.916172331887602484e-02 9.553837516347947825e-03
8.650000000000000355e+00 -1.755640312885595189e-02 9.543268293411169209e-03
8.699999999999999289e+00 -1.509170003393999794e-02 9.736614495150917870e-03
8.750000000000000000e+00 -1.189305661316402557e-02 1.001940609014700251e-02
8.800000000000000711e+00 -8.197888624614813394e-03 1.022823142738820204e-02
8.849999999999999645e+00 -4.264619013390053698e-03 1.031411464800059338e-02
8.900000000000000355e+00 -2.868243472104000562e-04 1.034940507435784009e-02
8.949999999999999289e+00 3.647786082914403292e-03 1.039773626518037189e-02
9.000000000000000000e+00 7.536011588755203890e-03 1.039461128343023739e-02
9.050000000000000711e+00 1.142744236488400789e-02 1.017913908999973013e-02
9.099999999999999645e+00 1.522454925508519297e-02 9.623016171083737316e-03
9.150000000000000355e+00 1.871533156844402274e-02 8.789210174670665510e-03
9.199999999999999289e+00 2.153956290218001640e-02 7.968561378856176339e-03
9.250000000000000000e+00 2.324948987479994941e-02 7.564440314494917487e-03
9.300000000000000711e+00 2.342351204005201429e-02 7.779554096541432123e-03
9.349999999999999645e+00 2.179693601916400658e-02 8.441503629162959085e-03
9.400000000000000355e+00 1.836555491975998614e-02 9.261881938046188922e-03
9.449999999999999289e+00 1.342554116443600044e-02 1.008533755952023721e-02
9.500000000000000000e+00 7.533885712121201131e-03 1.085765236209199937e-02
9.550000000000000711e+00 1.374032226500000037e-03 1.150175008431413362e-02
9.599999999999999645e+00 -4.322149923511996866e-03 1.182913911712984642e-02
9.650000000000000355e+00 -8.973705901627977363e-03 1.166201993662915534e-02
9.699999999999999289e+00 -1.224198750152634234e-02 1.094485029729559342e-02
9.750000000000000000e+00 -1.407038706589195005e-02 9.826533810471899805e-03
9.800000000000000711e+00 -1.465535555143077616e-02 8.669594392491632162e-03
9.849999999999999645e+00 -1.436227610872797128e-02 7.949711547634517525e-03
9.900000000000000355e+00 -1.361227842989517350e-02 7.954216907691101165e-03
9.949999999999999289e+00 -1.277028151607157574e-02 8.483382790182892458e-03
1.000000000000000000e+01 -1.206063031716398185e-02 9.031410199555413992e-03
1.005000000000000071e+01 -1.152675387978001342e-02 9.180652838470280269e-03
1.009999999999999964e+01 -1.103986682315599710e-02 8.860410049921534775e-03
1.015000000000000036e+01 -1.035234681952519262e-02 8.518761767306176624e-03
1.019999999999999929e+01 -9.176287450150012737e-03 8.997564703003521278e-03
1.025000000000000000e+01 -7.272899822793612960e-03 1.058827770927215847e-02
1.030000000000000071e+01 -4.531236505283997053e-03 1.252227263830348568e-02
1.034999999999999964e+01 -1.017579359512799098e-03 1.377711277348347106e-02
1.040000000000000036e+01 3.017475524235996125e-03 1.370088915481156890e-02
1.044999999999999929e+01 7.177814006173226236e-03 1.221590874450547391e-02
1.050000000000000000e+01 1.099852009085600275e-02 9.925734120511720687e-03
1.055000000000000071e+01 1.404174941745604116e-02 8.158677967787575369e-03
1.059999999999999964e+01 1.598650417820332570e-02 8.169543127326296672e-03
1.065000000000000036e+01 1.668771212481599819e-02 9.327943143914567761e-03
1.069999999999999929e+01 1.618858953528804281e-02 1.022119580037891481e-02
1.075000000000000000e+01 1.468465613250399641e-02 1.031696894918910160e-02
1.080000000000000071e+01 1.245331649413079951e-02 9.893414160794264736e-03
1.084999999999999964e+01 9.774058799303996653e-03 9.556199359187073777e-03
1.090000000000000036e+01 6.866627621351989105e-03 9.633766060671528769e-03
1.094999999999999929e+01 3.866730937834478993e-03 9.904615134955944283e-03
1.100000000000000000e+01 8.436039356579975394e-04 9.975534312270878737e-03
1.105000000000000071e+01 -2.172523473856802310e-03 9.670835320601121193e-03
1.109999999999999964e+01 -5.084823591420950008e-03 9.002307594237044311e-03
1.115000000000000036e+01 -7.748785386583189293e-03 8.085587937652845975e-03
1.119999999999999929e+01 -9.965415536639998101e-03 7.124021317024992542e-03
1.125000000000000000e+01 -1.152691913116919188e-02 6.548500443222504339e-03
1.130000000000000071e+01 -1.228388512768402614e-02 6.861536888560903352e-03
1.134999999999999964e+01 -1.220491628914399836e-02 7.942719110747261183e-03
1.140000000000000036e+01 -1.140033284801649296e-02 9.071274544370677706e-03
1.144999999999999929e+01 -1.009490005896719438e-02 9.620927766012815283e-03
1.150000000000000000e+01 -8.555461680279981967e-03 9.377090626685485875e-03
1.155000000000000071e+01 -6.999348983098805342e-03 8.595264021268108831e-03
1.159999999999999964e+01 -5.519835629404011394e-03 7.916493111935096749e-03
1.165000000000000036e+01 -4.060715277591202092e-03 7.921420407429520874e-03
1.169999999999999929e+01 -2.454137379655997511e-03 8.483298600834436251e-03
1.175000000000000000e+01 -5.107871331032012721e-04 8.959876424403699982e-03
1.180000000000000071e+01 1.870724664152798771e-03 8.868509722847018467e-03
1.184999999999999964e+01 4.618565948923996495e-03 8.131510692002876656e-03
1.190000000000000036e+01 7.463163108126807076e-03 7.054561712940358650e-03
1.194999999999999929e+01 9.988583077745590011e-03 6.218700844057773944e-03
1.200000000000000000e+01 1.174635811690799558e-02 6.110163770602155923e-03
1.205000000000000071e+01 1.243132438795135040e-02 6.602048658725090217e-03
1.209999999999999964e+01 1.186700227528599515e-02 7.138262779225777906e-03
1.215000000000000036e+01 1.018853674679598593e-02 7.368544008424493183e-03
1.219999999999999929e+01 7.765951366219991069e-03 7.270866853575141953e-03
1.225000000000000000e+01 5.092656289615998810e-03 7.029012377146866102e-03
1.230000000000000071e+01 2.636207250375598513e-03 6.836769311403376528e-03
1.234999999999999964e+01 7.033401942628001802e-04 6.741292226087200468e-03
1.240000000000000036e+01 -6.340546205291999618e-04 6.662135960753448605e-03
1.244999999999999929e+01 -1.527869284762000930e-03 6.527286867259362614e-03
1.250000000000000000e+01 -2.264620920317311683e-03 6.332492457744194440e-03
1.255000000000000071e+01 -3.133282236789604238e-03 6.087069279747183391e-03
1.259999999999999964e+01 -4.299805353193991708e-03 5.768323873709671999e-03
1.265000000000000036e+01 -5.734052002346397281e-03 5.374471194862273475e-03
1.269999999999999929e+01 -7.214177735765195734e-03 5.012051144546164107e-03
1.275000000000000000e+01 -8.404312480896377127e-03 4.869875248927243473e-03
1.280000000000000071e+01 -8.974714043904806829e-03 5.030023177898710306e-03
1.284999999999999964e+01 -8.719223665268007253e-03 5.360847573698217586e-03
1.290000000000000036e+01 -7.627616090946008794e-03 5.674703216566203898e-03
1.294999999999999929e+01 -5.888591017232013003e-03 5.886876735027683771e-03
1.300000000000000000e+01 -3.825300987486804794e-03 6.012640555649487011e-03
1.305000000000000071e+01 -1.783677116553159707e-03 6.112967568466368129e-03
1.309999999999999964e+01 -4.040956116200045877e-05 6.215077146855944347e-03
1.315000000000000036e+01 1.276893424768398054e-03 6.357758083183145947e-03
1.319999999999999929e+01 2.209691233864245850e-03 6.542549001699395766e-03
1.325000000000000000e+01 2.924137190343592714e-03 6.672734158319664280e-03
1.330000000000000071e+01 3.624978194296800491e-03 6.586007155255139967e-03
1.334999999999999964e+01 4.461016787258994046e-03 6.208990828632048563e-03
1.340000000000000036e+01 5.456584559666010151e-03 5.726670861897555607e-03
1.344999999999999929e+01 6.492450158803197459e-03 5.576252596770457128e-03
1.350000000000000000e+01 7.341040020916809149e-03 6.010610710466964338e-03
1.355000000000000071e+01 7.741758198786395824e-03 6.702742432135793543e-03
1.359999999999999964e+01 7.489178226923597081e-03 7.132480092473396198e-03
1.365000000000000036e+01 6.503968713127993018e-03 7.039981627423631989e-03
1.369999999999999929e+01 4.863810583644002580e-03 6.530584067384805937e-03
1.375000000000000000e+01 2.785992103974402594e-03 5.978175422565601936e-03
1.380000000000000071e+01 5.694497274604003786e-04 5.725012882547116794e-03
1.384999999999999964e+01 -1.483633061724000304e-03 5.731068301088619935e-03
1.390000000000000036e+01 -3.141610356543276649e-03 5.674203800769530605e-03
1.394999999999999929e+01 -4.290832626036794953e-03 5.347588661884243935e-03
1.400000000000000000e+01 -4.944877370994792479e-03 4.823283649722349097e-03
1.405000000000000071e+01 -5.243112306200559992e-03 4.374447543300396049e-03
1.409999999999999964e+01 -5.293279058980000264e-03 4.190009255947021137e-03
1.415000000000000036e+01 -5.236371468995605453e-03 4.232241650923663362e-03
1.419999999999999929e+01 -5.162230200791996168e-03 4.323228586242707297e-03
1.425000000000000000e+01 -5.082362422366240064e-03 4.363614852656296297e-03
1.430000000000000071e+01 -4.930138425911612977e-03 4.372682441421221755e-03
1.434999999999999964e+01 -4.587536717606520778e-03 4.406953004059670047e-03
1.440000000000000036e+01 -3.930164057951608669e-03 4.487371548729236943e-03
1.444999999999999929e+01 -2.877080351611721251e-03 4.591787522040573916e-03
1.450000000000000000e+01 -1.430380373341003054e-03 4.687425164354334234e-03
1.455000000000000071e+01 3.079242096859610331e-04 4.754143905269955957e-03
1.459999999999999964e+01 2.147924859724799438e-03 4.784344645348071259e-03
1.465000000000000036e+01 3.850590524450804054e-03 4.770996342171047143e-03
1.469999999999999929e+01 5.183044230774761646e-03 4.699359410289732919e-03
1.475000000000000000e+01 5.974700579767992618e-03 4.556094561299089789e-03
1.480000000000000071e+01 6.157811625679598423e-03 4.356735558607232120e-03
1.484999999999999964e+01 5.780255427192972605e-03 4.168351904175436606e-03
1.490000000000000036e+01 4.986687276362799896e-03 4.087003694085030413e-03
1.494999999999999929e+01 3.973944733585199618e-03 4.158531487318365381e-03
1.500000000000000000e+01 2.934684842695203019e-03 4.324714724666054930e-03
1.505000000000000071e+01 2.005728574177200602e-03 4.486340024314599932e-03
1.509999999999999964e+01 1.235513102922003318e-03 4.563963995636773421e-03
1.515000000000000036e+01 5.966059612475993652e-04 4.558348935205654498e-03
1.519999999999999929e+01 6.191589694800143988e-06 4.514015959710175607e-03
1.525000000000000000e+01 -6.288981731179987995e-04 4.463666694708203105e-03
1.530000000000000071e+01 -1.366442033737881676e-03 4.392449170719786924e-03
1.534999999999999964e+01 -2.198880713105600456e-03 4.251829404481831214e-03
1.540000000000000036e+01 -3.049489945695359975e-03 4.007182375378132849e-03
1.544999999999999929e+01 -3.795160805914849726e-03 3.686062714112783162e-03
1.550000000000000000e+01 -4.306494015020316708e-03 3.404945159685597578e-03
1.555000000000000071e+01 -4.489868874908000372e-03 3.330291682683405446e-03
1.559999999999999964e+01 -4.316044608919196099e-03 3.529001230327817509e-03
1.565000000000000036e+01 -3.825567913497597648e-03 3.871809623123846286e-03
1.569999999999999929e+01 -3.110430681637325109e-03 4.156395127028398445e-03
1.575000000000000000e+01 -2.280403808204038707e-03 4.257037934142417906e-03
1.580000000000000071e+01 -1.427807087138000712e-03 4.175744691157615845e-03
1.584999999999999964e+01 -6.042467854195999240e-04 4.022008225630333521e-03
1.590000000000000036e+01 1.826237770916008688e-04 3.930185303411738544e-03
1.594999999999999929e+01 9.526216443651609050e-04 3.946084507454090777e-03
1.600000000000000000e+01 1.724993151391321106e-03 3.996915551706283279e-03
1.605000000000000071e+01 2.507086385645200186e-03 3.990954302395392263e-03
1.610000000000000142e+01 3.229041276785245100e-03 3.884008938861991181e-03
1.614999999999999858e+01 3.802013059695199225e-03 3.732423879771527234e-03
1.619999999999999929e+01 4.124162321130400710e-03 3.631700518456501114e-03
1.625000000000000000e+01 4.112962382526308761e-03 3.635493733515959402e-03
1.630000000000000071e+01 3.735023309812392396e-03 3.715649746369292013e-03
1.635000000000000142e+01 3.022541803813998985e-03 3.802303512824985535e-03
1.639999999999999858e+01 2.070450890377357935e-03 3.845482238934783310e-03
1.644999999999999929e+01 1.015192288749161348e-03 3.837936085974729631e-03
1.650000000000000000e+01 2.151251754879844628e-06 3.799175664416812488e-03
1.655000000000000071e+01 -8.479313195508004358e-04 3.745288311507912176e-03
1.660000000000000142e+01 -1.463690491239603162e-03 3.670896099986377999e-03
1.664999999999999858e+01 -1.832732707362082865e-03 3.558488523527436522e-03
1.669999999999999929e+01 -1.994977695247280094e-03 3.404862346450839624e-03
1.675000000000000000e+01 -2.023454553300803229e-03 3.237923480686037171e-03
1.680000000000000071e+01 -1.999256847900125148e-03 3.104456107554150277e-03
1.685000000000000142e+01 -1.987929845366798957e-03 3.034624386084873796e-03
1.689999999999999858e+01 -2.023018283501313696e-03 3.019141640920728741e-03
1.694999999999999929e+01 -2.099767319885997244e-03 3.027277001193310734e-03
1.700000000000000000e+01 -2.179094450295196439e-03 3.041166614555433113e-03
1.705000000000000071e+01 -2.215099662759198104e-03 3.065043841872424572e-03
1.710000000000000142e+01 -2.114929507591204946e-03 3.120184332661731733e-03
1.714999999999999858e+01 -1.822401142861599906e-03 3.206921575672612174e-03
1.719999999999999929e+01 -1.312089972290801047e-03 3.308684641759386189e-03
1.725000000000000000e+01 -5.980203231791990023e-04 3.398002673271091883e-03
1.730000000000000071e+01 2.654851258975999997e-04 3.440394186331805718e-03
1.735000000000000142e+01 1.190975885592402079e-03 3.405730672516054172e-03
1.739999999999999858e+01 2.071912457492801861e-03 3.293416761068838124e-03
1.744999999999999929e+01 2.801054265663195306e-03 3.154280261650516982e-03
1.750000000000000000e+01 3.289534039839998696e-03 3.073973467882950943e-03
1.755000000000000071e+01 3.482462901457199656e-03 3.101741298804691366e-03
1.760000000000000142e+01 3.367449606357313108e-03 3.193814514924844632e-03
1.764999999999999858e+01 2.974080039305600047e-03 3.258018306469274983e-03
1.769999999999999929e+01 2.364822170384479460e-03 3.243350620765311429e-03
1.775000000000000000e+01 1.620241975943879443e-03 3.177241828637792850e-03
1.780000000000000071e+01 8.229523453047984851e-04 3.129605956388085627e-03
1.785000000000000142e+01 4.474377053599990254e-05 3.137338403481460848e-03
1.789999999999999858e+01 -6.601986018363594725e-04 3.167184469370274390e-03
1.794999999999999929e+01 -1.255611926589962537e-03 3.157789329715235838e-03
1.800000000000000000e+01 -1.719104732153599628e-03 3.077567092032950508e-03
1.805000000000000071e+01 -2.039448306758001074e-03 2.939118531170832258e-03
1.810000000000000142e+01 -2.206404807304001344e-03 2.771366224117820590e-03
1.814999999999999858e+01 -2.221158351990396018e-03 2.609405924547022679e-03
1.819999999999999929e+01 -2.096812842168636025e-03 2.492143807024299433e-03
1.825000000000000000e+01 -1.861255248098002456e-03 2.460826150971549657e-03
1.830000000000000071e+01 -1.556134656412801534e-03 2.525110862218860660e-03
1.835000000000000142e+01 -1.230130817764401837e-03 2.633536240205698771e-03
1.839999999999999858e+01 -9.273663685930003033e-04 2.704169098962339816e-03
1.844999999999999929e+01 -6.745549504936815439e-04 2.683923007244907316e-03
1.850000000000000000e+01 -4.719617012919996406e-04 2.580453088209225861e-03
1.855000000000000071e+01 -2.926322894379999070e-04 2.452821766013325248e-03
1.860000000000000142e+01 -9.164667054779994002e-05 2.368899759527170155e-03
1.864999999999999858e+01 1.766711630151999882e-04 2.356718555307992999e-03
1.869999999999999929e+01 5.390821229812001745e-04 2.394777024662978100e-03
1.875000000000000000e+01 9.883487398787973392e-04 2.444065297652568431e-03
1.880000000000000071e+01 1.478687939810883643e-03 2.474751695671726249e-03
1.885000000000000142e+01 1.934222761699196536e-03 2.469879677917805570e-03
1.889999999999999858e+01 2.268281226519600416e-03 2.425029596746557537e-03
1.894999999999999929e+01 2.407408488906799364e-03 2.355026300518717631e-03
1.900000000000000000e+01 2.312165305182397722e-03 2.297487025228868440e-03
1.905000000000000071e+01 1.992076128987720421e-03 2.300127121385692197e-03
1.910000000000000142e+01 1.487684549822800972e-03 2.375287798885841392e-03
1.914999999999999858e+01 8.744292390400003855e-04 2.491769671277438165e-03
1.919999999999999929e+01 2.360272057897996791e-04 2.593445000071149895e-03
1.925000000000000000e+01 -3.556191214224006152e-04 2.635761854547574549e-03
1.930000000000000071e+01 -8.534743943474793751e-04 2.608485515383209864e-03
1.935000000000000142e+01 -1.238203542227600713e-03 2.538084892438053925e-03
1.939999999999999858e+01 -1.511740377771199221e-03 2.468468951991248123e-03
1.944999999999999929e+01 -1.685894864781598826e-03 2.425890657612195592e-03
1.950000000000000000e+01 -1.771588715029922363e-03 2.397314252425466596e-03
1.955000000000000071e+01 -1.773182098853601837e-03 2.350743534806422862e-03
1.960000000000000142e+01 -1.689481489569880784e-03 2.278166398922523359e-03
1.964999999999999858e+01 -1.519754103825601442e-03 2.215381927909888891e-03
1.969999999999999929e+01 -1.270854774745598919e-03 2.212717012468463657e-03
1.975000000000000000e+01 -9.612970101060799898e-04 2.277334965939951938e-03
1.980000000000000071e+01 -6.197777714970402561e-04 2.357948604614708461e-03
1.985000000000000142e+01 -2.784465591600403830e-04 2.392258752109882158e-03
1.989999999999999858e+01 3.620456469275201873e-05 2.353711712961426960e-03
1.994999999999999929e+01 3.107273260571605548e-04 2.260202263095613655e-03
2.000000000000000000e+01 5.469363843003988319e-04 2.153974856533995546e-03
