# # k	<chi>	std
0.000000000000000000e+00 -3.542775819040128726e-01 3.979451027533022905e-02
5.000000000000000278e-02 -3.512134541599994941e-01 3.909091572248653973e-02
1.000000000000000056e-01 -3.479605958399998866e-01 3.876620336197754424e-02
1.499999999999999944e-01 -3.380505264799994469e-01 3.779232350323501882e-02
2.000000000000000111e-01 -3.280610858399995999e-01 3.682815145752108693e-02
2.500000000000000000e-01 -3.110027655999996754e-01 3.528613799175073229e-02
2.999999999999999889e-01 -2.938159106799999587e-01 3.389144947755411141e-02
3.499999999999999778e-01 -2.693296833600007378e-01 3.235070077196015165e-02
4.000000000000000222e-01 -2.448918573600001314e-01 3.146715758385582734e-02
4.500000000000000111e-01 -2.138288533600003483e-01 3.148157212871773719e-02
5.000000000000000000e-01 -1.834098197999998736e-01 3.278980281476177178e-02
5.500000000000000444e-01 -1.483752587719998073e-01 3.555796394282237372e-02
5.999999999999999778e-01 -1.149416491800002577e-01 3.898779470997656982e-02
6.500000000000000222e-01 -7.989072677673225709e-02 4.263599277025400397e-02
6.999999999999999556e-01 -4.758702438157191850e-02 4.533100296450602584e-02
7.500000000000000000e-01 -1.705350579039597789e-02 4.644287590085555834e-02
8.000000000000000444e-01 9.022167625955623479e-03 4.541887932473502587e-02
8.499999999999999778e-01 2.933396425806398741e-02 4.185430389275029278e-02
9.000000000000000222e-01 4.221537421902005205e-02 3.642239436560525123e-02
9.499999999999999556e-01 4.438571363671990622e-02 2.974793245540392414e-02
1.000000000000000000e+00 3.507691132662396627e-02 2.433651385463895048e-02
1.050000000000000044e+00 1.040542215532960085e-02 2.260395407872194465e-02
1.100000000000000089e+00 -2.780655331511193082e-02 2.510980138367920056e-02
1.149999999999999911e+00 -8.167989257311998597e-02 2.916459181124091138e-02
1.199999999999999956e+00 -1.445902435519996476e-01 3.197704887341401570e-02
1.250000000000000000e+00 -2.147333486760002463e-01 3.252385286577978013e-02
1.300000000000000044e+00 -2.809672760799996616e-01 3.049277612602886364e-02
1.350000000000000089e+00 -3.381946349599996293e-01 2.660705014357273024e-02
1.399999999999999911e+00 -3.754319291199998965e-01 2.196370178268826356e-02
1.449999999999999956e+00 -3.884730688799997722e-01 1.800833775587585769e-02
1.500000000000000000e+00 -3.731932122800005747e-01 1.576860898057949600e-02
1.550000000000000044e+00 -3.308348274399998679e-01 1.524708470833684160e-02
1.600000000000000089e+00 -2.670911474799994023e-01 1.547895112773748499e-02
1.649999999999999911e+00 -1.889641848799995250e-01 1.594934614180966437e-02
1.699999999999999956e+00 -1.075849507119997495e-01 1.647769179348581789e-02
1.750000000000000000e+00 -3.057782870810881945e-02 1.721176697116920049e-02
1.800000000000000044e+00 3.355229931715195124e-02 1.776344783993165366e-02
1.850000000000000089e+00 8.251579466000041885e-02 1.807488503217804382e-02
1.899999999999999911e+00 1.142061082599997029e-01 1.765656243260333227e-02
1.949999999999999956e+00 1.324686892599999388e-01 1.687600644095577432e-02
2.000000000000000000e+00 1.385378222680000437e-01 1.553996591410654847e-02
2.049999999999999822e+00 1.397659326639997535e-01 1.410123663708921435e-02
2.100000000000000089e+00 1.347231596840004486e-01 1.226278875067732949e-02
2.149999999999999911e+00 1.249639126400001049e-01 1.035432199724200045e-02
2.200000000000000178e+00 1.112618532360001578e-01 8.670168837461302361e-03
2.250000000000000000e+00 9.853721479999975885e-02 7.537739594744958041e-03
2.299999999999999822e+00 8.225083266799990134e-02 6.736983771453966020e-03
2.350000000000000089e+00 6.304294834400005210e-02 5.935820471951788052e-03
2.399999999999999911e+00 4.277351545199994942e-02 4.987083644593415764e-03
2.450000000000000178e+00 2.595253666919999230e-02 4.114362338646624512e-03
2.500000000000000000e+00 1.068926350012002792e-02 3.353004586549033442e-03
2.549999999999999822e+00 -1.779152622407601577e-03 2.953733878796859554e-03
2.600000000000000089e+00 -1.064033090604400017e-02 3.018783839794418611e-03
2.649999999999999911e+00 -1.706906527319998826e-02 3.445066553857928805e-03
2.700000000000000178e+00 -2.043238149799996711e-02 3.855253308651807997e-03
2.750000000000000000e+00 -2.086176007720001377e-02 4.085023697378676634e-03
2.799999999999999822e+00 -1.875026246360002313e-02 4.067908370572735112e-03
2.850000000000000089e+00 -1.588199135000000276e-02 3.944414653282698156e-03
2.899999999999999911e+00 -1.130190686836001455e-02 3.623188630201259943e-03
2.950000000000000178e+00 -5.663076974353555698e-03 3.243099438212350243e-03
3.000000000000000000e+00 3.535094406568001181e-04 2.995480534715608614e-03
3.049999999999999822e+00 5.341996468535998091e-03 3.020721470451693310e-03
3.100000000000000089e+00 9.504883837799999943e-03 3.310088160704959415e-03
3.149999999999999911e+00 1.239845472667998848e-02 3.677723704198618618e-03
3.200000000000000178e+00 1.371813575640000275e-02 3.914314373683555788e-03
3.250000000000000000e+00 1.245442286691998170e-02 3.899278036486158658e-03
3.299999999999999822e+00 9.821170033001588168e-03 3.553777278821620457e-03
3.350000000000000089e+00 6.327906246548002829e-03 2.921076305697068668e-03
3.399999999999999911e+00 2.561920326443607471e-03 2.199839693833811026e-03
3.450000000000000178e+00 -1.548771438386396197e-03 1.871937520113718320e-03
3.500000000000000000e+00 -4.483634521488399569e-03 2.308581995368474797e-03
3.549999999999999822e+00 -5.655907037556401513e-03 3.012199701910161630e-03
3.600000000000000089e+00 -4.778653968738852918e-03 3.506927294707490577e-03
3.649999999999999911e+00 -1.933393561467080341e-03 3.606062718946156237e-03
3.700000000000000178e+00 2.697046699722246543e-03 3.235157213450425527e-03
3.750000000000000000e+00 8.154653249200003937e-03 2.524643740275750448e-03
3.799999999999999822e+00 1.319019237719998815e-02 1.811269780254445155e-03
3.850000000000000089e+00 1.706621133600002768e-02 1.692860232808360505e-03
3.899999999999999911e+00 1.808822358400002592e-02 2.236799663920741987e-03
3.950000000000000178e+00 1.559853746199998774e-02 2.817818645327953980e-03
4.000000000000000000e+00 9.735112711432018090e-03 3.134144945497270053e-03
4.049999999999999822e+00 1.482041855139197648e-03 3.163324994224060629e-03
4.099999999999999645e+00 -8.087371485251010697e-03 2.967510793344489521e-03
4.150000000000000355e+00 -1.710412041639996356e-02 2.719472602763945649e-03
4.200000000000000178e+00 -2.384030747999999963e-02 2.587453001218065554e-03
4.250000000000000000e+00 -2.743620139600002478e-02 2.615830319076866035e-03
4.299999999999999822e+00 -2.742006822399997712e-02 2.728806616285039781e-03
4.349999999999999645e+00 -2.433605491999998871e-02 2.816396220602384540e-03
4.400000000000000355e+00 -1.949474194800003557e-02 2.845926554280231880e-03
4.450000000000000178e+00 -1.474399517400000470e-02 2.863170879329247388e-03
4.500000000000000000e+00 -1.131026284080001443e-02 3.007462402287902018e-03
4.549999999999999822e+00 -1.006281294267998179e-02 3.330999332391014305e-03
4.599999999999999645e+00 -1.095858414546801995e-02 3.714161140398724876e-03
4.650000000000000355e+00 -1.312853611799997752e-02 3.975761170686451483e-03
4.700000000000000178e+00 -1.493930339879995586e-02 3.983957597267591931e-03
4.750000000000000000e+00 -1.457786159920004473e-02 3.835752935097947857e-03
4.799999999999999822e+00 -1.057947420733200763e-02 4.002756959700634609e-03
4.849999999999999645e+00 -2.620198964207997097e-03 4.983288716464036316e-03
4.900000000000000355e+00 9.097429508053110625e-03 6.667408861595536772e-03
4.950000000000000178e+00 2.312956688489995957e-02 8.546983375573915034e-03
5.000000000000000000e+00 3.729593655240001637e-02 1.012259847078109815e-02
5.049999999999999822e+00 4.912418852799996932e-02 1.100515989201547758e-02
5.099999999999999645e+00 5.681194290000005087e-02 1.098893667404485762e-02
5.150000000000000355e+00 5.916883509200000779e-02 1.001256650539692969e-02
5.200000000000000178e+00 5.603074386799999917e-02 8.261776955358542465e-03
5.250000000000000000e+00 4.814329562000004004e-02 6.361508345729153732e-03
5.299999999999999822e+00 3.698876608800003019e-02 5.699536183623490383e-03
5.349999999999999645e+00 2.420678112280001681e-02 7.236731552319365310e-03
5.400000000000000355e+00 1.123471269946717602e-02 9.798210247898633818e-03
5.450000000000000178e+00 -1.027398084303401396e-03 1.213687659414196957e-02
5.500000000000000000e+00 -1.197371504508360981e-02 1.365699317003933426e-02
5.549999999999999822e+00 -2.150310113821202532e-02 1.407721667122442330e-02
5.599999999999999645e+00 -2.963008973815996205e-02 1.338245558816707030e-02
5.650000000000000355e+00 -3.612752145375996982e-02 1.178987430174068679e-02
5.700000000000000178e+00 -4.066278032240010221e-02 9.932492793995603003e-03
5.750000000000000000e+00 -4.275716519199999205e-02 8.676536169198181825e-03
5.799999999999999822e+00 -4.200208763159993947e-02 8.637426703205578968e-03
5.849999999999999645e+00 -3.819285877600003820e-02 9.370371727551495347e-03
5.900000000000000355e+00 -3.204584513519997957e-02 9.947612593164888509e-03
5.950000000000000178e+00 -2.467745809407998620e-02 9.771942562208214486e-03
6.000000000000000000e+00 -1.755154485226882027e-02 8.768433252753907170e-03
6.049999999999999822e+00 -1.202652728393917812e-02 7.289978341586661643e-03
6.099999999999999645e+00 -9.071624828792809042e-03 6.114913622709544118e-03
6.150000000000000355e+00 -8.708131445205184382e-03 5.854766164998747267e-03
6.200000000000000178e+00 -1.004563112963199716e-02 6.282526477628575662e-03
6.250000000000000000e+00 -1.151996683326140039e-02 6.784657210045286213e-03
6.299999999999999822e+00 -1.137332231621517899e-02 7.169304457396706055e-03
6.349999999999999645e+00 -8.224542575878393200e-03 7.642180451543696684e-03
6.400000000000000355e+00 -1.538262157456001889e-03 8.407089579681914851e-03
6.450000000000000178e+00 8.169348796173200172e-03 9.392096319096222487e-03
6.500000000000000000e+00 1.946107770273560952e-02 1.035035464428406098e-02
6.549999999999999822e+00 3.044716192537603658e-02 1.102595716491507928e-02
6.599999999999999645e+00 3.909300556080003153e-02 1.131461960130308170e-02
6.650000000000000355e+00 4.412234815720003644e-02 1.122616683241841988e-02
6.700000000000000178e+00 4.515485966200004364e-02 1.104537587653652876e-02
6.750000000000000000e+00 4.266798427963994916e-02 1.147811796367073818e-02
6.799999999999999822e+00 3.768131667984007949e-02 1.319838535464822743e-02
6.849999999999999645e+00 3.130430646802400546e-02 1.591902753185941988e-02
6.900000000000000355e+00 2.433181551395197442e-02 1.848133632702107440e-02
6.950000000000000178e+00 1.704306240590799590e-02 1.962015553834198581e-02
7.000000000000000000e+00 9.270479307544005759e-03 1.847582289224297333e-02
7.049999999999999822e+00 5.984944663736810810e-04 1.491586205643378842e-02
7.099999999999999645e+00 -8.923160301533601332e-03 1.060380883273007169e-02
7.150000000000000355e+00 -1.885478745349198140e-02 1.042289245233678566e-02
7.200000000000000178e+00 -2.819306471236792538e-02 1.573396957053081052e-02
7.250000000000000000e+00 -3.559002232111203173e-02 2.157437437593508547e-02
7.299999999999999822e+00 -3.976721227196797215e-02 2.521360340108686274e-02
7.349999999999999645e+00 -3.996675105912403381e-02 2.564842928921763285e-02
7.400000000000000355e+00 -3.626095960781997030e-02 2.294243851719478949e-02
7.450000000000000178e+00 -2.959339890382397739e-02 1.804216891964768171e-02
7.500000000000000000e+00 -2.152554024615117162e-02 1.264545571471997754e-02
7.549999999999999822e+00 -1.372585030127998831e-02 9.085566544944714135e-03
7.599999999999999645e+00 -7.690300698297271309e-03 8.916732381792948081e-03
7.650000000000000355e+00 -4.017756899827082569e-03 1.006680652882285809e-02
7.700000000000000178e+00 -2.446501166039598534e-03 1.066267414763824063e-02
7.750000000000000000e+00 -2.042690308489203150e-03 1.067893010524735391e-02
7.799999999999999822e+00 -1.590834599194997610e-03 1.078266413294624686e-02
7.849999999999999645e+00 -3.366776409319994113e-05 1.139327566580193053e-02
7.900000000000000355e+00 3.194211402138002337e-03 1.238710837152228426e-02
7.950000000000000178e+00 8.037941925055176393e-03 1.343900178004048436e-02
8.000000000000000000e+00 1.390951476714399199e-02 1.426324883601966763e-02
8.050000000000000711e+00 1.988835215105599560e-02 1.454105781105233947e-02
8.099999999999999645e+00 2.503162381030799369e-02 1.408666798122912289e-02
8.150000000000000355e+00 2.857147998277764084e-02 1.295039661860546490e-02
8.199999999999999289e+00 2.997912466875998772e-02 1.172843645799763468e-02
8.250000000000000000e+00 2.894414082316004028e-02 1.145137508654785891e-02
8.300000000000000711e+00 2.533505531526799442e-02 1.252567870039458624e-02
8.349999999999999645e+00 1.921257811577199021e-02 1.405261759844658558e-02
8.400000000000000355e+00 1.091984699324801203e-02 1.483576652573346394e-02
8.449999999999999289e+00 1.206437984932200560e-03 1.420776793751089839e-02
8.500000000000000000e+00 -8.708645326040006726e-03 1.221200551195501804e-02
8.550000000000000711e+00 -1.722364908002400538e-02 9.723280101311564116e-03
8.599999999999999645e+00 -2.266219214275999594e-02 8.662946053985369488e-03
8.650000000000000355e+00 -2.377574728107600607e-02 1.023503773132432466e-02
8.699999999999999289e+00 -2.021094728413602715e-02 1.287757171125029389e-02
8.750000000000000000e+00 -1.281259176968797299e-02 1.484981420843110161e-02
8.800000000000000711e+00 -3.580048627896806768e-03 1.534138807531750318e-02
8.849999999999999645e+00 4.781314830379989646e-03 1.421142884951192252e-02
8.900000000000000355e+00 9.621875281798784180e-03 1.194576398742427242e-02
8.949999999999999289e+00 9.195547866490809755e-03 9.943453995730327719e-03
9.000000000000000000e+00 3.303433761601208031e-03 1.035805107763772791e-02
9.050000000000000711e+00 -6.559702428266794144e-03 1.329554850112185833e-02
9.099999999999999645e+00 -1.743147376171203661e-02 1.663528756440818546e-02
9.150000000000000355e+00 -2.585742099779558822e-02 1.872481764156302617e-02
9.199999999999999289e+00 -2.894287029317201693e-02 1.872694594935416651e-02
9.250000000000000000e+00 -2.529289079752000333e-02 1.653421822656159224e-02
9.300000000000000711e+00 -1.548845451450411512e-02 1.294557472590292246e-02
9.349999999999999645e+00 -1.926205950383037520e-03 1.021926761118194422e-02
9.400000000000000355e+00 1.193235436829998344e-02 1.129159651354999169e-02
9.449999999999999289e+00 2.265012876769522190e-02 1.491026120135574562e-02
9.500000000000000000e+00 2.787146519825200314e-02 1.815763011294171600e-02
9.550000000000000711e+00 2.698346026256163641e-02 1.976329208126961778e-02
9.599999999999999645e+00 2.118033543098004831e-02 1.955534223715972575e-02
9.650000000000000355e+00 1.295577305742961344e-02 1.798599300665602863e-02
9.699999999999999289e+00 5.138722397543997802e-03 1.570782792671156919e-02
9.750000000000000000e+00 -8.981506106279997818e-05 1.322904521343958376e-02
9.800000000000000711e+00 -1.869329097664001755e-03 1.079861545362076868e-02
9.849999999999999645e+00 -7.988543864559994635e-04 8.609782283531174085e-03
9.900000000000000355e+00 1.474153599729203330e-03 7.071663423617265999e-03
9.949999999999999289e+00 3.027185067849597847e-03 6.641373742118449920e-03
1.000000000000000000e+01 2.483742815744003317e-03 7.214951138317761588e-03
1.005000000000000071e+01 -4.421351158932002230e-04 8.398885465470452144e-03
1.009999999999999964e+01 -4.819432947792014373e-03 1.007548604342367767e-02
1.015000000000000036e+01 -8.973095888292002831e-03 1.214145055927289690e-02
1.019999999999999929e+01 -1.118407380636401299e-02 1.414621368735687577e-02
1.025000000000000000e+01 -1.041823783788640642e-02 1.542799739608210000e-02
1.030000000000000071e+01 -6.774781622779993059e-03 1.545363486365685171e-02
1.034999999999999964e+01 -1.481175267504799718e-03 1.406968723670359335e-02
1.040000000000000036e+01 3.558055247003726138e-03 1.163983187588618975e-02
1.044999999999999929e+01 6.479109025858798866e-03 9.169896179771024752e-03
1.050000000000000000e+01 6.164919401175012956e-03 8.249742965192737379e-03
1.055000000000000071e+01 2.671272509054002219e-03 9.431236216236572878e-03
1.059999999999999964e+01 -2.783416169965602718e-03 1.124472265261012259e-02
1.065000000000000036e+01 -8.253821736987739660e-03 1.233433741276344052e-02
1.069999999999999929e+01 -1.176033817196560187e-02 1.213889759104398031e-02
1.075000000000000000e+01 -1.198074701633839410e-02 1.072379523889943446e-02
1.080000000000000071e+01 -8.692788821256795112e-03 8.821244984628285810e-03
1.084999999999999964e+01 -2.820136883065197352e-03 7.906224855900680082e-03
1.090000000000000036e+01 3.915979730812400167e-03 8.922054313835423370e-03
1.094999999999999929e+01 9.596416686711191357e-03 1.070185994593143147e-02
1.100000000000000000e+01 1.273140302119598992e-02 1.177770109533957804e-02
1.105000000000000071e+01 1.272087978419602500e-02 1.153739386207249841e-02
1.109999999999999964e+01 9.884506700836794349e-03 1.017356207598203895e-02
1.115000000000000036e+01 5.332990249957191356e-03 8.703417662303257127e-03
1.119999999999999929e+01 4.962098402591998440e-04 8.541356348586921429e-03
1.125000000000000000e+01 -3.365825873003995290e-03 9.767630300287752365e-03
1.130000000000000071e+01 -5.523255871332005164e-03 1.098057008497080843e-02
1.134999999999999964e+01 -5.900505173259990889e-03 1.108467695016765453e-02
1.140000000000000036e+01 -4.955855395983996790e-03 9.780731342921362287e-03
1.144999999999999929e+01 -3.398551531904003137e-03 7.510659101204872866e-03
1.150000000000000000e+01 -1.874392513312400079e-03 5.590965631941715794e-03
1.155000000000000071e+01 -7.438830114304002252e-04 5.798400528227835166e-03
1.159999999999999964e+01 -2.332556122760015416e-05 7.459939954943452939e-03
1.165000000000000036e+01 5.151454153376016070e-04 8.849998346997491050e-03
1.169999999999999929e+01 1.152115629252957246e-03 9.399426063554107078e-03
1.175000000000000000e+01 2.034269394305199610e-03 9.261722236297380978e-03
1.180000000000000071e+01 3.075093076421195858e-03 8.842108041408568847e-03
1.184999999999999964e+01 3.979320951853188883e-03 8.450575747747008509e-03
1.190000000000000036e+01 4.371234151010802704e-03 8.210646234899074414e-03
1.194999999999999929e+01 3.964393241731200244e-03 8.234297341387950692e-03
1.200000000000000000e+01 2.697643813467599273e-03 8.614354866256893756e-03
1.205000000000000071e+01 7.444704528884002904e-04 9.126728230195488289e-03
1.209999999999999964e+01 -1.445337265700000510e-03 9.161373221538975098e-03
1.215000000000000036e+01 -3.351149441822799148e-03 8.235900464538451968e-03
1.219999999999999929e+01 -4.534499562157189717e-03 6.560143462860161707e-03
1.225000000000000000e+01 -4.766690658356392482e-03 5.862755828599915987e-03
1.230000000000000071e+01 -4.078830787717195594e-03 7.990374852308657419e-03
1.234999999999999964e+01 -2.726917504617836809e-03 1.126933476915487585e-02
1.240000000000000036e+01 -1.096038925540001761e-03 1.377930352037543341e-02
1.244999999999999929e+01 4.150241678239988954e-04 1.460236676860965886e-02
1.250000000000000000e+01 1.489238697344800978e-03 1.354649956734189573e-02
1.255000000000000071e+01 1.943933343011162778e-03 1.106606964022811487e-02
1.259999999999999964e+01 1.739483189268800720e-03 8.237663049463939124e-03
1.265000000000000036e+01 9.591722965012011931e-04 6.649429715729144458e-03
1.269999999999999929e+01 -2.203922750724001604e-04 6.993271465602305531e-03
1.275000000000000000e+01 -1.556198556228004150e-03 7.865780730848878979e-03
1.280000000000000071e+01 -2.763457202374401504e-03 8.096335854651160249e-03
1.284999999999999964e+01 -3.547507686450406157e-03 7.528299323256828005e-03
1.290000000000000036e+01 -3.652314700309607868e-03 6.579190673617734894e-03
1.294999999999999929e+01 -2.924586072432000354e-03 5.858249000180873814e-03
1.300000000000000000e+01 -1.377651608642443222e-03 5.698228189963902741e-03
1.305000000000000071e+01 7.848932411867999646e-04 5.896251781851840137e-03
1.309999999999999964e+01 3.141974885671598196e-03 6.043892816389533594e-03
1.315000000000000036e+01 5.182632301132411926e-03 5.978446053291690612e-03
1.319999999999999929e+01 6.420817022911201252e-03 5.778280081417895217e-03
1.325000000000000000e+01 6.538084629586381723e-03 5.638834604778419739e-03
1.330000000000000071e+01 5.491670992899207876e-03 5.702059788827189106e-03
1.334999999999999964e+01 3.545329355479199737e-03 5.916090312784504611e-03
1.340000000000000036e+01 1.203906393854398994e-03 6.060462756126093996e-03
1.344999999999999929e+01 -9.335852455722410499e-04 5.897629798779824989e-03
1.350000000000000000e+01 -2.356501292867999378e-03 5.314328475311001602e-03
1.355000000000000071e+01 -2.799019798909998299e-03 4.436211507692165018e-03
1.359999999999999964e+01 -2.315603592653593581e-03 3.742481149507068811e-03
1.365000000000000036e+01 -1.248375531120396714e-03 3.859384751000876062e-03
1.369999999999999929e+01 -9.815067086403999317e-05 4.648256081087679022e-03
1.375000000000000000e+01 6.540021567292004633e-04 5.421182557724458714e-03
1.380000000000000071e+01 7.099923512883995211e-04 5.785516838355198727e-03
1.384999999999999964e+01 4.462565614560050651e-05 5.732150566453610673e-03
1.390000000000000036e+01 -1.107424580225681602e-03 5.493736904948712252e-03
1.394999999999999929e+01 -2.357890027500804658e-03 5.314962622940009804e-03
1.400000000000000000e+01 -3.319836171941595564e-03 5.248080472676413220e-03
1.405000000000000071e+01 -3.767552150618802553e-03 5.246421534671305738e-03
1.409999999999999964e+01 -3.657358104244004798e-03 5.340735710113163684e-03
1.415000000000000036e+01 -3.160472769679917131e-03 5.655331104142606417e-03
1.419999999999999929e+01 -2.551634208424801830e-03 6.089218840432598055e-03
1.425000000000000000e+01 -2.072076562449598133e-03 6.277369798920094668e-03
1.430000000000000071e+01 -1.812776016645599496e-03 5.902353629735632504e-03
1.434999999999999964e+01 -1.667818715518596361e-03 5.019008080177517553e-03
1.440000000000000036e+01 -1.378716593902800736e-03 4.323956183575328877e-03
1.444999999999999929e+01 -6.530752754900007433e-04 4.820154231466846663e-03
1.450000000000000000e+01 6.899182617391998434e-04 6.210884176348573614e-03
1.455000000000000071e+01 2.606929577224397637e-03 7.467510205634392446e-03
1.459999999999999964e+01 4.799190647497211283e-03 8.027435898449003862e-03
1.465000000000000036e+01 6.780246843761604178e-03 7.797408943140549629e-03
1.469999999999999929e+01 8.022485738914795009e-03 6.996369105201846912e-03
1.475000000000000000e+01 8.131419749521218501e-03 5.989462325327509808e-03
1.480000000000000071e+01 6.984950209602798846e-03 5.109435495110265998e-03
1.484999999999999964e+01 4.786558327631591780e-03 4.533890548179889124e-03
1.490000000000000036e+01 2.012061716745595918e-03 4.287597087889520944e-03
1.494999999999999929e+01 -7.323495441212002225e-04 4.295300496658605027e-03
1.500000000000000000e+01 -2.891805134042793254e-03 4.395811562452294277e-03
1.505000000000000071e+01 -4.116219829408802010e-03 4.418791493535437383e-03
1.509999999999999964e+01 -4.349706120403194418e-03 4.304159842742480944e-03
1.515000000000000036e+01 -3.825200491716795707e-03 4.186852847721409150e-03
1.519999999999999929e+01 -2.954800740738804977e-03 4.265741024636551457e-03
1.525000000000000000e+01 -2.174651206584356927e-03 4.533901297267887293e-03
1.530000000000000071e+01 -1.795958420763198431e-03 4.758758190690890247e-03
1.534999999999999964e+01 -1.912496044457998989e-03 4.734113877053254538e-03
1.540000000000000036e+01 -2.392130799284404412e-03 4.437473761097317920e-03
1.544999999999999929e+01 -2.948821489289202378e-03 4.016922813020507715e-03
1.550000000000000000e+01 -3.263696684949592662e-03 3.675911541459347866e-03
1.555000000000000071e+01 -3.108815836120003111e-03 3.528328250434412203e-03
1.559999999999999964e+01 -2.429505463406285773e-03 3.552487176416341610e-03
1.565000000000000036e+01 -1.358757361434996883e-03 3.670224071380496274e-03
1.569999999999999929e+01 -1.628389482603998645e-04 3.797456830235391122e-03
1.575000000000000000e+01 8.585368933027183848e-04 3.847202506019831592e-03
1.580000000000000071e+01 1.479718499217203692e-03 3.780393475421950020e-03
1.584999999999999964e+01 1.626157684406716883e-03 3.688188540022159598e-03
1.590000000000000036e+01 1.395596686582802580e-03 3.774659998015511466e-03
1.594999999999999929e+01 1.018545151316401940e-03 4.134220458701552518e-03
1.600000000000000000e+01 7.739899678180806606e-04 4.585923173709007677e-03
1.605000000000000071e+01 9.154021841031949845e-04 4.841440654972500521e-03
1.610000000000000142e+01 1.500015652855997937e-03 4.724859741389835464e-03
1.614999999999999858e+01 2.447588438270686777e-03 4.278661103291442683e-03
1.619999999999999929e+01 3.535408011271591166e-03 3.801847176137737334e-03
1.625000000000000000e+01 4.463922672996794086e-03 3.736821326994355184e-03
1.630000000000000071e+01 4.944638025990400268e-03 4.190315339230822264e-03
1.635000000000000142e+01 4.782606553631089767e-03 4.769273382511266673e-03
1.639999999999999858e+01 3.929412380773757325e-03 5.063895221892081647e-03
1.644999999999999929e+01 2.493161419868003027e-03 4.901905770196634572e-03
1.650000000000000000e+01 7.056950882151987077e-04 4.382683070627187323e-03
1.655000000000000071e+01 -1.140379255997999884e-03 3.882729194817735856e-03
1.660000000000000142e+01 -2.764766968676399175e-03 3.872714230410167699e-03
1.664999999999999858e+01 -3.961700200984396951e-03 4.365887592429576469e-03
1.669999999999999929e+01 -4.635573749794790963e-03 4.903919301303143533e-03
1.675000000000000000e+01 -4.803525296828003478e-03 5.113278123986436316e-03
1.680000000000000071e+01 -4.568599475186798341e-03 4.892628589792748922e-03
1.685000000000000142e+01 -4.075099670376007739e-03 4.373893927743940056e-03
1.689999999999999858e+01 -3.461462031705936273e-03 3.831462719714581223e-03
1.694999999999999929e+01 -2.824805151185197719e-03 3.512833873203616546e-03
1.700000000000000000e+01 -2.206049854093597787e-03 3.434948723132182340e-03
1.705000000000000071e+01 -1.610854640753325070e-03 3.408098029771606217e-03
1.710000000000000142e+01 -9.848782639639997588e-04 3.310861824378977421e-03
1.714999999999999858e+01 -2.888226404489995999e-04 3.166464298806149005e-03
1.719999999999999929e+01 4.808406951100004947e-04 3.083763263698198476e-03
1.725000000000000000e+01 1.279764535770839444e-03 3.140799332186788601e-03
1.730000000000000071e+01 2.023864453732797646e-03 3.315111788252358277e-03
1.735000000000000142e+01 2.614144153217203784e-03 3.514062463810406836e-03
1.739999999999999858e+01 2.968904031162201366e-03 3.639437901703210070e-03
1.744999999999999929e+01 3.051632323534193229e-03 3.626945681804205016e-03
1.750000000000000000e+01 2.884542758758000362e-03 3.468682671612149850e-03
1.755000000000000071e+01 2.542803974443924152e-03 3.223242480511194497e-03
1.760000000000000142e+01 2.131226597397204141e-03 2.995281504516948863e-03
1.764999999999999858e+01 1.751220722621999945e-03 2.871241153849533011e-03
1.769999999999999929e+01 1.469147723088399561e-03 2.856437500607670200e-03
1.775000000000000000e+01 1.296662616921198446e-03 2.897649548344412383e-03
1.780000000000000071e+01 1.189509127833803491e-03 2.959439783598624696e-03
1.785000000000000142e+01 1.064964962191602494e-03 3.048454276921662605e-03
1.789999999999999858e+01 8.319321917964008807e-04 3.175050714154623466e-03
1.794999999999999929e+01 4.236439140673606166e-04 3.317861345847678261e-03
1.800000000000000000e+01 -1.775803178916001324e-04 3.433636257628463594e-03
1.805000000000000071e+01 -9.431837601465992019e-04 3.487285958334622286e-03
1.810000000000000142e+01 -1.768363581922804875e-03 3.463894674221077320e-03
1.814999999999999858e+01 -2.533278178955597655e-03 3.365534081911054649e-03
1.819999999999999929e+01 -3.120744900902005722e-03 3.209816157603379450e-03
1.825000000000000000e+01 -3.443338951981244917e-03 3.041179535389268267e-03
1.830000000000000071e+01 -3.460485166989202103e-03 2.932682568488568110e-03
1.835000000000000142e+01 -3.181958139963998646e-03 2.944141649093239173e-03
1.839999999999999858e+01 -2.658845904783997249e-03 3.057177549312594875e-03
1.844999999999999929e+01 -1.966720016271602048e-03 3.176262306191155339e-03
1.850000000000000000e+01 -1.187331035665197812e-03 3.203289500871003750e-03
1.855000000000000071e+01 -3.943264215943998721e-04 3.104665925428444755e-03
1.860000000000000142e+01 3.540989697371604286e-04 2.935838041720581493e-03
1.864999999999999858e+01 1.015858128763958389e-03 2.817340564537129926e-03
1.869999999999999929e+01 1.561604032381159676e-03 2.846093543783986650e-03
1.875000000000000000e+01 1.970885272025602042e-03 2.998344320637572058e-03
1.880000000000000071e+01 2.230563125571118684e-03 3.155797111713481897e-03
1.885000000000000142e+01 2.336299376626362057e-03 3.211924094510833737e-03
1.889999999999999858e+01 2.295842412911439177e-03 3.129984676816128034e-03
1.894999999999999929e+01 2.131540660055996315e-03 2.941344492228986987e-03
1.900000000000000000e+01 1.879533004269801164e-03 2.714423454150062705e-03
1.905000000000000071e+01 1.587539758433518036e-03 2.517334517368034676e-03
1.910000000000000142e+01 1.295465075281200095e-03 2.392279810151026320e-03
1.914999999999999858e+01 1.033763477090238452e-03 2.360563797431037419e-03
1.919999999999999929e+01 8.128813250474713594e-04 2.424448151310945165e-03
1.925000000000000000e+01 6.201052782441203708e-04 2.550434802932197154e-03
1.930000000000000071e+01 4.231342664446047469e-04 2.672381548930873995e-03
1.935000000000000142e+01 1.800039727757636729e-04 2.733926518216150785e-03
1.939999999999999858e+01 -1.470105144591997046e-04 2.733266570711746779e-03
1.944999999999999929e+01 -5.772030708439994861e-04 2.728910043018878146e-03
1.950000000000000000e+01 -1.100886171756802930e-03 2.786421005566120778e-03
1.955000000000000071e+01 -1.675561200716240611e-03 2.902759076497780314e-03
1.960000000000000142e+01 -2.230238258373799624e-03 3.000744965621781387e-03
1.964999999999999858e+01 -2.677362647198802334e-03 3.000229735156241962e-03
1.969999999999999929e+01 -2.929996308135186453e-03 2.881718101764911728e-03
1.975000000000000000e+01 -2.920638009634399755e-03 2.703324384371328607e-03
1.980000000000000071e+01 -2.617566334555723392e-03 2.572092227589002113e-03
1.985000000000000142e+01 -2.034926867387519718e-03 2.571196604071429147e-03
1.989999999999999858e+01 -1.233908666318399034e-03 2.690336634775906954e-03
1.994999999999999929e+01 -3.141111859028006964e-04 2.843820811369863599e-03
2.000000000000000000e+01 6.036816904273599330e-04 2.943851566144410799e-03
