# # k	<chi>	std
0.000000000000000000e+00 9.305095407900046411e-03 3.312985063557658538e-01
5.000000000000000278e-02 1.614432954800013639e-03 3.247963707345302153e-01
1.000000000000000056e-01 -7.491753886000001965e-03 3.174161879588243695e-01
1.499999999999999944e-01 -3.521274050962014401e-02 2.948959940275758251e-01
2.000000000000000111e-01 -6.367447573131995719e-02 2.719405085639390318e-01
2.500000000000000000e-01 -1.118253752557600567e-01 2.330030499655661447e-01
2.999999999999999889e-01 -1.610504192512658139e-01 1.941352905297840103e-01
3.499999999999999778e-01 -2.293158385073151284e-01 1.431654238317730254e-01
4.000000000000000222e-01 -2.970017595416198919e-01 1.051749302657067758e-01
4.500000000000000111e-01 -3.787594393915995061e-01 1.036437343963949181e-01
5.000000000000000000e-01 -4.546646969562005980e-01 1.510521001120241347e-01
5.500000000000000444e-01 -5.337603164220005025e-01 2.242290526560793695e-01
5.999999999999999778e-01 -5.978076129560010443e-01 2.948633611744298499e-01
6.500000000000000222e-01 -6.492055537979987134e-01 3.618305275914001085e-01
6.999999999999999556e-01 -6.750404995782000039e-01 4.106836252787888775e-01
7.500000000000000000e-01 -6.725732546973997028e-01 4.393393307480127352e-01
8.000000000000000444e-01 -6.388671050938018459e-01 4.421311576040881097e-01
8.499999999999999778e-01 -5.703542969842817500e-01 4.159869766603684349e-01
9.000000000000000222e-01 -4.770670811160798719e-01 3.654844596971464910e-01
9.499999999999999556e-01 -3.595402926242365349e-01 2.902057934261671468e-01
1.000000000000000000e+00 -2.383902220832842533e-01 2.037428007317992895e-01
1.050000000000000044e+00 -1.192398556923160019e-01 1.116194626831511355e-01
1.100000000000000089e+00 -2.399050309511003773e-02 4.795794912253598802e-02
1.149999999999999911e+00 4.115163247902707544e-02 7.938661492897841621e-02
1.199999999999999956e+00 6.596510598531200864e-02 1.259049418026463862e-01
1.250000000000000000e+00 5.118608606623990115e-02 1.508479253239325968e-01
1.300000000000000044e+00 5.681465333600000181e-03 1.503997118550053913e-01
1.350000000000000089e+00 -5.999612051135994745e-02 1.282170558634591340e-01
1.399999999999999911e+00 -1.239217478817257190e-01 9.381670565962847708e-02
1.449999999999999956e+00 -1.724988297808001114e-01 5.650297660765086355e-02
1.500000000000000000e+00 -1.881908515760003231e-01 3.105162622952658755e-02
1.550000000000000044e+00 -1.663205080260009572e-01 2.605974275087084846e-02
1.600000000000000089e+00 -1.088274347917997376e-01 2.648266298791674550e-02
1.649999999999999911e+00 -2.504088131429361638e-02 2.497162486798670464e-02
1.699999999999999956e+00 6.537627760042784286e-02 3.262580744157936308e-02
1.750000000000000000e+00 1.480230633440002275e-01 4.880228078912374895e-02
1.800000000000000044e+00 2.032982520579999786e-01 6.060661637226737175e-02
1.850000000000000089e+00 2.269406518400001460e-01 6.256543338222629591e-02
1.899999999999999911e+00 2.152203556000000795e-01 5.205180196179867019e-02
1.949999999999999956e+00 1.787567176160002047e-01 3.310824125113496358e-02
2.000000000000000000e+00 1.279725274079999697e-01 1.648811275712655511e-02
2.049999999999999822e+00 7.701851494400008269e-02 2.438927970296867268e-02
2.100000000000000089e+00 3.755883432832950175e-02 3.552479692091627117e-02
2.149999999999999911e+00 1.528603161477600988e-02 3.659448032579533383e-02
2.200000000000000178e+00 8.283402003104000169e-03 2.904812276412811062e-02
2.250000000000000000e+00 7.274849038647988354e-03 2.141315234807020934e-02
2.299999999999999822e+00 7.313751383194011524e-03 1.479153967853644690e-02
2.350000000000000089e+00 4.920364144765002057e-03 1.063999708696735519e-02
2.399999999999999911e+00 -7.233305100723989248e-04 8.975915012326201800e-03
2.450000000000000178e+00 -4.678471649666013712e-03 7.642094498707912957e-03
2.500000000000000000e+00 -8.718908276598593896e-03 7.088273619313783386e-03
2.549999999999999822e+00 -1.196818087600197943e-02 6.950175434786474461e-03
2.600000000000000089e+00 -1.361777041326875035e-02 6.875020891154510344e-03
2.649999999999999911e+00 -1.511024025645257667e-02 6.964937817622418592e-03
2.700000000000000178e+00 -1.514003270204313488e-02 7.007607553565978545e-03
2.750000000000000000e+00 -1.381219311929797293e-02 6.930301894998951509e-03
2.799999999999999822e+00 -1.152647930416880045e-02 6.703460840638757884e-03
2.850000000000000089e+00 -9.695594403420014495e-03 6.537405480595920304e-03
2.899999999999999911e+00 -7.441795076574059774e-03 6.039595116519864970e-03
2.950000000000000178e+00 -5.193045110175762910e-03 5.332603402695292906e-03
3.000000000000000000e+00 -3.268029191166998883e-03 4.683001482943768314e-03
3.049999999999999822e+00 -1.633890988020258528e-03 4.097567069196860791e-03
3.100000000000000089e+00 -5.354796267490005181e-04 4.568026312086334410e-03
3.149999999999999911e+00 2.547188559091235745e-05 5.567009062061508209e-03
3.200000000000000178e+00 1.706615195689591027e-04 6.361165389133269232e-03
3.250000000000000000e+00 -1.225883793968000543e-04 6.586362932200678748e-03
3.299999999999999822e+00 -3.236466286922402196e-04 5.940223873110259123e-03
3.350000000000000089e+00 -1.660458445409998779e-04 4.701105209274305911e-03
3.399999999999999911e+00 4.855315658993038003e-04 3.669735005427948813e-03
3.450000000000000178e+00 1.704119319852996986e-03 3.875185245265826053e-03
3.500000000000000000e+00 3.458424244795122414e-03 4.987692364180996291e-03
3.549999999999999822e+00 5.442834569837807709e-03 5.870096432599177828e-03
3.600000000000000089e+00 7.274506449014603304e-03 6.050861637419416988e-03
3.649999999999999911e+00 8.828620936491008570e-03 5.600360462317178871e-03
3.700000000000000178e+00 9.499982226985824799e-03 5.150638786322425493e-03
3.750000000000000000e+00 9.004244971386408600e-03 5.444826212500603752e-03
3.799999999999999822e+00 7.196543268640984148e-03 6.346026171183015083e-03
3.850000000000000089e+00 4.234575016644859941e-03 7.014431430338565789e-03
3.899999999999999911e+00 -1.365076096859983792e-05 6.819637857308912150e-03
3.950000000000000178e+00 -5.128041162698953985e-03 5.657106876015532970e-03
4.000000000000000000e+00 -1.045252642832799478e-02 4.193104143151206616e-03
4.049999999999999822e+00 -1.542427244894002507e-02 4.181604092145027075e-03
4.099999999999999645e+00 -1.917366350299996164e-02 6.008998397295058601e-03
4.150000000000000355e+00 -2.088865609560004721e-02 7.705295242572347651e-03
4.200000000000000178e+00 -2.007269644619998766e-02 8.141634394608656539e-03
4.250000000000000000e+00 -1.717454757437996207e-02 7.199048540429475035e-03
4.299999999999999822e+00 -1.216675152039996786e-02 5.127182553623264513e-03
4.349999999999999645e+00 -5.835899195224781080e-03 4.123277005066219858e-03
4.400000000000000355e+00 8.027014011043998682e-04 6.411642651892830898e-03
4.450000000000000178e+00 6.554131351493121434e-03 9.408240452361429570e-03
4.500000000000000000e+00 1.112630072614199071e-02 1.148342087602890679e-02
4.549999999999999822e+00 1.433915895164420903e-02 1.204608161039884273e-02
4.599999999999999645e+00 1.645250392799338379e-02 1.111790109254126753e-02
4.650000000000000355e+00 1.791115947863800711e-02 9.312984720050257112e-03
4.700000000000000178e+00 1.937374696891602452e-02 7.336414823428488025e-03
4.750000000000000000e+00 2.108134490278773532e-02 6.081704326565932558e-03
4.799999999999999822e+00 2.282475404600002589e-02 5.966478985837994457e-03
4.849999999999999645e+00 2.398980755719995819e-02 6.615349418253729796e-03
4.900000000000000355e+00 2.379274806500010497e-02 7.716694743679566350e-03
4.950000000000000178e+00 2.150110321480006373e-02 9.419841585585011015e-03
5.000000000000000000e+00 1.681669528130120758e-02 1.180793738692388108e-02
5.049999999999999822e+00 1.013089779592724754e-02 1.451008242385273816e-02
5.099999999999999645e+00 2.366426704237999546e-03 1.681932535332832102e-02
5.150000000000000355e+00 -5.195241358922821767e-03 1.796877122049709424e-02
5.200000000000000178e+00 -1.131804676700803695e-02 1.741923911124371865e-02
5.250000000000000000e+00 -1.521600251234704083e-02 1.512879384997163623e-02
5.299999999999999822e+00 -1.685763012526523413e-02 1.181464555285927781e-02
5.349999999999999645e+00 -1.695372046732058005e-02 9.236977283751781134e-03
5.400000000000000355e+00 -1.670873788459003445e-02 9.376645338377719366e-03
5.450000000000000178e+00 -1.726036410239118607e-02 1.122724948454467686e-02
5.500000000000000000e+00 -1.948178767517539864e-02 1.257870926425453881e-02
5.549999999999999822e+00 -2.341485482174659669e-02 1.255995520483752306e-02
5.599999999999999645e+00 -2.825457039899994735e-02 1.142674318195129393e-02
5.650000000000000355e+00 -3.243736693119992492e-02 1.006045158456022985e-02
5.700000000000000178e+00 -3.451523698019998143e-02 9.469764854915112967e-03
5.750000000000000000e+00 -3.326656556160000056e-02 9.905879731161394697e-03
5.799999999999999822e+00 -2.821377736083999915e-02 1.085153371883516848e-02
5.849999999999999645e+00 -1.965456721174687824e-02 1.173811188530960760e-02
5.900000000000000355e+00 -8.884971042914613024e-03 1.229168162559979641e-02
5.950000000000000178e+00 2.590816876202873837e-03 1.232775339285285647e-02
6.000000000000000000e+00 1.337195617649260607e-02 1.177274701897335595e-02
6.049999999999999822e+00 2.250661940111198245e-02 1.069053395115986647e-02
6.099999999999999645e+00 2.953628536852007797e-02 9.419481452619289652e-03
6.150000000000000355e+00 3.460448634859990269e-02 8.316065147945276778e-03
6.200000000000000178e+00 3.806558506999997704e-02 7.628141499992739660e-03
6.250000000000000000e+00 4.016979771200004240e-02 7.433143643040561466e-03
6.299999999999999822e+00 4.086008590000005103e-02 7.733208360966748775e-03
6.349999999999999645e+00 3.976614992599998566e-02 8.543042028927813961e-03
6.400000000000000355e+00 3.639114630679991108e-02 9.853194180953388573e-03
6.450000000000000178e+00 3.040245363605996454e-02 1.152028098981739031e-02
6.500000000000000000e+00 2.189378530687679375e-02 1.319695875014339180e-02
6.549999999999999822e+00 1.137634581594200098e-02 1.435818640442403787e-02
6.599999999999999645e+00 8.740280674163992329e-05 1.462122757743237154e-02
6.650000000000000355e+00 -1.067278147201553701e-02 1.389459735704895102e-02
6.700000000000000178e+00 -1.975568460766599296e-02 1.251898262305053099e-02
6.750000000000000000e+00 -2.644618565459607579e-02 1.111961243380669290e-02
6.799999999999999822e+00 -3.058059748762791477e-02 1.014915365383619282e-02
6.849999999999999645e+00 -3.246786101739991548e-02 9.585241439353407375e-03
6.900000000000000355e+00 -3.266233258541989537e-02 9.355706750449973089e-03
6.950000000000000178e+00 -3.169418145360007599e-02 9.714129306598267774e-03
7.000000000000000000e+00 -2.987324899155447203e-02 1.060824908064565870e-02
7.049999999999999822e+00 -2.716292032344000407e-02 1.116327547376537964e-02
7.099999999999999645e+00 -2.353606696364599765e-02 1.055378377579162426e-02
7.150000000000000355e+00 -1.891293441632405786e-02 9.045577491179949969e-03
7.200000000000000178e+00 -1.341088913162577674e-02 9.119905382760881349e-03
7.250000000000000000e+00 -7.412443939054587025e-03 1.273763942985374313e-02
7.299999999999999822e+00 -1.485057086142397599e-03 1.762551648079780167e-02
7.349999999999999645e+00 3.814039979169798165e-03 2.132471624558473361e-02
7.400000000000000355e+00 8.156244731909990942e-03 2.256644388464482814e-02
7.450000000000000178e+00 1.157498099901278429e-02 2.110804281425887260e-02
7.500000000000000000e+00 1.443989102165122579e-02 1.759954174993578341e-02
7.549999999999999822e+00 1.720771206304003847e-02 1.335439128957892352e-02
7.599999999999999645e+00 2.031497334380593864e-02 1.021533921473652927e-02
7.650000000000000355e+00 2.376874330851995454e-02 9.515914421714314828e-03
7.700000000000000178e+00 2.709456934589795848e-02 1.053273313621346137e-02
7.750000000000000000e+00 2.943971100460370319e-02 1.178640803808904229e-02
7.799999999999999822e+00 2.985550354789595628e-02 1.268800912049068697e-02
7.849999999999999645e+00 2.765557468912200126e-02 1.323237868519414225e-02
7.900000000000000355e+00 2.270878082456402255e-02 1.355161834767734143e-02
7.950000000000000178e+00 1.554558437925420041e-02 1.372592145369221604e-02
8.000000000000000000e+00 7.227677842100399888e-03 1.381266597431349101e-02
8.050000000000000711e+00 -1.015306303362156900e-03 1.397819261042328697e-02
8.099999999999999645e+00 -8.023530503877209993e-03 1.454472321713341093e-02
8.150000000000000355e+00 -1.321969841925181230e-02 1.546130665531948375e-02
8.199999999999999289e+00 -1.663956119294998648e-02 1.605258945900665118e-02
8.250000000000000000e+00 -1.879860796554417429e-02 1.544780583785967075e-02
8.300000000000000711e+00 -2.038221061351824098e-02 1.334647939190252049e-02
8.349999999999999645e+00 -2.189225963571999820e-02 1.080511239277936845e-02
8.400000000000000355e+00 -2.339843599585603520e-02 1.049277810222823577e-02
8.449999999999999289e+00 -2.449616147148002063e-02 1.306096377144992139e-02
8.500000000000000000e+00 -2.448567294696966934e-02 1.565965164748434058e-02
8.550000000000000711e+00 -2.264888243283861777e-02 1.622258300297367561e-02
8.599999999999999645e+00 -1.871138620677517683e-02 1.459162235198822009e-02
8.650000000000000355e+00 -1.292319136145060610e-02 1.249702783390653493e-02
8.699999999999999289e+00 -6.059605141307408509e-03 1.282595255020338616e-02
8.750000000000000000e+00 8.162476308220010602e-04 1.568887799977394804e-02
8.800000000000000711e+00 6.704784935569987024e-03 1.846710075771076237e-02
8.849999999999999645e+00 1.099242767229737135e-02 1.953898617758349429e-02
8.900000000000000355e+00 1.361518367555778972e-02 1.870169641880284339e-02
8.949999999999999289e+00 1.500042165792178812e-02 1.658060683605026495e-02
9.000000000000000000e+00 1.581680215544336784e-02 1.402779830629847027e-02
9.050000000000000711e+00 1.667513742037237540e-02 1.166493180524872698e-02
9.099999999999999645e+00 1.775944909362972210e-02 9.771083264900174564e-03
9.150000000000000355e+00 1.880904958068598323e-02 8.496967384865567602e-03
9.199999999999999289e+00 1.921030431744801328e-02 8.046386671423058634e-03
9.250000000000000000e+00 1.827724079625595369e-02 8.765553768025837952e-03
9.300000000000000711e+00 1.557715552740018480e-02 1.092704829427070153e-02
9.349999999999999645e+00 1.116302323913938299e-02 1.412422088045129330e-02
9.400000000000000355e+00 5.613492005325180709e-03 1.724583160448422622e-02
9.449999999999999289e+00 -1.387649388400000606e-04 1.900851850074809432e-02
9.500000000000000000e+00 -5.122098318318193261e-03 1.851186095747709912e-02
9.550000000000000711e+00 -8.682509138424970851e-03 1.570357813345410122e-02
9.599999999999999645e+00 -1.061837803749096122e-02 1.173946908314383621e-02
9.650000000000000355e+00 -1.128071568362079731e-02 9.305286009645023781e-03
9.699999999999999289e+00 -1.135919443822496107e-02 1.018440509695497584e-02
9.750000000000000000e+00 -1.156869611020997640e-02 1.179552040101430888e-02
9.800000000000000711e+00 -1.233973837432520392e-02 1.195680505288014388e-02
9.849999999999999645e+00 -1.363663383743395942e-02 1.080286828339087346e-02
9.900000000000000355e+00 -1.497300393715151993e-02 9.910630470598825667e-03
9.949999999999999289e+00 -1.561357329397484658e-02 1.037886569834406587e-02
1.000000000000000000e+01 -1.487723350425717087e-02 1.121280297833701124e-02
1.005000000000000071e+01 -1.240556054764699843e-02 1.126822135232451172e-02
1.009999999999999964e+01 -8.352287958239805118e-03 1.103814524456724934e-02
1.015000000000000036e+01 -3.316725820020398341e-03 1.213650360512398552e-02
1.019999999999999929e+01 1.852861045293999372e-03 1.478845494378669585e-02
1.025000000000000000e+01 6.343574346220910709e-03 1.737083241298770578e-02
1.030000000000000071e+01 9.627586203168819051e-03 1.841822584904797763e-02
1.034999999999999964e+01 1.158397176325798306e-02 1.740061177161454642e-02
1.040000000000000036e+01 1.245657038086058974e-02 1.466953786352484870e-02
1.044999999999999929e+01 1.267983212884305107e-02 1.123216723811541230e-02
1.050000000000000000e+01 1.265518476382074264e-02 8.487140016189782810e-03
1.055000000000000071e+01 1.257395069426579109e-02 7.558880890896121224e-03
1.059999999999999964e+01 1.235611313197978317e-02 8.009535291549914338e-03
1.065000000000000036e+01 1.172089401350858047e-02 8.644504307016758274e-03
1.069999999999999929e+01 1.034889378258241864e-02 9.037228495880785667e-03
1.075000000000000000e+01 8.059899839412005759e-03 9.411970163052615218e-03
1.080000000000000071e+01 4.928791252991393534e-03 1.011782584303204911e-02
1.084999999999999964e+01 1.292724363474801342e-03 1.118016236757278167e-02
1.090000000000000036e+01 -2.348960779307093447e-03 1.222716047066199456e-02
1.094999999999999929e+01 -5.496168142243788857e-03 1.277718829896324314e-02
1.100000000000000000e+01 -7.802436174705215839e-03 1.251434241834326229e-02
1.105000000000000071e+01 -9.189227156100215552e-03 1.142190768195855410e-02
1.109999999999999964e+01 -9.747977904728585136e-03 9.740030581986004743e-03
1.115000000000000036e+01 -9.741525624760017169e-03 7.982659541812726217e-03
1.119999999999999929e+01 -9.441518129773195100e-03 6.833946863228390275e-03
1.125000000000000000e+01 -9.016977514413606135e-03 6.776813793394902315e-03
1.130000000000000071e+01 -8.488945576732404366e-03 7.537080310746380706e-03
1.134999999999999964e+01 -7.762618525471613046e-03 8.436724929776011003e-03
1.140000000000000036e+01 -6.712652451693816406e-03 9.025969472320810941e-03
1.144999999999999929e+01 -5.275361152498006523e-03 9.204125188212607458e-03
1.150000000000000000e+01 -3.502310398739058930e-03 9.154953892130314463e-03
1.155000000000000071e+01 -1.551588064628200807e-03 9.184089783453166372e-03
1.159999999999999964e+01 3.753758148770113033e-04 9.448207463264074804e-03
1.165000000000000036e+01 2.117250429163798457e-03 9.801516567862262122e-03
1.169999999999999929e+01 3.613336658964196556e-03 9.942995354314259834e-03
1.175000000000000000e+01 4.910030653304204261e-03 9.649319258864410762e-03
1.180000000000000071e+01 6.108959332735608774e-03 8.880581196598647323e-03
1.184999999999999964e+01 7.281521990431212739e-03 7.779141497877526366e-03
1.190000000000000036e+01 8.392096212625993132e-03 6.633298879842631189e-03
1.194999999999999929e+01 9.270039762760825738e-03 5.810116105510707528e-03
1.200000000000000000e+01 9.649628703337614216e-03 5.575100604779843760e-03
1.205000000000000071e+01 9.285685793992632178e-03 5.894215629057335259e-03
1.209999999999999964e+01 8.003033896212806766e-03 6.484213363016399882e-03
1.215000000000000036e+01 5.849515884699398385e-03 7.128216994938243491e-03
1.219999999999999929e+01 3.093639944547403424e-03 7.710330833145911250e-03
1.225000000000000000e+01 1.617328463448004382e-04 8.155622607958245771e-03
1.230000000000000071e+01 -2.485911565506199530e-03 8.417372103434694192e-03
1.234999999999999964e+01 -4.493690519677351336e-03 8.498706361594389816e-03
1.240000000000000036e+01 -5.711108046396009760e-03 8.430473952912296773e-03
1.244999999999999929e+01 -6.216746547179609339e-03 8.196304059056873717e-03
1.250000000000000000e+01 -6.258050204411612014e-03 7.707358605691981036e-03
1.255000000000000071e+01 -6.132705336617416680e-03 6.915868528804773770e-03
1.259999999999999964e+01 -6.060235904765816708e-03 6.018191536004431803e-03
1.265000000000000036e+01 -6.095318801121208177e-03 5.554594050107043886e-03
1.269999999999999929e+01 -6.116294433659512364e-03 5.964786738327339070e-03
1.275000000000000000e+01 -5.891040321271807066e-03 6.929373401715423902e-03
1.280000000000000071e+01 -5.190814674609388508e-03 7.843385133080220048e-03
1.284999999999999964e+01 -3.903782478830589067e-03 8.427779240451011358e-03
1.290000000000000036e+01 -2.101208516689823114e-03 8.738641357804471932e-03
1.294999999999999929e+01 -2.975416106476574900e-05 8.926487114054694819e-03
1.300000000000000000e+01 1.965961936911738307e-03 8.996998061912763953e-03
1.305000000000000071e+01 3.578376107508396582e-03 8.817857774186154546e-03
1.309999999999999964e+01 4.580334530705108473e-03 8.233232404761550716e-03
1.315000000000000036e+01 4.939151577513195383e-03 7.304091272613583152e-03
1.319999999999999929e+01 4.796122595288400056e-03 6.290601383379827716e-03
1.325000000000000000e+01 4.396639334821799555e-03 5.501464450903261957e-03
1.330000000000000071e+01 3.989043771233593758e-03 5.081820408889802139e-03
1.334999999999999964e+01 3.733284854443167603e-03 4.979741733892670795e-03
1.340000000000000036e+01 3.653387707462600349e-03 5.144280701063045497e-03
1.344999999999999929e+01 3.647559799679390719e-03 5.596033525249282693e-03
1.350000000000000000e+01 3.545785286861958749e-03 6.282297240509863816e-03
1.355000000000000071e+01 3.187204037502238199e-03 7.013471610646171070e-03
1.359999999999999964e+01 2.485060706435795151e-03 7.556349814846854453e-03
1.365000000000000036e+01 1.456007009492399536e-03 7.730764657393621522e-03
1.369999999999999929e+01 2.077675232493999223e-04 7.459742320227118369e-03
1.375000000000000000e+01 -1.103534089798922403e-03 6.803759553080767318e-03
1.380000000000000071e+01 -2.324907307534142872e-03 5.984275056959101335e-03
1.384999999999999964e+01 -3.345561455808800794e-03 5.338323784062751209e-03
1.390000000000000036e+01 -4.111086251005409940e-03 5.096729030317735665e-03
1.394999999999999929e+01 -4.612923060439999903e-03 5.133561460913941589e-03
1.400000000000000000e+01 -4.863744125693225499e-03 5.125882910779766717e-03
1.405000000000000071e+01 -4.896086574746372037e-03 4.919732561138170229e-03
1.409999999999999964e+01 -4.670897361566771558e-03 4.605372550952084240e-03
1.415000000000000036e+01 -4.165773883260648000e-03 4.484501005067781376e-03
1.419999999999999929e+01 -3.377316175946371186e-03 4.789125330209823006e-03
1.425000000000000000e+01 -2.343615265568341037e-03 5.453214189833098524e-03
1.430000000000000071e+01 -1.151273965847904226e-03 6.228886049473292101e-03
1.434999999999999964e+01 7.874967051380025909e-05 6.869687439057392195e-03
1.440000000000000036e+01 1.221478064185998981e-03 7.176289102795685784e-03
1.444999999999999929e+01 2.181154867296351309e-03 7.020491242755926703e-03
1.450000000000000000e+01 2.912381367263597049e-03 6.396995224083354241e-03
1.455000000000000071e+01 3.419811082001275593e-03 5.469248829652581349e-03
1.459999999999999964e+01 3.737365454418079425e-03 4.566793464241657684e-03
1.465000000000000036e+01 3.897813396534171356e-03 4.059467700003365799e-03
1.469999999999999929e+01 3.908179288158390718e-03 4.046793908090326811e-03
1.475000000000000000e+01 3.743544081918389731e-03 4.268936564535379466e-03
1.480000000000000071e+01 3.362763472191597405e-03 4.464199476653182494e-03
1.484999999999999964e+01 2.738779868879459047e-03 4.561972176701622160e-03
1.490000000000000036e+01 1.888727364405697441e-03 4.626981358451486004e-03
1.494999999999999929e+01 8.884599986543598085e-04 4.759703775601063953e-03
1.500000000000000000e+01 -1.372372371514004469e-04 5.004066126593061277e-03
1.505000000000000071e+01 -1.060784902869701691e-03 5.308455915795440468e-03
1.509999999999999964e+01 -1.754872685499800139e-03 5.500284158853912045e-03
1.515000000000000036e+01 -2.156455432098713411e-03 5.424813074467205523e-03
1.519999999999999929e+01 -2.281122196177799277e-03 5.030344336187831007e-03
1.525000000000000000e+01 -2.213094108165398598e-03 4.428787464246071275e-03
1.530000000000000071e+01 -2.069993042420601326e-03 3.886974877701739051e-03
1.534999999999999964e+01 -1.956520823122462772e-03 3.676805623851457042e-03
1.540000000000000036e+01 -1.925735944025991743e-03 3.813733208290663937e-03
1.544999999999999929e+01 -1.963176926946618491e-03 4.082559049386346069e-03
1.550000000000000000e+01 -1.999229434780437718e-03 4.318347386379741727e-03
1.555000000000000071e+01 -1.943230315285040914e-03 4.486278720979515466e-03
1.559999999999999964e+01 -1.724032591133005301e-03 4.594504839871549166e-03
1.565000000000000036e+01 -1.319821777590038251e-03 4.626153874386673345e-03
1.569999999999999929e+01 -7.654970829093192411e-04 4.554209744746511024e-03
1.575000000000000000e+01 -1.362356653954802370e-04 4.388431654488450344e-03
1.580000000000000071e+01 4.837394742848187871e-04 4.182866704373138303e-03
1.584999999999999964e+01 1.032243904741201191e-03 3.992609105784799585e-03
1.590000000000000036e+01 1.486120146930197021e-03 3.831119586893450956e-03
1.594999999999999929e+01 1.857388535225005990e-03 3.681666870146477980e-03
1.600000000000000000e+01 2.171792505464995460e-03 3.543798963293070658e-03
1.605000000000000071e+01 2.451971962944009525e-03 3.455813445664212419e-03
1.610000000000000142e+01 2.657868907544401037e-03 3.448071760749754459e-03
1.614999999999999858e+01 2.733574223708881614e-03 3.518690217684342439e-03
1.619999999999999929e+01 2.609066183630592665e-03 3.630506199418340706e-03
1.625000000000000000e+01 2.230427508343593886e-03 3.748721652181441662e-03
1.630000000000000071e+01 1.589593350896443234e-03 3.859775940367948625e-03
1.635000000000000142e+01 7.404944038198198837e-04 3.957600779651309145e-03
1.639999999999999858e+01 -2.063119632659469170e-04 4.022456359253508661e-03
1.644999999999999929e+01 -1.109791896089800832e-03 4.018683484060738866e-03
1.650000000000000000e+01 -1.836262935785436734e-03 3.914415169181363445e-03
1.655000000000000071e+01 -2.295183020772843200e-03 3.706770906013063908e-03
1.660000000000000142e+01 -2.460163953201496487e-03 3.434654710810553305e-03
1.664999999999999858e+01 -2.368488419684557696e-03 3.168786449084640827e-03
1.669999999999999929e+01 -2.100827055488997501e-03 2.978881735286798525e-03
1.675000000000000000e+01 -1.750148015554996725e-03 2.898071207189514137e-03
1.680000000000000071e+01 -1.392094154589000859e-03 2.919350798744419374e-03
1.685000000000000142e+01 -1.067292382951518870e-03 3.023850861648198340e-03
1.689999999999999858e+01 -7.802527930462015669e-04 3.198192499993411566e-03
1.694999999999999929e+01 -5.123976160217006033e-04 3.424674715290312171e-03
1.700000000000000000e+01 -2.413833454135995405e-04 3.667704099821081452e-03
1.705000000000000071e+01 3.892549331160089643e-05 3.882468241435197386e-03
1.710000000000000142e+01 3.302294144222005213e-04 3.992470702116958890e-03
1.714999999999999858e+01 6.086614134279999836e-04 3.937778763694806464e-03
1.719999999999999929e+01 8.477887730119983058e-04 3.694627609491062462e-03
1.725000000000000000e+01 1.032129437320920481e-03 3.307644780294909624e-03
1.730000000000000071e+01 1.163919663812282724e-03 2.915338337418209649e-03
1.735000000000000142e+01 1.259804038332039584e-03 2.720580347044015274e-03
1.739999999999999858e+01 1.339253143721138390e-03 2.826573761933026414e-03
1.744999999999999929e+01 1.410586665852196428e-03 3.108907001191645470e-03
1.750000000000000000e+01 1.461668157787247846e-03 3.370998791546108223e-03
1.755000000000000071e+01 1.460211381928600612e-03 3.506437554810195451e-03
1.760000000000000142e+01 1.364271098165876703e-03 3.512278794787001591e-03
1.764999999999999858e+01 1.138915417093650092e-03 3.440215539468939078e-03
1.769999999999999929e+01 7.723275021225960591e-04 3.340780168247473904e-03
1.775000000000000000e+01 2.848020039094003794e-04 3.233280383365452933e-03
1.780000000000000071e+01 -2.729292416545604457e-04 3.115793089903056735e-03
1.785000000000000142e+01 -8.312880327914584731e-04 2.991201228746357115e-03
1.789999999999999858e+01 -1.318839406408515167e-03 2.874965953749321432e-03
1.794999999999999929e+01 -1.678498696992000629e-03 2.780055653788171197e-03
1.800000000000000000e+01 -1.877739947373062608e-03 2.702853672147234858e-03
1.805000000000000071e+01 -1.912839640064582011e-03 2.633281125215509305e-03
1.810000000000000142e+01 -1.795100062710004284e-03 2.568772594047784904e-03
1.814999999999999858e+01 -1.553390647023124727e-03 2.536615890503946067e-03
1.819999999999999929e+01 -1.221865840475895625e-03 2.569741488773715464e-03
1.825000000000000000e+01 -8.347814910363964827e-04 2.667030165487352909e-03
1.830000000000000071e+01 -4.249897775694001095e-04 2.779301868001618145e-03
1.835000000000000142e+01 -2.436977683603988874e-05 2.841592286494535116e-03
1.839999999999999858e+01 3.364222787984197469e-04 2.817696969537800480e-03
1.844999999999999929e+01 6.306821544894001446e-04 2.722051683438024561e-03
1.850000000000000000e+01 8.406897471126613831e-04 2.606901521317569852e-03
1.855000000000000071e+01 9.628587108717236035e-04 2.518839567803568633e-03
1.860000000000000142e+01 1.009915338577177264e-03 2.458679852698191209e-03
1.864999999999999858e+01 1.007807220182603590e-03 2.392107744385133048e-03
1.869999999999999929e+01 9.872487509049983692e-04 2.301515515171481934e-03
1.875000000000000000e+01 9.724274044673373273e-04 2.221472040635734304e-03
1.880000000000000071e+01 9.711492823392596464e-04 2.221112235676502098e-03
1.885000000000000142e+01 9.706686092808592152e-04 2.339386425578935964e-03
1.889999999999999858e+01 9.414919829384991784e-04 2.541600848926442360e-03
1.894999999999999929e+01 8.483262735302030946e-04 2.750226183043420411e-03
1.900000000000000000e+01 6.643616394659210018e-04 2.895498191937895087e-03
1.905000000000000071e+01 3.853377443294405042e-04 2.943000595996845496e-03
1.910000000000000142e+01 2.725593664118000682e-05 2.882464109398301128e-03
1.914999999999999858e+01 -3.670077286221398141e-04 2.739913645452028701e-03
1.919999999999999929e+01 -7.421219983081994449e-04 2.564458811390192376e-03
1.925000000000000000e+01 -1.045393710817418094e-03 2.409281250648440034e-03
1.930000000000000071e+01 -1.240322992391468780e-03 2.309359512350796315e-03
1.935000000000000142e+01 -1.314027628225796851e-03 2.273039853755993121e-03
1.939999999999999858e+01 -1.276563699060402320e-03 2.291567556799427741e-03
1.944999999999999929e+01 -1.153386438402601933e-03 2.347772015028579649e-03
1.950000000000000000e+01 -9.746597431404030627e-04 2.415233380929114777e-03
1.955000000000000071e+01 -7.658752742976001043e-04 2.462197917719572814e-03
1.960000000000000142e+01 -5.431035864273973859e-04 2.466533056965618774e-03
1.964999999999999858e+01 -3.138037681592804103e-04 2.428024433392099533e-03
1.969999999999999929e+01 -8.159545102688014432e-05 2.364346183272824677e-03
1.975000000000000000e+01 1.481508443773258408e-04 2.293290974235966551e-03
1.980000000000000071e+01 3.650230206612012297e-04 2.218940850819249230e-03
1.985000000000000142e+01 5.542350954556735662e-04 2.135851600416432527e-03
1.989999999999999858e+01 7.007909755919396622e-04 2.043566119336749382e-03
1.994999999999999929e+01 7.949181549665195780e-04 1.953456557266477437e-03
2.000000000000000000e+01 8.359363322734426069e-04 1.882944512944793739e-03
