# # k	<chi>	std
0.000000000000000000e+00 5.508668611336033916e-01 1.777199510851182607e-01
5.000000000000000278e-02 5.286767613600000804e-01 1.799418782205479128e-01
1.000000000000000056e-01 5.093516571599988607e-01 1.814783477104165432e-01
1.499999999999999944e-01 4.499808606119996557e-01 1.854444158077728222e-01
2.000000000000000111e-01 3.884477048239998176e-01 1.887367396343331838e-01
2.500000000000000000e-01 2.831377688736397280e-01 1.923183116747489707e-01
2.999999999999999889e-01 1.742797143727077558e-01 1.941161297133560948e-01
3.499999999999999778e-01 2.189184982715199068e-02 1.934491897918096670e-01
4.000000000000000222e-01 -1.310763019284006126e-01 1.898373760881167382e-01
4.500000000000000111e-01 -3.175780110712837501e-01 1.814065651753889175e-01
5.000000000000000000e-01 -4.940110519943994305e-01 1.695536656875136217e-01
5.500000000000000444e-01 -6.817146992976008679e-01 1.518987443445439511e-01
5.999999999999999778e-01 -8.408977235520025406e-01 1.317709713167967700e-01
6.500000000000000222e-01 -9.797921215999984001e-01 1.072646094918792703e-01
6.999999999999999556e-01 -1.069413544400000360e+00 8.389152053015211385e-02
7.500000000000000000e-01 -1.108066327080000635e+00 6.323115966759618178e-02
8.000000000000000444e-01 -1.085691315959998349e+00 5.431419128186904671e-02
8.499999999999999778e-01 -9.981776954399993462e-01 5.929605564705121845e-02
9.000000000000000222e-01 -8.592787059600021093e-01 7.032980860750985552e-02
9.499999999999999556e-01 -6.707184571199992229e-01 8.007652468960811676e-02
1.000000000000000000e+00 -4.658302364000003748e-01 8.403123904645613818e-02
1.050000000000000044e+00 -2.540554368120004902e-01 8.107738392547150785e-02
1.100000000000000089e+00 -7.334443610243195077e-02 7.274302055712600357e-02
1.149999999999999911e+00 6.575412113784012691e-02 6.074409938153442490e-02
1.199999999999999956e+00 1.415726673696000304e-01 4.966708606697371048e-02
1.250000000000000000e+00 1.538236899831998961e-01 4.198512944898675353e-02
1.300000000000000044e+00 1.103748749616799141e-01 3.816584045567103511e-02
1.350000000000000089e+00 2.628201744007458915e-02 3.537599733730285856e-02
1.399999999999999911e+00 -6.758889773507997800e-02 3.129959135339812487e-02
1.449999999999999956e+00 -1.499270425812802288e-01 2.642856141692100438e-02
1.500000000000000000e+00 -1.920234634400002360e-01 2.339421928700139569e-02
1.550000000000000044e+00 -1.842117073400002525e-01 2.368330615364531988e-02
1.600000000000000089e+00 -1.246537396455598828e-01 2.492572203144707843e-02
1.649999999999999911e+00 -2.478629705478004389e-02 2.472816554300161923e-02
1.699999999999999956e+00 8.921306401199989577e-02 2.220208550509417122e-02
1.750000000000000000e+00 1.962975017199996286e-01 1.873490687972058366e-02
1.800000000000000044e+00 2.672900794000007130e-01 1.650744114070778687e-02
1.850000000000000089e+00 2.945723062000007997e-01 1.633874651584209942e-02
1.899999999999999911e+00 2.718287542800004730e-01 1.637254992782375546e-02
1.949999999999999956e+00 2.137538727999998556e-01 1.543887938793034147e-02
2.000000000000000000e+00 1.369291109799999628e-01 1.317811889296058303e-02
2.049999999999999822e+00 6.131266820399999123e-02 1.155217554417160668e-02
2.100000000000000089e+00 7.544962037789197662e-03 1.019105133965431120e-02
2.149999999999999911e+00 -1.639615198525198186e-02 8.707459210432914876e-03
2.200000000000000178e+00 -1.544430453328400621e-02 7.113994854463815028e-03
2.250000000000000000e+00 -8.654310864593608640e-03 7.232763436037620633e-03
2.299999999999999822e+00 -1.493651979235723027e-03 7.681826534222339214e-03
2.350000000000000089e+00 5.323862652716025712e-04 6.755002817459625566e-03
2.399999999999999911e+00 -4.027671176178005373e-03 5.095292611519099645e-03
2.450000000000000178e+00 -7.148576571715603914e-03 4.593384729305351188e-03
2.500000000000000000e+00 -1.143003002279999528e-02 4.553787309155323849e-03
2.549999999999999822e+00 -1.549917997704001148e-02 4.447539076162379708e-03
2.600000000000000089e+00 -1.798121003039997862e-02 3.936996738760485844e-03
2.649999999999999911e+00 -2.007378571000003123e-02 3.296304949824076930e-03
2.700000000000000178e+00 -2.046043870000001028e-02 2.485700833224086057e-03
2.750000000000000000e+00 -1.920638133919995785e-02 1.965422352323253994e-03
2.799999999999999822e+00 -1.683481971919999903e-02 2.035804505610235970e-03
2.850000000000000089e+00 -1.520242075999998950e-02 2.381225395935976548e-03
2.899999999999999911e+00 -1.291840322879998781e-02 2.622704550863687572e-03
2.950000000000000178e+00 -1.041457053480000956e-02 2.650138940609453406e-03
3.000000000000000000e+00 -7.980978559600006642e-03 2.566133454671312708e-03
3.049999999999999822e+00 -4.825830903499999346e-03 2.573582802638505612e-03
3.100000000000000089e+00 -1.928710372971320208e-03 2.711775663780428228e-03
3.149999999999999911e+00 5.086034543251198928e-04 2.841989579898334707e-03
3.200000000000000178e+00 2.384386374210325978e-03 2.815648682874808805e-03
3.250000000000000000e+00 3.493063611488002405e-03 2.539116096752607778e-03
3.299999999999999822e+00 3.814695075971988574e-03 2.202204894412215438e-03
3.350000000000000089e+00 3.591494792371593449e-03 2.099382489316102725e-03
3.399999999999999911e+00 3.098699114197078774e-03 2.371478926682650101e-03
3.450000000000000178e+00 2.577861947533607433e-03 2.829334865464484990e-03
3.500000000000000000e+00 2.454581218970401657e-03 3.141553817125381301e-03
3.549999999999999822e+00 2.898056090764795402e-03 3.128949238873559614e-03
3.600000000000000089e+00 3.950337973891610531e-03 2.769152806062922991e-03
3.649999999999999911e+00 5.686687439820006101e-03 2.247364599608297868e-03
3.700000000000000178e+00 7.612211103599992104e-03 2.131186889157547261e-03
3.750000000000000000e+00 9.261352923440021104e-03 2.747082294328383797e-03
3.799999999999999822e+00 1.007530086583998709e-02 3.536530307096954606e-03
3.850000000000000089e+00 9.601302871092393457e-03 4.011214170982420855e-03
3.899999999999999911e+00 7.096059833708001120e-03 3.811958904492150288e-03
3.950000000000000178e+00 2.498850374464396933e-03 2.926444328201434179e-03
4.000000000000000000e+00 -3.720263659640806082e-03 1.736542435172354522e-03
4.049999999999999822e+00 -1.096372348600000400e-02 1.658620757508592501e-03
4.099999999999999645e+00 -1.782671561600003562e-02 2.865244097146415342e-03
4.150000000000000355e+00 -2.271123134399997967e-02 3.863880781331316145e-03
4.200000000000000178e+00 -2.429405497200000721e-02 4.172036122658446394e-03
4.250000000000000000e+00 -2.262311233200000118e-02 3.810160979476614768e-03
4.299999999999999822e+00 -1.716340147760002724e-02 3.022481278893764459e-03
4.349999999999999645e+00 -8.828558671999992349e-03 2.451464739780004603e-03
4.400000000000000355e+00 8.230476178990897866e-04 2.657336527220626691e-03
4.450000000000000178e+00 9.716438732379189397e-03 3.244683128901841400e-03
4.500000000000000000e+00 1.696104256280000361e-02 3.629637214569730701e-03
4.549999999999999822e+00 2.177860402640001067e-02 3.650179135558584247e-03
4.599999999999999645e+00 2.416173433599995771e-02 3.384294368401105559e-03
4.650000000000000355e+00 2.475573470000002468e-02 3.045691315454741432e-03
4.700000000000000178e+00 2.452580883999997199e-02 2.750197825879384644e-03
4.750000000000000000e+00 2.413305832000005313e-02 2.594302292528931353e-03
4.799999999999999822e+00 2.371986315600000186e-02 2.585949480741446364e-03
4.849999999999999645e+00 2.291103064800005529e-02 2.693031492998528963e-03
4.900000000000000355e+00 2.082540399999995712e-02 3.062140156217244523e-03
4.950000000000000178e+00 1.664764988359995757e-02 4.048710273647095938e-03
5.000000000000000000e+00 1.004717112867239276e-02 5.662403388594151529e-03
5.049999999999999822e+00 1.515791741175996719e-03 7.412157721254056426e-03
5.099999999999999645e+00 -7.703565214315998867e-03 8.685205665044652690e-03
5.150000000000000355e+00 -1.592586545842883394e-02 8.944377929855551815e-03
5.200000000000000178e+00 -2.156708803477999301e-02 7.969972455541941489e-03
5.250000000000000000e+00 -2.373330753599999302e-02 6.138323932085148864e-03
5.299999999999999822e+00 -2.257949288679999070e-02 4.917020371237316306e-03
5.349999999999999645e+00 -1.934723727720003006e-02 5.957204561153906126e-03
5.400000000000000355e+00 -1.595615740289597906e-02 7.877338182184947038e-03
5.450000000000000178e+00 -1.419736419161199067e-02 8.917675018275401932e-03
5.500000000000000000e+00 -1.536453611713597261e-02 8.504125651290585231e-03
5.549999999999999822e+00 -1.948844376640000015e-02 6.894949179569847750e-03
5.599999999999999645e+00 -2.533814027599999227e-02 5.293477902285185360e-03
5.650000000000000355e+00 -3.065313710000003647e-02 5.533387253011185641e-03
5.700000000000000178e+00 -3.327945837999994605e-02 7.238332152854731576e-03
5.750000000000000000e+00 -3.152995246679992508e-02 8.728930040562481521e-03
5.799999999999999822e+00 -2.486979303064000557e-02 9.357034757736106684e-03
5.849999999999999645e+00 -1.396989819786399224e-02 9.176493568912926294e-03
5.900000000000000355e+00 -7.861264482108000192e-04 8.610865644294786458e-03
5.950000000000000178e+00 1.246410521187238038e-02 8.018571638678780381e-03
6.000000000000000000e+00 2.385614397012000842e-02 7.476062348396114374e-03
6.049999999999999822e+00 3.222293080560006961e-02 6.791819707522706376e-03
6.099999999999999645e+00 3.731286703199997862e-02 5.923652333827219944e-03
6.150000000000000355e+00 3.970418348000000208e-02 5.089553803488891873e-03
6.200000000000000178e+00 4.024633894400003742e-02 4.882467547182918477e-03
6.250000000000000000e+00 3.957072333600004238e-02 5.685293809411677557e-03
6.299999999999999822e+00 3.780007544799999369e-02 7.040770112505654113e-03
6.349999999999999645e+00 3.457024695479994636e-02 8.300785994593874034e-03
6.400000000000000355e+00 2.933332153280000104e-02 9.125742037673792093e-03
6.450000000000000178e+00 2.178521086418800864e-02 9.505290269853784724e-03
6.500000000000000000e+00 1.220711181278561278e-02 9.645465419432393966e-03
6.549999999999999822e+00 1.478078021460002035e-03 9.735707082242230082e-03
6.599999999999999645e+00 -8.904063348435631298e-03 9.843243448933379838e-03
6.650000000000000355e+00 -1.754449863454318748e-02 9.846184275292713117e-03
6.700000000000000178e+00 -2.354523413183997813e-02 9.599441407920248151e-03
6.750000000000000000e+00 -2.681331731943998459e-02 9.022002478543490744e-03
6.799999999999999822e+00 -2.804868976560001559e-02 8.139813799238081182e-03
6.849999999999999645e+00 -2.840668167479997244e-02 7.208398935587420446e-03
6.900000000000000355e+00 -2.897017579119995356e-02 6.818516666508113618e-03
6.950000000000000178e+00 -3.025100030600005527e-02 7.401483594302911070e-03
7.000000000000000000e+00 -3.193249239600001732e-02 8.475270002287519158e-03
7.049999999999999822e+00 -3.288041040000001802e-02 9.180789341796355071e-03
7.099999999999999645e+00 -3.183915745208006076e-02 9.225303455905855404e-03
7.150000000000000355e+00 -2.772991309582398603e-02 9.154090789331369507e-03
7.200000000000000178e+00 -2.023544890091399234e-02 9.937653405547901969e-03
7.250000000000000000e+00 -1.001533005492719411e-02 1.162522697367122590e-02
7.299999999999999822e+00 1.454338619081597082e-03 1.316589695415935207e-02
7.349999999999999645e+00 1.235415389363359907e-02 1.357312940547526596e-02
7.400000000000000355e+00 2.111812001972397657e-02 1.252637934470309487e-02
7.450000000000000178e+00 2.691621725218797806e-02 1.042765682486566405e-02
7.500000000000000000e+00 2.983540969811998567e-02 8.226740872561101245e-03
7.549999999999999822e+00 3.060992451840000364e-02 6.910383056885094702e-03
7.599999999999999645e+00 3.042779584400001278e-02 6.679952728365894793e-03
7.650000000000000355e+00 3.015321690880001446e-02 6.890975926173594987e-03
7.700000000000000178e+00 3.002459965000004935e-02 7.237514487963750583e-03
7.750000000000000000e+00 2.958275397760003200e-02 7.830169057099543514e-03
7.799999999999999822e+00 2.792484380719997134e-02 8.673699791261932704e-03
7.849999999999999645e+00 2.416652975078076304e-02 9.553851118556513922e-03
7.900000000000000355e+00 1.790807192566399100e-02 1.020680289407201354e-02
7.950000000000000178e+00 9.501467354299603096e-03 1.040950827515043503e-02
8.000000000000000000e+00 3.085590255200048492e-06 1.012884691981560774e-02
8.050000000000000711e+00 -9.197620519259956315e-03 9.824254038815722484e-03
8.099999999999999645e+00 -1.673751991743599107e-02 1.045834893075274670e-02
8.150000000000000355e+00 -2.189617629221200096e-02 1.215022756718020687e-02
8.199999999999999289e+00 -2.471316746907680981e-02 1.364355478311815063e-02
8.250000000000000000e+00 -2.585869881712402063e-02 1.351305298007633195e-02
8.300000000000000711e+00 -2.625193762372795073e-02 1.117088891844493503e-02
8.349999999999999645e+00 -2.659819863261602205e-02 7.793712008070872478e-03
8.400000000000000355e+00 -2.704816423840003536e-02 8.035134798390334079e-03
8.449999999999999289e+00 -2.712686560191998955e-02 1.266825915921797503e-02
8.500000000000000000e+00 -2.596190927012398744e-02 1.692493235101838120e-02
8.550000000000000711e+00 -2.265811285192005295e-02 1.856583794892260539e-02
8.599999999999999645e+00 -1.689425161495521077e-02 1.724470564551114360e-02
8.650000000000000355e+00 -9.043453010569600659e-03 1.411358736212117368e-02
8.699999999999999289e+00 -1.661227208375999436e-04 1.169600535169399921e-02
8.750000000000000000e+00 8.319675597124008559e-03 1.200245903437376603e-02
8.800000000000000711e+00 1.511910063516396299e-02 1.350461551942300047e-02
8.849999999999999645e+00 1.949434995040389210e-02 1.395266286742526292e-02
8.900000000000000355e+00 2.147360955057200579e-02 1.277520803245936823e-02
8.949999999999999289e+00 2.175271546011595808e-02 1.061770811922934515e-02
9.000000000000000000e+00 2.133638090579596802e-02 8.547672148911607953e-03
9.050000000000000711e+00 2.111025152420398579e-02 7.255870033857741465e-03
9.099999999999999645e+00 2.135436574228001538e-02 6.703389961567216178e-03
9.150000000000000355e+00 2.172519817239999124e-02 6.686267859034096539e-03
9.199999999999999289e+00 2.139815025359995820e-02 7.178505199350005209e-03
9.250000000000000000e+00 1.946416852394800001e-02 8.073617939369458901e-03
9.300000000000000711e+00 1.537492500938917109e-02 9.293143058360429573e-03
9.349999999999999645e+00 9.244760022099313135e-03 1.085376691356123788e-02
9.400000000000000355e+00 1.879152211696401113e-03 1.246277393792488003e-02
9.449999999999999289e+00 -5.484391882659991890e-03 1.337911518376570449e-02
9.500000000000000000e+00 -1.161582650224600791e-02 1.287037632460017247e-02
9.550000000000000711e+00 -1.576199006166761549e-02 1.083821994051300565e-02
9.599999999999999645e+00 -1.779084544841597060e-02 8.459376360897980993e-03
9.650000000000000355e+00 -1.827915298608399561e-02 8.273991922678684829e-03
9.699999999999999289e+00 -1.817007168318397758e-02 1.038724985548403722e-02
9.750000000000000000e+00 -1.832347808322803279e-02 1.206262135272677741e-02
9.800000000000000711e+00 -1.911188940173199832e-02 1.180356800193637853e-02
9.849999999999999645e+00 -2.023262986283601642e-02 9.760266474180908161e-03
9.900000000000000355e+00 -2.081682808071997834e-02 7.732021472697666979e-03
9.949999999999999289e+00 -1.979287446196000000e-02 8.301580070401357730e-03
1.000000000000000000e+01 -1.635698801133844693e-02 1.057370439965901049e-02
1.005000000000000071e+01 -1.033677033094000490e-02 1.209393409387109208e-02
1.009999999999999964e+01 -2.406694181547994107e-03 1.199855781697427293e-02
1.015000000000000036e+01 6.136479095023981110e-03 1.064424934129740673e-02
1.019999999999999929e+01 1.375808620654120525e-02 9.028615017503264714e-03
1.025000000000000000e+01 1.917861351837599551e-02 8.031991397917522327e-03
1.030000000000000071e+01 2.176535201580002271e-02 7.607210304284604124e-03
1.034999999999999964e+01 2.167801492958399551e-02 7.122968858028136743e-03
1.040000000000000036e+01 1.972433412244804438e-02 6.331523135133122933e-03
1.044999999999999929e+01 1.699607316319917336e-02 5.545155576811424541e-03
1.050000000000000000e+01 1.443778072168798270e-02 5.237030653777529667e-03
1.055000000000000071e+01 1.251859574510801217e-02 5.545022149603253542e-03
1.059999999999999964e+01 1.112717151003079878e-02 6.246530107135683275e-03
1.065000000000000036e+01 9.714587606467988898e-03 7.060849788145788335e-03
1.069999999999999929e+01 7.610185411383994791e-03 7.717049967813247209e-03
1.075000000000000000e+01 4.370703509637158084e-03 7.983046466976329719e-03
1.080000000000000071e+01 1.780322767360019312e-05 7.791741910829341235e-03
1.084999999999999964e+01 -4.928037996639989850e-03 7.328363709500672687e-03
1.090000000000000036e+01 -9.622527994764007789e-03 6.938103625468338732e-03
1.094999999999999929e+01 -1.320260449132483992e-02 6.825512766219520716e-03
1.100000000000000000e+01 -1.509462665280435732e-02 6.849328904306664287e-03
1.105000000000000071e+01 -1.523957726149601476e-02 6.741044758430773769e-03
1.109999999999999964e+01 -1.397778601556000193e-02 6.391628542095894108e-03
1.115000000000000036e+01 -1.200629388941599172e-02 5.959710574821794338e-03
1.119999999999999929e+01 -1.005132730062796402e-02 5.720141403213133656e-03
1.125000000000000000e+01 -8.598942142111206527e-03 5.815037708730646550e-03
1.130000000000000071e+01 -7.742413867018810118e-03 6.152493027811403552e-03
1.134999999999999964e+01 -7.196912743115999045e-03 6.573322509566495268e-03
1.140000000000000036e+01 -6.462290589004321753e-03 6.994105800808818156e-03
1.144999999999999929e+01 -5.057958292299981513e-03 7.371560070500365186e-03
1.150000000000000000e+01 -2.731766777248002560e-03 7.613708923062458347e-03
1.155000000000000071e+01 4.363443229471610603e-04 7.573644214086605250e-03
1.159999999999999964e+01 4.066386415139601473e-03 7.136597996924566069e-03
1.165000000000000036e+01 7.620040343036010855e-03 6.322370267410207592e-03
1.169999999999999929e+01 1.058538422584399084e-02 5.335790709466960852e-03
1.175000000000000000e+01 1.262812416927999032e-02 4.522745676219274910e-03
1.180000000000000071e+01 1.365489892879996614e-02 4.165506459117300844e-03
1.184999999999999964e+01 1.377617093627999355e-02 4.222908304962053050e-03
1.190000000000000036e+01 1.319891751164322183e-02 4.454295289686828821e-03
1.194999999999999929e+01 1.210512373860801738e-02 4.722798795509888271e-03
1.200000000000000000e+01 1.057184793559197943e-02 5.012807424208586861e-03
1.205000000000000071e+01 8.570562067532410538e-03 5.334721051430152405e-03
1.209999999999999964e+01 6.004070850748530891e-03 5.653738389883138094e-03
1.215000000000000036e+01 2.841364929766397856e-03 5.938700348670803049e-03
1.219999999999999929e+01 -8.080228810215993535e-04 6.128435596422996713e-03
1.225000000000000000e+01 -4.660252299937881967e-03 6.128720017982740992e-03
1.230000000000000071e+01 -8.295581719695998765e-03 5.886155712289956737e-03
1.234999999999999964e+01 -1.125556543636799071e-02 5.496056197776816657e-03
1.240000000000000036e+01 -1.316212215973601440e-02 5.212837715014970522e-03
1.244999999999999929e+01 -1.381442322787999888e-02 5.238849876647445024e-03
1.250000000000000000e+01 -1.323048687344800453e-02 5.485927443239411137e-03
1.255000000000000071e+01 -1.162343692011799656e-02 5.729934870828038047e-03
1.259999999999999964e+01 -9.327224608071999282e-03 5.916271319603388749e-03
1.265000000000000036e+01 -6.703008197979299504e-03 6.172417170002247010e-03
1.269999999999999929e+01 -4.059637925035602425e-03 6.556861445306244769e-03
1.275000000000000000e+01 -1.610539756247602108e-03 6.914309509753358875e-03
1.280000000000000071e+01 5.288943335764001398e-04 7.053287772826268356e-03
1.284999999999999964e+01 2.315846070647282172e-03 6.974003825998217193e-03
1.290000000000000036e+01 3.746922846166006807e-03 6.865371233295433639e-03
1.294999999999999929e+01 4.834799421999197606e-03 6.852218793432122285e-03
1.300000000000000000e+01 5.601464027951985787e-03 6.790080902258169640e-03
1.305000000000000071e+01 6.112635294584015111e-03 6.435601775308392135e-03
1.309999999999999964e+01 6.382932514701194875e-03 5.710069873344222370e-03
1.315000000000000036e+01 6.471451373874408455e-03 4.881847657184748383e-03
1.319999999999999929e+01 6.436603738873591593e-03 4.400525711576706162e-03
1.325000000000000000e+01 6.310334269458417293e-03 4.405411093329552122e-03
1.330000000000000071e+01 6.077162858137999564e-03 4.566770986463959507e-03
1.334999999999999964e+01 5.672217989346002923e-03 4.627986622215834144e-03
1.340000000000000036e+01 5.004156652694009139e-03 4.656709903037330005e-03
1.344999999999999929e+01 3.996205062830677363e-03 4.803505116174128058e-03
1.350000000000000000e+01 2.628220951171203121e-03 5.015168494680008297e-03
1.355000000000000071e+01 9.604337728512025345e-04 5.099491104035330964e-03
1.359999999999999964e+01 -8.729588985388003980e-04 4.967439215225129094e-03
1.365000000000000036e+01 -2.698343479131193670e-03 4.699013883918186189e-03
1.369999999999999929e+01 -4.350148778293594365e-03 4.413293098588483288e-03
1.375000000000000000e+01 -5.710051622828009495e-03 4.133985736512673509e-03
1.380000000000000071e+01 -6.721260485979995564e-03 3.850303252961737727e-03
1.384999999999999964e+01 -7.373915941323997032e-03 3.680594666270760058e-03
1.390000000000000036e+01 -7.672188913123591421e-03 3.814100439857573497e-03
1.394999999999999929e+01 -7.602750977124000768e-03 4.208340394738024903e-03
1.400000000000000000e+01 -7.123414561523583495e-03 4.588687320029227225e-03
1.405000000000000071e+01 -6.200197673288006250e-03 4.767112105116375238e-03
1.409999999999999964e+01 -4.779433450248006011e-03 4.730081919763141213e-03
1.415000000000000036e+01 -2.891432075684402959e-03 4.622993618184459939e-03
1.419999999999999929e+01 -6.671069582516001321e-04 4.564445942369993112e-03
1.425000000000000000e+01 1.661757358869998639e-03 4.552182062516661222e-03
1.430000000000000071e+01 3.802990631016198511e-03 4.545725002931474100e-03
1.434999999999999964e+01 5.475244883667997053e-03 4.557456950238025946e-03
1.440000000000000036e+01 6.485314429422784493e-03 4.597872217274499851e-03
1.444999999999999929e+01 6.781978971314410118e-03 4.585838435049133070e-03
1.450000000000000000e+01 6.464323345690793816e-03 4.394681188414787353e-03
1.455000000000000071e+01 5.739933905088808602e-03 3.987112667928672562e-03
1.459999999999999964e+01 4.848484709250803180e-03 3.496158169693374014e-03
1.465000000000000036e+01 3.980280002822407341e-03 3.177223636732598791e-03
1.469999999999999929e+01 3.221073446186396502e-03 3.189522704393532408e-03
1.475000000000000000e+01 2.543107964297992764e-03 3.425691021727250880e-03
1.480000000000000071e+01 1.842833396079972957e-03 3.689063360387487452e-03
1.484999999999999964e+01 1.006718931776084004e-03 3.873511188774000392e-03
1.490000000000000036e+01 -2.385590192560019891e-05 3.945468395845807240e-03
1.494999999999999929e+01 -1.215391786443202138e-03 3.889286002619560863e-03
1.500000000000000000e+01 -2.446211989826718638e-03 3.701837098996229106e-03
1.505000000000000071e+01 -3.577385107317201333e-03 3.422342969722308188e-03
1.509999999999999964e+01 -4.416972921746002353e-03 3.112171275620018076e-03
1.515000000000000036e+01 -4.853861687893765500e-03 2.853955718596121877e-03
1.519999999999999929e+01 -4.870120628568006156e-03 2.718307979720688793e-03
1.525000000000000000e+01 -4.535892287592806910e-03 2.739557088079400647e-03
1.530000000000000071e+01 -3.972277986957200614e-03 2.891408085265405239e-03
1.534999999999999964e+01 -3.300305459075308055e-03 3.094222118684025052e-03
1.540000000000000036e+01 -2.598673113997722415e-03 3.269136147155337572e-03
1.544999999999999929e+01 -1.887439475776797604e-03 3.388668822846295069e-03
1.550000000000000000e+01 -1.142076692336997960e-03 3.475324406288340766e-03
1.555000000000000071e+01 -3.283389897355595268e-04 3.549442993281063611e-03
1.559999999999999964e+01 5.604781391917999008e-04 3.584970272064449352e-03
1.565000000000000036e+01 1.482317743751999798e-03 3.531133821244630561e-03
1.569999999999999929e+01 2.351128696449201333e-03 3.373715865358386298e-03
1.575000000000000000e+01 3.064825699672318535e-03 3.165347001732689292e-03
1.580000000000000071e+01 3.542673592539197919e-03 2.991442717305663624e-03
1.584999999999999964e+01 3.754145702270412360e-03 2.900173478570174622e-03
1.590000000000000036e+01 3.725667003109995115e-03 2.876682801329624815e-03
1.594999999999999929e+01 3.522329899516772524e-03 2.888644938795043547e-03
1.600000000000000000e+01 3.213576766766794695e-03 2.921264756012330668e-03
1.605000000000000071e+01 2.849167166494400404e-03 2.964495892211461113e-03
1.610000000000000142e+01 2.402668952073599377e-03 2.974126396980167602e-03
1.614999999999999858e+01 1.831045126274400987e-03 2.919945438749701680e-03
1.619999999999999929e+01 1.086982226593997047e-03 2.815604361444151715e-03
1.625000000000000000e+01 1.561738660043999018e-04 2.716762046107370696e-03
1.630000000000000071e+01 -9.152344354647621357e-04 2.673660964680363815e-03
1.635000000000000142e+01 -2.016564088541406615e-03 2.687871439441609500e-03
1.639999999999999858e+01 -2.995728755447131953e-03 2.725238771971096909e-03
1.644999999999999929e+01 -3.701853037953602241e-03 2.755479052934225494e-03
1.650000000000000000e+01 -4.031224633292400210e-03 2.764154630557240973e-03
1.655000000000000071e+01 -3.958703832648918612e-03 2.744755927139391500e-03
1.660000000000000142e+01 -3.542439932290122363e-03 2.702673373387883167e-03
1.664999999999999858e+01 -2.900452928744004424e-03 2.666205206074297000e-03
1.669999999999999929e+01 -2.168785780539200878e-03 2.671625381863534238e-03
1.675000000000000000e+01 -1.457883369094399020e-03 2.721588001973202463e-03
1.680000000000000071e+01 -8.238312458768003860e-04 2.772593767893779225e-03
1.685000000000000142e+01 -2.643142253199996143e-04 2.779368296457134391e-03
1.689999999999999858e+01 2.613327916276802078e-04 2.744757551153242416e-03
1.694999999999999929e+01 7.983316481342374663e-04 2.719584934852858904e-03
1.700000000000000000e+01 1.364242520759840517e-03 2.744624971366019500e-03
1.705000000000000071e+01 1.939355158255200422e-03 2.796088747123499745e-03
1.710000000000000142e+01 2.452528618547477387e-03 2.785079272253106544e-03
1.714999999999999858e+01 2.816219438899194780e-03 2.648768588580837410e-03
1.719999999999999929e+01 2.960133497808003795e-03 2.400364498862513248e-03
1.725000000000000000e+01 2.857988104778686270e-03 2.141952242614581989e-03
1.730000000000000071e+01 2.536602639719191029e-03 2.021556691586885723e-03
1.735000000000000142e+01 2.064549080881080637e-03 2.107458924064459921e-03
1.739999999999999858e+01 1.526268197607358107e-03 2.314916009999301930e-03
1.744999999999999929e+01 9.931531041331982494e-04 2.515699322842680687e-03
1.750000000000000000e+01 5.034687768919202328e-04 2.635509953475932612e-03
1.755000000000000071e+01 5.834073199312002182e-05 2.656247611805268808e-03
1.760000000000000142e+01 -3.662481204530401279e-04 2.589029579966184089e-03
1.764999999999999858e+01 -7.981641603103195679e-04 2.455982241190510923e-03
1.769999999999999929e+01 -1.248483353134799282e-03 2.289054047942872764e-03
1.775000000000000000e+01 -1.700200777344203131e-03 2.134766966973483237e-03
1.780000000000000071e+01 -2.110185369712118657e-03 2.042904025138462826e-03
1.785000000000000142e+01 -2.422327462556800749e-03 2.033972931828183402e-03
1.789999999999999858e+01 -2.585408862779921702e-03 2.082688111177698198e-03
1.794999999999999929e+01 -2.568089489051465953e-03 2.145267172610002427e-03
1.800000000000000000e+01 -2.365686883958003674e-03 2.193146564703405983e-03
1.805000000000000071e+01 -2.000467849631204064e-03 2.221044973053055809e-03
1.810000000000000142e+01 -1.503233031501119074e-03 2.230189215476616194e-03
1.814999999999999858e+01 -9.149933739891574725e-04 2.229056615682103049e-03
1.819999999999999929e+01 -2.764611913615997243e-04 2.228974714372712346e-03
1.825000000000000000e+01 3.731145066191998445e-04 2.232640926667354975e-03
1.830000000000000071e+01 9.934602573771990266e-04 2.221323850846473446e-03
1.835000000000000142e+01 1.541015921478802080e-03 2.167519191222943859e-03
1.839999999999999858e+01 1.970631521471594670e-03 2.074877795128500946e-03
1.844999999999999929e+01 2.242555675167999009e-03 2.006821295346410735e-03
1.850000000000000000e+01 2.332687531972001561e-03 2.046909366924186315e-03
1.855000000000000071e+01 2.241542288312396974e-03 2.195317519978632215e-03
1.860000000000000142e+01 1.997087449078401890e-03 2.348572390825758201e-03
1.864999999999999858e+01 1.648834544268321231e-03 2.397522453317705009e-03
1.869999999999999929e+01 1.254351192790001315e-03 2.306047797979779782e-03
1.875000000000000000e+01 8.629248028548010263e-04 2.127928024300342839e-03
1.880000000000000071e+01 5.027312012035206092e-04 1.976222470704115143e-03
1.885000000000000142e+01 1.766863563256000028e-04 1.942461634769211730e-03
1.889999999999999858e+01 -1.313829912238801399e-04 2.016178035977603256e-03
1.894999999999999929e+01 -4.429812231704006228e-04 2.113602894406528022e-03
1.900000000000000000e+01 -7.695761604432020241e-04 2.162572628543900279e-03
1.905000000000000071e+01 -1.104228761721197469e-03 2.137682306620025067e-03
1.910000000000000142e+01 -1.416581356183199128e-03 2.044201444533071642e-03
1.914999999999999858e+01 -1.662919692381198931e-03 1.915158560997017208e-03
1.919999999999999929e+01 -1.801604059602197796e-03 1.794799187114147444e-03
1.925000000000000000e+01 -1.808013558779602474e-03 1.717850478531335583e-03
1.930000000000000071e+01 -1.682901133443202120e-03 1.693602996037830337e-03
1.935000000000000142e+01 -1.450879367807560855e-03 1.714745391447569179e-03
1.939999999999999858e+01 -1.150126164201039063e-03 1.775342238196480618e-03
1.944999999999999929e+01 -8.181555906799549156e-04 1.865781028688092867e-03
1.950000000000000000e+01 -4.799947738604003200e-04 1.955873298104019668e-03
1.955000000000000071e+01 -1.437438337871601874e-04 2.001016508568882312e-03
1.960000000000000142e+01 1.950348455208000928e-04 1.970433009596379847e-03
1.964999999999999858e+01 5.427025736364792961e-04 1.869206906512953237e-03
1.969999999999999929e+01 8.960529650823610779e-04 1.736835121190676793e-03
1.975000000000000000e+01 1.235536363942919390e-03 1.623221337412624529e-03
1.980000000000000071e+01 1.526512694837203234e-03 1.559144378239054815e-03
1.985000000000000142e+01 1.728144809071996283e-03 1.547195617409485857e-03
1.989999999999999858e+01 1.806134805720402978e-03 1.575582281792395692e-03
1.994999999999999929e+01 1.743904569009281213e-03 1.628780247962030494e-03
2.000000000000000000e+01 1.547678544415203705e-03 1.688202329731203471e-03
