# # k	<chi>	std
0.000000000000000000e+00 -6.724495146213026187e-02 3.687662939929773342e-01
5.000000000000000278e-02 -8.041882384199956768e-02 3.592290235071092797e-01
1.000000000000000056e-01 -8.809655559799980939e-02 3.495917005673880307e-01
1.499999999999999944e-01 -1.112921880940004465e-01 3.200244433019431844e-01
2.000000000000000111e-01 -1.349298360153718679e-01 2.896467196040978243e-01
2.500000000000000000e-01 -1.744381530691541948e-01 2.375692023136018183e-01
2.999999999999999889e-01 -2.144436874553941053e-01 1.845096950516413037e-01
3.499999999999999778e-01 -2.692292947900795097e-01 1.124414667588778116e-01
4.000000000000000222e-01 -3.230066858460007295e-01 6.017025579079163244e-02
4.500000000000000111e-01 -3.872004879800001187e-01 1.013464483617695505e-01
5.000000000000000000e-01 -4.460226669400012556e-01 1.886360874876469584e-01
5.500000000000000444e-01 -5.062149716660003795e-01 2.905460868661449703e-01
5.999999999999999778e-01 -5.534015408019978821e-01 3.815680940885318728e-01
6.500000000000000222e-01 -5.887040541437986718e-01 4.646662249052065929e-01
6.999999999999999556e-01 -6.021327797511398794e-01 5.237970882914421145e-01
7.500000000000000000e-01 -5.905507977261470476e-01 5.564359295788277038e-01
8.000000000000000444e-01 -5.524650646482031080e-01 5.566167009083288209e-01
8.499999999999999778e-01 -4.846755955778462299e-01 5.197603018405941855e-01
9.000000000000000222e-01 -3.968771897343921218e-01 4.523458419516724338e-01
9.499999999999999556e-01 -2.902264202687306338e-01 3.526789960411497171e-01
1.000000000000000000e+00 -1.835578419334340794e-01 2.383874064377052848e-01
1.050000000000000044e+00 -8.331333764937019770e-02 1.151295995804055561e-01
1.100000000000000089e+00 -8.594453573431186377e-03 4.331359425245000228e-02
1.149999999999999911e+00 3.386178852545396883e-02 1.210737600120841279e-01
1.199999999999999956e+00 3.682471543400003128e-02 1.904330511535842485e-01
1.250000000000000000e+00 1.090269415999998168e-03 2.287755440240546445e-01
1.300000000000000044e+00 -6.214179714599980808e-02 2.334708633911098119e-01
1.350000000000000089e+00 -1.417091144672694425e-01 2.095302851458796245e-01
1.399999999999999911e+00 -2.147524775500188887e-01 1.686146953694463435e-01
1.449999999999999956e+00 -2.671863208343993601e-01 1.212261342956420102e-01
1.500000000000000000e+00 -2.820932143679997228e-01 8.163857249396591631e-02
1.550000000000000044e+00 -2.550749034440008556e-01 5.702877800109600048e-02
1.600000000000000089e+00 -1.894490912339993893e-01 5.104327629318297643e-02
1.649999999999999911e+00 -9.556936600658211267e-02 6.123657011765702013e-02
1.699999999999999956e+00 6.070643498399989381e-03 8.011440680454258445e-02
1.750000000000000000e+00 1.000751238605458726e-01 1.001110879453955549e-01
1.800000000000000044e+00 1.669923773696996572e-01 1.096987124335214309e-01
1.850000000000000089e+00 2.019655746559996246e-01 1.047855428786943072e-01
1.899999999999999911e+00 2.015781014599998811e-01 8.253925887770155456e-02
1.949999999999999956e+00 1.759861185719998888e-01 4.804608790502139237e-02
2.000000000000000000e+00 1.352113245040000300e-01 1.407200852117049435e-02
2.049999999999999822e+00 9.310117561599989822e-02 3.613924839909490871e-02
2.100000000000000089e+00 6.020656158557358140e-02 6.200842512721332217e-02
2.149999999999999911e+00 4.181066730027999112e-02 7.167696876285083174e-02
2.200000000000000178e+00 3.601690480323995608e-02 6.634355568179323148e-02
2.250000000000000000e+00 3.632272294391993700e-02 5.619128806897314560e-02
2.299999999999999822e+00 3.495238624954912637e-02 4.373909155528130088e-02
2.350000000000000089e+00 2.843425091751316733e-02 3.266487304766045596e-02
2.399999999999999911e+00 1.681229834170198945e-02 2.475634937120570200e-02
2.450000000000000178e+00 7.509820325489185468e-03 1.783865221400050480e-02
2.500000000000000000e+00 -1.711387641778001597e-03 1.221438111971209252e-02
2.549999999999999822e+00 -9.444424347904455119e-03 7.933036548524464646e-03
2.600000000000000089e+00 -1.453468545277785025e-02 4.946405205311556891e-03
2.649999999999999911e+00 -1.842090497680002811e-02 3.712814018068965639e-03
2.700000000000000178e+00 -1.999858125339996906e-02 3.592068043857418475e-03
2.750000000000000000e+00 -1.931918123040002669e-02 3.727368827369304145e-03
2.799999999999999822e+00 -1.679137654280003084e-02 3.596581869062520035e-03
2.850000000000000089e+00 -1.416584823938002793e-02 3.264003552947189035e-03
2.899999999999999911e+00 -1.022685282422441597e-02 2.957539742254823058e-03
2.950000000000000178e+00 -5.544124017986810926e-03 3.185523594659273212e-03
3.000000000000000000e+00 -6.930026666865016487e-04 4.082252134649955871e-03
3.049999999999999822e+00 3.831163006700783868e-03 4.628611828593084260e-03
3.100000000000000089e+00 7.460179997935805114e-03 5.168888185475489089e-03
3.149999999999999911e+00 9.741269943644216903e-03 5.552903539665234901e-03
3.200000000000000178e+00 1.042275287894800680e-02 5.673661524784192646e-03
3.250000000000000000e+00 8.791143664506407759e-03 5.301768203370411763e-03
3.299999999999999822e+00 5.860402454103798633e-03 4.787511014069260884e-03
3.350000000000000089e+00 2.334474651416798986e-03 4.172236373172293587e-03
3.399999999999999911e+00 -1.018461730252803125e-03 3.508245883393205488e-03
3.450000000000000178e+00 -3.808594780053595284e-03 2.751460448082131138e-03
3.500000000000000000e+00 -4.844127238014005361e-03 2.891199456706657848e-03
3.549999999999999822e+00 -3.856417519312763803e-03 4.076031036941204361e-03
3.600000000000000089e+00 -1.004899275697322897e-03 5.473318678608306287e-03
3.649999999999999911e+00 3.405636776989809378e-03 6.572447399266432774e-03
3.700000000000000178e+00 8.369329367757440824e-03 6.691651193978595188e-03
3.750000000000000000e+00 1.270823321225994160e-02 5.652710329516243311e-03
3.799999999999999822e+00 1.527449993200001230e-02 3.687219058632722635e-03
3.850000000000000089e+00 1.558020682440001622e-02 2.275420501822772792e-03
3.899999999999999911e+00 1.256517943699997711e-02 4.542923634277652029e-03
3.950000000000000178e+00 6.392913045812708729e-03 7.598474292084230960e-03
4.000000000000000000e+00 -2.018817325897993061e-03 9.875001509890625820e-03
4.049999999999999822e+00 -1.136981504435179667e-02 1.101913699177792944e-02
4.099999999999999645e+00 -2.001390130124799591e-02 1.050801544409269046e-02
4.150000000000000355e+00 -2.610786800060006796e-02 8.420259878815214427e-03
4.200000000000000178e+00 -2.828924996120003518e-02 5.394870292425382914e-03
4.250000000000000000e+00 -2.655392098800008274e-02 3.966797799007520942e-03
4.299999999999999822e+00 -2.086845431919995969e-02 6.754319855271227920e-03
4.349999999999999645e+00 -1.249167312683622903e-02 1.077542125200965130e-02
4.400000000000000355e+00 -3.286033325100004478e-03 1.435241043678397652e-02
4.450000000000000178e+00 4.573944467599989905e-03 1.700764505647699154e-02
4.500000000000000000e+00 9.980909119439980090e-03 1.876926412333092264e-02
4.549999999999999822e+00 1.224438495862398453e-02 1.975834530623513802e-02
4.599999999999999645e+00 1.163952089826758227e-02 2.015018190555313213e-02
4.650000000000000355e+00 9.243306261332795426e-03 2.013961426814590144e-02
4.700000000000000178e+00 6.533042791138393701e-03 1.950704251950316492e-02
4.750000000000000000e+00 4.882925492030000710e-03 1.784495374632621284e-02
4.799999999999999822e+00 5.138072975226544957e-03 1.465496516156043413e-02
4.849999999999999645e+00 7.257080480428588359e-03 9.901375551051926766e-03
4.900000000000000355e+00 1.068851947887796035e-02 5.608009953898919660e-03
4.950000000000000178e+00 1.437209186296319920e-02 1.064173667559940167e-02
5.000000000000000000e+00 1.722585887070277391e-02 2.025317820130173932e-02
5.049999999999999822e+00 1.852099121333398990e-02 2.962013350641883730e-02
5.099999999999999645e+00 1.821959014450398248e-02 3.666484068829660437e-02
5.150000000000000355e+00 1.672316480640001143e-02 3.981831677750116011e-02
5.200000000000000178e+00 1.469663520059997022e-02 3.832300747101178434e-02
5.250000000000000000e+00 1.264613029839999243e-02 3.249379779109889954e-02
5.299999999999999822e+00 1.073338489516199347e-02 2.375918574055004007e-02
5.349999999999999645e+00 8.536780327529098350e-03 1.455645500530036024e-02
5.400000000000000355e+00 5.244011521437205725e-03 8.662151958786256864e-03
5.450000000000000178e+00 5.259994559999956333e-05 8.977588896030739077e-03
5.500000000000000000e+00 -7.371877514060017414e-03 1.060396666932702896e-02
5.549999999999999822e+00 -1.665128693208058758e-02 1.059075229267058063e-02
5.599999999999999645e+00 -2.657330815345996383e-02 9.658436040939152520e-03
5.650000000000000355e+00 -3.519986107420005478e-02 9.037052810065010142e-03
5.700000000000000178e+00 -4.071776943000002952e-02 8.752819841633723008e-03
5.750000000000000000e+00 -4.176269270199999689e-02 8.189771395264649340e-03
5.799999999999999822e+00 -3.792247765359998968e-02 8.142934766151480042e-03
5.849999999999999645e+00 -2.977003003879993490e-02 1.034978555842257578e-02
5.900000000000000355e+00 -1.912994117092797070e-02 1.434464285644718520e-02
5.950000000000000178e+00 -8.082401399264022360e-03 1.846423778295574677e-02
6.000000000000000000e+00 1.481652480154002898e-03 2.178630402182017006e-02
6.049999999999999822e+00 8.386175588026010749e-03 2.415733523235658736e-02
6.099999999999999645e+00 1.232150312537620869e-02 2.595661511266178154e-02
6.150000000000000355e+00 1.394600907714601233e-02 2.759997622982829357e-02
6.200000000000000178e+00 1.441090172840799565e-02 2.914890110486312302e-02
6.250000000000000000e+00 1.486860110414194545e-02 3.013394288659397915e-02
6.299999999999999822e+00 1.605142091193201628e-02 2.966577131087555844e-02
6.349999999999999645e+00 1.806280678569395504e-02 2.680303077579715074e-02
6.400000000000000355e+00 2.042990179800204670e-02 2.111504705420100270e-02
6.450000000000000178e+00 2.236261910701212510e-02 1.366415490503467174e-02
6.500000000000000000e+00 2.309221826763997731e-02 1.069074508900231223e-02
6.549999999999999822e+00 2.209541602313597544e-02 1.823060764421956595e-02
6.599999999999999645e+00 1.933019447174404506e-02 2.793838706420647203e-02
6.650000000000000355e+00 1.511643903217977508e-02 3.559788048338418526e-02
6.700000000000000178e+00 9.952945440634011418e-03 4.006174439111388069e-02
6.750000000000000000e+00 4.315923385400002865e-03 4.150010046477825565e-02
6.799999999999999822e+00 -1.457549788200000317e-03 4.084413282742165724e-02
6.849999999999999645e+00 -7.158115584221206619e-03 3.914037148844842079e-02
6.900000000000000355e+00 -1.259314807983398510e-02 3.690223930594155322e-02
6.950000000000000178e+00 -1.745766092495204189e-02 3.382902627675139773e-02
7.000000000000000000e+00 -2.127838300309980307e-02 2.909870404565559343e-02
7.049999999999999822e+00 -2.344465177531418823e-02 2.195709507443921807e-02
7.099999999999999645e+00 -2.350199699441998108e-02 1.356490750434368418e-02
7.150000000000000355e+00 -2.128921825372400919e-02 1.174617894336918260e-02
7.200000000000000178e+00 -1.710555188993818226e-02 2.136858135349900198e-02
7.250000000000000000e+00 -1.170902078163244507e-02 3.226878929622140069e-02
7.299999999999999822e+00 -6.136521926460030904e-03 3.985023091018813357e-02
7.349999999999999645e+00 -1.400865121327997615e-03 4.221323413734121704e-02
7.400000000000000355e+00 1.820995508363997114e-03 3.911338894206681932e-02
7.450000000000000178e+00 3.383407771480003746e-03 3.187735977474177168e-02
7.500000000000000000e+00 3.670246275541991406e-03 2.304047629383074169e-02
7.549999999999999822e+00 3.394550220164594539e-03 1.560796002981840354e-02
7.599999999999999645e+00 3.278555339895786701e-03 1.186353896246008198e-02
7.650000000000000355e+00 3.792377412960394167e-03 1.089516122288819444e-02
7.700000000000000178e+00 4.996219903124991986e-03 1.073072883506327908e-02
7.750000000000000000e+00 6.591892135136004187e-03 1.112315349598650208e-02
7.799999999999999822e+00 8.137864213054018733e-03 1.187503340872129824e-02
7.849999999999999645e+00 9.317199377996750187e-03 1.209810111985444234e-02
7.900000000000000355e+00 1.012027994649181660e-02 1.145969107356815259e-02
7.950000000000000178e+00 1.084100731235803673e-02 1.078850504476392552e-02
8.000000000000000000e+00 1.187247919015439745e-02 1.117062145646315757e-02
8.050000000000000711e+00 1.332549448588359921e-02 1.239659250943061022e-02
8.099999999999999645e+00 1.491100227644194531e-02 1.356358035906761461e-02
8.150000000000000355e+00 1.574107843253395866e-02 1.435348749942942301e-02
8.199999999999999289e+00 1.458412257037264466e-02 1.529239126804478668e-02
8.250000000000000000e+00 1.032204390034378513e-02 1.742875162413630788e-02
8.300000000000000711e+00 2.492297874604000856e-03 2.152106848745896639e-02
8.349999999999999645e+00 -8.303049713403180127e-03 2.702535789229197280e-02
8.400000000000000355e+00 -2.031466564768816263e-02 3.210915119068701029e-02
8.449999999999999289e+00 -3.097617954796636972e-02 3.449975072504257723e-02
8.500000000000000000e+00 -3.758165232992185384e-02 3.244833247773437623e-02
8.550000000000000711e+00 -3.801717812828094706e-02 2.552612298038065691e-02
8.599999999999999645e+00 -3.169997356350496426e-02 1.585765415932981204e-02
8.650000000000000355e+00 -1.969967713506802498e-02 1.143255659640829251e-02
8.699999999999999289e+00 -4.549400943777365605e-03 1.820497391052225064e-02
8.750000000000000000e+00 1.043591000612415637e-02 2.511978901312297147e-02
8.800000000000000711e+00 2.208320094470419756e-02 2.772639338734427319e-02
8.849999999999999645e+00 2.822702205081560611e-02 2.600098354828312905e-02
8.900000000000000355e+00 2.824023216621799823e-02 2.190759009559445705e-02
8.949999999999999289e+00 2.307345093790341001e-02 1.828015399585549219e-02
9.000000000000000000e+00 1.481956626186480518e-02 1.737057670534088855e-02
9.050000000000000711e+00 5.974195811551998199e-03 1.943885017532568510e-02
9.099999999999999645e+00 -1.300187597169799461e-03 2.300272162473771323e-02
9.150000000000000355e+00 -5.775794812782594594e-03 2.588651284903187300e-02
9.199999999999999289e+00 -7.305916144716994437e-03 2.575290977574631185e-02
9.250000000000000000e+00 -6.602761058818989136e-03 2.114810901739649224e-02
9.300000000000000711e+00 -4.767734573960806001e-03 1.320751000303716123e-02
9.349999999999999645e+00 -2.786866749808801242e-03 1.132051342716873348e-02
9.400000000000000355e+00 -1.190775604768000906e-03 2.079687814965987258e-02
9.449999999999999289e+00 1.098390560400020963e-05 2.954538982863890578e-02
9.500000000000000000e+00 1.135895666392278645e-03 3.281498984076253872e-02
9.550000000000000711e+00 2.488800870942014035e-03 2.972961482400089672e-02
9.599999999999999645e+00 4.095603859668004929e-03 2.207092451032671362e-02
9.650000000000000355e+00 5.535376866685197406e-03 1.413343802923551842e-02
9.699999999999999289e+00 6.071313253218588515e-03 1.134965483757179039e-02
9.750000000000000000e+00 4.959720455666004855e-03 1.198252379198576356e-02
9.800000000000000711e+00 1.816958799148437340e-03 1.082784521026158679e-02
9.849999999999999645e+00 -3.115920379981399965e-03 9.691144237617176430e-03
9.900000000000000355e+00 -8.930419125687816262e-03 1.338176223086362526e-02
9.949999999999999289e+00 -1.426062203964604570e-02 1.848674586942198814e-02
1.000000000000000000e+01 -1.767749039955664875e-02 2.049547009389309296e-02
1.005000000000000071e+01 -1.810174173587521251e-02 1.799740788008013723e-02
1.009999999999999964e+01 -1.519701635547160076e-02 1.274468333393014886e-02
1.015000000000000036e+01 -9.456520236175587277e-03 1.086843159017762336e-02
1.019999999999999929e+01 -2.053047653353599639e-03 1.539066245324570426e-02
1.025000000000000000e+01 5.504501422772810001e-03 1.972766386953458267e-02
1.030000000000000071e+01 1.178574472906436868e-02 2.069211669448801916e-02
1.034999999999999964e+01 1.578973752983803963e-02 1.833742841642310717e-02
1.040000000000000036e+01 1.713376326548591427e-02 1.434714174402790601e-02
1.044999999999999929e+01 1.604707552528503861e-02 1.102292849236505452e-02
1.050000000000000000e+01 1.320367712726345198e-02 9.968894325281201993e-03
1.055000000000000071e+01 9.472503293232395136e-03 1.090378715130695640e-02
1.059999999999999964e+01 5.673032803700198134e-03 1.269258202302165142e-02
1.065000000000000036e+01 2.402613273266005368e-03 1.418156051070492384e-02
1.069999999999999929e+01 -3.678272523000004451e-05 1.415072410197622949e-02
1.075000000000000000e+01 -1.622012243662802541e-03 1.195459517145432311e-02
1.080000000000000071e+01 -2.534693077210096578e-03 8.697904392473950266e-03
1.084999999999999964e+01 -3.065583756763806331e-03 8.830483990318082829e-03
1.090000000000000036e+01 -3.523168637827420353e-03 1.341841133271863724e-02
1.094999999999999929e+01 -4.158006699913999703e-03 1.791650098230492677e-02
1.100000000000000000e+01 -5.105256663398010861e-03 2.003076776270080323e-02
1.105000000000000071e+01 -6.361233132785984457e-03 1.934763688468412249e-02
1.109999999999999964e+01 -7.734000966483212461e-03 1.660941773698902321e-02
1.115000000000000036e+01 -8.908541783058023661e-03 1.341568191856445935e-02
1.119999999999999929e+01 -9.499791312749418862e-03 1.141027489553140227e-02
1.125000000000000000e+01 -9.158103534146791805e-03 1.087309756769846286e-02
1.130000000000000071e+01 -7.689445536771806304e-03 1.062405077593798174e-02
1.134999999999999964e+01 -5.150439116820594576e-03 9.801376621892989027e-03
1.140000000000000036e+01 -1.876755431637803107e-03 8.556598791852871796e-03
1.144999999999999929e+01 1.579143302452345153e-03 7.742479848508392916e-03
1.150000000000000000e+01 4.592608391178559790e-03 8.053162611234216881e-03
1.155000000000000071e+01 6.650755228917208488e-03 9.076168264855341561e-03
1.159999999999999964e+01 7.511206106338595354e-03 9.918173284139067056e-03
1.165000000000000036e+01 7.274075880863213606e-03 1.010235123250955575e-02
1.169999999999999929e+01 6.334727968075806216e-03 9.678314390058543118e-03
1.175000000000000000e+01 5.229941450403473302e-03 9.005539993275711586e-03
1.180000000000000071e+01 4.433313451278396086e-03 8.395161017834468220e-03
1.184999999999999964e+01 4.178506601357059869e-03 7.876269803168049408e-03
1.190000000000000036e+01 4.380509372466550103e-03 7.392871710329942080e-03
1.194999999999999929e+01 4.687378489197996205e-03 7.102788603806519177e-03
1.200000000000000000e+01 4.642508537640031505e-03 7.188503583466820598e-03
1.205000000000000071e+01 3.865110944637405784e-03 7.426102624002379679e-03
1.209999999999999964e+01 2.300014642277212282e-03 7.296445994927846200e-03
1.215000000000000036e+01 1.948331000685999141e-04 6.593271407097967690e-03
1.219999999999999929e+01 -1.962870695557957391e-03 5.802144873997676713e-03
1.225000000000000000e+01 -3.634601185631426788e-03 5.982677458430414770e-03
1.230000000000000071e+01 -4.450302100291585530e-03 7.364199543993968020e-03
1.234999999999999964e+01 -4.366794669204144587e-03 8.967046342704539444e-03
1.240000000000000036e+01 -3.696381483744799745e-03 9.937473772795808735e-03
1.244999999999999929e+01 -2.988319661392741054e-03 9.948272530811803557e-03
1.250000000000000000e+01 -2.805966242638195142e-03 9.249878011367335465e-03
1.255000000000000071e+01 -3.486412928002201490e-03 8.755471985894701728e-03
1.259999999999999964e+01 -4.979087023041361450e-03 9.458399565558640865e-03
1.265000000000000036e+01 -6.830689293697993908e-03 1.101723083443560507e-02
1.269999999999999929e+01 -8.327350925400602358e-03 1.208944236394429023e-02
1.275000000000000000e+01 -8.743536455452801878e-03 1.165560103179714459e-02
1.280000000000000071e+01 -7.605469102600399649e-03 9.582443228356204989e-03
1.284999999999999964e+01 -4.871184522650198918e-03 7.096159996221438129e-03
1.290000000000000036e+01 -9.615933396080004201e-04 7.090072957969401936e-03
1.294999999999999929e+01 3.366152444502997637e-03 9.642342792722297454e-03
1.300000000000000000e+01 7.253001427260764335e-03 1.179051694502462194e-02
1.305000000000000071e+01 1.002622085511239297e-02 1.214805099978506428e-02
1.309999999999999964e+01 1.128740808450641453e-02 1.063995595335826515e-02
1.315000000000000036e+01 1.105373620764888917e-02 8.136818342964358824e-03
1.319999999999999929e+01 9.659521879240032249e-03 6.122067578986149089e-03
1.325000000000000000e+01 7.592436308873585712e-03 5.644631415999076113e-03
1.330000000000000071e+01 5.314839942827731707e-03 5.877048035809403354e-03
1.334999999999999964e+01 3.139147352338906433e-03 5.817073704737276210e-03
1.340000000000000036e+01 1.194980193976099940e-03 5.522059681651750838e-03
1.344999999999999929e+01 -5.174350001187792356e-04 5.359706806303455098e-03
1.350000000000000000e+01 -2.029539467932204612e-03 5.293846035964101110e-03
1.355000000000000071e+01 -3.318833708367391420e-03 5.164548986189862120e-03
1.359999999999999964e+01 -4.279875211640991016e-03 5.207028239812734605e-03
1.365000000000000036e+01 -4.764895329045107895e-03 5.667891700459949146e-03
1.369999999999999929e+01 -4.671160543921405034e-03 6.176587608024705113e-03
1.375000000000000000e+01 -4.028259140386403203e-03 6.189140208200738860e-03
1.380000000000000071e+01 -3.036995821593808844e-03 5.687706468816681495e-03
1.384999999999999964e+01 -2.032836076765198036e-03 5.330762562005006942e-03
1.390000000000000036e+01 -1.381100258677597260e-03 5.676651036336996352e-03
1.394999999999999929e+01 -1.343043146863284482e-03 6.203752051635661770e-03
1.400000000000000000e+01 -1.967404090462800733e-03 6.129166186912884604e-03
1.405000000000000071e+01 -3.061618418107799142e-03 5.406320836346836453e-03
1.409999999999999964e+01 -4.230540511128155941e-03 4.852712789714417468e-03
1.415000000000000036e+01 -5.005081290444597826e-03 5.318327386886761640e-03
1.419999999999999929e+01 -5.001786103856398560e-03 6.142812536752396968e-03
1.425000000000000000e+01 -4.050348141613728178e-03 6.296644621885255644e-03
1.430000000000000071e+01 -2.243595165019257077e-03 5.576879608353733572e-03
1.434999999999999964e+01 1.048060511107400155e-04 4.762049955812065749e-03
1.440000000000000036e+01 2.572792837896680385e-03 5.082501292613667357e-03
1.444999999999999929e+01 4.764239986394810424e-03 6.294611273429838103e-03
1.450000000000000000e+01 6.412237689323412038e-03 7.235936516609646658e-03
1.455000000000000071e+01 7.416159282397804219e-03 7.374814326658396882e-03
1.459999999999999964e+01 7.808827768295816679e-03 6.802912126415930176e-03
1.465000000000000036e+01 7.680739905613400038e-03 5.934449169516109110e-03
1.469999999999999929e+01 7.104578213620017790e-03 5.188916766433855632e-03
1.475000000000000000e+01 6.098549694003595027e-03 4.748870794924153066e-03
1.480000000000000071e+01 4.644588276583810384e-03 4.571214938599345474e-03
1.484999999999999964e+01 2.748293551519795288e-03 4.537866633131131498e-03
1.490000000000000036e+01 5.055276172480382448e-04 4.496970653079047746e-03
1.494999999999999929e+01 -1.863966537594749853e-03 4.318125220101479492e-03
1.500000000000000000e+01 -4.040766528186392516e-03 4.049111375053722657e-03
1.505000000000000071e+01 -5.689870178071849451e-03 3.969258493384177945e-03
1.509999999999999964e+01 -6.558075168797601780e-03 4.254122316438973921e-03
1.515000000000000036e+01 -6.563450574141427296e-03 4.661574821056741619e-03
1.519999999999999929e+01 -5.830739415274459499e-03 4.813517280324585389e-03
1.525000000000000000e+01 -4.652442459501368935e-03 4.572947440885885041e-03
1.530000000000000071e+01 -3.388421537298388908e-03 4.134630251777505344e-03
1.534999999999999964e+01 -2.342361756759792253e-03 3.884094509909659897e-03
1.540000000000000036e+01 -1.663818546216400737e-03 3.997984273893358080e-03
1.544999999999999929e+01 -1.314340304776800365e-03 4.239395090846058076e-03
1.550000000000000000e+01 -1.109603243930201580e-03 4.322566366823204533e-03
1.555000000000000071e+01 -8.179928057715409864e-04 4.181428422303967891e-03
1.559999999999999964e+01 -2.730455085585996636e-04 3.929107590674461858e-03
1.565000000000000036e+01 5.477090981476201957e-04 3.708614766338090042e-03
1.569999999999999929e+01 1.509880734176521130e-03 3.573192760858827106e-03
1.575000000000000000e+01 2.379321293128503021e-03 3.500496874968148792e-03
1.580000000000000071e+01 2.923675500112797240e-03 3.489355243896122890e-03
1.584999999999999964e+01 3.014566015516403474e-03 3.579956063953150958e-03
1.590000000000000036e+01 2.686927624008604316e-03 3.770931936395309752e-03
1.594999999999999929e+01 2.130396930925044629e-03 3.966646655115689014e-03
1.600000000000000000e+01 1.616084008516358462e-03 4.038066966972403936e-03
1.605000000000000071e+01 1.409696102064540626e-03 3.923452559067318497e-03
1.610000000000000142e+01 1.592816765436798300e-03 3.709942444812224308e-03
1.614999999999999858e+01 2.101725549620401309e-03 3.618704709597264559e-03
1.619999999999999929e+01 2.716888294144642873e-03 3.850038027498752045e-03
1.625000000000000000e+01 3.141224534837950156e-03 4.354395044133809074e-03
1.630000000000000071e+01 3.107831813706597897e-03 4.876946904434676516e-03
1.635000000000000142e+01 2.475679588434405963e-03 5.161000012128607803e-03
1.639999999999999858e+01 1.278088672264401189e-03 5.046572255355495466e-03
1.644999999999999929e+01 -2.913128706326399892e-04 4.512260333384075263e-03
1.650000000000000000e+01 -1.945710563574998969e-03 3.740645943349932365e-03
1.655000000000000071e+01 -3.396462741847205025e-03 3.206905300008258599e-03
1.660000000000000142e+01 -4.433304765165995559e-03 3.413661845905721897e-03
1.664999999999999858e+01 -4.966022705725525385e-03 4.114469262595185119e-03
1.669999999999999929e+01 -5.018410730259879535e-03 4.695747937287705030e-03
1.675000000000000000e+01 -4.685359403025323236e-03 4.827341735870563887e-03
1.680000000000000071e+01 -4.077296023788708201e-03 4.495114786355895037e-03
1.685000000000000142e+01 -3.277865129061186683e-03 3.916348426752301083e-03
1.689999999999999858e+01 -2.331042365075726777e-03 3.407548275978335931e-03
1.694999999999999929e+01 -1.258058516078001347e-03 3.168495109627748624e-03
1.700000000000000000e+01 -9.011499163539990432e-05 3.160105983372067228e-03
1.705000000000000071e+01 1.089944482140803870e-03 3.274907392623119858e-03
1.710000000000000142e+01 2.188078446923807409e-03 3.480364564236007856e-03
1.714999999999999858e+01 3.079090422106502134e-03 3.710659072986869852e-03
1.719999999999999929e+01 3.648101555814601323e-03 3.816612792086995429e-03
1.725000000000000000e+01 3.829296650585328060e-03 3.685029339515778594e-03
1.730000000000000071e+01 3.630568272098546635e-03 3.367284320193221232e-03
1.735000000000000142e+01 3.132621881965601176e-03 3.094521132269498556e-03
1.739999999999999858e+01 2.462596848629999228e-03 3.091193019744784692e-03
1.744999999999999929e+01 1.753399504199176871e-03 3.303360199910548595e-03
1.750000000000000000e+01 1.105678640861879536e-03 3.499234865658391695e-03
1.755000000000000071e+01 5.673076150876986239e-04 3.547253506297597808e-03
1.760000000000000142e+01 1.366268527307999421e-04 3.476486862686895864e-03
1.764999999999999858e+01 -2.152617414980008696e-04 3.397350091914103001e-03
1.769999999999999929e+01 -5.160513654537194879e-04 3.399453937782494217e-03
1.775000000000000000e+01 -7.722967374847993643e-04 3.491105031547836381e-03
1.780000000000000071e+01 -9.673824355660988429e-04 3.604099358724485377e-03
1.785000000000000142e+01 -1.077183262087418394e-03 3.636461364483565412e-03
1.789999999999999858e+01 -1.093926547702998246e-03 3.511716815644850068e-03
1.794999999999999929e+01 -1.044242447011799885e-03 3.249222562417493614e-03
1.800000000000000000e+01 -9.898001233736004965e-04 3.011134715480736235e-03
1.805000000000000071e+01 -1.015539399081861072e-03 3.017903311117496514e-03
1.810000000000000142e+01 -1.164713132739664692e-03 3.298509356330740772e-03
1.814999999999999858e+01 -1.442972119251659160e-03 3.628697175959896132e-03
1.819999999999999929e+01 -1.789193517992995839e-03 3.799444691252233317e-03
1.825000000000000000e+01 -2.084728099761419713e-03 3.760369952675523056e-03
1.830000000000000071e+01 -2.188175461937794542e-03 3.599294232753855530e-03
1.835000000000000142e+01 -1.984130677668386432e-03 3.444573965749122852e-03
1.839999999999999858e+01 -1.427759316170710505e-03 3.351408375581865252e-03
1.844999999999999929e+01 -5.678186750830199660e-04 3.273625107857250534e-03
1.850000000000000000e+01 4.613577926881214900e-04 3.143260483705666818e-03
1.855000000000000071e+01 1.476591762546799330e-03 2.948233170664685265e-03
1.860000000000000142e+01 2.298133272459903977e-03 2.745410526926421978e-03
1.864999999999999858e+01 2.798795290515986023e-03 2.624129157060662437e-03
1.869999999999999929e+01 2.933198368203574977e-03 2.638789311260731057e-03
1.875000000000000000e+01 2.738704398660364928e-03 2.757404269093854596e-03
1.880000000000000071e+01 2.310720522917928191e-03 2.889631502541627813e-03
1.885000000000000142e+01 1.764315008427359312e-03 2.957468509544584467e-03
1.889999999999999858e+01 1.197883933251200125e-03 2.934256565081088362e-03
1.894999999999999929e+01 6.717859793333207574e-04 2.840481651299274664e-03
1.900000000000000000e+01 2.070969594495998848e-04 2.720664191756599990e-03
1.905000000000000071e+01 -1.972858517802010927e-04 2.633540309870308852e-03
1.910000000000000142e+01 -5.502276967678009292e-04 2.649283468110211724e-03
1.914999999999999858e+01 -8.489440855637976060e-04 2.815064670446787432e-03
1.919999999999999929e+01 -1.076012037097600705e-03 3.077510198541724609e-03
1.925000000000000000e+01 -1.209199982021999737e-03 3.286506804956391709e-03
1.930000000000000071e+01 -1.238023532966237971e-03 3.294167118348734647e-03
1.935000000000000142e+01 -1.177084358334195766e-03 3.056428638282885236e-03
1.939999999999999858e+01 -1.067812425415400621e-03 2.704011552937817583e-03
1.944999999999999929e+01 -9.659469557393295536e-04 2.541205941567021339e-03
1.950000000000000000e+01 -9.192202616643980464e-04 2.779436589534196346e-03
1.955000000000000071e+01 -9.449090416061993502e-04 3.236772518620300524e-03
1.960000000000000142e+01 -1.017764725648739443e-03 3.609719320961110069e-03
1.964999999999999858e+01 -1.074885544147640825e-03 3.742813381079281194e-03
1.969999999999999929e+01 -1.037049633779131997e-03 3.638344167749283601e-03
1.975000000000000000e+01 -8.389555114765998500e-04 3.395533884801839927e-03
1.980000000000000071e+01 -4.567747210255999717e-04 3.133155820288108587e-03
1.985000000000000142e+01 7.785691004519967428e-05 2.919357916476739579e-03
1.989999999999999858e+01 6.831146854643283840e-04 2.755362664330602597e-03
1.994999999999999929e+01 1.249799086748259840e-03 2.623300684652469551e-03
2.000000000000000000e+01 1.673334473979326336e-03 2.533017936236203835e-03
