# # k	<chi>	std
0.000000000000000000e+00 5.132628706198509583e-02 3.948974917278143537e-01
5.000000000000000278e-02 3.588880709278002151e-02 3.892346546926127582e-01
1.000000000000000056e-01 2.209931932594996762e-02 3.843329143925734992e-01
1.499999999999999944e-01 -1.995532805245597840e-02 3.692257044682515366e-01
2.000000000000000111e-01 -6.315696933134794244e-02 3.535347887788232168e-01
2.500000000000000000e-01 -1.361212511365285649e-01 3.265446440049815102e-01
2.999999999999999889e-01 -2.104888633788739860e-01 2.985521285039792749e-01
3.499999999999999778e-01 -3.124885485530198292e-01 2.592260664970205686e-01
4.000000000000000222e-01 -4.126407355465199767e-01 2.198614159628079212e-01
4.500000000000000111e-01 -5.306987821243588366e-01 1.729303051771985955e-01
5.000000000000000000e-01 -6.379689458115993528e-01 1.325986588869580152e-01
5.500000000000000444e-01 -7.447181378500022930e-01 1.040970505153905462e-01
5.999999999999999778e-01 -8.266220832599994184e-01 1.081748188936113297e-01
6.500000000000000222e-01 -8.842406649800009788e-01 1.409882444196319251e-01
6.999999999999999556e-01 -9.029057713999995016e-01 1.814510057401830245e-01
7.500000000000000000e-01 -8.771993379400008228e-01 2.215589942281028513e-01
8.000000000000000444e-01 -8.075984939400016049e-01 2.517872688938294079e-01
8.499999999999999778e-01 -6.892745110200011460e-01 2.707977695346185376e-01
9.000000000000000222e-01 -5.400617329000011457e-01 2.755889941336943094e-01
9.499999999999999556e-01 -3.615380047491004722e-01 2.656858402387743401e-01
1.000000000000000000e+00 -1.835415006899792922e-01 2.436405170791658414e-01
1.050000000000000044e+00 -1.384297252879998670e-02 2.105739803912052566e-01
1.100000000000000089e+00 1.188877936247759448e-01 1.730810002030176153e-01
1.149999999999999911e+00 2.076933599044843981e-01 1.339608455367471973e-01
1.199999999999999956e+00 2.401847617889405762e-01 1.000423961057986810e-01
1.250000000000000000e+00 2.189902833300000629e-01 7.389757080316670945e-02
1.300000000000000044e+00 1.547650427119997008e-01 5.746738069363348939e-02
1.350000000000000089e+00 6.158459679798385100e-02 4.866766698053649060e-02
1.399999999999999911e+00 -3.508025289341196173e-02 4.282338573727650227e-02
1.449999999999999956e+00 -1.185624827409200582e-01 3.642392723598446985e-02
1.500000000000000000e+00 -1.676222114090399062e-01 2.785108574443610069e-02
1.550000000000000044e+00 -1.761448167739999571e-01 2.360090632031525831e-02
1.600000000000000089e+00 -1.427093799913997096e-01 3.692619442894092691e-02
1.649999999999999911e+00 -7.684282768489730797e-02 6.175911269506910439e-02
1.699999999999999956e+00 4.298158850599991324e-03 8.538547843262819792e-02
1.750000000000000000e+00 8.501818524618164064e-02 1.023271049091904611e-01
1.800000000000000044e+00 1.463070545331341399e-01 1.052546069181864441e-01
1.850000000000000089e+00 1.818095690839999501e-01 9.340461597972163355e-02
1.899999999999999911e+00 1.861677903699994197e-01 6.747865260265073495e-02
1.949999999999999956e+00 1.677803322199996616e-01 3.324449119776920480e-02
2.000000000000000000e+00 1.340223103259997606e-01 1.229657273264697301e-02
2.049999999999999822e+00 9.841620741200020339e-02 3.874589423038259789e-02
2.100000000000000089e+00 6.776966083468168034e-02 5.516056328861412145e-02
2.149999999999999911e+00 4.710920711910886877e-02 5.516654883563851253e-02
2.200000000000000178e+00 3.589704211254386018e-02 4.243766684600671496e-02
2.250000000000000000e+00 2.538772998618379212e-02 2.300268116267078014e-02
2.299999999999999822e+00 1.560946666608593360e-02 7.954264186157489550e-03
2.350000000000000089e+00 5.551523215390761698e-03 6.537152354302050439e-03
2.399999999999999911e+00 -4.531373443615776056e-03 6.476648031844194596e-03
2.450000000000000178e+00 -1.048200925580683798e-02 4.905347667361244397e-03
2.500000000000000000e+00 -1.465580197920000709e-02 4.228257368773882113e-03
2.549999999999999822e+00 -1.675855621340004847e-02 6.869570346035604874e-03
2.600000000000000089e+00 -1.667612921567997869e-02 9.594084649760518946e-03
2.649999999999999911e+00 -1.670393972230957425e-02 1.081113911807500896e-02
2.700000000000000178e+00 -1.543152969208975642e-02 1.074880704927925340e-02
2.750000000000000000e+00 -1.321813522687306786e-02 9.585721252997952621e-03
2.799999999999999822e+00 -1.049780560457625432e-02 7.864886074820951270e-03
2.850000000000000089e+00 -8.652039443223789525e-03 6.362956373105383735e-03
2.899999999999999911e+00 -6.204414142940805135e-03 5.326489746713688501e-03
2.950000000000000178e+00 -3.279888475321938394e-03 5.017868424218024405e-03
3.000000000000000000e+00 -5.134885659359995615e-05 5.552419473099932772e-03
3.049999999999999822e+00 3.456840938073976657e-03 6.189341191309405063e-03
3.100000000000000089e+00 6.752986733332111934e-03 7.068415627320450562e-03
3.149999999999999911e+00 9.196494178611173964e-03 7.522333073450974440e-03
3.200000000000000178e+00 1.021692110572502803e-02 6.981964896382451130e-03
3.250000000000000000e+00 9.147643157895825328e-03 5.025871671626534233e-03
3.299999999999999822e+00 6.398064705600801060e-03 2.749744816695931082e-03
3.350000000000000089e+00 2.447241869299684059e-03 3.166177508627964887e-03
3.399999999999999911e+00 -1.948028900628004986e-03 5.908306916705511301e-03
3.450000000000000178e+00 -6.103529985733022016e-03 8.422113729743734359e-03
3.500000000000000000e+00 -8.613288640003805355e-03 9.586874644083922051e-03
3.549999999999999822e+00 -8.892636181427653053e-03 9.227774291308660573e-03
3.600000000000000089e+00 -6.869376819250843334e-03 7.631647330418330800e-03
3.649999999999999911e+00 -2.831386701028541179e-03 5.413577618508401759e-03
3.700000000000000178e+00 2.300858364287774668e-03 3.241709559985323039e-03
3.750000000000000000e+00 7.272938735665986955e-03 2.175859079734462562e-03
3.799999999999999822e+00 1.082504735120000047e-02 2.446738360688722330e-03
3.850000000000000089e+00 1.208196865816001456e-02 2.871075096954785622e-03
3.899999999999999911e+00 1.040182811074401303e-02 2.982721044774825584e-03
3.950000000000000178e+00 5.992307410388003630e-03 2.739599906696153168e-03
4.000000000000000000e+00 -2.290413663856000323e-04 2.411485017592057689e-03
4.049999999999999822e+00 -7.359200668346030198e-03 3.036396540981498113e-03
4.099999999999999645e+00 -1.362252972520001069e-02 5.055685561799048121e-03
4.150000000000000355e+00 -1.775399097780001531e-02 7.382995620574906402e-03
4.200000000000000178e+00 -1.899851214900001584e-02 8.877405801050080106e-03
4.250000000000000000e+00 -1.743380636959998217e-02 9.228664042945177934e-03
4.299999999999999822e+00 -1.331036153320004634e-02 7.710481793886003743e-03
4.349999999999999645e+00 -7.736516330727988972e-03 4.401170173445638316e-03
4.400000000000000355e+00 -1.905966103284044118e-03 2.188533975014305289e-03
4.450000000000000178e+00 3.086027375715596089e-03 6.252688766819174300e-03
4.500000000000000000e+00 6.664861280521597493e-03 1.068824238037612354e-02
4.549999999999999822e+00 8.716471419180018762e-03 1.406134199928302762e-02
4.599999999999999645e+00 9.594732107064407600e-03 1.596899407842146054e-02
4.650000000000000355e+00 9.906684180946579571e-03 1.650685504253055283e-02
4.700000000000000178e+00 1.025574580653242085e-02 1.613829963780411339e-02
4.750000000000000000e+00 1.089076019751297059e-02 1.532097801022755390e-02
4.799999999999999822e+00 1.164434517711039271e-02 1.434981799222506856e-02
4.849999999999999645e+00 1.213555189073336170e-02 1.316884314686849258e-02
4.900000000000000355e+00 1.171465827144427783e-02 1.148555244593443131e-02
4.950000000000000178e+00 9.975102655996223935e-03 8.936554713745888112e-03
5.000000000000000000e+00 6.944978572765424588e-03 5.645732565039954590e-03
5.049999999999999822e+00 3.255592959195599545e-03 4.731549988070685858e-03
5.099999999999999645e+00 -2.513032955592995579e-04 9.489720910695135722e-03
5.150000000000000355e+00 -2.596608711957202643e-03 1.558547941567150867e-02
5.200000000000000178e+00 -3.095269101440004719e-03 2.096290800953522215e-02
5.250000000000000000e+00 -1.666259141399998710e-03 2.457774210023835199e-02
5.299999999999999822e+00 9.989200362000025604e-04 2.588851561078662003e-02
5.349999999999999645e+00 3.672773714199995855e-03 2.496781027239368400e-02
5.400000000000000355e+00 4.914325153280002176e-03 2.236373466296756943e-02
5.450000000000000178e+00 3.566343756295005819e-03 1.874861091358121651e-02
5.500000000000000000e+00 -8.238198508539975500e-04 1.489771171082867815e-02
5.549999999999999822e+00 -7.789332329373218310e-03 1.127226579351431161e-02
5.599999999999999645e+00 -1.599381201308339856e-02 8.199157942660167259e-03
5.650000000000000355e+00 -2.349065546400003895e-02 6.054041699078028561e-03
5.700000000000000178e+00 -2.845283116400000936e-02 5.299109998777027861e-03
5.750000000000000000e+00 -2.953303357140002125e-02 5.545433814766726963e-03
5.799999999999999822e+00 -2.628760089105596637e-02 6.125924481539501455e-03
5.849999999999999645e+00 -1.924132620444403419e-02 7.041225676155333027e-03
5.900000000000000355e+00 -9.913167467539977726e-03 8.637522524442223931e-03
5.950000000000000178e+00 -1.668802187725999179e-04 1.093331060900296081e-02
6.000000000000000000e+00 8.200501366202962716e-03 1.373217807230926214e-02
6.049999999999999822e+00 1.391220768812141337e-02 1.688163881077357764e-02
6.099999999999999645e+00 1.633502569961516049e-02 2.041938111765961850e-02
6.150000000000000355e+00 1.571617066385731440e-02 2.432328791904965828e-02
6.200000000000000178e+00 1.289494806288799672e-02 2.832046475306963795e-02
6.250000000000000000e+00 8.994783781600009659e-03 3.178338326484102250e-02
6.299999999999999822e+00 5.108800381999993416e-03 3.379600595632879789e-02
6.349999999999999645e+00 2.070658799999994595e-03 3.338221133737447749e-02
6.400000000000000355e+00 3.555081539999999660e-04 2.983099705688835659e-02
6.450000000000000178e+00 1.017528038000001765e-04 2.302137761728398693e-02
6.500000000000000000e+00 1.204267344073996042e-03 1.376591453238663020e-02
6.549999999999999822e+00 3.439396757015103327e-03 6.365683905341742999e-03
6.599999999999999645e+00 6.406539207620797448e-03 1.330423814518585414e-02
6.650000000000000355e+00 9.691241740702237137e-03 2.351353300447852485e-02
6.700000000000000178e+00 1.282631843698000922e-02 3.210630507497557601e-02
6.750000000000000000e+00 1.529236118640000391e-02 3.832712541442574727e-02
6.799999999999999822e+00 1.655208944579998273e-02 4.222498478320302340e-02
6.849999999999999645e+00 1.613072399000000864e-02 4.416758863618196196e-02
6.900000000000000355e+00 1.372751247999999015e-02 4.449728164210182968e-02
6.950000000000000178e+00 9.322226344000024076e-03 4.328230920639388607e-02
7.000000000000000000e+00 3.234775052000000723e-03 4.022786961321252186e-02
7.049999999999999822e+00 -3.921685617000006049e-03 3.468757782387627692e-02
7.099999999999999645e+00 -1.119971174635598678e-02 2.644147261060757897e-02
7.150000000000000355e+00 -1.767089515178616246e-02 1.598045589058650490e-02
7.200000000000000178e+00 -2.251803730178541726e-02 8.349633226185268833e-03
7.250000000000000000e+00 -2.517459888446625660e-02 1.631928737054490902e-02
7.299999999999999822e+00 -2.540761714290144108e-02 2.792060244890776088e-02
7.349999999999999645e+00 -2.333453348612365627e-02 3.689094147087714631e-02
7.400000000000000355e+00 -1.938210053006781189e-02 4.160487083836802297e-02
7.450000000000000178e+00 -1.420522477785397288e-02 4.192880970598322071e-02
7.500000000000000000e+00 -8.583646408400005118e-03 3.892254835013187614e-02
7.549999999999999822e+00 -3.336843543399987261e-03 3.433281665986039066e-02
7.599999999999999645e+00 8.655117639999993472e-04 3.014159740335774912e-02
7.650000000000000355e+00 3.581741498799994629e-03 2.761710752067582722e-02
7.700000000000000178e+00 4.695968948199986427e-03 2.693799904482856861e-02
7.750000000000000000e+00 4.470166205399999336e-03 2.718924999926423253e-02
7.799999999999999822e+00 3.526016715400000830e-03 2.674547827346461168e-02
7.849999999999999645e+00 2.736722818180005543e-03 2.390657671015761904e-02
7.900000000000000355e+00 3.030493709448194191e-03 1.773760374253606845e-02
7.950000000000000178e+00 5.138156489894419796e-03 1.005211833659811621e-02
8.000000000000000000e+00 9.346264998450372688e-03 1.326772539672398631e-02
8.050000000000000711e+00 1.529058413373519769e-02 2.638399307826825788e-02
8.099999999999999645e+00 2.205603736121998851e-02 3.967285515439370608e-02
8.150000000000000355e+00 2.820773365425999907e-02 4.993849937830163038e-02
8.199999999999999289e+00 3.216212448924807288e-02 5.560300317683782023e-02
8.250000000000000000e+00 3.258893359757801533e-02 5.620022595934471427e-02
8.300000000000000711e+00 2.877918476124795635e-02 5.220501023796188245e-02
8.349999999999999645e+00 2.086934835413200434e-02 4.473239603708124845e-02
8.400000000000000355e+00 9.851038979100015802e-03 3.519210517020780055e-02
8.449999999999999289e+00 -2.641089816625401959e-03 2.505992628277765172e-02
8.500000000000000000e+00 -1.470446600023898528e-02 1.608314162929908725e-02
8.550000000000000711e+00 -2.462559797452898436e-02 1.172430065918446222e-02
8.599999999999999645e+00 -3.110240619943397886e-02 1.516865878980433804e-02
8.650000000000000355e+00 -3.369964555930406169e-02 2.186962011482277909e-02
8.699999999999999289e+00 -3.275978367280417414e-02 2.842808792270879598e-02
8.750000000000000000e+00 -2.919109818984201229e-02 3.357567175115173247e-02
8.800000000000000711e+00 -2.414855655250481084e-02 3.662657833676526142e-02
8.849999999999999645e+00 -1.871768998780001109e-02 3.731649402557045414e-02
8.900000000000000355e+00 -1.368858344894397817e-02 3.588216188498988268e-02
8.949999999999999289e+00 -9.459493037620019321e-03 3.300748611715972197e-02
9.000000000000000000e+00 -6.060965404940007496e-03 2.957307060198773041e-02
9.050000000000000711e+00 -3.223519224903989740e-03 2.630356618030138191e-02
9.099999999999999645e+00 -5.762385626993998464e-04 2.343158867393146591e-02
9.150000000000000355e+00 2.219536199814003269e-03 2.072744219504810484e-02
9.199999999999999289e+00 5.384529204674005053e-03 1.762678173171358664e-02
9.250000000000000000e+00 8.996119512061195866e-03 1.365096004437063235e-02
9.300000000000000711e+00 1.299469955067261533e-02 9.574847522971078814e-03
9.349999999999999645e+00 1.719228020074600738e-02 1.032903644085284359e-02
9.400000000000000355e+00 2.127005319190198099e-02 1.778499724533985638e-02
9.449999999999999289e+00 2.477566201383784097e-02 2.717569227751771496e-02
9.500000000000000000e+00 2.714726147825636052e-02 3.573042548711938271e-02
9.550000000000000711e+00 2.780660307405003265e-02 4.186745702497251392e-02
9.599999999999999645e+00 2.622754582236192303e-02 4.457961856963951058e-02
9.650000000000000355e+00 2.215429243820001698e-02 4.364162195736210476e-02
9.699999999999999289e+00 1.571092093310195309e-02 3.945421435966971202e-02
9.750000000000000000e+00 7.464253229027995908e-03 3.282393861433195725e-02
9.800000000000000711e+00 -1.627482488683597685e-03 2.473923610271346399e-02
9.849999999999999645e+00 -1.038694341290597768e-02 1.633334341475571605e-02
9.900000000000000355e+00 -1.767367606968600971e-02 9.570384131874004260e-03
9.949999999999999289e+00 -2.265094719979802648e-02 9.121572859077352324e-03
1.000000000000000000e+01 -2.497876347363004942e-02 1.410667796180254882e-02
1.005000000000000071e+01 -2.490727005598599580e-02 1.951718994989662045e-02
1.009999999999999964e+01 -2.303674408757725584e-02 2.393329640204739164e-02
1.015000000000000036e+01 -2.022556837221923046e-02 2.715618860357541312e-02
1.019999999999999929e+01 -1.726469394545460459e-02 2.921084388696851969e-02
1.025000000000000000e+01 -1.464156774947162135e-02 3.008373471729956783e-02
1.030000000000000071e+01 -1.242705037668400889e-02 2.969577610798899980e-02
1.034999999999999964e+01 -1.031882939859997753e-02 2.800012546218466278e-02
1.040000000000000036e+01 -7.818702647769968164e-03 2.507687223817842842e-02
1.044999999999999929e+01 -4.474199277825999937e-03 2.114553179580394224e-02
1.050000000000000000e+01 -9.455167620399992229e-05 1.652316643109478025e-02
1.055000000000000071e+01 5.135985703039326437e-03 1.167280104985704559e-02
1.059999999999999964e+01 1.068388734486347587e-02 7.769939955651535349e-03
1.065000000000000036e+01 1.581551047485594413e-02 7.883743255146518844e-03
1.069999999999999929e+01 1.981032690168081992e-02 1.211153207109389417e-02
1.075000000000000000e+01 2.215959145687416629e-02 1.728972807821212501e-02
1.080000000000000071e+01 2.268275479685715260e-02 2.190695789635369040e-02
1.084999999999999964e+01 2.152920575475718995e-02 2.520760964065417442e-02
1.090000000000000036e+01 1.907763180018684848e-02 2.676687205806289882e-02
1.094999999999999929e+01 1.578174835911000731e-02 2.646700397100012689e-02
1.100000000000000000e+01 1.202600305955500715e-02 2.449345253873976350e-02
1.105000000000000071e+01 8.048732620559984757e-03 2.131493780588684939e-02
1.109999999999999964e+01 3.911619821479990662e-03 1.741087814930116287e-02
1.115000000000000036e+01 -3.719838031520008442e-04 1.333759877924368779e-02
1.119999999999999929e+01 -4.755406820777386377e-03 9.600751546491334207e-03
1.125000000000000000e+01 -9.079432155241023289e-03 6.758572367221098165e-03
1.130000000000000071e+01 -1.305308465880593814e-02 5.699908347766778974e-03
1.134999999999999964e+01 -1.630364113817411170e-02 6.935209817875443057e-03
1.140000000000000036e+01 -1.847490222192398751e-02 9.615207779465929916e-03
1.144999999999999929e+01 -1.933276369309626722e-02 1.294155214456465738e-02
1.150000000000000000e+01 -1.883497269627307583e-02 1.640815500000866733e-02
1.155000000000000071e+01 -1.713767708965586653e-02 1.948310828900822606e-02
1.159999999999999964e+01 -1.453769685999996807e-02 2.159949021580269760e-02
1.165000000000000036e+01 -1.137520521928803846e-02 2.229426933116941331e-02
1.169999999999999929e+01 -7.936263311188018754e-03 2.135007333128101370e-02
1.175000000000000000e+01 -4.392969944207997419e-03 1.886611505575618367e-02
1.180000000000000071e+01 -8.022226150340010546e-04 1.524114867756950521e-02
1.184999999999999964e+01 2.840420417585806396e-03 1.111311749318138857e-02
1.190000000000000036e+01 6.517526612222609463e-03 7.407746354527935430e-03
1.194999999999999929e+01 1.011431206142596184e-02 5.709360238504596410e-03
1.200000000000000000e+01 1.338448458179601099e-02 6.965845519143818235e-03
1.205000000000000071e+01 1.600552732669603337e-02 9.443892095746657736e-03
1.209999999999999964e+01 1.754715463749199553e-02 1.185872973978048701e-02
1.215000000000000036e+01 1.770928938819002485e-02 1.382891662022678672e-02
1.219999999999999929e+01 1.637335868175801915e-02 1.519998951496028504e-02
1.225000000000000000e+01 1.365141423699465194e-02 1.584988105517934343e-02
1.230000000000000071e+01 9.875093511163987592e-03 1.567939061727164837e-02
1.234999999999999964e+01 5.528893161068266365e-03 1.467027053580316660e-02
1.240000000000000036e+01 1.148787645922399840e-03 1.294909502693203721e-02
1.244999999999999929e+01 -2.784483001532606864e-03 1.080894869148879556e-02
1.250000000000000000e+01 -5.929644211927408322e-03 8.660452506151196383e-03
1.255000000000000071e+01 -8.128200482934997903e-03 6.906022070657213963e-03
1.259999999999999964e+01 -9.401505734014988652e-03 5.778670961784829370e-03
1.265000000000000036e+01 -9.908637702362985133e-03 5.314326259579321872e-03
1.269999999999999929e+01 -9.880517622455609744e-03 5.553578709856658684e-03
1.275000000000000000e+01 -9.548836420644810433e-03 6.567055096847306678e-03
1.280000000000000071e+01 -9.086712229146405237e-03 8.201632049362613322e-03
1.284999999999999964e+01 -8.573125483580829043e-03 1.008372488259755631e-02
1.290000000000000036e+01 -7.986762535549392708e-03 1.179377613725243572e-02
1.294999999999999929e+01 -7.228262935939670439e-03 1.295850627052607361e-02
1.300000000000000000e+01 -6.163897424532343086e-03 1.329647457857104260e-02
1.305000000000000071e+01 -4.666510292376004065e-03 1.268024214348944557e-02
1.309999999999999964e+01 -2.709224248965997651e-03 1.114233826220272991e-02
1.315000000000000036e+01 -3.442443948467989261e-04 8.944262448347098729e-03
1.319999999999999929e+01 2.275862023405825479e-03 6.592106756993707656e-03
1.325000000000000000e+01 4.915000465710805087e-03 4.906971445065476216e-03
1.330000000000000071e+01 7.295155729606453594e-03 4.734289655515214190e-03
1.334999999999999964e+01 9.153108127597245347e-03 5.685729182199748821e-03
1.340000000000000036e+01 1.029599088536705190e-02 6.790929350139380399e-03
1.344999999999999929e+01 1.063794654403820393e-02 7.630121176574755811e-03
1.350000000000000000e+01 1.020559700013735048e-02 8.124944207376479099e-03
1.355000000000000071e+01 9.111248124173028373e-03 8.306669778880558172e-03
1.359999999999999964e+01 7.505537994946985536e-03 8.234465962085827512e-03
1.365000000000000036e+01 5.530030087878394680e-03 7.957831649628238635e-03
1.369999999999999929e+01 3.290572654304809840e-03 7.483155706633010801e-03
1.375000000000000000e+01 8.630426803992015611e-04 6.772281639774412054e-03
1.380000000000000071e+01 -1.672301167080399165e-03 5.807912680084720454e-03
1.384999999999999964e+01 -4.186625586524398736e-03 4.707219779743219978e-03
1.390000000000000036e+01 -6.474742478752783421e-03 3.821266946964034777e-03
1.394999999999999929e+01 -8.265660754247406913e-03 3.599771934546837360e-03
1.400000000000000000e+01 -9.277977579703991159e-03 3.981161391035004278e-03
1.405000000000000071e+01 -9.333981998212026801e-03 4.446607489518084912e-03
1.409999999999999964e+01 -8.382986994372001663e-03 4.662201751961437060e-03
1.415000000000000036e+01 -6.570814822103094276e-03 4.613810120466048902e-03
1.419999999999999929e+01 -4.231538046602196027e-03 4.476225685257516872e-03
1.425000000000000000e+01 -1.818214832109402287e-03 4.459910415477190936e-03
1.430000000000000071e+01 2.149094150139996729e-04 4.672385307120554068e-03
1.434999999999999964e+01 1.543031004539200659e-03 5.083468443343215279e-03
1.440000000000000036e+01 2.069196389023838893e-03 5.573807400342723449e-03
1.444999999999999929e+01 1.952640507037598601e-03 5.966256834667916890e-03
1.450000000000000000e+01 1.551682537349395423e-03 6.055729210404081457e-03
1.455000000000000071e+01 1.296049317898039129e-03 5.683652151867019803e-03
1.459999999999999964e+01 1.530345371131599640e-03 4.846212755426436598e-03
1.465000000000000036e+01 2.383280431975399235e-03 3.833268979757434389e-03
1.469999999999999929e+01 3.710462793279277211e-03 3.366832464302791251e-03
1.475000000000000000e+01 5.133686402799962807e-03 3.968128107478994041e-03
1.480000000000000071e+01 6.165345512814397744e-03 5.014178389197996959e-03
1.484999999999999964e+01 6.375518048258603000e-03 5.786528116997070870e-03
1.490000000000000036e+01 5.543136793746791975e-03 5.981033680418932318e-03
1.494999999999999929e+01 3.737857278603942679e-03 5.588935254960295668e-03
1.500000000000000000e+01 1.304045528902584910e-03 4.802058477145384509e-03
1.505000000000000071e+01 -1.262415925369620795e-03 3.937866975414750642e-03
1.509999999999999964e+01 -3.442594670363193117e-03 3.281136961397443461e-03
1.515000000000000036e+01 -4.850542332593603921e-03 2.966078050246130637e-03
1.519999999999999929e+01 -5.338583978168992029e-03 2.866949080644878942e-03
1.525000000000000000e+01 -5.012653786497307112e-03 2.825982534095496015e-03
1.530000000000000071e+01 -4.163090987902001890e-03 2.843248349005747955e-03
1.534999999999999964e+01 -3.141687981985798878e-03 2.996083822659262406e-03
1.540000000000000036e+01 -2.233445004988200526e-03 3.270558208379243780e-03
1.544999999999999929e+01 -1.570334313623676778e-03 3.543582979838378819e-03
1.550000000000000000e+01 -1.115515577736643765e-03 3.693588552616123687e-03
1.555000000000000071e+01 -7.176851259075798508e-04 3.673595681623138126e-03
1.559999999999999964e+01 -2.079694796327397619e-04 3.516566228100440061e-03
1.565000000000000036e+01 5.035313555358006572e-04 3.304565927805041756e-03
1.569999999999999929e+01 1.372244471680422696e-03 3.120637412988628862e-03
1.575000000000000000e+01 2.227079532150759954e-03 3.005556002889926085e-03
1.580000000000000071e+01 2.837549347424315419e-03 2.957958249762073551e-03
1.584999999999999964e+01 3.011405101895827698e-03 2.983248206554504813e-03
1.590000000000000036e+01 2.681702890324676614e-03 3.122453410919742538e-03
1.594999999999999929e+01 1.946414206219361726e-03 3.394605089206854769e-03
1.600000000000000000e+01 1.042624262741400276e-03 3.714466002661498227e-03
1.605000000000000071e+01 2.692350667954397777e-04 3.908109438815167251e-03
1.610000000000000142e+01 -1.311009074447999005e-04 3.836051209886713956e-03
1.614999999999999858e+01 -6.592580590292001705e-05 3.495230204929315916e-03
1.619999999999999929e+01 3.640699335935998482e-04 3.080762913516449895e-03
1.625000000000000000e+01 8.940701134328817501e-04 2.917116866866720747e-03
1.630000000000000071e+01 1.187596567921663654e-03 3.084405271138422177e-03
1.635000000000000142e+01 9.609328945031981369e-04 3.260052691046455130e-03
1.639999999999999858e+01 9.564904052401993601e-05 3.141956797325518545e-03
1.644999999999999929e+01 -1.301384130563402585e-03 2.742354198285533624e-03
1.650000000000000000e+01 -2.913431541170997084e-03 2.437306954289340886e-03
1.655000000000000071e+01 -4.301928656496184673e-03 2.603922188752300949e-03
1.660000000000000142e+01 -5.039393336638005316e-03 2.970023368721095344e-03
1.664999999999999858e+01 -4.844116716777800181e-03 3.074717044726777218e-03
1.669999999999999929e+01 -3.672778644132600363e-03 2.900860538114214977e-03
1.675000000000000000e+01 -1.741016126025919479e-03 3.016168774056151702e-03
1.680000000000000071e+01 5.344342631935995909e-04 3.878225609663012250e-03
1.685000000000000142e+01 2.653163435661954478e-03 5.002000127650561498e-03
1.689999999999999858e+01 4.170714129365969171e-03 5.710791749623828940e-03
1.694999999999999929e+01 4.817099914590403445e-03 5.628461208841176525e-03
1.700000000000000000e+01 4.559072562133922694e-03 4.739097206424971141e-03
1.705000000000000071e+01 3.597851590857582046e-03 3.435224008201934100e-03
1.710000000000000142e+01 2.267884047573758693e-03 2.658416552606688091e-03
1.714999999999999858e+01 9.496245474166391861e-04 3.152409737725066479e-03
1.719999999999999929e+01 -4.817809550971976720e-05 3.986428771157663961e-03
1.725000000000000000e+01 -5.689850465114596563e-04 4.386198346861688684e-03
1.730000000000000071e+01 -6.339628822223806115e-04 4.246090101441083071e-03
1.735000000000000142e+01 -4.092504121393998107e-04 3.793804167260753004e-03
1.739999999999999858e+01 -1.307001393125867543e-04 3.360280302917548895e-03
1.744999999999999929e+01 -1.439671648939996276e-05 3.135319864675466337e-03
1.750000000000000000e+01 -1.837204822917200796e-04 3.060754116431459258e-03
1.755000000000000071e+01 -6.357912145702596975e-04 3.010893650680105012e-03
1.760000000000000142e+01 -1.255013119159082259e-03 2.936396926286576926e-03
1.764999999999999858e+01 -1.864659846370005612e-03 2.813631465991497157e-03
1.769999999999999929e+01 -2.294844576805002076e-03 2.600477658676160833e-03
1.775000000000000000e+01 -2.441006710256001053e-03 2.304860668395345737e-03
1.780000000000000071e+01 -2.292328656647730709e-03 2.069678136141353108e-03
1.785000000000000142e+01 -1.921991048435540148e-03 2.092395456998165371e-03
1.789999999999999858e+01 -1.446078818256181509e-03 2.350116152254032049e-03
1.794999999999999929e+01 -9.696919243138399412e-04 2.630410012057196080e-03
1.800000000000000000e+01 -5.430858579754023214e-04 2.797554647549798778e-03
1.805000000000000071e+01 -1.399780969680005716e-04 2.855587236407857409e-03
1.810000000000000142e+01 3.055107199906841454e-04 2.860889768688475426e-03
1.814999999999999858e+01 8.691291358361819897e-04 2.883374367130978142e-03
1.819999999999999929e+01 1.580780811156549861e-03 2.990888376722997989e-03
1.825000000000000000e+01 2.387177106638397640e-03 3.222910483737087984e-03
1.830000000000000071e+01 3.147035783497602584e-03 3.512775954942437724e-03
1.835000000000000142e+01 3.664356003106597568e-03 3.676557969710346312e-03
1.839999999999999858e+01 3.750414610855873788e-03 3.523611126036840097e-03
1.844999999999999929e+01 3.293161154638390379e-03 3.011101018740910702e-03
1.850000000000000000e+01 2.308334548132575780e-03 2.440827229299745438e-03
1.855000000000000071e+01 9.518118275232501178e-04 2.556226581801837594e-03
1.860000000000000142e+01 -5.141978236395824096e-04 3.481999213286153874e-03
1.864999999999999858e+01 -1.792137428580199178e-03 4.493246913607441655e-03
1.869999999999999929e+01 -2.634645795548999636e-03 5.089460810451557071e-03
1.875000000000000000e+01 -2.916205618008937267e-03 5.083722068040247635e-03
1.880000000000000071e+01 -2.666686883169594457e-03 4.525347897831283155e-03
1.885000000000000142e+01 -2.055484996184195248e-03 3.649814288292003474e-03
1.889999999999999858e+01 -1.331914088863959825e-03 2.810721900943371956e-03
1.894999999999999929e+01 -7.424325314935926361e-04 2.331060833335964720e-03
1.900000000000000000e+01 -4.528194776483993782e-04 2.220416742993956954e-03
1.905000000000000071e+01 -5.031745155330194898e-04 2.211326312886226914e-03
1.910000000000000142e+01 -8.015801649272981432e-04 2.152166924351538082e-03
1.914999999999999858e+01 -1.164195010942638752e-03 2.075668569410465090e-03
1.919999999999999929e+01 -1.385486782582900618e-03 2.045008640287805483e-03
1.925000000000000000e+01 -1.310398665448018682e-03 2.076686132383982145e-03
1.930000000000000071e+01 -8.844996653491005384e-04 2.200401708849410425e-03
1.935000000000000142e+01 -1.666163992298199032e-04 2.484398895225144524e-03
1.939999999999999858e+01 6.973311378574425113e-04 2.924007445087329574e-03
1.944999999999999929e+01 1.526835916955000469e-03 3.384376979802342696e-03
1.950000000000000000e+01 2.164941956944603507e-03 3.687518575334720276e-03
1.955000000000000071e+01 2.521195839209735504e-03 3.706998708992602018e-03
1.960000000000000142e+01 2.586114837156698598e-03 3.412668516430676646e-03
1.964999999999999858e+01 2.415676907610375158e-03 2.881117774242289951e-03
1.969999999999999929e+01 2.095675337342402678e-03 2.291755376868559718e-03
1.975000000000000000e+01 1.702393581590423786e-03 1.908664535649735308e-03
1.980000000000000071e+01 1.275767655495802519e-03 1.927875109667683256e-03
1.985000000000000142e+01 8.146289049752398950e-04 2.238570367785354745e-03
1.989999999999999858e+01 2.937578722013001295e-04 2.623781595308084889e-03
1.994999999999999929e+01 -3.065922366873999392e-04 2.981318265766877851e-03
2.000000000000000000e+01 -9.728082814105993865e-04 3.286819817058525724e-03
