# k	<chi>	std	chi_median	chi_max	chi_min
0.000000e+00	5.667389e-02	2.958811e-01	0.000000e+00	7.079862e-01	-4.120165e-01
5.000000e-02	8.594948e-02	3.976445e-01	5.187210e-02	6.928934e-01	-4.127705e-01
1.000000e-01	7.668667e-02	3.879946e-01	4.243440e-02	6.746618e-01	-4.133403e-01
1.500000e-01	4.877199e-02	3.583303e-01	1.438365e-02	6.184588e-01	-4.139915e-01
2.000000e-01	1.991805e-02	3.277488e-01	-1.419235e-02	5.633614e-01	-4.138236e-01
2.500000e-01	-2.773462e-02	2.750669e-01	-5.975804e-02	4.680257e-01	-4.100534e-01
3.000000e-01	-7.602226e-02	2.218806e-01	-1.061100e-01	3.671437e-01	-4.041616e-01
3.500000e-01	-1.403874e-01	1.489455e-01	-1.684936e-01	2.244587e-01	-3.904409e-01
4.000000e-01	-2.049411e-01	8.132166e-02	-2.199974e-01	7.461876e-02	-3.953636e-01
4.500000e-01	-2.799215e-01	6.002453e-02	-2.751055e-01	-1.101299e-01	-4.656838e-01
5.000000e-01	-3.494169e-01	1.288448e-01	-3.251090e-01	-1.154811e-01	-6.147078e-01
5.500000e-01	-4.202888e-01	2.168357e-01	-4.190369e-01	-1.017913e-01	-7.702438e-01
6.000000e-01	-4.769890e-01	2.937061e-01	-4.891974e-01	-8.626020e-02	-9.141086e-01
6.500000e-01	-5.217114e-01	3.611946e-01	-5.407938e-01	-6.824897e-02	-1.055460e+00
7.000000e-01	-5.429529e-01	4.057711e-01	-5.569419e-01	-5.180388e-02	-1.138040e+00
7.500000e-01	-5.395121e-01	4.268625e-01	-5.487159e-01	-3.381769e-02	-1.160029e+00
8.000000e-01	-5.086397e-01	4.203131e-01	-5.128659e-01	-1.555498e-02	-1.113473e+00
8.500000e-01	-4.495306e-01	3.848852e-01	-4.496821e-01	2.078616e-03	-1.001514e+00
9.000000e-01	-3.707123e-01	3.268284e-01	-3.681011e-01	1.287421e-02	-8.598967e-01
9.500000e-01	-2.753904e-01	2.472518e-01	-2.721571e-01	2.844294e-02	-6.748445e-01
1.000000e+00	-1.803335e-01	1.599545e-01	-1.820679e-01	3.316181e-02	-4.718491e-01
1.050000e+00	-9.222534e-02	6.941728e-02	-9.937873e-02	3.197292e-02	-2.586044e-01
1.100000e+00	-2.742979e-02	2.641847e-02	-2.525932e-02	3.766231e-02	-1.105901e-01
1.150000e+00	8.773953e-03	8.742869e-02	1.975554e-02	1.654987e-01	-1.276546e-01
1.200000e+00	1.088015e-02	1.329611e-01	1.919083e-02	2.377158e-01	-1.677975e-01
1.250000e+00	-1.893408e-02	1.571534e-01	-1.245525e-02	2.427808e-01	-2.249177e-01
1.300000e+00	-7.099499e-02	1.597399e-01	-6.899413e-02	1.941106e-01	-2.775399e-01
1.350000e+00	-1.347909e-01	1.454024e-01	-1.341688e-01	1.121454e-01	-3.333296e-01
1.400000e+00	-1.922017e-01	1.210776e-01	-1.958118e-01	1.726743e-02	-3.707983e-01
1.450000e+00	-2.314070e-01	9.299586e-02	-2.379922e-01	-7.012773e-02	-3.806815e-01
1.500000e+00	-2.397286e-01	6.863156e-02	-2.486110e-01	-1.221424e-01	-3.578169e-01
1.550000e+00	-2.141077e-01	5.090691e-02	-2.307675e-01	-1.292633e-01	-3.048826e-01
1.600000e+00	-1.578988e-01	4.175769e-02	-1.719391e-01	-8.629228e-02	-2.339034e-01
1.650000e+00	-7.960511e-02	3.958842e-02	-8.862878e-02	-6.140491e-03	-1.472629e-01
1.700000e+00	4.327390e-03	4.092127e-02	1.506383e-03	8.410727e-02	-6.395196e-02
1.750000e+00	8.189190e-02	4.213426e-02	7.817334e-02	1.623692e-01	1.532981e-02
1.800000e+00	1.376851e-01	3.860550e-02	1.365465e-01	2.144369e-01	7.108508e-02
1.850000e+00	1.681948e-01	2.944256e-02	1.689300e-01	2.377390e-01	1.023279e-01
1.900000e+00	1.702989e-01	1.715071e-02	1.704571e-01	2.215782e-01	1.154166e-01
1.950000e+00	1.522137e-01	1.904719e-02	1.501071e-01	2.138417e-01	1.141663e-01
2.000000e+00	1.210149e-01	3.498240e-02	1.118501e-01	1.989370e-01	6.510857e-02
2.050000e+00	8.834282e-02	5.094288e-02	7.578011e-02	1.790929e-01	1.970301e-02
2.100000e+00	6.104266e-02	5.843817e-02	5.244770e-02	1.519404e-01	-1.288627e-02
2.150000e+00	4.372495e-02	5.618405e-02	4.132788e-02	1.230266e-01	-3.512805e-02
2.200000e+00	3.585554e-02	4.639776e-02	3.580368e-02	9.686787e-02	-3.551664e-02
2.250000e+00	3.454892e-02	3.483714e-02	3.497705e-02	8.246658e-02	-2.535874e-02
2.300000e+00	3.256496e-02	2.391295e-02	3.171598e-02	6.686689e-02	-1.329315e-02
2.350000e+00	2.670951e-02	1.570943e-02	2.707794e-02	5.003087e-02	-7.190745e-03
2.400000e+00	1.651858e-02	1.067639e-02	1.718643e-02	3.475187e-02	-9.250056e-03
2.450000e+00	7.355726e-03	6.937281e-03	7.380337e-03	2.152863e-02	-1.110699e-02
2.500000e+00	-2.222790e-03	4.540389e-03	-2.032308e-03	9.856912e-03	-2.079957e-02
2.550000e+00	-1.078415e-02	3.389767e-03	-1.095724e-02	7.844739e-05	-2.771063e-02
2.600000e+00	-1.701911e-02	3.337541e-03	-1.711678e-02	-7.283239e-03	-3.146947e-02
2.650000e+00	-2.183045e-02	4.105509e-03	-2.151641e-02	-1.117373e-02	-3.439644e-02
2.700000e+00	-2.423111e-02	5.094549e-03	-2.336621e-02	-1.131617e-02	-3.664762e-02
2.750000e+00	-2.410165e-02	6.019381e-03	-2.266196e-02	-9.879134e-03	-3.792228e-02
2.800000e+00	-2.172508e-02	6.636108e-03	-1.998030e-02	-7.540679e-03	-3.598543e-02
2.850000e+00	-1.893434e-02	6.992146e-03	-1.677947e-02	-5.911203e-03	-3.291965e-02
2.900000e+00	-1.491043e-02	6.612080e-03	-1.299328e-02	-3.784580e-03	-2.803540e-02
2.950000e+00	-1.033603e-02	5.408057e-03	-9.132371e-03	-7.201076e-04	-2.362436e-02
3.000000e+00	-5.797075e-03	3.569975e-03	-5.894692e-03	2.605310e-03	-1.805181e-02
3.050000e+00	-1.781967e-03	2.202327e-03	-1.743625e-03	4.479825e-03	-1.452020e-02
3.100000e+00	1.609273e-03	3.063760e-03	1.432174e-03	9.978730e-03	-1.015527e-02
3.150000e+00	4.360827e-03	4.997200e-03	3.235485e-03	1.606111e-02	-4.832073e-03
3.200000e+00	6.623239e-03	6.403701e-03	4.604825e-03	2.043417e-02	-4.562135e-03
3.250000e+00	8.380376e-03	6.739829e-03	5.728660e-03	2.312510e-02	-4.020692e-03
3.300000e+00	1.011203e-02	5.960590e-03	7.444246e-03	2.347170e-02	-2.407926e-03
3.350000e+00	1.193498e-02	4.317089e-03	1.104600e-02	2.534330e-02	4.902885e-04
3.400000e+00	1.377231e-02	2.725199e-03	1.393124e-02	2.494301e-02	2.747591e-03
3.450000e+00	1.528423e-02	3.072833e-03	1.486394e-02	2.308779e-02	5.408779e-03
3.500000e+00	1.640471e-02	4.526495e-03	1.558618e-02	2.565132e-02	8.118329e-03
3.550000e+00	1.689069e-02	5.350476e-03	1.748286e-02	2.598393e-02	6.424069e-03
3.600000e+00	1.661296e-02	5.158006e-03	1.806347e-02	2.504259e-02	4.158137e-03
3.650000e+00	1.559572e-02	4.229035e-03	1.636426e-02	2.339171e-02	3.235446e-03
3.700000e+00	1.401380e-02	3.560534e-03	1.418615e-02	2.379122e-02	3.585006e-03
3.750000e+00	1.201356e-02	4.097897e-03	1.177152e-02	2.476072e-02	1.402829e-03
3.800000e+00	9.661100e-03	4.994564e-03	9.462549e-03	2.444249e-02	-3.360075e-03
3.850000e+00	7.020806e-03	5.348383e-03	6.941553e-03	2.239081e-02	-6.468766e-03
3.900000e+00	3.732694e-03	4.817637e-03	3.613273e-03	1.827820e-02	-8.780842e-03
3.950000e+00	-4.214689e-04	4.004035e-03	-6.246745e-04	1.231991e-02	-9.627143e-03
4.000000e+00	-5.498384e-03	4.164355e-03	-5.616220e-03	5.673425e-03	-1.494230e-02
4.050000e+00	-1.135053e-02	5.400917e-03	-1.073469e-02	2.240255e-03	-2.383595e-02
4.100000e+00	-1.757157e-02	6.538885e-03	-1.613188e-02	-3.002650e-03	-3.165505e-02
4.150000e+00	-2.331178e-02	6.837018e-03	-2.281046e-02	-9.299082e-03	-3.734834e-02
4.200000e+00	-2.761443e-02	6.166318e-03	-2.808636e-02	-1.510563e-02	-4.051952e-02
4.250000e+00	-3.001555e-02	4.833983e-03	-3.041685e-02	-1.908662e-02	-4.041094e-02
4.300000e+00	-2.983336e-02	3.374828e-03	-3.041179e-02	-2.159096e-02	-3.870779e-02
4.350000e+00	-2.705710e-02	2.544564e-03	-2.723077e-02	-1.922425e-02	-3.406861e-02
4.400000e+00	-2.217946e-02	2.549913e-03	-2.224657e-02	-1.440276e-02	-2.794328e-02
4.450000e+00	-1.632761e-02	2.845725e-03	-1.642550e-02	-9.070191e-03	-2.313580e-02
4.500000e+00	-1.010574e-02	3.325841e-03	-1.000592e-02	-1.925294e-03	-1.924355e-02
4.550000e+00	-4.207212e-03	4.254917e-03	-4.218649e-03	5.768894e-03	-1.587137e-02
4.600000e+00	1.030055e-03	5.487122e-03	1.168145e-03	1.406576e-02	-1.258658e-02
4.650000e+00	5.528602e-03	6.556660e-03	5.634007e-03	2.143415e-02	-9.918985e-03
4.700000e+00	9.898521e-03	7.108672e-03	1.010336e-02	2.707666e-02	-7.116801e-03
4.750000e+00	1.460010e-02	6.949600e-03	1.480777e-02	3.080675e-02	-3.913671e-03
4.800000e+00	1.989681e-02	6.264047e-03	2.037242e-02	3.362374e-02	-3.023869e-04
4.850000e+00	2.566107e-02	5.899831e-03	2.627223e-02	3.936396e-02	4.814205e-03
4.900000e+00	3.142176e-02	6.952611e-03	3.144919e-02	4.869213e-02	1.169354e-02
4.950000e+00	3.629698e-02	9.458744e-03	3.487116e-02	5.635625e-02	1.562510e-02
5.000000e+00	3.929916e-02	1.243764e-02	3.602247e-02	6.450910e-02	1.721780e-02
5.050000e+00	3.961950e-02	1.499765e-02	3.598976e-02	6.923815e-02	1.460717e-02
5.100000e+00	3.687723e-02	1.653154e-02	3.401291e-02	6.840402e-02	1.045764e-02
5.150000e+00	3.116390e-02	1.667119e-02	2.947909e-02	6.215305e-02	2.992258e-03
5.200000e+00	2.303699e-02	1.539935e-02	2.256367e-02	5.366087e-02	-6.116790e-03
5.250000e+00	1.330293e-02	1.313891e-02	1.296260e-02	4.200904e-02	-1.448091e-02
5.300000e+00	2.969546e-03	1.088381e-02	1.624028e-03	2.866355e-02	-2.050692e-02
5.350000e+00	-7.144315e-03	1.005472e-02	-8.043191e-03	2.023449e-02	-2.751621e-02
5.400000e+00	-1.645201e-02	1.115600e-02	-1.688583e-02	1.384109e-02	-4.240914e-02
5.450000e+00	-2.451907e-02	1.300568e-02	-2.331009e-02	7.230870e-03	-5.504131e-02
5.500000e+00	-3.112735e-02	1.444112e-02	-2.856566e-02	3.527839e-04	-6.392955e-02
5.550000e+00	-3.612236e-02	1.494582e-02	-3.285299e-02	-3.553399e-03	-6.863332e-02
5.600000e+00	-3.932311e-02	1.455444e-02	-3.658951e-02	-5.341381e-03	-7.062433e-02
5.650000e+00	-4.033593e-02	1.364058e-02	-4.014087e-02	-7.254756e-03	-6.848595e-02
5.700000e+00	-3.919177e-02	1.283734e-02	-4.055817e-02	-8.497136e-03	-6.461847e-02
5.750000e+00	-3.593401e-02	1.258572e-02	-3.625168e-02	-8.602450e-03	-6.093091e-02
5.800000e+00	-3.085162e-02	1.282021e-02	-3.003994e-02	-4.142471e-03	-6.024083e-02
5.850000e+00	-2.439678e-02	1.301171e-02	-2.260178e-02	8.060426e-04	-5.732483e-02
5.900000e+00	-1.742461e-02	1.271290e-02	-1.511408e-02	5.725180e-03	-5.092790e-02
5.950000e+00	-1.062774e-02	1.175483e-02	-8.091687e-03	9.377430e-03	-4.479352e-02
6.000000e+00	-4.500560e-03	1.034609e-02	-2.261007e-03	1.411083e-02	-3.741163e-02
6.050000e+00	7.993673e-04	8.939052e-03	2.121418e-03	1.716601e-02	-2.827584e-02
6.100000e+00	5.405974e-03	8.097400e-03	5.982317e-03	2.201377e-02	-2.128079e-02
6.150000e+00	9.710067e-03	7.935311e-03	1.041656e-02	2.766503e-02	-1.984444e-02
6.200000e+00	1.411454e-02	8.173697e-03	1.434953e-02	3.382224e-02	-1.731936e-02
6.250000e+00	1.882797e-02	8.648728e-03	1.899045e-02	4.102191e-02	-1.292976e-02
6.300000e+00	2.372922e-02	9.599377e-03	2.453121e-02	4.831435e-02	-6.827583e-03
6.350000e+00	2.835625e-02	1.141936e-02	2.924010e-02	5.478093e-02	-3.022181e-03
6.400000e+00	3.202634e-02	1.414852e-02	3.384480e-02	6.052913e-02	-3.022596e-03
6.450000e+00	3.404483e-02	1.730668e-02	3.521074e-02	6.678943e-02	-3.807527e-03
6.500000e+00	3.392646e-02	2.011409e-02	3.393412e-02	7.018175e-02	-8.450658e-03
6.550000e+00	3.149991e-02	2.167301e-02	3.448513e-02	7.009270e-02	-1.131545e-02
6.600000e+00	2.705447e-02	2.143952e-02	2.567838e-02	6.562251e-02	-1.160496e-02
6.650000e+00	2.117434e-02	1.925688e-02	1.818982e-02	5.970061e-02	-1.671507e-02
6.700000e+00	1.455238e-02	1.556527e-02	1.396504e-02	5.218242e-02	-2.457680e-02
6.750000e+00	7.787876e-03	1.157201e-02	8.188349e-03	4.124450e-02	-3.007592e-02
6.800000e+00	1.248464e-03	9.389725e-03	1.465104e-03	2.864302e-02	-3.231343e-02
6.850000e+00	-4.956788e-03	1.026858e-02	-5.821135e-03	2.224978e-02	-3.154355e-02
6.900000e+00	-1.089198e-02	1.231362e-02	-1.147241e-02	1.808510e-02	-4.235074e-02
6.950000e+00	-1.664009e-02	1.370726e-02	-1.690802e-02	1.656440e-02	-5.451774e-02
7.000000e+00	-2.214876e-02	1.403622e-02	-2.183644e-02	1.541510e-02	-6.069577e-02
7.050000e+00	-2.717626e-02	1.372644e-02	-2.771201e-02	1.215970e-02	-6.122820e-02
7.100000e+00	-3.116895e-02	1.366780e-02	-3.211991e-02	7.829579e-03	-6.173800e-02
7.150000e+00	-3.354543e-02	1.453654e-02	-3.421797e-02	4.800319e-03	-6.908093e-02
7.200000e+00	-3.381567e-02	1.615122e-02	-3.405376e-02	4.622728e-03	-7.210348e-02
7.250000e+00	-3.174290e-02	1.764361e-02	-3.096972e-02	5.024786e-03	-6.956708e-02
7.300000e+00	-2.743249e-02	1.810445e-02	-2.587734e-02	9.116250e-03	-6.881041e-02
7.350000e+00	-2.131821e-02	1.698624e-02	-1.899345e-02	1.260745e-02	-6.119648e-02
7.400000e+00	-1.405546e-02	1.430460e-02	-1.165480e-02	1.372701e-02	-4.701678e-02
7.450000e+00	-6.364586e-03	1.084387e-02	-5.425061e-03	2.209542e-02	-3.242194e-02
7.500000e+00	1.118141e-03	8.543409e-03	1.397625e-03	2.802944e-02	-2.589610e-02
7.550000e+00	7.912404e-03	9.442896e-03	7.999779e-03	3.227641e-02	-1.924966e-02
7.600000e+00	1.373220e-02	1.216783e-02	1.355660e-02	4.414748e-02	-1.868686e-02
7.650000e+00	1.847014e-02	1.453790e-02	1.859534e-02	5.336617e-02	-1.954248e-02
7.700000e+00	2.208296e-02	1.580327e-02	2.192033e-02	6.163293e-02	-1.777591e-02
7.750000e+00	2.451983e-02	1.601725e-02	2.416568e-02	6.594026e-02	-1.505648e-02
7.800000e+00	2.569630e-02	1.556118e-02	2.524379e-02	6.703239e-02	-1.238370e-02
7.850000e+00	2.552132e-02	1.485623e-02	2.482100e-02	6.510136e-02	-1.020494e-02
7.900000e+00	2.395865e-02	1.419621e-02	2.332429e-02	6.097231e-02	-8.187836e-03
7.950000e+00	2.108865e-02	1.369467e-02	2.057746e-02	5.397757e-02	-8.331747e-03
8.000000e+00	1.713750e-02	1.331190e-02	1.656256e-02	5.033763e-02	-1.530440e-02
8.050000e+00	1.244751e-02	1.293556e-02	1.102195e-02	4.552935e-02	-2.052404e-02
8.100000e+00	7.490024e-03	1.253668e-02	5.597663e-03	4.035736e-02	-2.430378e-02
8.150000e+00	2.663186e-03	1.226730e-02	9.910280e-04	3.881408e-02	-2.577308e-02
8.200000e+00	-1.725280e-03	1.237812e-02	-3.621058e-03	3.603700e-02	-2.828661e-02
8.250000e+00	-5.483039e-03	1.291960e-02	-6.408818e-03	3.176995e-02	-3.574494e-02
8.300000e+00	-8.516065e-03	1.358794e-02	-8.023781e-03	2.475827e-02	-4.589351e-02
8.350000e+00	-1.078822e-02	1.396206e-02	-9.415054e-03	2.066414e-02	-5.216030e-02
8.400000e+00	-1.228521e-02	1.384803e-02	-1.128926e-02	1.980265e-02	-5.356589e-02
8.450000e+00	-1.300506e-02	1.344352e-02	-1.357161e-02	1.937198e-02	-5.055701e-02
8.500000e+00	-1.298077e-02	1.322123e-02	-1.370902e-02	2.269052e-02	-4.361360e-02
8.550000e+00	-1.232740e-02	1.349336e-02	-1.288369e-02	2.437405e-02	-4.105874e-02
8.600000e+00	-1.126550e-02	1.402942e-02	-1.044795e-02	2.472538e-02	-4.652631e-02
8.650000e+00	-1.009980e-02	1.422656e-02	-8.712768e-03	2.423410e-02	-4.763314e-02
8.700000e+00	-9.157984e-03	1.360602e-02	-7.604055e-03	2.590165e-02	-4.379317e-02
8.750000e+00	-8.683478e-03	1.211188e-02	-7.975391e-03	2.584914e-02	-3.597813e-02
8.800000e+00	-8.724282e-03	1.018947e-02	-8.622470e-03	2.358091e-02	-3.203466e-02
8.850000e+00	-9.067175e-03	8.688081e-03	-9.129180e-03	2.191212e-02	-3.142676e-02
8.900000e+00	-9.257422e-03	8.333051e-03	-9.757202e-03	1.983421e-02	-3.660212e-02
8.950000e+00	-8.714989e-03	8.921350e-03	-9.468921e-03	1.581156e-02	-3.834381e-02
9.000000e+00	-6.919912e-03	9.706893e-03	-7.105491e-03	1.710127e-02	-3.598952e-02
9.050000e+00	-3.601577e-03	1.027472e-02	-3.308238e-03	2.237613e-02	-3.756070e-02
9.100000e+00	1.122208e-03	1.058789e-02	1.704416e-03	2.730748e-02	-3.583580e-02
9.150000e+00	6.713029e-03	1.076644e-02	7.557168e-03	3.016134e-02	-3.290493e-02
9.200000e+00	1.232526e-02	1.095872e-02	1.330341e-02	3.466829e-02	-2.860870e-02
9.250000e+00	1.701629e-02	1.131095e-02	1.752736e-02	4.288505e-02	-2.300058e-02
9.300000e+00	1.999386e-02	1.186303e-02	2.011906e-02	5.044085e-02	-1.805071e-02
9.350000e+00	2.082006e-02	1.241371e-02	1.995563e-02	5.193054e-02	-1.326776e-02
9.400000e+00	1.950629e-02	1.259407e-02	1.787471e-02	5.095505e-02	-8.994953e-03
9.450000e+00	1.647177e-02	1.213965e-02	1.510868e-02	5.024016e-02	-1.232532e-02
9.500000e+00	1.238612e-02	1.112192e-02	1.115171e-02	4.633792e-02	-1.629254e-02
9.550000e+00	7.963786e-03	9.958391e-03	6.813342e-03	4.162241e-02	-1.754037e-02
9.600000e+00	3.738613e-03	9.132739e-03	3.675151e-03	3.277708e-02	-1.925135e-02
9.650000e+00	-5.352302e-07	8.737669e-03	-9.420708e-06	2.334594e-02	-2.598480e-02
9.700000e+00	-3.219785e-03	8.540421e-03	-3.527421e-03	1.945241e-02	-2.679768e-02
9.750000e+00	-6.036388e-03	8.528309e-03	-6.714233e-03	1.809988e-02	-2.764832e-02
9.800000e+00	-8.571058e-03	9.007983e-03	-9.388924e-03	2.087531e-02	-3.091100e-02
9.850000e+00	-1.082305e-02	1.003748e-02	-1.135641e-02	2.278741e-02	-3.430846e-02
9.900000e+00	-1.262100e-02	1.118070e-02	-1.305194e-02	2.169280e-02	-3.961191e-02
9.950000e+00	-1.366862e-02	1.198916e-02	-1.376235e-02	1.848785e-02	-4.630259e-02
1.000000e+01	-1.366396e-02	1.238507e-02	-1.287716e-02	1.431138e-02	-4.906306e-02
1.005000e+01	-1.242889e-02	1.257077e-02	-1.096729e-02	1.540945e-02	-4.705493e-02
1.010000e+01	-1.004394e-02	1.262221e-02	-8.783785e-03	1.917331e-02	-4.050619e-02
1.015000e+01	-6.853693e-03	1.228049e-02	-5.973288e-03	2.214962e-02	-3.225018e-02
1.020000e+01	-3.394698e-03	1.119799e-02	-3.375367e-03	2.387554e-02	-2.720784e-02
1.025000e+01	-2.515412e-04	9.390602e-03	-5.588591e-05	2.186513e-02	-2.235968e-02
1.030000e+01	2.105180e-03	7.584718e-03	3.043501e-03	1.898145e-02	-1.893714e-02
1.035000e+01	3.441823e-03	7.117638e-03	4.215171e-03	2.481213e-02	-1.733267e-02
1.040000e+01	3.805097e-03	8.301744e-03	4.394658e-03	3.013876e-02	-2.308394e-02
1.045000e+01	3.476242e-03	9.897739e-03	4.450918e-03	2.967817e-02	-3.259710e-02
1.050000e+01	2.858711e-03	1.100780e-02	3.306189e-03	3.014532e-02	-3.821377e-02
1.055000e+01	2.343477e-03	1.145906e-02	2.490578e-03	3.030723e-02	-3.980317e-02
1.060000e+01	2.199103e-03	1.144391e-02	2.161628e-03	3.384513e-02	-3.777435e-02
1.065000e+01	2.518836e-03	1.121860e-02	2.132871e-03	3.662787e-02	-3.260657e-02
1.070000e+01	3.231786e-03	1.095619e-02	2.322275e-03	3.700043e-02	-2.589463e-02
1.075000e+01	4.160734e-03	1.073308e-02	2.923406e-03	3.429124e-02	-2.792028e-02
1.080000e+01	5.095091e-03	1.052588e-02	4.564100e-03	2.998995e-02	-2.734558e-02
1.085000e+01	5.848488e-03	1.019641e-02	5.687608e-03	2.924244e-02	-2.352226e-02
1.090000e+01	6.284142e-03	9.590233e-03	5.542826e-03	3.283474e-02	-1.657484e-02
1.095000e+01	6.310081e-03	8.763933e-03	5.476568e-03	3.208212e-02	-1.175610e-02
1.100000e+01	5.861154e-03	8.141430e-03	5.807429e-03	2.987328e-02	-1.588945e-02
1.105000e+01	4.899348e-03	8.249183e-03	5.444280e-03	2.598076e-02	-1.803435e-02
1.110000e+01	3.379030e-03	8.975963e-03	3.076681e-03	2.321679e-02	-1.809323e-02
1.115000e+01	1.338938e-03	9.625397e-03	3.541068e-04	2.613409e-02	-1.883073e-02
1.120000e+01	-1.083268e-03	9.636292e-03	-1.352752e-03	2.531099e-02	-2.094013e-02
1.125000e+01	-3.636031e-03	8.928873e-03	-3.552331e-03	2.077775e-02	-2.520386e-02
1.130000e+01	-5.978016e-03	7.873294e-03	-6.030265e-03	1.386838e-02	-2.778911e-02
1.135000e+01	-7.743765e-03	7.025745e-03	-8.025579e-03	1.045807e-02	-2.653138e-02
1.140000e+01	-8.634477e-03	6.649284e-03	-9.094080e-03	1.028706e-02	-2.752898e-02
1.145000e+01	-8.503908e-03	6.498691e-03	-8.842315e-03	7.674213e-03	-2.840340e-02
1.150000e+01	-7.407470e-03	6.272271e-03	-7.808097e-03	6.626146e-03	-2.513169e-02
1.155000e+01	-5.593934e-03	6.009734e-03	-5.770582e-03	1.110820e-02	-2.241638e-02
1.160000e+01	-3.439428e-03	5.963145e-03	-3.432304e-03	1.466049e-02	-2.008346e-02
1.165000e+01	-1.344713e-03	6.184860e-03	-1.145155e-03	1.726497e-02	-1.702013e-02
1.170000e+01	3.697669e-04	6.413733e-03	6.527489e-04	1.855090e-02	-1.626047e-02
1.175000e+01	1.536154e-03	6.396925e-03	1.995392e-03	1.886975e-02	-1.726980e-02
1.180000e+01	2.156776e-03	6.146840e-03	2.028416e-03	1.973688e-02	-1.903918e-02
1.185000e+01	2.365947e-03	5.934328e-03	2.182702e-03	1.828522e-02	-1.904475e-02
1.190000e+01	2.355220e-03	6.044252e-03	2.587891e-03	1.761740e-02	-1.714305e-02
1.195000e+01	2.293310e-03	6.477121e-03	2.357640e-03	1.542229e-02	-1.779583e-02
1.200000e+01	2.270938e-03	7.005253e-03	2.364718e-03	1.606186e-02	-1.851972e-02
1.205000e+01	2.296751e-03	7.484886e-03	2.400084e-03	1.976586e-02	-1.771765e-02
1.210000e+01	2.300353e-03	7.910641e-03	2.225759e-03	2.217812e-02	-1.616367e-02
1.215000e+01	2.207405e-03	8.339521e-03	1.938717e-03	2.595379e-02	-1.712236e-02
1.220000e+01	1.985079e-03	8.697131e-03	1.287941e-03	2.714123e-02	-1.888139e-02
1.225000e+01	1.665869e-03	8.748811e-03	7.579607e-04	2.798950e-02	-1.854638e-02
1.230000e+01	1.335100e-03	8.248899e-03	3.868866e-04	2.703575e-02	-1.788349e-02
1.235000e+01	1.089610e-03	7.138283e-03	5.198426e-04	2.378448e-02	-1.581164e-02
1.240000e+01	9.880272e-04	5.735070e-03	8.041830e-04	1.935696e-02	-1.335351e-02
1.245000e+01	1.016607e-03	4.922016e-03	1.213097e-03	1.879191e-02	-1.292850e-02
1.250000e+01	1.087259e-03	5.547889e-03	9.038064e-04	2.198626e-02	-1.781475e-02
1.255000e+01	1.069890e-03	7.013833e-03	1.184741e-03	2.300780e-02	-2.092799e-02
1.260000e+01	8.458513e-04	8.303621e-03	1.274767e-03	2.154573e-02	-2.151454e-02
1.265000e+01	3.598700e-04	8.908853e-03	9.098813e-04	2.163581e-02	-2.107929e-02
1.270000e+01	-3.516918e-04	8.721413e-03	-1.106084e-04	2.103582e-02	-2.066036e-02
1.275000e+01	-1.168386e-03	7.896837e-03	-9.240901e-04	1.849937e-02	-2.199764e-02
1.280000e+01	-1.926109e-03	6.756272e-03	-1.629762e-03	1.572701e-02	-2.218766e-02
1.285000e+01	-2.473830e-03	5.685124e-03	-2.105218e-03	1.155510e-02	-2.027939e-02
1.290000e+01	-2.723638e-03	4.998074e-03	-2.611232e-03	8.743716e-03	-1.638559e-02
1.295000e+01	-2.674467e-03	4.777396e-03	-2.921074e-03	1.056998e-02	-1.328981e-02
1.300000e+01	-2.401397e-03	4.858648e-03	-2.667860e-03	1.161802e-02	-1.425934e-02
1.305000e+01	-2.031442e-03	5.028625e-03	-1.871374e-03	1.125975e-02	-1.366705e-02
1.310000e+01	-1.654741e-03	5.121384e-03	-1.466164e-03	1.067034e-02	-1.491878e-02
1.315000e+01	-1.314292e-03	5.055246e-03	-1.046328e-03	1.215387e-02	-1.464584e-02
1.320000e+01	-9.934214e-04	4.832286e-03	-8.275694e-04	1.434264e-02	-1.326453e-02
1.325000e+01	-6.371119e-04	4.561693e-03	-8.337011e-04	1.429143e-02	-1.142045e-02
1.330000e+01	-1.911694e-04	4.426283e-03	-3.809616e-04	1.249979e-02	-1.145482e-02
1.335000e+01	3.593179e-04	4.537629e-03	5.109551e-04	1.428611e-02	-1.192880e-02
1.340000e+01	9.698883e-04	4.819846e-03	9.044402e-04	1.589156e-02	-1.289731e-02
1.345000e+01	1.544291e-03	5.112423e-03	1.662597e-03	1.587565e-02	-1.317050e-02
1.350000e+01	1.966990e-03	5.333370e-03	1.663964e-03	1.627276e-02	-1.230635e-02
1.355000e+01	2.147133e-03	5.500249e-03	1.728020e-03	1.637939e-02	-1.182069e-02
1.360000e+01	2.055490e-03	5.627857e-03	2.166383e-03	1.662910e-02	-1.210183e-02
1.365000e+01	1.738567e-03	5.638436e-03	1.581087e-03	1.617173e-02	-1.411555e-02
1.370000e+01	1.303328e-03	5.401373e-03	1.236730e-03	1.484126e-02	-1.429646e-02
1.375000e+01	8.780483e-04	4.870859e-03	9.631228e-04	1.344412e-02	-1.304943e-02
1.380000e+01	5.648352e-04	4.219583e-03	4.984544e-04	1.387567e-02	-1.365587e-02
1.385000e+01	4.030633e-04	3.864416e-03	2.032289e-04	1.448066e-02	-1.149259e-02
1.390000e+01	3.587357e-04	4.117704e-03	5.097644e-04	1.504595e-02	-9.712661e-03
1.395000e+01	3.441701e-04	4.731840e-03	6.334801e-04	1.436037e-02	-1.210044e-02
1.400000e+01	2.597976e-04	5.257740e-03	5.112276e-04	1.607462e-02	-1.238070e-02
1.405000e+01	3.369325e-05	5.483201e-03	1.106659e-04	1.748087e-02	-1.299298e-02
1.410000e+01	-3.205969e-04	5.400820e-03	-6.170728e-04	1.766807e-02	-1.286918e-02
1.415000e+01	-7.308239e-04	5.165269e-03	-8.871173e-04	1.818022e-02	-1.349157e-02
1.420000e+01	-1.082608e-03	4.930168e-03	-1.073204e-03	1.815236e-02	-1.271623e-02
1.425000e+01	-1.263867e-03	4.733110e-03	-1.040851e-03	1.634827e-02	-1.277943e-02
1.430000e+01	-1.209840e-03	4.514732e-03	-9.077780e-04	1.269653e-02	-1.344084e-02
1.435000e+01	-9.307922e-04	4.247617e-03	-7.365244e-04	1.124730e-02	-1.427299e-02
1.440000e+01	-5.116052e-04	4.026611e-03	-3.368076e-04	1.126512e-02	-1.333169e-02
1.445000e+01	-8.365357e-05	4.013043e-03	-1.523328e-05	1.284981e-02	-1.362959e-02
1.450000e+01	2.200354e-04	4.245019e-03	2.252349e-04	1.497777e-02	-1.272137e-02
1.455000e+01	3.094133e-04	4.555399e-03	3.215167e-04	1.522518e-02	-1.308602e-02
1.460000e+01	1.657857e-04	4.722145e-03	3.327374e-04	1.585537e-02	-1.513556e-02
1.465000e+01	-1.552155e-04	4.627191e-03	2.700773e-04	1.506522e-02	-1.545232e-02
1.470000e+01	-5.453518e-04	4.319782e-03	-4.695639e-04	1.160500e-02	-1.429037e-02
1.475000e+01	-8.806816e-04	4.007962e-03	-8.263959e-04	9.493826e-03	-1.434908e-02
1.480000e+01	-1.059683e-03	3.933899e-03	-1.182730e-03	1.088711e-02	-1.537095e-02
1.485000e+01	-1.029801e-03	4.133392e-03	-1.204744e-03	1.146212e-02	-1.501267e-02
1.490000e+01	-7.953682e-04	4.393601e-03	-1.005724e-03	1.158320e-02	-1.554448e-02
1.495000e+01	-4.074448e-04	4.485287e-03	-3.079066e-04	1.184009e-02	-1.489014e-02
1.500000e+01	5.762738e-05	4.322097e-03	3.402113e-04	1.158872e-02	-1.350130e-02
1.505000e+01	5.239194e-04	3.982845e-03	6.731674e-04	1.112641e-02	-1.289635e-02
1.510000e+01	9.273671e-04	3.634456e-03	9.787483e-04	1.212431e-02	-1.204687e-02
1.515000e+01	1.225628e-03	3.451588e-03	1.042906e-03	1.315316e-02	-1.063864e-02
1.520000e+01	1.394821e-03	3.487061e-03	1.333723e-03	1.307938e-02	-1.038678e-02
1.525000e+01	1.424344e-03	3.661230e-03	1.374713e-03	1.189251e-02	-9.922977e-03
1.530000e+01	1.313862e-03	3.866725e-03	1.450786e-03	1.264619e-02	-9.902069e-03
1.535000e+01	1.074615e-03	4.032967e-03	9.839180e-04	1.215575e-02	-1.005014e-02
1.540000e+01	7.333877e-04	4.123148e-03	7.281857e-04	1.063569e-02	-1.006011e-02
1.545000e+01	3.349493e-04	4.124864e-03	3.491638e-04	1.083537e-02	-1.034416e-02
1.550000e+01	-6.122110e-05	4.053909e-03	2.777036e-05	1.064994e-02	-1.160080e-02
1.555000e+01	-3.914721e-04	3.951252e-03	-2.251809e-04	1.012372e-02	-1.233726e-02
1.560000e+01	-6.035278e-04	3.855347e-03	-5.031991e-04	8.648480e-03	-1.322177e-02
1.565000e+01	-6.716675e-04	3.766562e-03	-5.397727e-04	8.459546e-03	-1.392248e-02
1.570000e+01	-6.053666e-04	3.647580e-03	-5.374174e-04	8.384210e-03	-1.321236e-02
1.575000e+01	-4.472545e-04	3.472461e-03	-4.977570e-04	1.002910e-02	-1.110449e-02
1.580000e+01	-2.602756e-04	3.282266e-03	-4.002938e-04	1.041631e-02	-8.748945e-03
1.585000e+01	-1.082342e-04	3.188099e-03	-1.718756e-04	9.272820e-03	-8.362465e-03
1.590000e+01	-3.659104e-05	3.279775e-03	-1.903951e-05	8.324006e-03	-8.479566e-03
1.595000e+01	-6.028856e-05	3.514243e-03	-3.320213e-05	1.062552e-02	-9.786794e-03
1.600000e+01	-1.625707e-04	3.746531e-03	-3.486151e-04	1.241330e-02	-9.757693e-03
1.605000e+01	-3.167055e-04	3.849916e-03	-5.285619e-04	1.254383e-02	-9.187024e-03
1.610000e+01	-4.655176e-04	3.780234e-03	-6.498506e-04	1.143160e-02	-9.611776e-03
1.615000e+01	-5.642722e-04	3.582731e-03	-6.908880e-04	9.933746e-03	-9.533806e-03
1.620000e+01	-5.892656e-04	3.353325e-03	-7.009811e-04	8.781587e-03	-9.374338e-03
1.625000e+01	-5.411382e-04	3.184420e-03	-4.402132e-04	9.540642e-03	-1.044246e-02
1.630000e+01	-4.383930e-04	3.117002e-03	-3.774016e-04	1.019040e-02	-1.144325e-02
1.635000e+01	-3.052192e-04	3.136534e-03	-6.027996e-05	9.233361e-03	-1.047503e-02
1.640000e+01	-1.597502e-04	3.206392e-03	4.850512e-04	6.900311e-03	-1.091255e-02
1.645000e+01	-8.110157e-06	3.289091e-03	2.935192e-04	8.485539e-03	-1.295833e-02
1.650000e+01	1.534930e-04	3.342780e-03	3.898526e-04	1.011324e-02	-1.358385e-02
1.655000e+01	3.303141e-04	3.322620e-03	3.986948e-04	1.058392e-02	-1.297962e-02
1.660000e+01	5.189429e-04	3.203277e-03	4.737260e-04	9.578323e-03	-1.134962e-02
1.665000e+01	7.009446e-04	3.009502e-03	5.847619e-04	8.306555e-03	-8.920100e-03
1.670000e+01	8.439577e-04	2.829017e-03	8.100388e-04	9.707097e-03	-6.919995e-03
1.675000e+01	9.105168e-04	2.774070e-03	8.426686e-04	9.872228e-03	-8.204971e-03
1.680000e+01	8.713337e-04	2.885184e-03	8.490109e-04	8.749268e-03	-8.142466e-03
1.685000e+01	7.176714e-04	3.083500e-03	7.291898e-04	9.521862e-03	-9.480960e-03
1.690000e+01	4.676533e-04	3.245437e-03	4.694520e-04	1.014620e-02	-1.149189e-02
1.695000e+01	1.637287e-04	3.288739e-03	1.015069e-04	9.597160e-03	-1.181336e-02
1.700000e+01	-1.380203e-04	3.198806e-03	-2.715116e-04	8.790989e-03	-1.033447e-02
1.705000e+01	-3.850424e-04	3.012658e-03	-4.726784e-04	8.386312e-03	-9.303107e-03
1.710000e+01	-5.340207e-04	2.803252e-03	-6.000508e-04	9.553214e-03	-9.574826e-03
1.715000e+01	-5.702916e-04	2.639837e-03	-5.320675e-04	1.059896e-02	-8.790284e-03
1.720000e+01	-5.062652e-04	2.569554e-03	-4.635214e-04	9.841944e-03	-7.741120e-03
1.725000e+01	-3.752938e-04	2.615250e-03	-5.570195e-04	9.719475e-03	-8.227522e-03
1.730000e+01	-2.206053e-04	2.768290e-03	-3.075674e-04	1.064106e-02	-8.168339e-03
1.735000e+01	-8.332392e-05	2.975772e-03	-1.579712e-04	9.573335e-03	-8.031856e-03
1.740000e+01	6.758258e-06	3.152157e-03	-1.009743e-04	7.874529e-03	-8.583353e-03
1.745000e+01	3.561198e-05	3.217376e-03	-7.034668e-05	9.216498e-03	-8.866205e-03
1.750000e+01	4.592337e-06	3.134818e-03	-8.982430e-05	9.049454e-03	-8.350157e-03
1.755000e+01	-7.317800e-05	2.931447e-03	-2.475692e-04	7.937322e-03	-7.737202e-03
1.760000e+01	-1.775264e-04	2.692672e-03	-2.312656e-04	7.585201e-03	-8.640536e-03
1.765000e+01	-2.853811e-04	2.522635e-03	-2.189227e-04	8.175807e-03	-9.856896e-03
1.770000e+01	-3.737499e-04	2.473423e-03	-2.881908e-04	7.987849e-03	-9.506837e-03
1.775000e+01	-4.219128e-04	2.507012e-03	-3.240470e-04	7.032975e-03	-8.462248e-03
1.780000e+01	-4.136188e-04	2.545166e-03	-2.566743e-04	7.105900e-03	-8.433022e-03
1.785000e+01	-3.397358e-04	2.538411e-03	-1.824921e-04	6.884392e-03	-7.209640e-03
1.790000e+01	-2.009969e-04	2.486022e-03	-7.552692e-05	6.260252e-03	-6.945673e-03
1.795000e+01	-9.749464e-06	2.416693e-03	1.845299e-05	6.956144e-03	-8.139670e-03
1.800000e+01	2.105702e-04	2.357699e-03	3.132621e-04	7.417399e-03	-8.352983e-03
1.805000e+01	4.339766e-04	2.318422e-03	5.840882e-04	7.264113e-03	-7.862465e-03
1.810000e+01	6.211394e-04	2.295300e-03	7.226387e-04	7.384262e-03	-7.123760e-03
1.815000e+01	7.438285e-04	2.298092e-03	9.129255e-04	7.694679e-03	-6.220534e-03
1.820000e+01	7.857566e-04	2.344442e-03	8.562903e-04	7.239141e-03	-5.693768e-03
1.825000e+01	7.450087e-04	2.431028e-03	7.470446e-04	7.672847e-03	-7.233518e-03
1.830000e+01	6.324546e-04	2.515968e-03	7.088698e-04	8.281870e-03	-7.892551e-03
1.835000e+01	4.670520e-04	2.541073e-03	5.109531e-04	8.435502e-03	-7.422462e-03
1.840000e+01	2.700928e-04	2.473108e-03	2.119641e-04	7.858794e-03	-7.443591e-03
1.845000e+01	6.069777e-05	2.331309e-03	-5.549087e-05	7.992236e-03	-8.579313e-03
1.850000e+01	-1.459065e-04	2.184972e-03	-2.851691e-04	6.923291e-03	-8.295674e-03
1.855000e+01	-3.372467e-04	2.112364e-03	-3.810161e-04	6.243127e-03	-7.202210e-03
1.860000e+01	-5.009823e-04	2.138417e-03	-5.591898e-04	5.884143e-03	-6.454898e-03
1.865000e+01	-6.229722e-04	2.220643e-03	-6.196852e-04	6.969288e-03	-6.146260e-03
1.870000e+01	-6.878902e-04	2.301084e-03	-7.433268e-04	7.156221e-03	-6.304173e-03
1.875000e+01	-6.829532e-04	2.347811e-03	-8.133571e-04	6.724406e-03	-7.194862e-03
1.880000e+01	-6.035980e-04	2.353358e-03	-8.082716e-04	8.101682e-03	-8.213447e-03
1.885000e+01	-4.585963e-04	2.317865e-03	-6.207325e-04	8.291303e-03	-8.383615e-03
1.890000e+01	-2.718073e-04	2.243570e-03	-4.029598e-04	7.391529e-03	-7.526487e-03
1.895000e+01	-7.877679e-05	2.143177e-03	-3.478813e-04	7.883268e-03	-5.882173e-03
1.900000e+01	8.163008e-05	2.046104e-03	-3.624885e-05	7.328582e-03	-4.233619e-03
1.905000e+01	1.782404e-04	1.989382e-03	1.125197e-04	6.521812e-03	-4.983563e-03
1.910000e+01	1.966184e-04	1.986015e-03	1.246376e-04	6.515791e-03	-5.786505e-03
1.915000e+01	1.463437e-04	2.017118e-03	1.227659e-04	6.290680e-03	-6.654988e-03
1.920000e+01	5.788447e-05	2.047819e-03	6.303138e-05	6.338868e-03	-7.684776e-03
1.925000e+01	-2.672386e-05	2.055814e-03	-2.061833e-05	5.921979e-03	-8.066680e-03
1.930000e+01	-6.726488e-05	2.044446e-03	-2.610275e-06	5.142691e-03	-7.952840e-03
1.935000e+01	-3.829466e-05	2.035378e-03	1.253492e-05	4.991324e-03	-6.980180e-03
1.940000e+01	6.275474e-05	2.047345e-03	1.636323e-04	5.993784e-03	-7.511376e-03
1.945000e+01	2.150196e-04	2.077364e-03	2.795944e-04	6.402700e-03	-7.451681e-03
1.950000e+01	3.811929e-04	2.104279e-03	4.892727e-04	6.038273e-03	-7.250904e-03
1.955000e+01	5.194026e-04	2.113096e-03	6.322725e-04	5.340515e-03	-6.891071e-03
1.960000e+01	5.957278e-04	2.115253e-03	6.914538e-04	6.103328e-03	-5.985115e-03
1.965000e+01	5.931250e-04	2.141388e-03	6.430501e-04	7.579627e-03	-5.908812e-03
1.970000e+01	5.141154e-04	2.206093e-03	4.415573e-04	8.004031e-03	-5.745276e-03
1.975000e+01	3.770369e-04	2.281120e-03	2.343868e-04	7.717857e-03	-5.783831e-03
1.980000e+01	2.080083e-04	2.312619e-03	4.553813e-05	8.437684e-03	-6.311401e-03
1.985000e+01	3.209366e-05	2.263098e-03	-1.203973e-04	8.026018e-03	-5.839230e-03
1.990000e+01	-1.329695e-04	2.139681e-03	-1.895473e-04	7.236221e-03	-4.810842e-03
1.995000e+01	-2.785436e-04	1.994228e-03	-3.020775e-04	6.905276e-03	-5.048213e-03
2.000000e+01	-4.025071e-04	1.894514e-03	-4.604555e-04	6.780367e-03	-5.205667e-03
