# # k	<chi>	std
0.000000000000000000e+00 -3.570232966505249017e-01 1.497362496884818983e-01
5.000000000000000278e-02 -3.591014879599985776e-01 1.453037566766610944e-01
1.000000000000000056e-01 -3.592160999600000904e-01 1.434779306423471512e-01
1.499999999999999944e-01 -3.597070193799994375e-01 1.388476283815220369e-01
2.000000000000000111e-01 -3.603263637200005975e-01 1.354795347126532823e-01
2.500000000000000000e-01 -3.617733059399991791e-01 1.324842993056808693e-01
2.999999999999999889e-01 -3.634749064439998789e-01 1.323301626591797120e-01
3.499999999999999778e-01 -3.663167083759990006e-01 1.352673892375395037e-01
4.000000000000000222e-01 -3.692146521271997828e-01 1.402744227214449690e-01
4.500000000000000111e-01 -3.725348453864003595e-01 1.466450536033319096e-01
5.000000000000000000e-01 -3.748742342944004768e-01 1.515432869280096129e-01
5.500000000000000444e-01 -3.751023680279999550e-01 1.536244705817444711e-01
5.999999999999999778e-01 -3.721384102839987440e-01 1.514771372002901573e-01
6.500000000000000222e-01 -3.629174406619991577e-01 1.439704358038696452e-01
6.999999999999999556e-01 -3.477277235360003993e-01 1.325352374467667627e-01
7.500000000000000000e-01 -3.222231942139998639e-01 1.170361873027289390e-01
8.000000000000000444e-01 -2.895344089800001575e-01 1.012797573830340331e-01
8.499999999999999778e-01 -2.457666831260001405e-01 8.630283680651375244e-02
9.000000000000000222e-01 -1.976568998399999277e-01 7.544970073078649531e-02
9.499999999999999556e-01 -1.438316110180000718e-01 6.785996196496323074e-02
1.000000000000000000e+00 -9.360721223043992623e-02 6.239718124649894920e-02
1.050000000000000044e+00 -4.864248372093674111e-02 5.650947578953313677e-02
1.100000000000000089e+00 -1.719367511535398532e-02 5.061817768789309696e-02
1.149999999999999911e+00 -1.742610290897400908e-03 4.646697948089108243e-02
1.199999999999999956e+00 -4.686624107371203420e-03 4.649209718130439817e-02
1.250000000000000000e+00 -2.569150592454602644e-02 4.916808831730496571e-02
1.300000000000000044e+00 -5.885565694773470941e-02 4.978754354479166672e-02
1.350000000000000089e+00 -9.927091277325580942e-02 4.469481083309096575e-02
1.399999999999999911e+00 -1.358278512838004271e-01 3.359367519754167392e-02
1.449999999999999956e+00 -1.618789103340002034e-01 2.501523369439883140e-02
1.500000000000000000e+00 -1.687865912680002745e-01 3.820732056145931255e-02
1.550000000000000044e+00 -1.538784956879997445e-01 6.358666692122182107e-02
1.600000000000000089e+00 -1.177162931964996911e-01 8.634341229036839038e-02
1.649999999999999911e+00 -6.487949720532203146e-02 1.009918183497390126e-01
1.699999999999999956e+00 -4.728009544680007725e-03 1.026322834896235131e-01
1.750000000000000000e+00 5.436401706965000163e-02 9.127352973558684746e-02
1.800000000000000044e+00 1.018531855335159386e-01 6.912031816987795896e-02
1.850000000000000089e+00 1.330305476694597089e-01 4.340316140239502268e-02
1.899999999999999911e+00 1.440722573439998377e-01 3.096518433644014634e-02
1.949999999999999956e+00 1.380831895059997927e-01 4.323407896339213907e-02
2.000000000000000000e+00 1.185068785779995609e-01 5.696209080587689988e-02
2.049999999999999822e+00 9.337626892739993301e-02 6.258328824857381512e-02
2.100000000000000089e+00 6.706634263734405355e-02 5.688347622005487936e-02
2.149999999999999911e+00 4.438427174078093257e-02 4.298545624931777998e-02
2.200000000000000178e+00 2.767433007517400984e-02 2.651362120829192995e-02
2.250000000000000000e+00 1.787726917233620899e-02 1.465176595490428821e-02
2.299999999999999822e+00 1.260293178928679515e-02 1.493492700285187907e-02
2.350000000000000089e+00 9.582341270950801154e-03 1.528633501243864198e-02
2.399999999999999911e+00 7.107137450102608313e-03 1.067614045985727268e-02
2.450000000000000178e+00 4.516374765541997932e-03 6.243972818097788709e-03
2.500000000000000000e+00 2.759048567923800491e-03 8.429933601241080057e-03
2.549999999999999822e+00 1.940783161883597417e-03 1.318139522230576781e-02
2.600000000000000089e+00 1.987348467043997119e-03 1.596143132606944043e-02
2.649999999999999911e+00 2.264821197440000742e-03 1.723619331366297788e-02
2.700000000000000178e+00 2.477600771867998278e-03 1.697179554441477847e-02
2.750000000000000000e+00 2.477144850892003258e-03 1.548788672122865424e-02
2.799999999999999822e+00 2.115152723744004315e-03 1.323538255661548327e-02
2.850000000000000089e+00 4.394834130954007210e-04 1.052642651808341316e-02
2.899999999999999911e+00 -1.527293863862006114e-03 7.777148047232992044e-03
2.950000000000000178e+00 -3.444932030789500665e-03 5.392905594815636770e-03
3.000000000000000000e+00 -4.971731566534009876e-03 3.718600075267399375e-03
3.049999999999999822e+00 -6.431193968835982773e-03 3.435101863542691213e-03
3.100000000000000089e+00 -6.921052754627819888e-03 4.516217904370329814e-03
3.149999999999999911e+00 -6.310912061391399028e-03 5.627567409735971700e-03
3.200000000000000178e+00 -4.692669230476394920e-03 6.249291369245889641e-03
3.250000000000000000e+00 -2.868042293666243133e-03 6.604135349541827467e-03
3.299999999999999822e+00 -5.067853628260011708e-04 6.083887690618743245e-03
3.350000000000000089e+00 1.961873744512000924e-03 4.769645558679826668e-03
3.399999999999999911e+00 4.076383287843191386e-03 3.032923714118491206e-03
3.450000000000000178e+00 5.425076799305592230e-03 2.268895300478139705e-03
3.500000000000000000e+00 6.084071873472184262e-03 3.846032716308562041e-03
3.549999999999999822e+00 6.032630553961603782e-03 6.090563299789715848e-03
3.600000000000000089e+00 5.413946557136835140e-03 7.839515446051076308e-03
3.649999999999999911e+00 4.683277346346948963e-03 8.703811854500694695e-03
3.700000000000000178e+00 3.989563710165995244e-03 8.307709681397832183e-03
3.750000000000000000e+00 3.469846135937258800e-03 6.576630885441661807e-03
3.799999999999999822e+00 3.133784222087070224e-03 3.937988327997646310e-03
3.850000000000000089e+00 3.069171632237995342e-03 2.517225982379988659e-03
3.899999999999999911e+00 2.701384469035842100e-03 4.723155994574224775e-03
3.950000000000000178e+00 1.710715046220002023e-03 7.240257408428509706e-03
4.000000000000000000e+00 -1.165279249999999538e-04 8.646263921941840097e-03
4.049999999999999822e+00 -2.748029935948621046e-03 8.599095019411615720e-03
4.099999999999999645e+00 -6.163909117170001534e-03 7.323460593365412746e-03
4.150000000000000355e+00 -9.933661606295796434e-03 5.456475645684778775e-03
4.200000000000000178e+00 -1.349418492747998279e-02 3.873802997568762813e-03
4.250000000000000000e+00 -1.646421135339999620e-02 3.131591902928763851e-03
4.299999999999999822e+00 -1.829628541320002869e-02 2.926998718555136932e-03
4.349999999999999645e+00 -1.872664797040005449e-02 3.250774207976531074e-03
4.400000000000000355e+00 -1.771610856279997800e-02 4.825027191627606973e-03
4.450000000000000178e+00 -1.557511105241797186e-02 7.221103222756083094e-03
4.500000000000000000e+00 -1.241365118531819085e-02 9.591652459822505583e-03
4.549999999999999822e+00 -8.468763301740390298e-03 1.119003783551184884e-02
4.599999999999999645e+00 -3.921412199661234582e-03 1.155774545909351095e-02
4.650000000000000355e+00 9.621412199260009294e-04 1.065321279900017723e-02
4.700000000000000178e+00 6.236854851225402674e-03 8.683841024673427667e-03
4.750000000000000000e+00 1.176079405302415080e-02 6.379983823689392396e-03
4.799999999999999822e+00 1.727052714487998034e-02 5.602838586411571821e-03
4.849999999999999645e+00 2.223087619882646582e-02 7.811871704030293011e-03
4.900000000000000355e+00 2.625683185263991831e-02 1.152075734389865040e-02
4.950000000000000178e+00 2.880489045672009196e-02 1.541129976010289539e-02
5.000000000000000000e+00 2.943453648655407900e-02 1.877065518925034177e-02
5.049999999999999822e+00 2.793327870054904474e-02 2.106407842923607027e-02
5.099999999999999645e+00 2.446555431865391622e-02 2.185640772839294102e-02
5.150000000000000355e+00 1.942909949831775687e-02 2.086326325089400691e-02
5.200000000000000178e+00 1.344835178797581555e-02 1.813080798398077759e-02
5.250000000000000000e+00 7.236353058644998636e-03 1.418543726555496036e-02
5.299999999999999822e+00 1.474238248473941186e-03 1.022128122196192326e-02
5.349999999999999645e+00 -3.365609028105794910e-03 8.269905281637408845e-03
5.400000000000000355e+00 -7.063800442853982939e-03 9.260633431513676239e-03
5.450000000000000178e+00 -9.660563316240605367e-03 1.113456947514172152e-02
5.500000000000000000e+00 -1.137218918418462024e-02 1.238424901548334546e-02
5.549999999999999822e+00 -1.255367906487503231e-02 1.275336466584824080e-02
5.599999999999999645e+00 -1.357423365897399495e-02 1.251452211269433665e-02
5.650000000000000355e+00 -1.468046597017937452e-02 1.212970433864374656e-02
5.700000000000000178e+00 -1.608197870221078629e-02 1.252540861148590014e-02
5.750000000000000000e+00 -1.781087181587299659e-02 1.470305269095503395e-02
5.799999999999999822e+00 -1.974585590880910402e-02 1.856553788834366947e-02
5.849999999999999645e+00 -2.153545785115083822e-02 2.270283827042077554e-02
5.900000000000000355e+00 -2.286825682718795355e-02 2.552651453001500079e-02
5.950000000000000178e+00 -2.328677108218242531e-02 2.582120274629472537e-02
6.000000000000000000e+00 -2.232048257075683328e-02 2.315866066605209300e-02
6.049999999999999822e+00 -1.943973427087435091e-02 1.802537707595871716e-02
6.099999999999999645e+00 -1.460222387977460484e-02 1.261844150039597746e-02
6.150000000000000355e+00 -7.932555246339177343e-03 1.078110021663498432e-02
6.200000000000000178e+00 9.488688453839974613e-05 1.347131891951789187e-02
6.250000000000000000e+00 8.672129126047419673e-03 1.668464082976602036e-02
6.299999999999999822e+00 1.676099723122213489e-02 1.838357389845426959e-02
6.349999999999999645e+00 2.327516861335005016e-02 1.849831102007087544e-02
6.400000000000000355e+00 2.730534335692003794e-02 1.771931143053992116e-02
6.450000000000000178e+00 2.833203039253592154e-02 1.680253590240074132e-02
6.500000000000000000e+00 2.636583210000432997e-02 1.621106687059460302e-02
6.549999999999999822e+00 2.189169500663757859e-02 1.611396771769534747e-02
6.599999999999999645e+00 1.603507533136395644e-02 1.662796704372484363e-02
6.650000000000000355e+00 1.001745377599358618e-02 1.754510351054202125e-02
6.700000000000000178e+00 4.965699905449822392e-03 1.834682489918017939e-02
6.750000000000000000e+00 1.658359735496600347e-03 1.850764238244660687e-02
6.799999999999999822e+00 3.642185708640005223e-04 1.783385604561172483e-02
6.849999999999999645e+00 8.120426947075978872e-04 1.656847233821032508e-02
6.900000000000000355e+00 2.294309535360764419e-03 1.522911080369497745e-02
6.950000000000000178e+00 3.872564855709244129e-03 1.425657324721838100e-02
7.000000000000000000e+00 4.627692845547003164e-03 1.372588625323246242e-02
7.049999999999999822e+00 3.842539542204593574e-03 1.342718456590251234e-02
7.099999999999999645e+00 1.326027133167203198e-03 1.339568666844362203e-02
7.150000000000000355e+00 -2.710275419140603572e-03 1.406113973963895800e-02
7.200000000000000178e+00 -7.670443321940794215e-03 1.599904686998154801e-02
7.250000000000000000e+00 -1.272188171174601715e-02 1.922547693753830916e-02
7.299999999999999822e+00 -1.698603446506365827e-02 2.300223254832818934e-02
7.349999999999999645e+00 -1.972850956776541972e-02 2.626100300895280876e-02
7.400000000000000355e+00 -2.050903066321019264e-02 2.802025466408783819e-02
7.450000000000000178e+00 -1.926227022936337005e-02 2.766017981093675179e-02
7.500000000000000000e+00 -1.629548426740401457e-02 2.511176922458709104e-02
7.549999999999999822e+00 -1.214605182196099205e-02 2.089716489567289975e-02
7.599999999999999645e+00 -7.640320746667963493e-03 1.643808494335241566e-02
7.650000000000000355e+00 -3.497658437270405925e-03 1.371110145459865023e-02
7.700000000000000178e+00 -2.356807011514006588e-04 1.394587890757587392e-02
7.750000000000000000e+00 1.939325739212939548e-03 1.590008034811244905e-02
7.799999999999999822e+00 3.160249560634259894e-03 1.783261002945718543e-02
7.849999999999999645e+00 3.835179938536396795e-03 1.908304360075777778e-02
7.900000000000000355e+00 4.505176430555000999e-03 1.973910410658524447e-02
7.950000000000000178e+00 5.660426794699994699e-03 2.012764093260950571e-02
8.000000000000000000e+00 7.566720888882006932e-03 2.049046183692775427e-02
8.050000000000000711e+00 1.013030221254233344e-02 2.080999321708838085e-02
8.099999999999999645e+00 1.296136983738819907e-02 2.104971066591015613e-02
8.150000000000000355e+00 1.540760119905822297e-02 2.108409923880711842e-02
8.199999999999999289e+00 1.676227364969468461e-02 2.078372120998319209e-02
8.250000000000000000e+00 1.647819792204260197e-02 2.000268602687554562e-02
8.300000000000000711e+00 1.434505527744821089e-02 1.859545184574705468e-02
8.349999999999999645e+00 1.057205242287620819e-02 1.652251869217969196e-02
8.400000000000000355e+00 5.746697888699386046e-03 1.408131608141103240e-02
8.449999999999999289e+00 6.810530855287783274e-04 1.226368023577585099e-02
8.500000000000000000e+00 -3.805588985768397839e-03 1.263602274349807583e-02
8.550000000000000711e+00 -7.098940163102200780e-03 1.550554726583042164e-02
8.599999999999999645e+00 -8.923642946935955722e-03 1.940525465127010060e-02
8.650000000000000355e+00 -9.382107860106389530e-03 2.288838905066556059e-02
8.699999999999999289e+00 -8.868015993179427514e-03 2.509752272258617203e-02
8.750000000000000000e+00 -7.905755970901793411e-03 2.567359672863706033e-02
8.800000000000000711e+00 -6.969779301892232298e-03 2.466196462179283747e-02
8.849999999999999645e+00 -6.344894404470001123e-03 2.241221347930951943e-02
8.900000000000000355e+00 -6.070578019092016248e-03 1.945240949512650613e-02
8.949999999999999289e+00 -5.979976924561990897e-03 1.636454538847490273e-02
9.000000000000000000e+00 -5.809336266389996881e-03 1.370389627109901490e-02
9.050000000000000711e+00 -5.336274952170002792e-03 1.197122381064593712e-02
9.099999999999999645e+00 -4.458509761314000813e-03 1.151652480883385080e-02
9.150000000000000355e+00 -3.242210405278190492e-03 1.234445539751076633e-02
9.199999999999999289e+00 -1.876428986799598062e-03 1.406609384366632604e-02
9.250000000000000000e+00 -5.855830495626385872e-04 1.614948836080937547e-02
9.300000000000000711e+00 4.652207903741204485e-04 1.810927408080928100e-02
9.349999999999999645e+00 1.231640953802279554e-03 1.956138475358717640e-02
9.400000000000000355e+00 1.794615260147798758e-03 2.025325007985602152e-02
9.449999999999999289e+00 2.309545935314002985e-03 2.009419115067937606e-02
9.500000000000000000e+00 2.924887912170196294e-03 1.916353304948979069e-02
9.550000000000000711e+00 3.714344347411586977e-03 1.769015786824361045e-02
9.599999999999999645e+00 4.614252559832393227e-03 1.597132432673252500e-02
9.650000000000000355e+00 5.461532449779607501e-03 1.436916784377263202e-02
9.699999999999999289e+00 6.050040472243807012e-03 1.323664127482649180e-02
9.750000000000000000e+00 6.211337494835398286e-03 1.279642953387233502e-02
9.800000000000000711e+00 5.880543255824012376e-03 1.298045581635374861e-02
9.849999999999999645e+00 5.120730726567985017e-03 1.346530402556952999e-02
9.900000000000000355e+00 4.097074184774602765e-03 1.395264686788490888e-02
9.949999999999999289e+00 3.012685303336995035e-03 1.440945444678718053e-02
1.000000000000000000e+01 2.033143397377597250e-03 1.504471035154352800e-02
1.005000000000000071e+01 1.228500595591998238e-03 1.601491915020679738e-02
1.009999999999999964e+01 5.692869865926206531e-04 1.708489489279122267e-02
1.015000000000000036e+01 -6.779731242899981428e-05 1.773588077299917756e-02
1.019999999999999929e+01 -8.262677266860004319e-04 1.749823329598052327e-02
1.025000000000000000e+01 -1.800304250147803046e-03 1.623651343016368348e-02
1.030000000000000071e+01 -2.985397511923403718e-03 1.425870198314422438e-02
1.034999999999999964e+01 -4.266776357006203148e-03 1.224454482262375341e-02
1.040000000000000036e+01 -5.448161280542093005e-03 1.093001064620946830e-02
1.044999999999999929e+01 -6.308721922721610698e-03 1.056509663879718654e-02
1.050000000000000000e+01 -6.667298984017710518e-03 1.078411955925786918e-02
1.055000000000000071e+01 -6.432610746037984058e-03 1.118295377629554416e-02
1.059999999999999964e+01 -5.625334985742851991e-03 1.164466419826583332e-02
1.065000000000000036e+01 -4.368918214719600887e-03 1.212456746655545155e-02
1.069999999999999929e+01 -2.856078535168964008e-03 1.242042782613074145e-02
1.075000000000000000e+01 -1.303721234318539054e-03 1.225767256333278737e-02
1.080000000000000071e+01 9.077209962059859928e-05 1.155846837665930153e-02
1.084999999999999964e+01 1.182848033490802161e-03 1.064208043422121795e-02
1.090000000000000036e+01 1.899983050727000562e-03 1.016408450326990176e-02
1.094999999999999929e+01 2.247163728020994990e-03 1.058317239162999586e-02
1.100000000000000000e+01 2.300552818832796685e-03 1.161626900532664389e-02
1.105000000000000071e+01 2.195843537247799473e-03 1.260987226494176064e-02
1.109999999999999964e+01 2.097445924009599168e-03 1.306749168861128137e-02
1.115000000000000036e+01 2.160761564731801011e-03 1.287047044928394876e-02
1.119999999999999929e+01 2.489736895096080795e-03 1.217437819796273087e-02
1.125000000000000000e+01 3.100780360641403922e-03 1.128810400283894629e-02
1.130000000000000071e+01 3.904342308705998580e-03 1.059351647889252186e-02
1.134999999999999964e+01 4.714034676699994410e-03 1.047713734005327121e-02
1.140000000000000036e+01 5.286344940135610966e-03 1.114283262849252200e-02
1.144999999999999929e+01 5.383905069382207038e-03 1.239647839993751784e-02
1.150000000000000000e+01 4.845525820570206234e-03 1.372964200204991776e-02
1.155000000000000071e+01 3.641034809339604474e-03 1.460721524629005931e-02
1.159999999999999964e+01 1.891322782444001703e-03 1.468465728287552535e-02
1.165000000000000036e+01 -1.559078232659995582e-04 1.391408360951708681e-02
1.169999999999999929e+01 -2.189422330389355961e-03 1.256539745973550906e-02
1.175000000000000000e+01 -3.917342460620236270e-03 1.115110383409594758e-02
1.180000000000000071e+01 -5.142285692035604081e-03 1.019812099723728729e-02
1.184999999999999964e+01 -5.803211343288603233e-03 9.887824652601115427e-03
1.190000000000000036e+01 -5.969912151467500830e-03 9.940786209466034862e-03
1.194999999999999929e+01 -5.793308666211264592e-03 9.956497675156144450e-03
1.200000000000000000e+01 -5.431259401685385388e-03 9.726934817412460216e-03
1.205000000000000071e+01 -4.985139151371592754e-03 9.288302724476397293e-03
1.209999999999999964e+01 -4.441991279147397206e-03 8.769851941915228488e-03
1.215000000000000036e+01 -3.706797733005552480e-03 8.342880760370905563e-03
1.219999999999999929e+01 -2.649357905321006283e-03 8.112073020824360492e-03
1.225000000000000000e+01 -1.183268845177000124e-03 8.085602530386639883e-03
1.230000000000000071e+01 6.631009824814010486e-04 8.212216667760199179e-03
1.234999999999999964e+01 2.713460859054049688e-03 8.436489890129735686e-03
1.240000000000000036e+01 4.664830489119820185e-03 8.710239883333638702e-03
1.244999999999999929e+01 6.159871258601995643e-03 8.961651064841770140e-03
1.250000000000000000e+01 6.887982779369407511e-03 9.082196445243474747e-03
1.255000000000000071e+01 6.681621874686218855e-03 8.973013286774652805e-03
1.259999999999999964e+01 5.575035737397002721e-03 8.623678979510855311e-03
1.265000000000000036e+01 3.804901100302612860e-03 8.155209676915197575e-03
1.269999999999999929e+01 1.751681064717602963e-03 7.765482167877943084e-03
1.275000000000000000e+01 -1.601079649553997818e-04 7.580776874516436704e-03
1.280000000000000071e+01 -1.571792135750398143e-03 7.559193887414722944e-03
1.284999999999999964e+01 -2.277633117887191156e-03 7.585585611259147189e-03
1.290000000000000036e+01 -2.264911441328803891e-03 7.625744751961943506e-03
1.294999999999999929e+01 -1.698703561483000694e-03 7.730180662268233867e-03
1.300000000000000000e+01 -8.603067682305208909e-04 7.898521835991545448e-03
1.305000000000000071e+01 -6.675504420379938723e-05 8.029398428583507316e-03
1.309999999999999964e+01 4.272185287460017228e-04 7.960671391503111941e-03
1.315000000000000036e+01 4.797530112154004336e-04 7.697225056393112649e-03
1.319999999999999929e+01 8.410721200399987204e-05 7.433121947476631873e-03
1.325000000000000000e+01 -6.471905260101989011e-04 7.378362696340084841e-03
1.330000000000000071e+01 -1.525087578582804120e-03 7.509449547048680298e-03
1.334999999999999964e+01 -2.338245102038800666e-03 7.591833658889332072e-03
1.340000000000000036e+01 -2.903567061882612876e-03 7.466210610582404983e-03
1.344999999999999929e+01 -3.102111281997276069e-03 7.244537602945869126e-03
1.350000000000000000e+01 -2.895505082276998189e-03 7.225102352378004987e-03
1.355000000000000071e+01 -2.323492106699198874e-03 7.548024209546541109e-03
1.359999999999999964e+01 -1.486845551210000047e-03 7.986355357842870456e-03
1.365000000000000036e+01 -5.213932430012011791e-04 8.179988015704065668e-03
1.369999999999999929e+01 4.310418821530020224e-04 7.940800915843496122e-03
1.375000000000000000e+01 1.249522821421620916e-03 7.347941893019641069e-03
1.380000000000000071e+01 1.854115114987404944e-03 6.672977033284309412e-03
1.384999999999999964e+01 2.215596156281448518e-03 6.188434300060814339e-03
1.390000000000000036e+01 2.352783409392208286e-03 5.960481926234554445e-03
1.394999999999999929e+01 2.318173057533701523e-03 5.848518202530090387e-03
1.400000000000000000e+01 2.175857456001397024e-03 5.708431816335138298e-03
1.405000000000000071e+01 1.971997190083995492e-03 5.539720103986131919e-03
1.409999999999999964e+01 1.752049290346695135e-03 5.395978201017046817e-03
1.415000000000000036e+01 1.513224577465262320e-03 5.361594845580013903e-03
1.419999999999999929e+01 1.222307402740798995e-03 5.455410825365486840e-03
1.425000000000000000e+01 8.367561973056682461e-04 5.617026948682182948e-03
1.430000000000000071e+01 3.321243704922009852e-04 5.746061836620512675e-03
1.434999999999999964e+01 -2.752633944684002563e-04 5.755600378718574335e-03
1.440000000000000036e+01 -9.204963005617980290e-04 5.616021197009790113e-03
1.444999999999999929e+01 -1.502037729076802523e-03 5.374493455560357819e-03
1.450000000000000000e+01 -1.910721781007158242e-03 5.133055727174602734e-03
1.455000000000000071e+01 -2.065929620273796070e-03 4.985089632873290939e-03
1.459999999999999964e+01 -1.945467638347785641e-03 4.957785794014573852e-03
1.465000000000000036e+01 -1.597218613719996773e-03 5.020693324139562097e-03
1.469999999999999929e+01 -1.126987723282797671e-03 5.133575182677907120e-03
1.475000000000000000e+01 -6.657781412755594012e-04 5.257304705357710578e-03
1.480000000000000071e+01 -3.275977313348222924e-04 5.330651204285418929e-03
1.484999999999999964e+01 -1.727149154926006195e-04 5.277316925174395205e-03
1.490000000000000036e+01 -1.895092781484010718e-04 5.062922232607698809e-03
1.494999999999999929e+01 -3.013438499882787410e-04 4.754898258442282789e-03
1.500000000000000000e+01 -3.958011170953998239e-04 4.517058232326127964e-03
1.505000000000000071e+01 -3.497628103577985945e-04 4.499148812942915798e-03
1.509999999999999964e+01 -1.197565266068083137e-04 4.654119695820836677e-03
1.515000000000000036e+01 2.891974113168009207e-04 4.811268371040889474e-03
1.519999999999999929e+01 8.096430739545979523e-04 4.838565448090829599e-03
1.525000000000000000e+01 1.332867169380677185e-03 4.730285084286504731e-03
1.530000000000000071e+01 1.742472637654462987e-03 4.573298987632671772e-03
1.534999999999999964e+01 1.948307806204209762e-03 4.447485607741326168e-03
1.540000000000000036e+01 1.909454370765565918e-03 4.350314572790545987e-03
1.544999999999999929e+01 1.639819498626201352e-03 4.224182787456533077e-03
1.550000000000000000e+01 1.196706320592982138e-03 4.043259470028690017e-03
1.555000000000000071e+01 6.587533583268202417e-04 3.854897960472201263e-03
1.559999999999999964e+01 1.025561998946594716e-04 3.738192260877735637e-03
1.565000000000000036e+01 -4.137395104353203037e-04 3.724815926051585919e-03
1.569999999999999929e+01 -8.557055235114013371e-04 3.773732272239467642e-03
1.575000000000000000e+01 -1.207756434193699374e-03 3.824519715675891995e-03
1.580000000000000071e+01 -1.463074345977360882e-03 3.849853405899245073e-03
1.584999999999999964e+01 -1.614511196349878094e-03 3.857130900181232787e-03
1.590000000000000036e+01 -1.651042052211999615e-03 3.862147654512786219e-03
1.594999999999999929e+01 -1.560995188604018605e-03 3.871390446608245772e-03
1.600000000000000000e+01 -1.339889260051744602e-03 3.883799129090609141e-03
1.605000000000000071e+01 -1.000753810743858175e-03 3.910587297422114805e-03
1.610000000000000142e+01 -5.729120130827983735e-04 3.947503460774371559e-03
1.614999999999999858e+01 -1.077827331850801320e-04 4.002320800305248470e-03
1.619999999999999929e+01 3.342947387743996825e-04 4.077521371905175676e-03
1.625000000000000000e+01 6.961476748057985210e-04 4.154352048113179284e-03
1.630000000000000071e+01 9.356924083974611523e-04 4.185133284401934030e-03
1.635000000000000142e+01 1.034583142355197669e-03 4.113215929852835281e-03
1.639999999999999858e+01 1.001568456299102225e-03 3.917804123353718290e-03
1.644999999999999929e+01 8.699075897167767718e-04 3.658526348112554893e-03
1.650000000000000000e+01 6.894888835019273620e-04 3.479277075804397719e-03
1.655000000000000071e+01 5.153310655648802967e-04 3.516237440074666560e-03
1.660000000000000142e+01 3.948586820870594611e-04 3.753060158001976423e-03
1.664999999999999858e+01 3.566540674282010748e-04 4.028750988775820982e-03
1.669999999999999929e+01 4.032057767664001834e-04 4.183144319152888764e-03
1.675000000000000000e+01 5.094583223750197591e-04 4.145528139766463047e-03
1.680000000000000071e+01 6.278091309549371129e-04 3.941013773536098178e-03
1.685000000000000142e+01 6.988249371327999795e-04 3.659768527792526139e-03
1.689999999999999858e+01 6.656470597810792891e-04 3.410315742555053171e-03
1.694999999999999929e+01 4.890908569640795272e-04 3.267297977781300541e-03
1.700000000000000000e+01 1.599935676578795893e-04 3.236068170404472148e-03
1.705000000000000071e+01 -2.960025972748000014e-04 3.269435147504373522e-03
1.710000000000000142e+01 -8.183495341834607110e-04 3.291766384013319197e-03
1.714999999999999858e+01 -1.318380999386435009e-03 3.266637081430378686e-03
1.719999999999999929e+01 -1.702719255648602872e-03 3.208034026130497738e-03
1.725000000000000000e+01 -1.895985770536757868e-03 3.169449890629122933e-03
1.730000000000000071e+01 -1.859552299245458267e-03 3.199583863759113481e-03
1.735000000000000142e+01 -1.600545054551462398e-03 3.293546761874847125e-03
1.739999999999999858e+01 -1.168249229715522539e-03 3.394099592816027418e-03
1.744999999999999929e+01 -6.391875479822008935e-04 3.441146682205296990e-03
1.750000000000000000e+01 -9.597385692660042277e-05 3.413424762486879163e-03
1.755000000000000071e+01 3.929191732418595888e-04 3.332292795252333323e-03
1.760000000000000142e+01 7.859424383925988928e-04 3.235257070787207756e-03
1.764999999999999858e+01 1.070333342929400289e-03 3.144416576190123963e-03
1.769999999999999929e+01 1.253928467438200850e-03 3.057383335921828003e-03
1.775000000000000000e+01 1.351661234771322270e-03 2.965440496966744409e-03
1.780000000000000071e+01 1.373292688462940002e-03 2.875591439658176443e-03
1.785000000000000142e+01 1.317934753738800964e-03 2.814797158044712259e-03
1.789999999999999858e+01 1.177565251211780319e-03 2.814901508717077439e-03
1.794999999999999929e+01 9.474423196751399290e-04 2.890014030191113709e-03
1.800000000000000000e+01 6.379620636294793456e-04 3.021212949407491976e-03
1.805000000000000071e+01 2.821134857834193643e-04 3.163080816402610851e-03
1.810000000000000142e+01 -6.948419961294024583e-05 3.245675445863723495e-03
1.814999999999999858e+01 -3.578206762809788216e-04 3.217975136376988350e-03
1.819999999999999929e+01 -5.345416855646992248e-04 3.067956357487118188e-03
1.825000000000000000e+01 -5.795313674645736265e-04 2.838638716185579690e-03
1.830000000000000071e+01 -5.104094871578217577e-04 2.621602402568474436e-03
1.835000000000000142e+01 -3.792618320421799866e-04 2.509232411196529212e-03
1.839999999999999858e+01 -2.567027816567999787e-04 2.520054460789602525e-03
1.844999999999999929e+01 -2.083550199879796077e-04 2.586336592239902796e-03
1.850000000000000000e+01 -2.720035271450002221e-04 2.629263300707296476e-03
1.855000000000000071e+01 -4.437259817192013857e-04 2.622340106582110239e-03
1.860000000000000142e+01 -6.781504135150002131e-04 2.594497463143387653e-03
1.864999999999999858e+01 -9.028529683067224509e-04 2.591574851245456636e-03
1.869999999999999929e+01 -1.041779228202418172e-03 2.630132669476097258e-03
1.875000000000000000e+01 -1.039424919867985766e-03 2.684461205291106996e-03
1.880000000000000071e+01 -8.775051215061612474e-04 2.714244212736222506e-03
1.885000000000000142e+01 -5.788801538393616468e-04 2.696333998885531991e-03
1.889999999999999858e+01 -1.983118741380196785e-04 2.634345090917983821e-03
1.894999999999999929e+01 1.957144693272338317e-04 2.549243951346513801e-03
1.900000000000000000e+01 5.411046925781998022e-04 2.464473598050340598e-03
1.905000000000000071e+01 7.985424915577985470e-04 2.400335165443925022e-03
1.910000000000000142e+01 9.555992597901541343e-04 2.359929015925425668e-03
1.914999999999999858e+01 1.020815063896600688e-03 2.348360031886602591e-03
1.919999999999999929e+01 1.015245581482840734e-03 2.366719301015996618e-03
1.925000000000000000e+01 9.611203569631841500e-04 2.408871929562195376e-03
1.930000000000000071e+01 8.738518544759987794e-04 2.461543107957810724e-03
1.935000000000000142e+01 7.598422148992189104e-04 2.507911195761223025e-03
1.939999999999999858e+01 6.196248044066007257e-04 2.531008554560235362e-03
1.944999999999999929e+01 4.535928498728881595e-04 2.516468108346186193e-03
1.950000000000000000e+01 2.668273745458191355e-04 2.457514673981160865e-03
1.955000000000000071e+01 7.049253356616029141e-05 2.362517257218369610e-03
1.960000000000000142e+01 -1.206978411974062059e-04 2.259266414433315148e-03
1.964999999999999858e+01 -2.933665788402006346e-04 2.186506281591999237e-03
1.969999999999999929e+01 -4.400010073092179325e-04 2.170129273264796016e-03
1.975000000000000000e+01 -5.606787598325191704e-04 2.202702407727412989e-03
1.980000000000000071e+01 -6.610079617449617952e-04 2.251415260802639567e-03
1.985000000000000142e+01 -7.471988288995792078e-04 2.286006703389859528e-03
1.989999999999999858e+01 -8.206137273907596974e-04 2.297355697463640718e-03
1.994999999999999929e+01 -8.744472985255000944e-04 2.295554709969741848e-03
2.000000000000000000e+01 -8.942596696710602543e-04 2.295397816598741120e-03
