# k	<chi>	std	chi_median	chi_max	chi_min
0.000000e+00	3.566289e-02	2.344887e-01	0.000000e+00	5.359256e-01	-3.383644e-01
5.000000e-02	5.694033e-02	3.161736e-01	1.898513e-01	5.238579e-01	-3.614632e-01
1.000000e-01	4.832779e-02	3.060444e-01	1.710318e-01	5.040533e-01	-3.595794e-01
1.500000e-01	2.192330e-02	2.753990e-01	1.144875e-01	4.457878e-01	-3.535449e-01
2.000000e-01	-5.348989e-03	2.444046e-01	5.346065e-02	3.887905e-01	-3.523377e-01
2.500000e-01	-5.177075e-02	1.928352e-01	-6.032531e-02	2.907726e-01	-3.627303e-01
3.000000e-01	-9.940424e-02	1.420693e-01	-1.495629e-01	1.894281e-01	-3.723068e-01
3.500000e-01	-1.652379e-01	7.867264e-02	-1.930288e-01	4.717488e-02	-3.833577e-01
4.000000e-01	-2.304249e-01	5.491993e-02	-2.202560e-01	-9.534100e-02	-4.669995e-01
4.500000e-01	-3.080064e-01	1.138470e-01	-2.683864e-01	-1.177863e-01	-6.309877e-01
5.000000e-01	-3.795533e-01	1.887137e-01	-3.995355e-01	-1.122431e-01	-7.752390e-01
5.500000e-01	-4.523279e-01	2.705306e-01	-5.568532e-01	-1.078150e-01	-9.142213e-01
6.000000e-01	-5.104849e-01	3.400867e-01	-6.922067e-01	-1.051006e-01	-1.017140e+00
6.500000e-01	-5.554336e-01	4.001363e-01	-7.724897e-01	-8.576351e-02	-1.093919e+00
7.000000e-01	-5.769307e-01	4.395738e-01	-8.112744e-01	-4.578245e-02	-1.149768e+00
7.500000e-01	-5.726900e-01	4.568292e-01	-8.128730e-01	-9.961658e-03	-1.172830e+00
8.000000e-01	-5.415575e-01	4.498696e-01	-7.778257e-01	1.720238e-02	-1.136926e+00
8.500000e-01	-4.815165e-01	4.155523e-01	-7.036588e-01	3.341513e-02	-1.031187e+00
9.000000e-01	-4.023499e-01	3.613567e-01	-6.043110e-01	3.722407e-02	-8.737509e-01
9.500000e-01	-3.060185e-01	2.858375e-01	-4.678177e-01	3.779325e-02	-6.958667e-01
1.000000e+00	-2.104923e-01	2.033103e-01	-3.032646e-01	3.376213e-02	-5.006020e-01
1.050000e+00	-1.218062e-01	1.158881e-01	-1.325545e-01	4.530878e-02	-3.205060e-01
1.100000e+00	-5.734124e-02	4.399822e-02	-4.811710e-02	3.780259e-02	-1.878429e-01
1.150000e+00	-2.259841e-02	4.813153e-02	-3.321531e-02	9.372865e-02	-1.449656e-01
1.200000e+00	-2.333432e-02	9.056293e-02	-5.003938e-02	1.447235e-01	-2.043081e-01
1.250000e+00	-5.803419e-02	1.164611e-01	-6.055738e-02	1.297604e-01	-2.628712e-01
1.300000e+00	-1.155994e-01	1.234073e-01	-9.113362e-02	7.683800e-02	-3.117230e-01
1.350000e+00	-1.858671e-01	1.145416e-01	-1.614158e-01	-5.903845e-03	-3.482472e-01
1.400000e+00	-2.476958e-01	9.858491e-02	-2.397711e-01	-9.118534e-02	-3.903755e-01
1.450000e+00	-2.892500e-01	8.106377e-02	-2.871965e-01	-1.412067e-01	-4.123583e-01
1.500000e+00	-2.953527e-01	7.006834e-02	-3.109690e-01	-1.564919e-01	-3.995054e-01
1.550000e+00	-2.633162e-01	6.736248e-02	-2.837992e-01	-1.288660e-01	-3.674191e-01
1.600000e+00	-1.964431e-01	7.380333e-02	-2.012482e-01	-6.836077e-02	-3.048448e-01
1.650000e+00	-1.050518e-01	8.792680e-02	-7.488139e-02	3.259917e-02	-2.298099e-01
1.700000e+00	-7.797713e-03	1.031850e-01	5.374445e-02	1.441041e-01	-1.459227e-01
1.750000e+00	8.094802e-02	1.145503e-01	1.527076e-01	2.375494e-01	-6.585041e-02
1.800000e+00	1.439297e-01	1.136666e-01	2.025845e-01	2.979080e-01	3.122147e-04
1.850000e+00	1.768362e-01	9.939120e-02	2.195502e-01	3.137865e-01	4.603259e-02
1.900000e+00	1.773581e-01	7.125419e-02	2.012595e-01	2.804602e-01	7.851251e-02
1.950000e+00	1.551385e-01	3.496525e-02	1.587787e-01	2.160150e-01	1.002937e-01
2.000000e+00	1.199262e-01	9.931559e-03	1.199828e-01	1.815156e-01	8.659008e-02
2.050000e+00	8.482386e-02	3.973160e-02	6.210989e-02	1.676497e-01	2.349937e-02
2.100000e+00	5.905167e-02	6.026694e-02	1.972949e-02	1.472991e-01	-2.204924e-02
2.150000e+00	4.656152e-02	6.511298e-02	8.003984e-04	1.391419e-01	-3.604442e-02
2.200000e+00	4.481521e-02	5.686903e-02	3.160422e-03	1.284877e-01	-2.317647e-02
2.250000e+00	4.819903e-02	4.498649e-02	1.443653e-02	1.175012e-01	-7.566505e-03
2.300000e+00	4.884337e-02	3.178054e-02	2.931966e-02	1.008552e-01	5.905975e-03
2.350000e+00	4.314343e-02	2.091966e-02	3.433435e-02	7.966079e-02	1.032316e-02
2.400000e+00	3.104289e-02	1.419663e-02	2.792344e-02	5.630150e-02	5.341796e-03
2.450000e+00	2.045455e-02	9.104551e-03	2.090433e-02	3.605206e-02	1.954441e-03
2.500000e+00	9.226323e-03	5.819556e-03	9.975347e-03	2.172927e-02	-5.655919e-03
2.550000e+00	-9.207445e-04	4.039887e-03	-3.679755e-04	1.072521e-02	-1.357590e-02
2.600000e+00	-8.503971e-03	3.210338e-03	-8.312334e-03	2.163248e-03	-1.851630e-02
2.650000e+00	-1.399523e-02	3.054110e-03	-1.395108e-02	-4.444213e-03	-2.141245e-02
2.700000e+00	-1.677717e-02	3.214709e-03	-1.650793e-02	-8.109412e-03	-2.618248e-02
2.750000e+00	-1.689522e-02	3.405713e-03	-1.680327e-02	-8.923540e-03	-2.713937e-02
2.800000e+00	-1.484791e-02	3.379680e-03	-1.504472e-02	-6.974150e-03	-2.472754e-02
2.850000e+00	-1.264199e-02	2.968407e-03	-1.279016e-02	-4.614044e-03	-2.142395e-02
2.900000e+00	-9.226678e-03	2.481779e-03	-9.295013e-03	-2.471309e-03	-1.956121e-02
2.950000e+00	-5.319731e-03	2.541785e-03	-5.082936e-03	1.317917e-03	-1.775606e-02
3.000000e+00	-1.549836e-03	3.674591e-03	-8.312724e-04	5.507880e-03	-1.462734e-02
3.050000e+00	1.503953e-03	4.821739e-03	1.643655e-03	1.054953e-02	-1.124915e-02
3.100000e+00	3.711652e-03	6.060914e-03	3.044549e-03	1.504381e-02	-6.819289e-03
3.150000e+00	4.866941e-03	7.136892e-03	3.414463e-03	1.781619e-02	-6.085133e-03
3.200000e+00	4.940683e-03	7.805150e-03	2.892150e-03	1.908484e-02	-7.601107e-03
3.250000e+00	3.522510e-03	7.531354e-03	1.011965e-03	1.793195e-02	-8.801196e-03
3.300000e+00	1.477681e-03	6.755506e-03	-1.359014e-05	1.479680e-02	-9.254812e-03
3.350000e+00	-6.975881e-04	5.614176e-03	-8.548072e-04	1.004689e-02	-1.116751e-02
3.400000e+00	-2.523674e-03	4.411237e-03	-1.049162e-03	8.274181e-03	-1.332994e-02
3.450000e+00	-3.876782e-03	3.527604e-03	-3.150580e-03	6.323483e-03	-1.429915e-02
3.500000e+00	-3.976586e-03	3.860997e-03	-4.793893e-03	6.132118e-03	-1.309701e-02
3.550000e+00	-2.631519e-03	4.772287e-03	-3.451165e-03	8.815424e-03	-1.107902e-02
3.600000e+00	1.102426e-04	5.455333e-03	6.893246e-04	1.084525e-02	-9.937381e-03
3.650000e+00	4.077492e-03	5.782728e-03	5.892248e-03	1.308261e-02	-6.711753e-03
3.700000e+00	8.686510e-03	5.547165e-03	8.857047e-03	1.967399e-02	-1.248698e-03
3.750000e+00	1.308478e-02	5.039632e-03	1.183528e-02	2.561591e-02	5.485090e-03
3.800000e+00	1.630243e-02	4.708178e-03	1.553304e-02	2.965652e-02	4.488877e-03
3.850000e+00	1.780359e-02	4.969590e-03	1.891204e-02	3.017954e-02	2.607099e-03
3.900000e+00	1.642329e-02	5.694785e-03	1.843211e-02	2.539252e-02	1.040093e-03
3.950000e+00	1.193585e-02	6.500648e-03	1.239895e-02	2.256543e-02	-1.081703e-03
4.000000e+00	4.787236e-03	7.066845e-03	2.110923e-03	1.803806e-02	-6.009372e-03
4.050000e+00	-4.012677e-03	7.293038e-03	-4.238617e-03	1.002364e-02	-1.683534e-02
4.100000e+00	-1.323230e-02	6.947367e-03	-1.181662e-02	-3.719798e-04	-2.837812e-02
4.150000e+00	-2.112808e-02	6.070198e-03	-1.947852e-02	-8.486132e-03	-3.762926e-02
4.200000e+00	-2.619550e-02	4.951990e-03	-2.550517e-02	-1.080287e-02	-4.076797e-02
4.250000e+00	-2.793805e-02	4.298429e-03	-2.877547e-02	-1.247166e-02	-3.797570e-02
4.300000e+00	-2.595102e-02	4.715502e-03	-2.719413e-02	-1.272204e-02	-3.395219e-02
4.350000e+00	-2.091135e-02	5.999497e-03	-2.081915e-02	-1.083952e-02	-3.013815e-02
4.400000e+00	-1.414924e-02	7.475227e-03	-1.409907e-02	-6.511399e-04	-2.615401e-02
4.450000e+00	-7.463343e-03	8.769079e-03	-7.709622e-03	9.532959e-03	-2.148412e-02
4.500000e+00	-1.908778e-03	9.936326e-03	-3.469215e-03	1.774825e-02	-1.751259e-02
4.550000e+00	1.706426e-03	1.112309e-02	4.986067e-04	2.359461e-02	-1.519150e-02
4.600000e+00	3.328240e-03	1.245834e-02	3.857162e-03	2.678269e-02	-1.456105e-02
4.650000e+00	3.505654e-03	1.390652e-02	6.078820e-03	2.772687e-02	-1.580018e-02
4.700000e+00	3.361373e-03	1.520958e-02	7.620173e-03	2.753233e-02	-1.668724e-02
4.750000e+00	3.979214e-03	1.581007e-02	8.977484e-03	2.648169e-02	-1.754716e-02
4.800000e+00	6.099907e-03	1.504826e-02	1.023511e-02	2.751917e-02	-1.579860e-02
4.850000e+00	9.713341e-03	1.254064e-02	1.128895e-02	2.933179e-02	-1.052705e-02
4.900000e+00	1.448841e-02	8.229002e-03	1.489685e-02	2.978541e-02	-1.419382e-03
4.950000e+00	1.954088e-02	4.705314e-03	1.960070e-02	3.040222e-02	8.575628e-03
5.000000e+00	2.384851e-02	9.255945e-03	2.351603e-02	4.517823e-02	1.898564e-03
5.050000e+00	2.654550e-02	1.638826e-02	2.474557e-02	5.891639e-02	-5.120418e-03
5.100000e+00	2.734287e-02	2.245410e-02	1.933589e-02	6.798642e-02	-1.028763e-02
5.150000e+00	2.632705e-02	2.607087e-02	1.289308e-02	7.101119e-02	-1.223738e-02
5.200000e+00	2.393494e-02	2.668718e-02	7.970917e-03	6.743455e-02	-1.557879e-02
5.250000e+00	2.065971e-02	2.459085e-02	1.245662e-02	5.831035e-02	-1.940894e-02
5.300000e+00	1.692342e-02	2.081470e-02	2.011193e-02	4.499118e-02	-1.978156e-02
5.350000e+00	1.278784e-02	1.677692e-02	2.044497e-02	3.700516e-02	-2.130312e-02
5.400000e+00	8.006086e-03	1.354455e-02	1.215010e-02	3.111693e-02	-2.556369e-02
5.450000e+00	2.165313e-03	1.109704e-02	3.299985e-03	2.681705e-02	-2.948546e-02
5.500000e+00	-4.881237e-03	8.928421e-03	-4.403283e-03	1.480851e-02	-3.220343e-02
5.550000e+00	-1.300888e-02	7.212353e-03	-1.277686e-02	6.337944e-03	-3.352393e-02
5.600000e+00	-2.160911e-02	7.189998e-03	-2.212702e-02	-4.303390e-03	-4.018028e-02
5.650000e+00	-2.954873e-02	8.820346e-03	-2.933988e-02	-6.816751e-03	-5.211028e-02
5.700000e+00	-3.565432e-02	1.065254e-02	-3.520634e-02	-6.583735e-03	-6.232750e-02
5.750000e+00	-3.889594e-02	1.196031e-02	-4.009036e-02	-6.177384e-03	-6.743489e-02
5.800000e+00	-3.871829e-02	1.286377e-02	-4.089019e-02	-5.467102e-03	-6.411905e-02
5.850000e+00	-3.508966e-02	1.360112e-02	-3.750523e-02	-2.878653e-03	-6.135342e-02
5.900000e+00	-2.892109e-02	1.413621e-02	-3.105484e-02	3.489199e-03	-5.696427e-02
5.950000e+00	-2.140417e-02	1.416382e-02	-2.290111e-02	8.845240e-03	-4.894296e-02
6.000000e+00	-1.381248e-02	1.359055e-02	-1.547915e-02	1.368932e-02	-4.071698e-02
6.050000e+00	-7.076235e-03	1.273735e-02	-9.933054e-03	2.368249e-02	-3.204746e-02
6.100000e+00	-1.839995e-03	1.222906e-02	-4.464830e-03	3.002590e-02	-2.425815e-02
6.150000e+00	1.956574e-03	1.259558e-02	-5.494410e-04	3.369131e-02	-1.798734e-02
6.200000e+00	4.812622e-03	1.397305e-02	1.684624e-03	3.603082e-02	-1.634737e-02
6.250000e+00	7.409927e-03	1.597508e-02	3.380840e-03	3.868609e-02	-1.775236e-02
6.300000e+00	1.032806e-02	1.777033e-02	5.369777e-03	4.286758e-02	-1.801926e-02
6.350000e+00	1.382900e-02	1.835785e-02	8.652565e-03	4.743342e-02	-1.553753e-02
6.400000e+00	1.777596e-02	1.698458e-02	1.336013e-02	5.173834e-02	-1.271674e-02
6.450000e+00	2.169805e-02	1.360164e-02	1.993778e-02	5.418525e-02	-7.152395e-03
6.500000e+00	2.496078e-02	9.499837e-03	2.575849e-02	5.151531e-02	8.244104e-04
6.550000e+00	2.693138e-02	8.489593e-03	2.614084e-02	5.078741e-02	5.373758e-03
6.600000e+00	2.721047e-02	1.219287e-02	2.529253e-02	5.766054e-02	3.469740e-03
6.650000e+00	2.570667e-02	1.650186e-02	2.290181e-02	5.984054e-02	-3.723761e-03
6.700000e+00	2.259928e-02	1.939178e-02	1.974836e-02	5.676725e-02	-1.197295e-02
6.750000e+00	1.823913e-02	2.063063e-02	1.685332e-02	5.340956e-02	-2.083516e-02
6.800000e+00	1.302972e-02	2.077591e-02	1.107714e-02	5.714717e-02	-2.632672e-02
6.850000e+00	7.339026e-03	2.053475e-02	3.460726e-03	6.042993e-02	-3.217601e-02
6.900000e+00	1.468820e-03	2.023523e-02	-4.647150e-03	6.070883e-02	-3.504348e-02
6.950000e+00	-4.322763e-03	1.969860e-02	-1.074318e-02	5.647525e-02	-3.517483e-02
7.000000e+00	-9.774719e-03	1.852023e-02	-1.488562e-02	4.636982e-02	-3.874450e-02
7.050000e+00	-1.458777e-02	1.633645e-02	-1.685681e-02	2.954549e-02	-4.278552e-02
7.100000e+00	-1.842076e-02	1.340004e-02	-1.783896e-02	1.364211e-02	-4.616082e-02
7.150000e+00	-2.097938e-02	1.080411e-02	-2.068245e-02	4.325616e-03	-4.664908e-02
7.200000e+00	-2.206959e-02	1.067678e-02	-2.350644e-02	5.577147e-03	-4.695403e-02
7.250000e+00	-2.166709e-02	1.331007e-02	-2.054304e-02	1.083393e-02	-6.752402e-02
7.300000e+00	-1.994409e-02	1.636055e-02	-1.670561e-02	1.403457e-02	-8.017093e-02
7.350000e+00	-1.723664e-02	1.805151e-02	-1.275639e-02	1.982641e-02	-8.353892e-02
7.400000e+00	-1.396174e-02	1.782999e-02	-1.060194e-02	2.776867e-02	-7.690764e-02
7.450000e+00	-1.051562e-02	1.617529e-02	-9.670614e-03	3.283898e-02	-6.241730e-02
7.500000e+00	-7.192248e-03	1.430388e-02	-8.439101e-03	3.412415e-02	-4.437880e-02
7.550000e+00	-4.139093e-03	1.337395e-02	-5.711868e-03	3.162908e-02	-3.138569e-02
7.600000e+00	-1.437972e-03	1.352425e-02	-2.278899e-03	2.916413e-02	-2.993350e-02
7.650000e+00	9.271933e-04	1.404583e-02	-3.343566e-05	3.190506e-02	-2.934119e-02
7.700000e+00	2.965628e-03	1.453119e-02	1.447634e-03	3.468316e-02	-2.810250e-02
7.750000e+00	4.650591e-03	1.489526e-02	2.024431e-03	3.643249e-02	-2.489811e-02
7.800000e+00	5.942107e-03	1.485331e-02	3.288201e-03	3.962029e-02	-1.981467e-02
7.850000e+00	6.849335e-03	1.393727e-02	5.483996e-03	4.102855e-02	-1.905583e-02
7.900000e+00	7.494892e-03	1.206731e-02	6.357293e-03	3.829753e-02	-1.976464e-02
7.950000e+00	8.134729e-03	1.016142e-02	7.328530e-03	3.406960e-02	-1.883680e-02
8.000000e+00	9.101612e-03	1.005519e-02	9.445673e-03	2.989958e-02	-2.129441e-02
8.050000e+00	1.064820e-02	1.212240e-02	1.226375e-02	3.641679e-02	-2.357462e-02
8.100000e+00	1.283130e-02	1.468906e-02	1.603179e-02	4.416852e-02	-2.560280e-02
8.150000e+00	1.535631e-02	1.644488e-02	1.973243e-02	5.081846e-02	-2.483216e-02
8.200000e+00	1.755949e-02	1.701188e-02	2.253508e-02	5.499921e-02	-1.929018e-02
8.250000e+00	1.852930e-02	1.658182e-02	2.201826e-02	5.530874e-02	-1.806067e-02
8.300000e+00	1.735971e-02	1.561453e-02	1.856842e-02	5.096408e-02	-1.991524e-02
8.350000e+00	1.346718e-02	1.462437e-02	1.288616e-02	4.463784e-02	-2.362223e-02
8.400000e+00	6.866463e-03	1.397092e-02	7.958690e-03	3.569889e-02	-2.952981e-02
8.450000e+00	-1.701097e-03	1.366106e-02	5.100710e-05	2.808454e-02	-3.916203e-02
8.500000e+00	-1.085418e-02	1.340146e-02	-8.888541e-03	2.139639e-02	-5.079449e-02
8.550000e+00	-1.886907e-02	1.292292e-02	-1.676892e-02	1.825612e-02	-5.971005e-02
8.600000e+00	-2.410082e-02	1.229038e-02	-2.328257e-02	1.257205e-02	-5.823982e-02
8.650000e+00	-2.549365e-02	1.173947e-02	-2.623893e-02	8.971500e-03	-4.940019e-02
8.700000e+00	-2.287756e-02	1.132275e-02	-2.383124e-02	1.228828e-02	-5.096018e-02
8.750000e+00	-1.703727e-02	1.084736e-02	-1.689741e-02	1.459892e-02	-4.932492e-02
8.800000e+00	-9.499458e-03	1.023102e-02	-9.625667e-03	1.670136e-02	-4.260924e-02
8.850000e+00	-2.097830e-03	9.676074e-03	-2.798496e-03	2.579511e-02	-3.173032e-02
8.900000e+00	3.549520e-03	9.331204e-03	2.600524e-03	2.943442e-02	-1.840731e-02
8.950000e+00	6.485408e-03	9.094921e-03	5.927308e-03	3.018324e-02	-1.389360e-02
9.000000e+00	6.641381e-03	9.282955e-03	5.204826e-03	3.610398e-02	-1.486486e-02
9.050000e+00	4.773572e-03	1.099817e-02	3.899385e-03	3.770090e-02	-2.394281e-02
9.100000e+00	2.172799e-03	1.440784e-02	2.379471e-03	3.455898e-02	-3.985357e-02
9.150000e+00	1.807967e-04	1.800008e-02	2.508807e-03	3.520880e-02	-5.142855e-02
9.200000e+00	-2.654693e-04	1.999572e-02	2.630234e-03	3.577273e-02	-5.524589e-02
9.250000e+00	1.073512e-03	1.928007e-02	1.780954e-03	3.615266e-02	-4.958207e-02
9.300000e+00	3.702725e-03	1.586112e-02	3.001478e-03	3.866399e-02	-3.500531e-02
9.350000e+00	6.612326e-03	1.130117e-02	6.061180e-03	3.742366e-02	-1.705257e-02
9.400000e+00	8.667199e-03	9.281992e-03	9.180622e-03	3.634060e-02	-2.295266e-02
9.450000e+00	9.024157e-03	1.151152e-02	9.700771e-03	4.516445e-02	-2.624641e-02
9.500000e+00	7.430278e-03	1.409367e-02	6.596541e-03	4.518321e-02	-2.693743e-02
9.550000e+00	4.285547e-03	1.487740e-02	2.817563e-03	5.014953e-02	-2.670414e-02
9.600000e+00	5.392429e-04	1.412495e-02	-6.975370e-04	4.722310e-02	-2.647384e-02
9.650000e+00	-2.695201e-03	1.316633e-02	-3.524162e-03	3.868408e-02	-2.937262e-02
9.700000e+00	-4.520282e-03	1.276757e-02	-5.628446e-03	4.138968e-02	-2.810423e-02
9.750000e+00	-4.555268e-03	1.223793e-02	-5.900202e-03	4.279525e-02	-2.958281e-02
9.800000e+00	-3.044927e-03	1.073026e-02	-3.896574e-03	3.597503e-02	-3.182356e-02
9.850000e+00	-7.450020e-04	8.749339e-03	-5.965839e-04	2.356185e-02	-3.020272e-02
9.900000e+00	1.366852e-03	8.322902e-03	2.383126e-03	1.810302e-02	-2.794655e-02
9.950000e+00	2.446203e-03	1.003493e-02	4.266049e-03	2.228470e-02	-2.813678e-02
1.000000e+01	2.075315e-03	1.178455e-02	4.796515e-03	2.401576e-02	-3.450673e-02
1.005000e+01	3.958929e-04	1.220153e-02	3.426968e-03	2.118971e-02	-4.039287e-02
1.010000e+01	-1.954712e-03	1.137721e-02	3.948773e-04	2.065856e-02	-3.874591e-02
1.015000e+01	-4.111744e-03	1.031307e-02	-3.243305e-03	1.884907e-02	-3.137538e-02
1.020000e+01	-5.298709e-03	9.894266e-03	-5.192432e-03	1.784871e-02	-3.717054e-02
1.025000e+01	-5.105910e-03	9.904723e-03	-5.288979e-03	2.087542e-02	-4.204174e-02
1.030000e+01	-3.626788e-03	9.597734e-03	-3.155896e-03	2.536744e-02	-4.029154e-02
1.035000e+01	-1.408127e-03	8.724438e-03	-1.153979e-03	2.740116e-02	-3.296937e-02
1.040000e+01	7.621214e-04	7.616234e-03	1.143256e-03	2.627869e-02	-2.122141e-02
1.045000e+01	2.148719e-03	6.875900e-03	1.776241e-03	2.203360e-02	-1.415785e-02
1.050000e+01	2.337467e-03	7.225059e-03	2.471016e-03	1.791001e-02	-1.858810e-02
1.055000e+01	1.382719e-03	9.013328e-03	1.728754e-03	2.241335e-02	-2.385816e-02
1.060000e+01	-2.162203e-04	1.158266e-02	6.181178e-04	2.408197e-02	-2.893453e-02
1.065000e+01	-1.698892e-03	1.373424e-02	-5.140770e-04	2.640219e-02	-3.074883e-02
1.070000e+01	-2.321073e-03	1.439111e-02	-2.665735e-03	2.900480e-02	-2.781805e-02
1.075000e+01	-1.628003e-03	1.302313e-02	-3.353496e-03	2.844682e-02	-2.494792e-02
1.080000e+01	3.710450e-04	1.001327e-02	-9.183889e-05	2.495463e-02	-1.871280e-02
1.085000e+01	3.185984e-03	7.237664e-03	3.595325e-03	2.055892e-02	-1.482250e-02
1.090000e+01	5.991589e-03	7.781953e-03	5.879469e-03	2.673890e-02	-1.436851e-02
1.095000e+01	7.885911e-03	1.042148e-02	6.913468e-03	3.278224e-02	-1.403167e-02
1.100000e+01	8.175474e-03	1.213207e-02	7.426792e-03	3.315986e-02	-1.454371e-02
1.105000e+01	6.599116e-03	1.191838e-02	6.085390e-03	3.221205e-02	-1.574460e-02
1.110000e+01	3.396716e-03	1.004110e-02	3.146105e-03	2.724488e-02	-1.915835e-02
1.115000e+01	-7.456897e-04	7.686045e-03	-3.780669e-04	1.966993e-02	-2.218201e-02
1.120000e+01	-4.901753e-03	6.556903e-03	-5.052409e-03	1.148410e-02	-2.511146e-02
1.125000e+01	-8.165627e-03	7.078430e-03	-8.301743e-03	1.325946e-02	-3.054784e-02
1.130000e+01	-9.891909e-03	7.791858e-03	-1.019392e-02	1.625963e-02	-2.986905e-02
1.135000e+01	-9.844829e-03	7.782768e-03	-1.014334e-02	1.717190e-02	-3.090658e-02
1.140000e+01	-8.219718e-03	7.122038e-03	-8.743078e-03	1.579142e-02	-2.765398e-02
1.145000e+01	-5.541920e-03	6.354992e-03	-5.967127e-03	1.286232e-02	-2.143124e-02
1.150000e+01	-2.485356e-03	5.976458e-03	-3.113016e-03	1.531038e-02	-1.700917e-02
1.155000e+01	3.264194e-04	5.999586e-03	-7.204673e-05	1.652258e-02	-1.678699e-02
1.160000e+01	2.474822e-03	6.112684e-03	2.094437e-03	2.025428e-02	-1.659579e-02
1.165000e+01	3.815189e-03	6.139659e-03	3.711946e-03	2.057624e-02	-1.513725e-02
1.170000e+01	4.450409e-03	6.154949e-03	4.644436e-03	1.983026e-02	-1.419240e-02
1.175000e+01	4.631200e-03	6.306593e-03	4.608287e-03	2.241570e-02	-1.329708e-02
1.180000e+01	4.626264e-03	6.593226e-03	5.025575e-03	2.340605e-02	-1.296644e-02
1.185000e+01	4.610527e-03	6.830736e-03	4.491521e-03	2.328728e-02	-1.359243e-02
1.190000e+01	4.608149e-03	6.821442e-03	3.803965e-03	2.358063e-02	-1.238823e-02
1.195000e+01	4.504347e-03	6.517366e-03	3.832460e-03	2.376635e-02	-1.065646e-02
1.200000e+01	4.114776e-03	6.061627e-03	3.691908e-03	2.154763e-02	-1.561023e-02
1.205000e+01	3.267346e-03	5.702689e-03	3.206102e-03	1.879104e-02	-1.988256e-02
1.210000e+01	1.921334e-03	5.593631e-03	2.188120e-03	1.830048e-02	-2.191454e-02
1.215000e+01	1.966834e-04	5.732362e-03	6.883046e-04	1.530759e-02	-2.059629e-02
1.220000e+01	-1.643653e-03	6.064703e-03	-1.651982e-03	1.330130e-02	-1.761934e-02
1.225000e+01	-3.262662e-03	6.560969e-03	-3.448551e-03	1.564542e-02	-2.208541e-02
1.230000e+01	-4.347165e-03	7.123863e-03	-4.210476e-03	1.916932e-02	-2.436849e-02
1.235000e+01	-4.701724e-03	7.533918e-03	-4.835628e-03	1.963854e-02	-2.428292e-02
1.240000e+01	-4.307906e-03	7.555460e-03	-4.756188e-03	2.551465e-02	-2.289546e-02
1.245000e+01	-3.330527e-03	7.093418e-03	-3.633459e-03	2.923410e-02	-1.974668e-02
1.250000e+01	-2.069952e-03	6.294085e-03	-2.331108e-03	2.773071e-02	-1.649444e-02
1.255000e+01	-8.762373e-04	5.546645e-03	-8.620308e-04	2.210590e-02	-1.904653e-02
1.260000e+01	-5.166636e-05	5.271632e-03	1.245526e-04	1.431076e-02	-1.912832e-02
1.265000e+01	2.297740e-04	5.484437e-03	6.524516e-04	1.386209e-02	-1.773539e-02
1.270000e+01	-3.605536e-05	5.785515e-03	-4.245927e-04	1.465311e-02	-1.777380e-02
1.275000e+01	-6.905597e-04	5.838934e-03	-6.428794e-04	1.423397e-02	-1.839933e-02
1.280000e+01	-1.463797e-03	5.603982e-03	-1.205201e-03	1.299067e-02	-2.033187e-02
1.285000e+01	-2.053950e-03	5.284389e-03	-1.665640e-03	1.253683e-02	-1.933463e-02
1.290000e+01	-2.212093e-03	5.121029e-03	-2.070854e-03	1.099296e-02	-1.656852e-02
1.295000e+01	-1.809315e-03	5.130823e-03	-2.213689e-03	1.210035e-02	-1.713389e-02
1.300000e+01	-8.690641e-04	5.104582e-03	-1.214709e-03	1.402865e-02	-1.577837e-02
1.305000e+01	4.417616e-04	4.887293e-03	1.103787e-04	1.464367e-02	-1.307404e-02
1.310000e+01	1.862788e-03	4.540833e-03	1.863299e-03	1.497375e-02	-1.053348e-02
1.315000e+01	3.114622e-03	4.311430e-03	3.072607e-03	1.456094e-02	-9.298011e-03
1.320000e+01	3.964709e-03	4.353790e-03	4.085614e-03	1.624909e-02	-1.032289e-02
1.325000e+01	4.282349e-03	4.541173e-03	4.332463e-03	1.696166e-02	-8.716625e-03
1.330000e+01	4.064654e-03	4.658037e-03	4.196011e-03	1.672911e-02	-8.617212e-03
1.335000e+01	3.427289e-03	4.634818e-03	3.402788e-03	1.514649e-02	-1.057571e-02
1.340000e+01	2.563599e-03	4.539572e-03	2.700135e-03	1.473765e-02	-1.215975e-02
1.345000e+01	1.684766e-03	4.432771e-03	1.700741e-03	1.533125e-02	-1.235224e-02
1.350000e+01	9.592047e-04	4.297336e-03	5.421763e-04	1.661965e-02	-1.211189e-02
1.355000e+01	4.694082e-04	4.141753e-03	1.569170e-04	1.668064e-02	-1.113548e-02
1.360000e+01	1.985409e-04	4.099977e-03	-9.965276e-05	1.465043e-02	-1.166009e-02
1.365000e+01	4.917431e-05	4.294001e-03	7.086059e-05	1.162051e-02	-1.304483e-02
1.370000e+01	-1.139438e-04	4.601209e-03	-6.691011e-05	1.427363e-02	-1.390433e-02
1.375000e+01	-4.125221e-04	4.749788e-03	-3.269918e-04	1.535557e-02	-1.348722e-02
1.380000e+01	-9.118945e-04	4.610709e-03	-9.231156e-04	1.388257e-02	-1.222178e-02
1.385000e+01	-1.599685e-03	4.350128e-03	-1.822116e-03	1.018318e-02	-1.159545e-02
1.390000e+01	-2.390802e-03	4.314965e-03	-2.468011e-03	1.135505e-02	-1.235938e-02
1.395000e+01	-3.154688e-03	4.611709e-03	-3.317215e-03	1.306975e-02	-1.564790e-02
1.400000e+01	-3.754095e-03	4.944069e-03	-4.031820e-03	1.390104e-02	-1.840649e-02
1.405000e+01	-4.090498e-03	5.025058e-03	-4.491478e-03	1.239051e-02	-1.931725e-02
1.410000e+01	-4.094938e-03	4.833964e-03	-4.168490e-03	8.770977e-03	-1.816355e-02
1.415000e+01	-3.779022e-03	4.623510e-03	-3.651065e-03	9.584810e-03	-1.519115e-02
1.420000e+01	-3.202358e-03	4.616892e-03	-3.182393e-03	1.320407e-02	-1.395590e-02
1.425000e+01	-2.441519e-03	4.731686e-03	-2.501331e-03	1.485002e-02	-1.318651e-02
1.430000e+01	-1.559289e-03	4.729576e-03	-1.668939e-03	1.400170e-02	-1.358216e-02
1.435000e+01	-5.876951e-04	4.542172e-03	-5.516464e-04	1.336330e-02	-1.293876e-02
1.440000e+01	4.677520e-04	4.359399e-03	1.042134e-03	1.462416e-02	-1.152554e-02
1.445000e+01	1.604594e-03	4.432045e-03	1.591496e-03	1.398658e-02	-9.283265e-03
1.450000e+01	2.791609e-03	4.767474e-03	2.476104e-03	1.620623e-02	-1.048314e-02
1.455000e+01	3.944262e-03	5.150414e-03	3.646886e-03	1.835199e-02	-1.325671e-02
1.460000e+01	4.921419e-03	5.400287e-03	4.497213e-03	1.804171e-02	-1.334619e-02
1.465000e+01	5.549595e-03	5.457552e-03	5.105390e-03	1.966808e-02	-1.128972e-02
1.470000e+01	5.669947e-03	5.317410e-03	5.016760e-03	1.970537e-02	-7.337434e-03
1.475000e+01	5.193007e-03	4.976022e-03	4.434616e-03	1.969141e-02	-4.504155e-03
1.480000e+01	4.140996e-03	4.463307e-03	3.914795e-03	1.883717e-02	-5.859240e-03
1.485000e+01	2.659954e-03	3.916790e-03	2.557127e-03	1.543516e-02	-6.599557e-03
1.490000e+01	9.933913e-04	3.572386e-03	9.689749e-04	1.016251e-02	-8.460219e-03
1.495000e+01	-5.772688e-04	3.555292e-03	-4.966831e-04	1.057911e-02	-1.111406e-02
1.500000e+01	-1.807594e-03	3.700077e-03	-1.707946e-03	9.486253e-03	-1.362235e-02
1.505000e+01	-2.557576e-03	3.761899e-03	-2.389464e-03	7.203209e-03	-1.390088e-02
1.510000e+01	-2.816798e-03	3.643222e-03	-2.857733e-03	6.211991e-03	-1.423924e-02
1.515000e+01	-2.705713e-03	3.433595e-03	-2.801940e-03	5.889421e-03	-1.278529e-02
1.520000e+01	-2.422480e-03	3.287006e-03	-2.530056e-03	6.212807e-03	-1.102808e-02
1.525000e+01	-2.169545e-03	3.278449e-03	-2.152397e-03	7.883759e-03	-1.042720e-02
1.530000e+01	-2.082536e-03	3.374422e-03	-1.847323e-03	7.713167e-03	-1.104136e-02
1.535000e+01	-2.186436e-03	3.520802e-03	-2.164537e-03	7.066355e-03	-1.137777e-02
1.540000e+01	-2.394159e-03	3.677746e-03	-2.588770e-03	6.770781e-03	-1.143202e-02
1.545000e+01	-2.547180e-03	3.781674e-03	-2.993027e-03	8.672143e-03	-1.339605e-02
1.550000e+01	-2.482591e-03	3.747884e-03	-3.102757e-03	1.018781e-02	-1.388266e-02
1.555000e+01	-2.101352e-03	3.540737e-03	-2.559532e-03	1.068846e-02	-1.247748e-02
1.560000e+01	-1.412243e-03	3.242559e-03	-1.597026e-03	9.930032e-03	-9.531741e-03
1.565000e+01	-5.350810e-04	3.041403e-03	-3.207774e-04	7.956735e-03	-7.738060e-03
1.570000e+01	3.381366e-04	3.072700e-03	5.067694e-04	8.797689e-03	-9.673448e-03
1.575000e+01	1.010064e-03	3.258793e-03	1.105664e-03	9.846787e-03	-1.101941e-02
1.580000e+01	1.348465e-03	3.423011e-03	1.332420e-03	1.098119e-02	-1.081793e-02
1.585000e+01	1.334630e-03	3.480542e-03	1.286059e-03	1.016717e-02	-9.236855e-03
1.590000e+01	1.072028e-03	3.465121e-03	9.713162e-04	9.533830e-03	-8.569456e-03
1.595000e+01	7.517188e-04	3.439353e-03	6.153453e-04	1.067914e-02	-9.000906e-03
1.600000e+01	5.863195e-04	3.406510e-03	6.795846e-04	1.069003e-02	-9.480841e-03
1.605000e+01	7.550118e-04	3.333808e-03	8.843982e-04	9.840882e-03	-9.369109e-03
1.610000e+01	1.277635e-03	3.242001e-03	1.332077e-03	1.041953e-02	-7.410589e-03
1.615000e+01	2.061708e-03	3.274013e-03	1.982551e-03	9.992507e-03	-5.267297e-03
1.620000e+01	2.909189e-03	3.563727e-03	2.754916e-03	1.295412e-02	-6.134707e-03
1.625000e+01	3.574857e-03	4.039253e-03	3.837930e-03	1.502263e-02	-7.044388e-03
1.630000e+01	3.838455e-03	4.465833e-03	3.989331e-03	1.569509e-02	-7.011528e-03
1.635000e+01	3.567665e-03	4.624328e-03	3.705344e-03	1.543922e-02	-6.864815e-03
1.640000e+01	2.753311e-03	4.409843e-03	2.766979e-03	1.327723e-02	-8.162259e-03
1.645000e+01	1.508237e-03	3.868498e-03	1.502682e-03	1.185049e-02	-9.330362e-03
1.650000e+01	3.318534e-05	3.222177e-03	1.783895e-04	1.048924e-02	-9.025187e-03
1.655000e+01	-1.437291e-03	2.850801e-03	-1.244428e-03	7.656088e-03	-9.602777e-03
1.660000e+01	-2.691266e-03	2.996612e-03	-2.587276e-03	4.358622e-03	-1.174932e-02
1.665000e+01	-3.582131e-03	3.415098e-03	-3.494731e-03	3.905088e-03	-1.246164e-02
1.670000e+01	-4.047782e-03	3.734083e-03	-4.072363e-03	3.934497e-03	-1.360921e-02
1.675000e+01	-4.105123e-03	3.783663e-03	-4.086892e-03	4.235694e-03	-1.431327e-02
1.680000e+01	-3.826372e-03	3.593135e-03	-3.818043e-03	3.860636e-03	-1.358427e-02
1.685000e+01	-3.308020e-03	3.317696e-03	-3.431957e-03	4.048440e-03	-1.165948e-02
1.690000e+01	-2.643416e-03	3.126982e-03	-2.625867e-03	4.272304e-03	-1.084209e-02
1.695000e+01	-1.906387e-03	3.070390e-03	-1.787767e-03	5.696824e-03	-1.058623e-02
1.700000e+01	-1.147904e-03	3.055965e-03	-9.967087e-04	6.193508e-03	-1.038209e-02
1.705000e+01	-4.115275e-04	2.972641e-03	-4.006963e-04	6.246678e-03	-9.388826e-03
1.710000e+01	2.835767e-04	2.791528e-03	3.318582e-04	6.439107e-03	-9.069745e-03
1.715000e+01	9.133651e-04	2.566568e-03	1.179936e-03	7.164613e-03	-8.765698e-03
1.720000e+01	1.448452e-03	2.391291e-03	1.565235e-03	8.240842e-03	-7.542384e-03
1.725000e+01	1.856976e-03	2.345524e-03	1.915200e-03	1.004682e-02	-6.894939e-03
1.730000e+01	2.112386e-03	2.442415e-03	2.063822e-03	1.038080e-02	-5.979631e-03
1.735000e+01	2.202428e-03	2.615055e-03	2.020071e-03	9.766470e-03	-7.588957e-03
1.740000e+01	2.135513e-03	2.763353e-03	1.828261e-03	1.080519e-02	-8.626526e-03
1.745000e+01	1.941745e-03	2.813725e-03	1.606533e-03	1.078284e-02	-9.254095e-03
1.750000e+01	1.667882e-03	2.755322e-03	1.368371e-03	1.014300e-02	-8.378645e-03
1.755000e+01	1.367407e-03	2.644775e-03	1.213388e-03	9.102879e-03	-6.665104e-03
1.760000e+01	1.088410e-03	2.570449e-03	9.043240e-04	8.428942e-03	-5.877010e-03
1.765000e+01	8.625821e-04	2.583951e-03	7.403760e-04	8.241789e-03	-7.224473e-03
1.770000e+01	6.983402e-04	2.662269e-03	4.312180e-04	9.381422e-03	-7.662241e-03
1.775000e+01	5.800118e-04	2.747091e-03	4.035106e-04	1.125179e-02	-6.791300e-03
1.780000e+01	4.733897e-04	2.799849e-03	2.454335e-04	1.219677e-02	-6.520630e-03
1.785000e+01	3.362688e-04	2.814351e-03	2.427339e-04	1.138618e-02	-6.233797e-03
1.790000e+01	1.312161e-04	2.801907e-03	1.472346e-04	9.531976e-03	-6.860444e-03
1.795000e+01	-1.628044e-04	2.779497e-03	-3.206194e-04	8.452341e-03	-7.529260e-03
1.800000e+01	-5.430161e-04	2.767128e-03	-5.455617e-04	9.994878e-03	-9.245693e-03
1.805000e+01	-9.915668e-04	2.781970e-03	-1.138206e-03	9.918215e-03	-9.771532e-03
1.810000e+01	-1.446130e-03	2.824282e-03	-1.500132e-03	8.308856e-03	-9.209788e-03
1.815000e+01	-1.846146e-03	2.876133e-03	-1.775703e-03	5.213161e-03	-8.661621e-03
1.820000e+01	-2.133177e-03	2.923625e-03	-2.134154e-03	4.072039e-03	-9.573666e-03
1.825000e+01	-2.261958e-03	2.969071e-03	-2.297532e-03	4.448380e-03	-1.041622e-02
1.830000e+01	-2.208168e-03	3.017379e-03	-2.359978e-03	5.027426e-03	-1.093711e-02
1.835000e+01	-1.971504e-03	3.053678e-03	-1.966251e-03	5.213232e-03	-1.012806e-02
1.840000e+01	-1.574064e-03	3.044097e-03	-1.379799e-03	5.498712e-03	-1.054513e-02
1.845000e+01	-1.055239e-03	2.962423e-03	-7.043296e-04	5.772378e-03	-9.902867e-03
1.850000e+01	-4.649696e-04	2.814461e-03	-7.002493e-05	5.914601e-03	-8.750640e-03
1.855000e+01	1.428538e-04	2.637706e-03	4.249269e-04	6.556959e-03	-8.422795e-03
1.860000e+01	7.157980e-04	2.478400e-03	8.581519e-04	7.840721e-03	-7.898287e-03
1.865000e+01	1.206980e-03	2.367657e-03	1.055761e-03	8.747048e-03	-6.848592e-03
1.870000e+01	1.578429e-03	2.316764e-03	1.405203e-03	9.876252e-03	-5.221690e-03
1.875000e+01	1.804393e-03	2.323424e-03	1.739024e-03	9.641044e-03	-3.950499e-03
1.880000e+01	1.874728e-03	2.368910e-03	1.705076e-03	1.016234e-02	-4.268218e-03
1.885000e+01	1.797598e-03	2.416195e-03	1.685747e-03	9.349849e-03	-4.328699e-03
1.890000e+01	1.600011e-03	2.429347e-03	1.452271e-03	7.859945e-03	-3.833724e-03
1.895000e+01	1.324662e-03	2.401837e-03	1.148310e-03	8.587328e-03	-4.394227e-03
1.900000e+01	1.022436e-03	2.363422e-03	7.918676e-04	8.645272e-03	-4.289912e-03
1.905000e+01	7.454661e-04	2.354581e-03	4.738521e-04	8.606245e-03	-4.452523e-03
1.910000e+01	5.244922e-04	2.381063e-03	2.235102e-04	7.751085e-03	-4.766244e-03
1.915000e+01	3.671148e-04	2.417236e-03	1.999232e-04	6.427868e-03	-5.611883e-03
1.920000e+01	2.542296e-04	2.436855e-03	1.490202e-04	6.668731e-03	-5.593189e-03
1.925000e+01	1.462031e-04	2.431655e-03	-3.271012e-05	6.385035e-03	-5.075175e-03
1.930000e+01	-3.802449e-06	2.398390e-03	-2.767166e-04	6.212440e-03	-5.435758e-03
1.935000e+01	-2.330166e-04	2.324912e-03	-5.878551e-04	6.068747e-03	-7.121014e-03
1.940000e+01	-5.539802e-04	2.209613e-03	-7.447849e-04	5.093662e-03	-8.387778e-03
1.945000e+01	-9.462519e-04	2.104999e-03	-9.222343e-04	5.252488e-03	-8.298332e-03
1.950000e+01	-1.358000e-03	2.122985e-03	-1.254320e-03	4.822238e-03	-7.431191e-03
1.955000e+01	-1.717438e-03	2.330645e-03	-1.584417e-03	4.810586e-03	-9.438906e-03
1.960000e+01	-1.950842e-03	2.646793e-03	-1.819651e-03	4.933340e-03	-1.067432e-02
1.965000e+01	-2.001740e-03	2.914183e-03	-1.771561e-03	5.020382e-03	-1.074745e-02
1.970000e+01	-1.845526e-03	3.014045e-03	-1.628736e-03	5.155466e-03	-1.029687e-02
1.975000e+01	-1.495369e-03	2.911308e-03	-1.354932e-03	4.756044e-03	-8.512380e-03
1.980000e+01	-9.982050e-04	2.656712e-03	-9.308674e-04	4.670683e-03	-8.191764e-03
1.985000e+01	-4.227200e-04	2.364136e-03	-3.280881e-04	5.029042e-03	-7.585471e-03
1.990000e+01	1.564875e-04	2.156172e-03	3.034472e-04	5.583971e-03	-7.646317e-03
1.995000e+01	6.737431e-04	2.082718e-03	7.596825e-04	6.538937e-03	-6.556141e-03
2.000000e+01	1.082330e-03	2.093483e-03	1.041994e-03	7.318075e-03	-4.428108e-03
