# k	<chi>	std	chi_median	chi_max	chi_min
0.000000e+00	-1.783786e-01	1.785902e-01	-2.469602e-01	0.000000e+00	-4.769890e-01
5.000000e-02	-3.494258e-01	4.220820e-02	-3.525728e-01	-1.168433e-01	-4.857471e-01
1.000000e-01	-3.461848e-01	4.180758e-02	-3.491559e-01	-1.157606e-01	-4.805839e-01
1.500000e-01	-3.363128e-01	4.060329e-02	-3.392555e-01	-1.128564e-01	-4.646515e-01
2.000000e-01	-3.263668e-01	3.940055e-02	-3.283842e-01	-1.105796e-01	-4.481699e-01
2.500000e-01	-3.093895e-01	3.744947e-02	-3.112486e-01	-1.075224e-01	-4.264877e-01
3.000000e-01	-2.922963e-01	3.563943e-02	-2.937887e-01	-1.059102e-01	-4.389517e-01
3.500000e-01	-2.679556e-01	3.353938e-02	-2.672364e-01	-1.049268e-01	-4.519245e-01
4.000000e-01	-2.436811e-01	3.215675e-02	-2.424702e-01	-1.059406e-01	-4.606371e-01
4.500000e-01	-2.128425e-01	3.170999e-02	-2.106623e-01	-1.084158e-01	-4.646619e-01
5.000000e-01	-1.826622e-01	3.280129e-02	-1.794268e-01	-1.046726e-01	-4.615760e-01
5.500000e-01	-1.479225e-01	3.561056e-02	-1.437011e-01	-8.780883e-02	-4.487015e-01
6.000000e-01	-1.147796e-01	3.927843e-02	-1.095901e-01	-4.628986e-02	-4.308242e-01
6.500000e-01	-8.004562e-02	4.329414e-02	-7.547375e-02	6.574008e-03	-4.031747e-01
7.000000e-01	-4.801859e-02	4.633055e-02	-4.160003e-02	5.167458e-02	-3.783454e-01
7.500000e-01	-1.773321e-02	4.771382e-02	-1.119569e-02	8.945204e-02	-3.386732e-01
8.000000e-01	8.179856e-03	4.677035e-02	1.427113e-02	1.164665e-01	-2.882789e-01
8.500000e-01	2.841667e-02	4.302320e-02	3.423628e-02	1.289040e-01	-2.314635e-01
9.000000e-01	4.133814e-02	3.704626e-02	4.681867e-02	1.281549e-01	-1.978934e-01
9.500000e-01	4.366621e-02	2.928078e-02	4.716194e-02	1.118833e-01	-1.593465e-01
1.000000e+00	3.460676e-02	2.230023e-02	3.549351e-02	9.422824e-02	-1.219321e-01
1.050000e+00	1.026220e-02	1.936752e-02	1.039528e-02	7.158610e-02	-9.180673e-02
1.100000e+00	-2.761476e-02	2.229936e-02	-2.920340e-02	4.474204e-02	-7.749111e-02
1.150000e+00	-8.117793e-02	2.763558e-02	-8.486474e-02	1.135638e-02	-1.446690e-01
1.200000e+00	-1.438757e-01	3.168612e-02	-1.489235e-01	-3.608733e-02	-2.142516e-01
1.250000e+00	-2.139306e-01	3.322050e-02	-2.192433e-01	-9.929999e-02	-2.836825e-01
1.300000e+00	-2.802251e-01	3.171924e-02	-2.853722e-01	-1.718941e-01	-3.428831e-01
1.350000e+00	-3.376525e-01	2.782184e-02	-3.428374e-01	-2.418411e-01	-3.864029e-01
1.400000e+00	-3.751863e-01	2.256411e-02	-3.798728e-01	-2.903823e-01	-4.297157e-01
1.450000e+00	-3.885760e-01	1.755729e-02	-3.917968e-01	-3.192760e-01	-4.697799e-01
1.500000e+00	-3.736209e-01	1.453197e-02	-3.743285e-01	-3.223563e-01	-4.670909e-01
1.550000e+00	-3.315224e-01	1.420030e-02	-3.315882e-01	-2.878276e-01	-4.281248e-01
1.600000e+00	-2.679201e-01	1.523746e-02	-2.680356e-01	-2.185881e-01	-3.541127e-01
1.650000e+00	-1.898124e-01	1.636355e-02	-1.899003e-01	-1.403198e-01	-2.530515e-01
1.700000e+00	-1.083271e-01	1.696953e-02	-1.086713e-01	-6.418339e-02	-1.497590e-01
1.750000e+00	-3.112254e-02	1.728920e-02	-3.174690e-02	1.723669e-02	-6.753648e-02
1.800000e+00	3.326224e-02	1.726561e-02	3.355392e-02	1.028062e-01	-4.324155e-03
1.850000e+00	8.249783e-02	1.716368e-02	8.237778e-02	1.736145e-01	4.460910e-02
1.900000e+00	1.144278e-01	1.662723e-02	1.134689e-01	2.137106e-01	7.943096e-02
1.950000e+00	1.328758e-01	1.593678e-02	1.322620e-01	2.305101e-01	9.766537e-02
2.000000e+00	1.390356e-01	1.476894e-02	1.379983e-01	2.253455e-01	1.051991e-01
2.050000e+00	1.402817e-01	1.343676e-02	1.396081e-01	2.124069e-01	1.051871e-01
2.100000e+00	1.351564e-01	1.162490e-02	1.358529e-01	1.896109e-01	1.002414e-01
2.150000e+00	1.252470e-01	9.706382e-03	1.261050e-01	1.638498e-01	9.238554e-02
2.200000e+00	1.113760e-01	8.034089e-03	1.121489e-01	1.373629e-01	8.288781e-02
2.250000e+00	9.852257e-02	6.957631e-03	9.926959e-02	1.150134e-01	7.590658e-02
2.300000e+00	8.217612e-02	6.229483e-03	8.261663e-02	9.864216e-02	6.274788e-02
2.350000e+00	6.297621e-02	5.485647e-03	6.349978e-02	7.840289e-02	4.692197e-02
2.400000e+00	4.275611e-02	4.603351e-03	4.308288e-02	5.614817e-02	2.946125e-02
2.450000e+00	2.596930e-02	3.831857e-03	2.658924e-02	3.681114e-02	1.394551e-02
2.500000e+00	1.073787e-02	3.185462e-03	1.110408e-02	1.893887e-02	7.341120e-04
2.550000e+00	-1.710925e-03	2.890234e-03	-1.731974e-03	6.873704e-03	-9.441771e-03
2.600000e+00	-1.056920e-02	3.005382e-03	-1.093962e-02	2.988008e-04	-1.739043e-02
2.650000e+00	-1.701043e-02	3.438082e-03	-1.766957e-02	-3.950518e-03	-2.386324e-02
2.700000e+00	-2.039725e-02	3.823167e-03	-2.117470e-02	-6.152068e-03	-2.794079e-02
2.750000e+00	-2.085612e-02	4.017293e-03	-2.154592e-02	-6.340199e-03	-2.916223e-02
2.800000e+00	-1.877368e-02	3.961492e-03	-1.937262e-02	-4.987132e-03	-2.701546e-02
2.850000e+00	-1.593028e-02	3.779600e-03	-1.636413e-02	-3.651252e-03	-2.555204e-02
2.900000e+00	-1.136161e-02	3.384889e-03	-1.157849e-02	-1.780039e-03	-2.440405e-02
2.950000e+00	-5.718843e-03	2.916610e-03	-5.565617e-03	1.477453e-03	-2.185270e-02
3.000000e+00	3.158290e-04	2.595068e-03	6.027889e-04	5.453005e-03	-1.865931e-02
3.050000e+00	5.331683e-03	2.627331e-03	5.484199e-03	1.037385e-02	-1.498703e-02
3.100000e+00	9.530000e-03	3.016342e-03	1.013490e-02	1.574189e-02	-9.581414e-03
3.150000e+00	1.245992e-02	3.499827e-03	1.335887e-02	1.932509e-02	-3.624545e-03
3.200000e+00	1.381033e-02	3.824303e-03	1.480918e-02	2.096513e-02	9.971405e-04
3.250000e+00	1.256572e-02	3.870593e-03	1.336200e-02	1.906141e-02	2.119998e-04
3.300000e+00	9.940868e-03	3.539068e-03	1.047868e-02	1.583490e-02	-1.248204e-03
3.350000e+00	6.443659e-03	2.874605e-03	6.782433e-03	1.494554e-02	-2.167760e-03
3.400000e+00	2.661228e-03	2.086887e-03	2.621978e-03	1.363441e-02	-2.099722e-03
3.450000e+00	-1.481787e-03	1.694528e-03	-1.612000e-03	1.075284e-02	-4.958904e-03
3.500000e+00	-4.457146e-03	2.171654e-03	-4.740889e-03	7.380060e-03	-9.348749e-03
3.550000e+00	-5.673069e-03	2.934939e-03	-6.241437e-03	5.466623e-03	-1.167126e-02
3.600000e+00	-4.836980e-03	3.470495e-03	-5.636924e-03	6.293559e-03	-1.092847e-02
3.650000e+00	-2.030976e-03	3.592216e-03	-3.013698e-03	9.820246e-03	-7.661014e-03
3.700000e+00	2.576474e-03	3.235345e-03	1.739228e-03	1.330675e-02	-2.863779e-03
3.750000e+00	8.032111e-03	2.521181e-03	7.456618e-03	1.761397e-02	3.449730e-03
3.800000e+00	1.308709e-02	1.746989e-03	1.314666e-02	2.129638e-02	9.321055e-03
3.850000e+00	1.699842e-02	1.489326e-03	1.704592e-02	2.329412e-02	1.287121e-02
3.900000e+00	1.806996e-02	1.963731e-03	1.804831e-02	2.607528e-02	1.170199e-02
3.950000e+00	1.563465e-02	2.529209e-03	1.566699e-02	2.435123e-02	7.466814e-03
4.000000e+00	9.820560e-03	2.849654e-03	9.775590e-03	1.819605e-02	1.043831e-03
4.050000e+00	1.603646e-03	2.896737e-03	1.560851e-03	1.146078e-02	-7.329441e-03
4.100000e+00	-7.949202e-03	2.715852e-03	-8.032151e-03	2.345784e-03	-1.598049e-02
4.150000e+00	-1.697107e-02	2.467322e-03	-1.728024e-02	-7.319294e-03	-2.553528e-02
4.200000e+00	-2.373327e-02	2.321200e-03	-2.397151e-02	-1.522919e-02	-3.267678e-02
4.250000e+00	-2.737624e-02	2.345910e-03	-2.742605e-02	-2.010868e-02	-3.728149e-02
4.300000e+00	-2.741927e-02	2.480541e-03	-2.754557e-02	-2.021062e-02	-3.973388e-02
4.350000e+00	-2.439989e-02	2.610028e-03	-2.445563e-02	-1.775601e-02	-3.772706e-02
4.400000e+00	-1.962205e-02	2.689398e-03	-1.957500e-02	-1.316096e-02	-3.262446e-02
4.450000e+00	-1.492332e-02	2.749041e-03	-1.483703e-02	-7.995966e-03	-2.649852e-02
4.500000e+00	-1.152634e-02	2.922436e-03	-1.159671e-02	-4.047596e-03	-2.100133e-02
4.550000e+00	-1.029441e-02	3.260390e-03	-1.042170e-02	-1.843817e-03	-1.891121e-02
4.600000e+00	-1.117966e-02	3.642282e-03	-1.130456e-02	-1.274942e-03	-1.989011e-02
4.650000e+00	-1.331454e-02	3.881742e-03	-1.347537e-02	-1.872576e-03	-2.244282e-02
4.700000e+00	-1.506591e-02	3.830918e-03	-1.515355e-02	-2.546839e-03	-2.457390e-02
4.750000e+00	-1.462731e-02	3.563128e-03	-1.439737e-02	-2.158127e-03	-2.356232e-02
4.800000e+00	-1.054449e-02	3.571480e-03	-1.029512e-02	1.039828e-03	-1.933652e-02
4.850000e+00	-2.507044e-03	4.468349e-03	-2.122481e-03	9.718048e-03	-1.287185e-02
4.900000e+00	9.274793e-03	6.146516e-03	9.776501e-03	2.423278e-02	-6.644500e-03
4.950000e+00	2.335104e-02	8.044123e-03	2.464787e-02	4.094374e-02	3.387063e-04
5.000000e+00	3.754073e-02	9.646538e-03	3.923835e-02	5.801323e-02	8.410335e-03
5.050000e+00	4.937615e-02	1.056654e-02	5.136532e-02	7.114179e-02	1.659523e-02
5.100000e+00	5.706148e-02	1.059657e-02	5.882030e-02	7.837897e-02	2.361231e-02
5.150000e+00	5.941169e-02	9.668803e-03	6.048026e-02	7.821886e-02	2.862525e-02
5.200000e+00	5.626307e-02	7.960868e-03	5.679445e-02	7.340819e-02	3.190906e-02
5.250000e+00	4.835741e-02	6.110909e-03	4.805184e-02	6.324593e-02	3.380492e-02
5.300000e+00	3.716341e-02	5.557515e-03	3.705568e-02	5.377852e-02	2.035443e-02
5.350000e+00	2.430835e-02	7.214823e-03	2.427615e-02	4.405587e-02	3.580246e-03
5.400000e+00	1.122334e-02	9.804744e-03	1.075099e-02	3.741977e-02	-1.633621e-02
5.450000e+00	-1.185486e-03	1.207261e-02	-2.076093e-03	3.307845e-02	-3.330477e-02
5.500000e+00	-1.229136e-02	1.341114e-02	-1.382048e-02	2.748939e-02	-4.608084e-02
5.550000e+00	-2.196074e-02	1.353102e-02	-2.363597e-02	1.916130e-02	-5.424663e-02
5.600000e+00	-3.017152e-02	1.242974e-02	-3.149309e-02	7.379688e-03	-5.861913e-02
5.650000e+00	-3.666554e-02	1.037549e-02	-3.738416e-02	-7.000207e-03	-6.051197e-02
5.700000e+00	-4.109918e-02	8.129271e-03	-4.127170e-02	-2.022077e-02	-5.918669e-02
5.750000e+00	-4.300600e-02	6.873036e-03	-4.295392e-02	-2.155321e-02	-6.067591e-02
5.800000e+00	-4.201405e-02	7.360997e-03	-4.262678e-02	-2.124869e-02	-6.246004e-02
5.850000e+00	-3.797228e-02	8.634458e-03	-3.885047e-02	-1.479644e-02	-6.363743e-02
5.900000e+00	-3.165182e-02	9.484072e-03	-3.236812e-02	-8.401069e-03	-5.763543e-02
5.950000e+00	-2.420895e-02	9.378251e-03	-2.466807e-02	-3.701722e-04	-4.959640e-02
6.000000e+00	-1.712107e-02	8.345676e-03	-1.799256e-02	6.312879e-03	-3.882009e-02
6.050000e+00	-1.173036e-02	6.804962e-03	-1.256519e-02	9.059476e-03	-2.767033e-02
6.100000e+00	-8.964036e-03	5.556764e-03	-9.310307e-03	7.428042e-03	-2.207513e-02
6.150000e+00	-8.789532e-03	5.205063e-03	-8.905303e-03	4.957466e-03	-2.229133e-02
6.200000e+00	-1.026840e-02	5.496328e-03	-1.024494e-02	5.370714e-03	-2.600709e-02
6.250000e+00	-1.180893e-02	5.823057e-03	-1.170443e-02	5.059666e-03	-2.691691e-02
6.300000e+00	-1.165342e-02	6.051457e-03	-1.195841e-02	5.150955e-03	-2.601973e-02
6.350000e+00	-8.445838e-03	6.448531e-03	-8.240486e-03	9.008472e-03	-2.204372e-02
6.400000e+00	-1.689552e-03	7.213063e-03	-1.585339e-03	1.954530e-02	-1.874159e-02
6.450000e+00	8.063039e-03	8.209706e-03	8.228273e-03	3.434967e-02	-1.585215e-02
6.500000e+00	1.935585e-02	9.161989e-03	1.957452e-02	4.884493e-02	-1.057920e-02
6.550000e+00	3.030616e-02	9.840121e-03	3.070239e-02	6.035865e-02	-3.830382e-03
6.600000e+00	3.891066e-02	1.016661e-02	3.954123e-02	6.665248e-02	3.102821e-03
6.650000e+00	4.393633e-02	1.015175e-02	4.462969e-02	6.680211e-02	9.232253e-03
6.700000e+00	4.504046e-02	1.004629e-02	4.585870e-02	7.292162e-02	1.346182e-02
6.750000e+00	4.271590e-02	1.050822e-02	4.286244e-02	7.313972e-02	1.378770e-02
6.800000e+00	3.796562e-02	1.218956e-02	3.778412e-02	7.027350e-02	6.699182e-03
6.850000e+00	3.185149e-02	1.482926e-02	3.247941e-02	6.803391e-02	-4.747755e-03
6.900000e+00	2.510185e-02	1.732477e-02	2.642770e-02	6.726905e-02	-1.857930e-02
6.950000e+00	1.792987e-02	1.846042e-02	2.066365e-02	6.120623e-02	-3.023899e-02
7.000000e+00	1.012303e-02	1.739173e-02	1.220132e-02	4.939661e-02	-3.446714e-02
7.050000e+00	1.252672e-03	1.394353e-02	1.674188e-03	3.716483e-02	-3.075520e-02
7.100000e+00	-8.594584e-03	9.645251e-03	-9.760994e-03	2.201586e-02	-3.216739e-02
7.150000e+00	-1.891165e-02	9.428330e-03	-2.021079e-02	6.462878e-03	-4.021885e-02
7.200000e+00	-2.861338e-02	1.476970e-02	-3.110493e-02	1.330406e-02	-5.624031e-02
7.250000e+00	-3.627841e-02	2.058777e-02	-3.872465e-02	2.606416e-02	-7.297795e-02
7.300000e+00	-4.058320e-02	2.424932e-02	-4.360070e-02	3.297195e-02	-8.362249e-02
7.350000e+00	-4.076381e-02	2.477336e-02	-4.312741e-02	3.285475e-02	-8.702020e-02
7.400000e+00	-3.692403e-02	2.218148e-02	-3.819604e-02	3.130063e-02	-8.039268e-02
7.450000e+00	-3.006346e-02	1.734446e-02	-3.049685e-02	2.733010e-02	-6.677327e-02
7.500000e+00	-2.180442e-02	1.188768e-02	-2.164035e-02	2.026558e-02	-4.886708e-02
7.550000e+00	-1.385957e-02	8.250937e-03	-1.405553e-02	1.090342e-02	-4.054351e-02
7.600000e+00	-7.743894e-03	8.372254e-03	-7.744080e-03	1.088048e-02	-3.831335e-02
7.650000e+00	-4.041377e-03	9.933401e-03	-3.408981e-03	1.890535e-02	-3.535754e-02
7.700000e+00	-2.452991e-03	1.080592e-02	-1.965295e-03	2.124809e-02	-3.107766e-02
7.750000e+00	-2.002740e-03	1.086268e-02	-1.431009e-03	2.446902e-02	-3.052897e-02
7.800000e+00	-1.447614e-03	1.067917e-02	-1.212974e-03	2.590156e-02	-3.011093e-02
7.850000e+00	2.682632e-04	1.072319e-02	1.278158e-04	2.768700e-02	-2.953002e-02
7.900000e+00	3.676368e-03	1.108034e-02	2.932592e-03	3.146951e-02	-2.952912e-02
7.950000e+00	8.664259e-03	1.164630e-02	8.171798e-03	3.912549e-02	-2.690622e-02
8.000000e+00	1.458165e-02	1.227171e-02	1.469669e-02	4.765445e-02	-2.191722e-02
8.050000e+00	2.046047e-02	1.265463e-02	2.062318e-02	5.448226e-02	-1.607811e-02
8.100000e+00	2.535564e-02	1.248783e-02	2.533248e-02	6.057904e-02	-8.787472e-03
8.150000e+00	2.853991e-02	1.166525e-02	2.848709e-02	6.149261e-02	-6.028365e-04
8.200000e+00	2.956376e-02	1.066284e-02	2.991085e-02	5.749062e-02	5.751865e-04
8.250000e+00	2.821439e-02	1.051162e-02	2.882750e-02	5.298426e-02	-8.722098e-03
8.300000e+00	2.444806e-02	1.171590e-02	2.525115e-02	5.416836e-02	-1.718312e-02
8.350000e+00	1.837609e-02	1.340042e-02	1.994918e-02	5.133304e-02	-2.362262e-02
8.400000e+00	1.033761e-02	1.431594e-02	1.224244e-02	4.378979e-02	-2.720636e-02
8.450000e+00	1.021966e-03	1.372028e-02	1.966776e-03	3.224220e-02	-3.602568e-02
8.500000e+00	-8.452595e-03	1.157403e-02	-8.241221e-03	1.921371e-02	-4.693982e-02
8.550000e+00	-1.659657e-02	8.687088e-03	-1.699890e-02	4.839811e-03	-4.891125e-02
8.600000e+00	-2.182645e-02	7.242279e-03	-2.247372e-02	-3.971829e-03	-4.180712e-02
8.650000e+00	-2.293556e-02	8.989599e-03	-2.339611e-02	3.929182e-03	-4.258798e-02
8.700000e+00	-1.955191e-02	1.191570e-02	-2.086386e-02	1.432837e-02	-4.414964e-02
8.750000e+00	-1.244932e-02	1.400673e-02	-1.430523e-02	2.634743e-02	-4.223271e-02
8.800000e+00	-3.528474e-03	1.446602e-02	-4.409655e-03	3.627903e-02	-3.818219e-02
8.850000e+00	4.598370e-03	1.321427e-02	4.318108e-03	4.120803e-02	-3.003657e-02
8.900000e+00	9.338677e-03	1.083261e-02	8.437609e-03	4.010377e-02	-2.019129e-02
8.950000e+00	8.949937e-03	8.911489e-03	8.072741e-03	3.919243e-02	-1.282392e-02
9.000000e+00	3.184633e-03	9.719936e-03	2.538133e-03	3.445746e-02	-2.210290e-02
9.050000e+00	-6.545008e-03	1.288150e-02	-7.753480e-03	2.529691e-02	-4.100827e-02
9.100000e+00	-1.735798e-02	1.612290e-02	-1.801514e-02	2.391796e-02	-5.646352e-02
9.150000e+00	-2.585124e-02	1.796987e-02	-2.607326e-02	2.190560e-02	-6.402403e-02
9.200000e+00	-2.912946e-02	1.776494e-02	-2.998462e-02	1.602061e-02	-6.777538e-02
9.250000e+00	-2.574234e-02	1.556926e-02	-2.693601e-02	8.177891e-03	-6.429340e-02
9.300000e+00	-1.617807e-02	1.235226e-02	-1.499639e-02	1.782578e-02	-4.871683e-02
9.350000e+00	-2.734758e-03	1.038409e-02	-1.869831e-03	2.667671e-02	-2.748908e-02
9.400000e+00	1.119507e-02	1.177713e-02	1.128402e-02	3.896601e-02	-2.461942e-02
9.450000e+00	2.218685e-02	1.496652e-02	2.433484e-02	5.262606e-02	-3.074754e-02
9.500000e+00	2.783222e-02	1.759497e-02	2.946290e-02	6.091635e-02	-3.241312e-02
9.550000e+00	2.741298e-02	1.868713e-02	2.865479e-02	6.219766e-02	-2.991146e-02
9.600000e+00	2.199606e-02	1.820508e-02	2.241798e-02	6.105548e-02	-2.389309e-02
9.650000e+00	1.396573e-02	1.662128e-02	1.345132e-02	5.247841e-02	-2.260535e-02
9.700000e+00	6.093953e-03	1.449792e-02	4.724431e-03	4.460798e-02	-2.738075e-02
9.750000e+00	5.759902e-04	1.218979e-02	-1.646119e-04	3.748562e-02	-2.858553e-02
9.800000e+00	-1.645418e-03	9.847646e-03	-2.462736e-03	3.430066e-02	-2.463741e-02
9.850000e+00	-1.043581e-03	7.716849e-03	-1.282779e-03	3.245922e-02	-1.703550e-02
9.900000e+00	8.654037e-04	6.368777e-03	1.388329e-03	2.751235e-02	-2.025579e-02
9.950000e+00	2.256759e-03	6.245544e-03	3.370857e-03	1.911509e-02	-2.163154e-02
1.000000e+01	1.789716e-03	6.934472e-03	3.042415e-03	2.056887e-02	-2.097546e-02
1.005000e+01	-8.554638e-04	7.954612e-03	-2.027261e-04	1.984264e-02	-2.731363e-02
1.010000e+01	-4.842316e-03	9.366288e-03	-4.793767e-03	1.757332e-02	-3.228872e-02
1.015000e+01	-8.617275e-03	1.123786e-02	-9.092429e-03	1.975234e-02	-3.781785e-02
1.020000e+01	-1.057272e-02	1.315034e-02	-1.137767e-02	2.659785e-02	-4.263714e-02
1.025000e+01	-9.742763e-03	1.440807e-02	-1.075972e-02	3.190592e-02	-4.161039e-02
1.030000e+01	-6.233200e-03	1.445988e-02	-7.203118e-03	3.468674e-02	-3.869169e-02
1.035000e+01	-1.217696e-03	1.314658e-02	-1.651511e-03	3.387842e-02	-3.074227e-02
1.040000e+01	3.493716e-03	1.079785e-02	4.093437e-03	3.336676e-02	-2.026060e-02
1.045000e+01	6.141168e-03	8.331695e-03	6.152553e-03	3.015469e-02	-1.779823e-02
1.050000e+01	5.688343e-03	7.318293e-03	5.753762e-03	2.742069e-02	-1.838201e-02
1.055000e+01	2.224725e-03	8.501644e-03	2.750988e-03	2.848560e-02	-2.386377e-02
1.060000e+01	-3.052817e-03	1.045181e-02	-3.016482e-03	2.451819e-02	-2.756530e-02
1.065000e+01	-8.266463e-03	1.175330e-02	-8.760013e-03	2.006875e-02	-3.407260e-02
1.070000e+01	-1.152698e-02	1.175416e-02	-1.281389e-02	1.798197e-02	-3.724783e-02
1.075000e+01	-1.159621e-02	1.039205e-02	-1.322208e-02	1.597386e-02	-3.841982e-02
1.080000e+01	-8.303526e-03	8.282841e-03	-9.397513e-03	1.355620e-02	-3.228718e-02
1.085000e+01	-2.576745e-03	7.018916e-03	-2.403857e-03	1.776028e-02	-2.009742e-02
1.090000e+01	3.906301e-03	8.043673e-03	3.488663e-03	3.077514e-02	-1.699141e-02
1.095000e+01	9.302859e-03	1.009932e-02	8.370716e-03	3.852742e-02	-1.681949e-02
1.100000e+01	1.220845e-02	1.141999e-02	1.166472e-02	3.950862e-02	-1.554386e-02
1.105000e+01	1.209019e-02	1.128953e-02	1.231899e-02	4.243241e-02	-1.759396e-02
1.110000e+01	9.300304e-03	9.855116e-03	1.005979e-02	3.808345e-02	-1.861015e-02
1.115000e+01	4.935458e-03	8.122870e-03	5.453481e-03	2.812920e-02	-2.071641e-02
1.120000e+01	3.711407e-04	7.674396e-03	5.038299e-04	2.169243e-02	-2.270520e-02
1.125000e+01	-3.209981e-03	8.816030e-03	-3.407653e-03	2.016361e-02	-3.097695e-02
1.130000e+01	-5.154462e-03	1.005698e-02	-5.183818e-03	2.110702e-02	-3.436042e-02
1.135000e+01	-5.439293e-03	1.022045e-02	-5.711623e-03	1.999472e-02	-3.202965e-02
1.140000e+01	-4.536459e-03	8.995707e-03	-5.068835e-03	1.738470e-02	-2.495827e-02
1.145000e+01	-3.127387e-03	6.813782e-03	-4.119078e-03	1.279946e-02	-2.022850e-02
1.150000e+01	-1.798775e-03	4.996600e-03	-1.724596e-03	1.364345e-02	-1.367445e-02
1.155000e+01	-8.404442e-04	5.369333e-03	-1.153472e-03	1.463147e-02	-1.257404e-02
1.160000e+01	-2.092660e-04	7.113451e-03	-7.734636e-04	2.334367e-02	-1.694995e-02
1.165000e+01	3.520818e-04	8.491879e-03	-3.191105e-04	2.982106e-02	-1.896066e-02
1.170000e+01	1.114904e-03	8.955584e-03	3.367148e-04	3.281704e-02	-2.000391e-02
1.175000e+01	2.181715e-03	8.642534e-03	1.150666e-03	3.153422e-02	-1.847995e-02
1.180000e+01	3.401984e-03	7.985653e-03	2.673572e-03	2.659048e-02	-1.506163e-02
1.185000e+01	4.417833e-03	7.402290e-03	4.065189e-03	2.568570e-02	-1.517326e-02
1.190000e+01	4.812822e-03	7.114989e-03	4.359617e-03	2.486649e-02	-1.367649e-02
1.195000e+01	4.294744e-03	7.218888e-03	4.005729e-03	2.431095e-02	-1.203878e-02
1.200000e+01	2.833074e-03	7.707864e-03	2.760213e-03	2.260545e-02	-1.631551e-02
1.205000e+01	6.566834e-04	8.295133e-03	1.384434e-03	2.003331e-02	-2.081854e-02
1.210000e+01	-1.719823e-03	8.395629e-03	-1.544201e-04	1.913255e-02	-2.354755e-02
1.215000e+01	-3.725917e-03	7.547726e-03	-2.436341e-03	1.439695e-02	-2.422772e-02
1.220000e+01	-4.903286e-03	5.905900e-03	-4.235185e-03	8.500859e-03	-2.382166e-02
1.225000e+01	-5.038954e-03	5.122305e-03	-5.068726e-03	9.931763e-03	-2.053412e-02
1.230000e+01	-4.208761e-03	7.184490e-03	-4.634154e-03	1.341218e-02	-2.329097e-02
1.235000e+01	-2.726269e-03	1.040012e-02	-3.821678e-03	2.500378e-02	-2.590798e-02
1.240000e+01	-1.026809e-03	1.285966e-02	-1.968414e-03	3.345592e-02	-2.968051e-02
1.245000e+01	4.651182e-04	1.366444e-02	-2.758067e-04	3.662618e-02	-3.085456e-02
1.250000e+01	1.439730e-03	1.261771e-02	5.451422e-04	3.410534e-02	-2.897547e-02
1.255000e+01	1.751555e-03	1.017693e-02	9.307809e-04	2.894040e-02	-2.444455e-02
1.260000e+01	1.414888e-03	7.481345e-03	1.479692e-03	2.286230e-02	-1.825676e-02
1.265000e+01	5.649498e-04	6.245235e-03	6.726351e-04	2.281020e-02	-1.523748e-02
1.270000e+01	-5.893902e-04	6.926403e-03	-2.585775e-04	2.266300e-02	-1.810036e-02
1.275000e+01	-1.803213e-03	7.843543e-03	-1.031813e-03	1.945872e-02	-2.091281e-02
1.280000e+01	-2.820415e-03	7.922567e-03	-1.798788e-03	1.416235e-02	-2.212813e-02
1.285000e+01	-3.395665e-03	7.142869e-03	-2.547220e-03	1.265242e-02	-2.059664e-02
1.290000e+01	-3.326461e-03	6.075694e-03	-3.292660e-03	1.239954e-02	-1.828176e-02
1.295000e+01	-2.500153e-03	5.471624e-03	-2.555133e-03	1.170497e-02	-1.918131e-02
1.300000e+01	-9.458353e-04	5.577226e-03	-9.263918e-04	1.483719e-02	-1.984788e-02
1.305000e+01	1.144265e-03	5.939669e-03	1.300043e-03	1.850157e-02	-1.878276e-02
1.310000e+01	3.383169e-03	6.083636e-03	3.535577e-03	2.427714e-02	-1.604409e-02
1.315000e+01	5.303728e-03	5.927365e-03	5.381701e-03	2.728566e-02	-1.212721e-02
1.320000e+01	6.456782e-03	5.651872e-03	6.375667e-03	2.671722e-02	-1.085212e-02
1.325000e+01	6.541928e-03	5.502724e-03	6.741833e-03	2.260038e-02	-1.123497e-02
1.330000e+01	5.511403e-03	5.588120e-03	5.419804e-03	2.009072e-02	-1.143832e-02
1.335000e+01	3.605447e-03	5.792891e-03	3.398938e-03	1.953770e-02	-1.143435e-02
1.340000e+01	1.297860e-03	5.880390e-03	9.913902e-04	1.686243e-02	-1.181054e-02
1.345000e+01	-8.379600e-04	5.641550e-03	-1.268854e-03	1.478822e-02	-1.216728e-02
1.350000e+01	-2.301539e-03	4.998171e-03	-2.800287e-03	1.188212e-02	-1.324338e-02
1.355000e+01	-2.818323e-03	4.100354e-03	-3.114472e-03	1.009853e-02	-1.368045e-02
1.360000e+01	-2.419205e-03	3.449891e-03	-2.577604e-03	1.036865e-02	-1.114447e-02
1.365000e+01	-1.417603e-03	3.663320e-03	-1.434608e-03	1.392622e-02	-1.106286e-02
1.370000e+01	-2.919487e-04	4.519084e-03	5.331490e-05	1.482297e-02	-1.511330e-02
1.375000e+01	4.839392e-04	5.321989e-03	1.106230e-03	1.272959e-02	-1.813948e-02
1.380000e+01	6.011287e-04	5.699054e-03	1.466558e-03	1.429886e-02	-2.044342e-02
1.385000e+01	9.347151e-06	5.621663e-03	7.900619e-04	1.582074e-02	-2.027479e-02
1.390000e+01	-1.086977e-03	5.278719e-03	-6.625619e-04	1.555106e-02	-1.783528e-02
1.395000e+01	-2.324116e-03	4.909861e-03	-2.151158e-03	1.361474e-02	-1.630826e-02
1.400000e+01	-3.325223e-03	4.649238e-03	-3.232813e-03	1.413365e-02	-1.748802e-02
1.405000e+01	-3.856805e-03	4.550552e-03	-3.835863e-03	1.328569e-02	-1.660775e-02
1.410000e+01	-3.853414e-03	4.676008e-03	-3.864386e-03	1.061442e-02	-1.658280e-02
1.415000e+01	-3.453650e-03	5.079449e-03	-3.651152e-03	1.021834e-02	-1.754170e-02
1.420000e+01	-2.900429e-03	5.570218e-03	-3.238993e-03	1.196360e-02	-1.744294e-02
1.425000e+01	-2.413757e-03	5.784364e-03	-2.987487e-03	1.347637e-02	-1.636108e-02
1.430000e+01	-2.080070e-03	5.471695e-03	-2.336998e-03	1.315968e-02	-1.402180e-02
1.435000e+01	-1.806241e-03	4.746859e-03	-2.034736e-03	1.161756e-02	-1.321733e-02
1.440000e+01	-1.359306e-03	4.263023e-03	-1.700446e-03	1.104744e-02	-1.495132e-02
1.445000e+01	-4.772028e-04	4.773143e-03	-7.246323e-04	1.355992e-02	-1.486156e-02
1.450000e+01	9.941901e-04	5.952172e-03	9.387916e-04	1.866868e-02	-1.291256e-02
1.455000e+01	2.994790e-03	6.976801e-03	3.296425e-03	2.108563e-02	-1.364390e-02
1.460000e+01	5.221499e-03	7.405640e-03	5.600728e-03	2.054661e-02	-1.455263e-02
1.465000e+01	7.194396e-03	7.196012e-03	7.732289e-03	2.498012e-02	-1.237159e-02
1.470000e+01	8.398790e-03	6.555936e-03	9.017398e-03	2.763280e-02	-7.967784e-03
1.475000e+01	8.454051e-03	5.769092e-03	8.838296e-03	2.686490e-02	-5.777144e-03
1.480000e+01	7.248380e-03	5.045254e-03	7.406511e-03	2.263050e-02	-7.011806e-03
1.485000e+01	4.989802e-03	4.500651e-03	5.106720e-03	1.643504e-02	-8.213157e-03
1.490000e+01	2.153313e-03	4.238606e-03	2.509629e-03	1.372339e-02	-1.103507e-02
1.495000e+01	-6.586805e-04	4.301477e-03	-7.012728e-04	1.170753e-02	-1.192943e-02
1.500000e+01	-2.894881e-03	4.523812e-03	-3.113947e-03	1.218793e-02	-1.393059e-02
1.505000e+01	-4.202964e-03	4.644972e-03	-4.589580e-03	1.065715e-02	-1.655643e-02
1.510000e+01	-4.527288e-03	4.521277e-03	-4.969908e-03	7.200794e-03	-1.691321e-02
1.515000e+01	-4.095625e-03	4.268942e-03	-4.146553e-03	6.281703e-03	-1.553656e-02
1.520000e+01	-3.310709e-03	4.166798e-03	-3.238345e-03	8.987294e-03	-1.459397e-02
1.525000e+01	-2.596355e-03	4.339072e-03	-2.561788e-03	1.057612e-02	-1.433767e-02
1.530000e+01	-2.250808e-03	4.589353e-03	-2.100052e-03	1.103243e-02	-1.622239e-02
1.535000e+01	-2.357264e-03	4.659755e-03	-2.174552e-03	1.003810e-02	-1.669748e-02
1.540000e+01	-2.778453e-03	4.469384e-03	-2.424683e-03	7.799458e-03	-1.656372e-02
1.545000e+01	-3.230969e-03	4.122876e-03	-2.789183e-03	6.354287e-03	-1.606989e-02
1.550000e+01	-3.407236e-03	3.796347e-03	-3.239741e-03	5.133890e-03	-1.381214e-02
1.555000e+01	-3.098212e-03	3.604379e-03	-2.815922e-03	5.286091e-03	-1.402161e-02
1.560000e+01	-2.272646e-03	3.554810e-03	-2.031342e-03	6.505807e-03	-1.413002e-02
1.565000e+01	-1.086869e-03	3.600394e-03	-9.084029e-04	8.564611e-03	-1.374074e-02
1.570000e+01	1.747462e-04	3.671348e-03	3.277678e-04	1.060177e-02	-1.249340e-02
1.575000e+01	1.203960e-03	3.684461e-03	1.391922e-03	1.152459e-02	-1.166051e-02
1.580000e+01	1.778417e-03	3.611328e-03	1.917328e-03	1.183987e-02	-9.574449e-03
1.585000e+01	1.837995e-03	3.571244e-03	1.729181e-03	1.206889e-02	-9.436189e-03
1.590000e+01	1.502343e-03	3.780250e-03	1.397072e-03	1.269302e-02	-1.113772e-02
1.595000e+01	1.025698e-03	4.270877e-03	8.711521e-04	1.298305e-02	-1.279713e-02
1.600000e+01	7.065717e-04	4.779483e-03	3.952077e-04	1.418500e-02	-1.388055e-02
1.605000e+01	8.063236e-04	4.980152e-03	4.198170e-04	1.467346e-02	-1.369105e-02
1.610000e+01	1.390409e-03	4.707416e-03	1.179595e-03	1.396681e-02	-1.178917e-02
1.615000e+01	2.372042e-03	4.050163e-03	2.250471e-03	1.342404e-02	-9.448430e-03
1.620000e+01	3.514927e-03	3.426339e-03	3.666385e-03	1.300285e-02	-5.903586e-03
1.625000e+01	4.504241e-03	3.433458e-03	4.449726e-03	1.234889e-02	-4.727881e-03
1.630000e+01	5.039755e-03	4.064215e-03	4.652551e-03	1.526976e-02	-4.653753e-03
1.635000e+01	4.921383e-03	4.706694e-03	4.582450e-03	1.599503e-02	-5.711743e-03
1.640000e+01	4.101851e-03	4.924448e-03	4.279161e-03	1.502546e-02	-8.112329e-03
1.645000e+01	2.693207e-03	4.621214e-03	3.010123e-03	1.375992e-02	-9.227309e-03
1.650000e+01	9.289807e-04	4.017616e-03	1.127720e-03	1.238807e-02	-1.053767e-02
1.655000e+01	-9.029946e-04	3.613570e-03	-6.871462e-04	9.975281e-03	-1.225782e-02
1.660000e+01	-2.534786e-03	3.813934e-03	-2.545298e-03	8.685485e-03	-1.392964e-02
1.665000e+01	-3.777473e-03	4.368194e-03	-3.634247e-03	6.285530e-03	-1.609988e-02
1.670000e+01	-4.550061e-03	4.760677e-03	-4.189395e-03	7.071674e-03	-1.788118e-02
1.675000e+01	-4.873948e-03	4.720747e-03	-4.546926e-03	6.919334e-03	-1.736369e-02
1.680000e+01	-4.839772e-03	4.269696e-03	-4.752084e-03	5.807141e-03	-1.508418e-02
1.685000e+01	-4.561164e-03	3.657220e-03	-4.597806e-03	5.174425e-03	-1.266216e-02
1.690000e+01	-4.132294e-03	3.239731e-03	-4.306886e-03	6.950386e-03	-1.212474e-02
1.695000e+01	-3.602740e-03	3.195137e-03	-3.649972e-03	7.394644e-03	-1.306931e-02
1.700000e+01	-2.975877e-03	3.338179e-03	-2.936462e-03	8.016796e-03	-1.258160e-02
1.705000e+01	-2.238748e-03	3.397704e-03	-2.223860e-03	9.127888e-03	-1.112377e-02
1.710000e+01	-1.358494e-03	3.306744e-03	-1.445936e-03	8.455728e-03	-9.903369e-03
1.715000e+01	-3.376409e-04	3.152396e-03	-5.485502e-04	8.663960e-03	-8.919839e-03
1.720000e+01	7.682443e-04	3.063029e-03	5.227446e-04	9.150483e-03	-7.466466e-03
1.725000e+01	1.852088e-03	3.103118e-03	1.565856e-03	9.999892e-03	-7.897433e-03
1.730000e+01	2.778384e-03	3.247611e-03	2.611086e-03	1.049542e-02	-8.426025e-03
1.735000e+01	3.420067e-03	3.425413e-03	3.383267e-03	1.173396e-02	-8.085409e-03
1.740000e+01	3.696536e-03	3.557922e-03	3.754222e-03	1.272998e-02	-7.213269e-03
1.745000e+01	3.599605e-03	3.580775e-03	3.582573e-03	1.285673e-02	-7.548822e-03
1.750000e+01	3.198195e-03	3.468995e-03	3.095645e-03	1.259730e-02	-7.697715e-03
1.755000e+01	2.619624e-03	3.255067e-03	2.537883e-03	1.076362e-02	-6.445984e-03
1.760000e+01	2.013182e-03	3.016536e-03	2.037810e-03	9.638622e-03	-5.207679e-03
1.765000e+01	1.507536e-03	2.829929e-03	1.501842e-03	1.018530e-02	-5.612107e-03
1.770000e+01	1.175425e-03	2.728621e-03	1.146159e-03	9.881890e-03	-5.537070e-03
1.775000e+01	1.016625e-03	2.713162e-03	8.908263e-04	1.050095e-02	-6.115670e-03
1.780000e+01	9.639849e-04	2.787569e-03	7.275251e-04	1.166043e-02	-5.653567e-03
1.785000e+01	9.098090e-04	2.951609e-03	7.553236e-04	1.125957e-02	-7.815101e-03
1.790000e+01	7.434526e-04	3.165352e-03	7.909308e-04	1.015110e-02	-9.654271e-03
1.795000e+01	3.878549e-04	3.356137e-03	2.877487e-04	8.499650e-03	-1.027092e-02
1.800000e+01	-1.762081e-04	3.463309e-03	-2.364896e-06	8.410986e-03	-1.121605e-02
1.805000e+01	-9.187753e-04	3.465741e-03	-8.016065e-04	8.577313e-03	-1.227643e-02
1.810000e+01	-1.729955e-03	3.381764e-03	-1.732306e-03	7.168913e-03	-1.182174e-02
1.815000e+01	-2.489310e-03	3.244507e-03	-2.572643e-03	5.764923e-03	-1.193678e-02
1.820000e+01	-3.083635e-03	3.089131e-03	-3.197877e-03	5.851517e-03	-1.197254e-02
1.825000e+01	-3.431886e-03	2.961820e-03	-3.431734e-03	5.256938e-03	-1.056224e-02
1.830000e+01	-3.497919e-03	2.918722e-03	-3.468219e-03	4.024393e-03	-1.095204e-02
1.835000e+01	-3.289463e-03	2.982734e-03	-3.224900e-03	4.932579e-03	-1.191049e-02
1.840000e+01	-2.846542e-03	3.100357e-03	-2.870267e-03	7.035673e-03	-1.097517e-02
1.845000e+01	-2.225537e-03	3.170288e-03	-2.216044e-03	7.888392e-03	-9.339963e-03
1.850000e+01	-1.485374e-03	3.116637e-03	-1.572609e-03	7.978464e-03	-8.837306e-03
1.855000e+01	-6.800954e-04	2.941508e-03	-7.753632e-04	7.717225e-03	-8.320479e-03
1.860000e+01	1.415201e-04	2.737292e-03	1.927991e-04	7.786889e-03	-7.193450e-03
1.865000e+01	9.319635e-04	2.643555e-03	1.037025e-03	7.569478e-03	-6.956435e-03
1.870000e+01	1.641114e-03	2.732899e-03	1.686494e-03	9.573049e-03	-6.103766e-03
1.875000e+01	2.216515e-03	2.933457e-03	2.176502e-03	1.020889e-02	-5.846264e-03
1.880000e+01	2.609567e-03	3.105769e-03	2.556629e-03	1.048592e-02	-5.171926e-03
1.885000e+01	2.786248e-03	3.147958e-03	2.878515e-03	1.191780e-02	-5.023197e-03
1.890000e+01	2.738419e-03	3.029945e-03	2.865370e-03	1.190467e-02	-4.913034e-03
1.895000e+01	2.490787e-03	2.787021e-03	2.582160e-03	1.059273e-02	-4.684665e-03
1.900000e+01	2.099695e-03	2.501638e-03	2.185137e-03	8.784018e-03	-4.410141e-03
1.905000e+01	1.645098e-03	2.277408e-03	1.737307e-03	6.988471e-03	-4.240427e-03
1.910000e+01	1.205264e-03	2.196076e-03	1.252295e-03	7.421802e-03	-4.595283e-03
1.915000e+01	8.432395e-04	2.265172e-03	7.869033e-04	7.688246e-03	-4.493579e-03
1.920000e+01	5.888797e-04	2.419489e-03	4.755857e-04	7.886607e-03	-5.650928e-03
1.925000e+01	4.313042e-04	2.573879e-03	3.690991e-04	7.754776e-03	-8.382676e-03
1.930000e+01	3.226264e-04	2.669302e-03	4.018850e-04	6.965889e-03	-9.747855e-03
1.935000e+01	1.923214e-04	2.697023e-03	3.455534e-04	7.874239e-03	-9.718528e-03
1.940000e+01	-3.144329e-05	2.703074e-03	6.675872e-06	8.147803e-03	-8.655818e-03
1.945000e+01	-3.991420e-04	2.754271e-03	-4.180980e-04	7.343736e-03	-7.918757e-03
1.950000e+01	-9.218735e-04	2.867703e-03	-9.744486e-04	6.418863e-03	-8.176062e-03
1.955000e+01	-1.562748e-03	2.976694e-03	-1.542925e-03	6.410487e-03	-1.031633e-02
1.960000e+01	-2.240064e-03	2.983040e-03	-2.193083e-03	6.141132e-03	-1.109100e-02
1.965000e+01	-2.841803e-03	2.837274e-03	-2.895448e-03	5.323845e-03	-1.094537e-02
1.970000e+01	-3.248360e-03	2.590065e-03	-3.371287e-03	4.306609e-03	-9.985452e-03
1.975000e+01	-3.358539e-03	2.396412e-03	-3.712214e-03	3.431301e-03	-9.144596e-03
1.980000e+01	-3.113087e-03	2.419825e-03	-3.151083e-03	5.045767e-03	-8.986886e-03
1.985000e+01	-2.510440e-03	2.653593e-03	-2.555399e-03	5.895123e-03	-9.047738e-03
1.990000e+01	-1.610931e-03	2.930622e-03	-1.661722e-03	6.993866e-03	-8.920977e-03
1.995000e+01	-5.280362e-04	3.094908e-03	-6.268119e-04	7.936167e-03	-8.597045e-03
2.000000e+01	5.918961e-04	3.078146e-03	4.634429e-04	8.549703e-03	-8.800429e-03
