# 		k		<chi>		std
0.00000e+00 -2.20647e-01 1.17748e-01
5.00000e-02 -2.14761e-01 1.19234e-01
1.00000e-01 -2.11372e-01 1.21478e-01
1.50000e-01 -2.01461e-01 1.27762e-01
2.00000e-01 -1.91658e-01 1.33549e-01
2.50000e-01 -1.76355e-01 1.41551e-01
3.00000e-01 -1.61672e-01 1.47854e-01
3.50000e-01 -1.43688e-01 1.53030e-01
4.00000e-01 -1.27535e-01 1.54532e-01
4.50000e-01 -1.11486e-01 1.50620e-01
5.00000e-01 -9.89715e-02 1.41082e-01
5.50000e-01 -9.01454e-02 1.22973e-01
6.00000e-01 -8.60051e-02 9.93474e-02
6.50000e-01 -8.73589e-02 6.90410e-02
7.00000e-01 -9.24726e-02 4.26224e-02
7.50000e-01 -1.01235e-01 4.12829e-02
8.00000e-01 -1.10342e-01 6.64409e-02
8.50000e-01 -1.18321e-01 9.37818e-02
9.00000e-01 -1.23022e-01 1.12813e-01
9.50000e-01 -1.23134e-01 1.20091e-01
1.00000e+00 -1.20072e-01 1.15211e-01
1.05000e+00 -1.14479e-01 9.85190e-02
1.10000e+00 -1.10503e-01 7.47002e-02
1.15000e+00 -1.10433e-01 4.74179e-02
1.20000e+00 -1.16700e-01 2.52509e-02
1.25000e+00 -1.30228e-01 2.21779e-02
1.30000e+00 -1.47526e-01 3.28256e-02
1.35000e+00 -1.65878e-01 4.11804e-02
1.40000e+00 -1.77085e-01 4.52887e-02
1.45000e+00 -1.76860e-01 4.66911e-02
1.50000e+00 -1.59446e-01 4.80940e-02
1.55000e+00 -1.24206e-01 5.11279e-02
1.60000e+00 -7.43687e-02 5.63578e-02
1.65000e+00 -1.51735e-02 6.26918e-02
1.70000e+00 4.27196e-02 6.72693e-02
1.75000e+00 9.27712e-02 6.76178e-02
1.80000e+00 1.25919e-01 6.11138e-02
1.85000e+00 1.41642e-01 4.77227e-02
1.90000e+00 1.39134e-01 2.91251e-02
1.95000e+00 1.24990e-01 1.17717e-02
2.00000e+00 1.03982e-01 1.87030e-02
2.05000e+00 8.36497e-02 3.31344e-02
2.10000e+00 6.69807e-02 3.99597e-02
2.15000e+00 5.56177e-02 3.86359e-02
2.20000e+00 4.81191e-02 3.15928e-02
2.25000e+00 4.25878e-02 2.29538e-02
2.30000e+00 3.60667e-02 1.46995e-02
2.35000e+00 2.69942e-02 8.81737e-03
2.40000e+00 1.54925e-02 5.93744e-03
2.45000e+00 6.00924e-03 4.67264e-03
2.50000e+00 -3.06415e-03 4.01994e-03
2.55000e+00 -1.07474e-02 3.83263e-03
2.60000e+00 -1.62201e-02 4.84352e-03
2.65000e+00 -2.08468e-02 6.87922e-03
2.70000e+00 -2.31477e-02 8.99436e-03
2.75000e+00 -2.31777e-02 1.05722e-02
2.80000e+00 -2.12958e-02 1.12811e-02
2.85000e+00 -1.88832e-02 1.10767e-02
2.90000e+00 -1.52264e-02 9.79193e-03
2.95000e+00 -1.10208e-02 7.63875e-03
3.00000e+00 -6.88579e-03 4.97600e-03
3.05000e+00 -3.07360e-03 2.06913e-03
3.10000e+00 1.41720e-05 2.95126e-03
3.15000e+00 2.22003e-03 5.53879e-03
3.20000e+00 3.63496e-03 7.52824e-03
3.25000e+00 4.63486e-03 8.88165e-03
3.30000e+00 5.47639e-03 9.02487e-03
3.35000e+00 6.27584e-03 8.08449e-03
3.40000e+00 6.97234e-03 6.34810e-03
3.45000e+00 7.67583e-03 4.13561e-03
3.50000e+00 7.84752e-03 2.24856e-03
3.55000e+00 7.12112e-03 2.76367e-03
3.60000e+00 5.30278e-03 4.54583e-03
3.65000e+00 2.63837e-03 6.17031e-03
3.70000e+00 -8.80150e-04 7.13288e-03
3.75000e+00 -4.71679e-03 7.31901e-03
3.80000e+00 -8.23836e-03 6.74113e-03
3.85000e+00 -1.09464e-02 5.64672e-03
3.90000e+00 -1.24313e-02 4.12146e-03
3.95000e+00 -1.24957e-02 2.76048e-03
4.00000e+00 -1.12036e-02 2.86793e-03
4.05000e+00 -8.95361e-03 4.36803e-03
4.10000e+00 -6.05237e-03 6.06417e-03
4.15000e+00 -2.91793e-03 7.48511e-03
4.20000e+00 6.09687e-05 8.48235e-03
4.25000e+00 2.37352e-03 9.09115e-03
4.30000e+00 4.06040e-03 9.34321e-03
4.35000e+00 5.09830e-03 9.31151e-03
4.40000e+00 5.58535e-03 9.04377e-03
4.45000e+00 5.57709e-03 8.63272e-03
4.50000e+00 5.52149e-03 7.94201e-03
4.55000e+00 5.70073e-03 6.86541e-03
4.60000e+00 6.32620e-03 5.43632e-03
4.65000e+00 7.40703e-03 4.33618e-03
4.70000e+00 8.95387e-03 5.13619e-03
4.75000e+00 1.06640e-02 8.03711e-03
4.80000e+00 1.20806e-02 1.16841e-02
4.85000e+00 1.27810e-02 1.50971e-02
4.90000e+00 1.23374e-02 1.76416e-02
4.95000e+00 1.05313e-02 1.88062e-02
5.00000e+00 7.43668e-03 1.83427e-02
5.05000e+00 3.48388e-03 1.63524e-02
5.10000e+00 -8.22460e-04 1.33035e-02
5.15000e+00 -4.86758e-03 9.97956e-03
5.20000e+00 -8.15767e-03 7.36966e-03
5.25000e+00 -1.04311e-02 6.18727e-03
5.30000e+00 -1.18022e-02 6.12617e-03
5.35000e+00 -1.26260e-02 6.33935e-03
5.40000e+00 -1.33821e-02 6.64522e-03
5.45000e+00 -1.44091e-02 7.29710e-03
5.50000e+00 -1.59356e-02 8.53504e-03
5.55000e+00 -1.77918e-02 1.04655e-02
5.60000e+00 -1.94798e-02 1.31044e-02
5.65000e+00 -2.02284e-02 1.61171e-02
5.70000e+00 -1.94174e-02 1.89197e-02
5.75000e+00 -1.65587e-02 2.07087e-02
5.80000e+00 -1.15282e-02 2.08149e-02
5.85000e+00 -4.58285e-03 1.88962e-02
5.90000e+00 3.53223e-03 1.53212e-02
5.95000e+00 1.19032e-02 1.10014e-02
6.00000e+00 1.95665e-02 7.66884e-03
6.05000e+00 2.56117e-02 7.46959e-03
6.10000e+00 2.94313e-02 9.51392e-03
6.15000e+00 3.07502e-02 1.15669e-02
6.20000e+00 2.95986e-02 1.30098e-02
6.25000e+00 2.62580e-02 1.40080e-02
6.30000e+00 2.11910e-02 1.49047e-02
6.35000e+00 1.49701e-02 1.59521e-02
6.40000e+00 8.21251e-03 1.71763e-02
6.45000e+00 1.52013e-03 1.83338e-02
6.50000e+00 -4.58057e-03 1.89809e-02
6.55000e+00 -9.70830e-03 1.85574e-02
6.60000e+00 -1.36131e-02 1.68775e-02
6.65000e+00 -1.62517e-02 1.41074e-02
6.70000e+00 -1.77195e-02 1.10205e-02
6.75000e+00 -1.81925e-02 9.21417e-03
6.80000e+00 -1.78568e-02 1.00689e-02
6.85000e+00 -1.68505e-02 1.25291e-02
6.90000e+00 -1.52401e-02 1.49235e-02
6.95000e+00 -1.30419e-02 1.64944e-02
7.00000e+00 -1.02802e-02 1.71088e-02
7.05000e+00 -7.00434e-03 1.68798e-02
7.10000e+00 -3.51343e-03 1.60970e-02
7.15000e+00 -1.54678e-04 1.49329e-02
7.20000e+00 2.69127e-03 1.34710e-02
7.25000e+00 4.71838e-03 1.18252e-02
7.30000e+00 5.80169e-03 1.02800e-02
7.35000e+00 6.05855e-03 9.28257e-03
7.40000e+00 5.83311e-03 9.10960e-03
7.45000e+00 5.59938e-03 9.50090e-03
7.50000e+00 5.80926e-03 9.93043e-03
7.55000e+00 6.69491e-03 1.01295e-02
7.60000e+00 8.28871e-03 1.04158e-02
7.65000e+00 1.02797e-02 1.14411e-02
7.70000e+00 1.21413e-02 1.34857e-02
7.75000e+00 1.32890e-02 1.60229e-02
7.80000e+00 1.32560e-02 1.81436e-02
7.85000e+00 1.18278e-02 1.90570e-02
7.90000e+00 9.09222e-03 1.83359e-02
7.95000e+00 5.39432e-03 1.60219e-02
8.00000e+00 1.21987e-03 1.26539e-02
8.05000e+00 -2.94757e-03 9.26650e-03
8.10000e+00 -6.70340e-03 7.46451e-03
8.15000e+00 -9.83208e-03 8.02771e-03
8.20000e+00 -1.22520e-02 9.58185e-03
8.25000e+00 -1.39499e-02 1.08883e-02
8.30000e+00 -1.49121e-02 1.16635e-02
8.35000e+00 -1.50877e-02 1.21167e-02
8.40000e+00 -1.43989e-02 1.25981e-02
8.45000e+00 -1.27942e-02 1.32593e-02
8.50000e+00 -1.03162e-02 1.38441e-02
8.55000e+00 -7.14100e-03 1.38313e-02
8.60000e+00 -3.61024e-03 1.28429e-02
8.65000e+00 -1.18055e-04 1.09595e-02
8.70000e+00 2.97420e-03 8.93858e-03
8.75000e+00 5.43285e-03 8.05399e-03
8.80000e+00 7.20398e-03 8.72915e-03
8.85000e+00 8.40223e-03 9.88013e-03
8.90000e+00 9.24047e-03 1.06295e-02
8.95000e+00 9.92748e-03 1.09206e-02
9.00000e+00 1.05727e-02 1.10532e-02
9.05000e+00 1.11504e-02 1.11437e-02
9.10000e+00 1.14470e-02 1.09991e-02
9.15000e+00 1.12005e-02 1.05038e-02
9.20000e+00 1.01784e-02 9.88010e-03
9.25000e+00 8.26416e-03 9.48724e-03
9.30000e+00 5.50395e-03 9.35437e-03
9.35000e+00 2.09869e-03 9.15985e-03
9.40000e+00 -1.64520e-03 8.73088e-03
9.45000e+00 -5.38263e-03 8.30054e-03
9.50000e+00 -8.78686e-03 8.17245e-03
9.55000e+00 -1.16001e-02 8.24191e-03
9.60000e+00 -1.35817e-02 8.18396e-03
9.65000e+00 -1.45529e-02 8.06325e-03
9.70000e+00 -1.43861e-02 8.35102e-03
9.75000e+00 -1.30297e-02 9.15509e-03
9.80000e+00 -1.05506e-02 9.85169e-03
9.85000e+00 -7.17271e-03 9.77767e-03
9.90000e+00 -3.28298e-03 8.90656e-03
9.95000e+00 6.14240e-04 8.10820e-03
1.00000e+01 3.99539e-03 8.55736e-03
1.00500e+01 6.46161e-03 1.00594e-02
1.01000e+01 7.78790e-03 1.13521e-02
1.01500e+01 8.04830e-03 1.15972e-02
1.02000e+01 7.56473e-03 1.06812e-02
1.02500e+01 6.79237e-03 9.06099e-03
1.03000e+01 6.15659e-03 7.53773e-03
1.03500e+01 5.89991e-03 6.84830e-03
1.04000e+01 5.99742e-03 7.04379e-03
1.04500e+01 6.17539e-03 7.58005e-03
1.05000e+01 6.02903e-03 8.02284e-03
1.05500e+01 5.19582e-03 8.22307e-03
1.06000e+01 3.51766e-03 8.19421e-03
1.06500e+01 1.12731e-03 8.03056e-03
1.07000e+01 -1.57725e-03 7.85232e-03
1.07500e+01 -4.06300e-03 7.73477e-03
1.08000e+01 -5.84781e-03 7.66722e-03
1.08500e+01 -6.66998e-03 7.58874e-03
1.09000e+01 -6.57485e-03 7.45156e-03
1.09500e+01 -5.88357e-03 7.24833e-03
1.10000e+01 -5.05573e-03 7.01133e-03
1.10500e+01 -4.50539e-03 6.82101e-03
1.11000e+01 -4.41634e-03 6.73320e-03
1.11500e+01 -4.68269e-03 6.75225e-03
1.12000e+01 -4.94448e-03 6.80829e-03
1.12500e+01 -4.73679e-03 6.85904e-03
1.13000e+01 -3.68738e-03 6.97763e-03
1.13500e+01 -1.68593e-03 7.26087e-03
1.14000e+01 1.04205e-03 7.62622e-03
1.14500e+01 3.98700e-03 7.79897e-03
1.15000e+01 6.51493e-03 7.54331e-03
1.15500e+01 8.07602e-03 6.89919e-03
1.16000e+01 8.38485e-03 6.26168e-03
1.16500e+01 7.50671e-03 6.12559e-03
1.17000e+01 5.82024e-03 6.49739e-03
1.17500e+01 3.87394e-03 6.87871e-03
1.18000e+01 2.19255e-03 6.87408e-03
1.18500e+01 1.10555e-03 6.47969e-03
1.19000e+01 6.58495e-04 6.01980e-03
1.19500e+01 6.33536e-04 5.86923e-03
1.20000e+01 6.63403e-04 6.08234e-03
1.20500e+01 3.88363e-04 6.40202e-03
1.21000e+01 -4.04696e-04 6.54125e-03
1.21500e+01 -1.70866e-03 6.41181e-03
1.22000e+01 -3.30931e-03 6.09217e-03
1.22500e+01 -4.87139e-03 5.75181e-03
1.23000e+01 -6.05787e-03 5.55454e-03
1.23500e+01 -6.63472e-03 5.55515e-03
1.24000e+01 -6.52483e-03 5.67644e-03
1.24500e+01 -5.79931e-03 5.80511e-03
1.25000e+01 -4.62068e-03 5.88660e-03
1.25500e+01 -3.16964e-03 5.92147e-03
1.26000e+01 -1.58912e-03 5.90001e-03
1.26500e+01 3.36405e-05 5.78028e-03
1.27000e+01 1.64664e-03 5.56114e-03
1.27500e+01 3.19260e-03 5.37621e-03
1.28000e+01 4.57509e-03 5.45852e-03
1.28500e+01 5.65331e-03 5.90465e-03
1.29000e+01 6.27205e-03 6.52454e-03
1.29500e+01 6.31514e-03 7.01183e-03
1.30000e+01 5.75794e-03 7.14848e-03
1.30500e+01 4.69568e-03 6.87984e-03
1.31000e+01 3.30468e-03 6.27690e-03
1.31500e+01 1.83221e-03 5.57046e-03
1.32000e+01 5.01298e-04 5.11700e-03
1.32500e+01 -5.57242e-04 5.21551e-03
1.33000e+01 -1.33587e-03 5.77361e-03
1.33500e+01 -1.93172e-03 6.38065e-03
1.34000e+01 -2.48573e-03 6.67165e-03
1.34500e+01 -3.10489e-03 6.49824e-03
1.35000e+01 -3.80013e-03 5.95043e-03
1.35500e+01 -4.46610e-03 5.30395e-03
1.36000e+01 -4.91235e-03 4.85755e-03
1.36500e+01 -4.93411e-03 4.69137e-03
1.37000e+01 -4.39507e-03 4.64177e-03
1.37500e+01 -3.28944e-03 4.56698e-03
1.38000e+01 -1.75910e-03 4.50221e-03
1.38500e+01 -5.89163e-05 4.54824e-03
1.39000e+01 1.51644e-03 4.68200e-03
1.39500e+01 2.71716e-03 4.75588e-03
1.40000e+01 3.40433e-03 4.66369e-03
1.40500e+01 3.59410e-03 4.45971e-03
1.41000e+01 3.37467e-03 4.27017e-03
1.41500e+01 2.92035e-03 4.19258e-03
1.42000e+01 2.40888e-03 4.17566e-03
1.42500e+01 1.96654e-03 4.10136e-03
1.43000e+01 1.64012e-03 3.92248e-03
1.43500e+01 1.40117e-03 3.69359e-03
1.44000e+01 1.17601e-03 3.50682e-03
1.44500e+01 8.86538e-04 3.42543e-03
1.45000e+01 4.85354e-04 3.48124e-03
1.45500e+01 -2.64261e-05 3.68466e-03
1.46000e+01 -6.02150e-04 3.98256e-03
1.46500e+01 -1.16846e-03 4.24365e-03
1.47000e+01 -1.65023e-03 4.33510e-03
1.47500e+01 -1.99159e-03 4.22048e-03
1.48000e+01 -2.16683e-03 4.00044e-03
1.48500e+01 -2.18004e-03 3.85079e-03
1.49000e+01 -2.05695e-03 3.86268e-03
1.49500e+01 -1.83419e-03 3.95545e-03
1.50000e+01 -1.54992e-03 3.99550e-03
1.50500e+01 -1.23926e-03 3.94136e-03
1.51000e+01 -9.24948e-04 3.83682e-03
1.51500e+01 -6.20330e-04 3.73778e-03
1.52000e+01 -3.22884e-04 3.65612e-03
1.52500e+01 -1.45876e-05 3.58052e-03
1.53000e+01 3.32254e-04 3.51341e-03
1.53500e+01 7.42904e-04 3.45891e-03
1.54000e+01 1.22406e-03 3.39837e-03
1.54500e+01 1.74910e-03 3.31844e-03
1.55000e+01 2.25174e-03 3.26082e-03
1.55500e+01 2.63364e-03 3.29706e-03
1.56000e+01 2.78708e-03 3.42159e-03
1.56500e+01 2.62773e-03 3.51791e-03
1.57000e+01 2.12717e-03 3.46681e-03
1.57500e+01 1.33296e-03 3.26285e-03
1.58000e+01 3.66947e-04 3.04151e-03
1.58500e+01 -6.00867e-04 2.97907e-03
1.59000e+01 -1.39634e-03 3.10518e-03
1.59500e+01 -1.88969e-03 3.28267e-03
1.60000e+01 -2.03208e-03 3.38412e-03
1.60500e+01 -1.86944e-03 3.39645e-03
1.61000e+01 -1.52154e-03 3.35382e-03
1.61500e+01 -1.14261e-03 3.29902e-03
1.62000e+01 -8.66557e-04 3.23274e-03
1.62500e+01 -7.63334e-04 3.13655e-03
1.63000e+01 -8.19504e-04 3.01196e-03
1.63500e+01 -9.49058e-04 2.89004e-03
1.64000e+01 -1.02952e-03 2.81647e-03
1.64500e+01 -9.49426e-04 2.83121e-03
1.65000e+01 -6.49902e-04 2.94361e-03
1.65500e+01 -1.45757e-04 3.11281e-03
1.66000e+01 4.80002e-04 3.26246e-03
1.66500e+01 1.10464e-03 3.32772e-03
1.67000e+01 1.60543e-03 3.29578e-03
1.67500e+01 1.89597e-03 3.20932e-03
1.68000e+01 1.94674e-03 3.12584e-03
1.68500e+01 1.78486e-03 3.06375e-03
1.69000e+01 1.47561e-03 2.99505e-03
1.69500e+01 1.09525e-03 2.89557e-03
1.70000e+01 7.06099e-04 2.79086e-03
1.70500e+01 3.40322e-04 2.74236e-03
1.71000e+01 6.91645e-06 2.79626e-03
1.71500e+01 -2.99915e-04 2.92789e-03
1.72000e+01 -5.84941e-04 3.07290e-03
1.72500e+01 -8.40648e-04 3.18041e-03
1.73000e+01 -1.04532e-03 3.22611e-03
1.73500e+01 -1.17058e-03 3.19697e-03
1.74000e+01 -1.19408e-03 3.08367e-03
1.74500e+01 -1.11097e-03 2.89537e-03
1.75000e+01 -9.38687e-04 2.68233e-03
1.75500e+01 -7.12812e-04 2.53330e-03
1.76000e+01 -4.75946e-04 2.51718e-03
1.76500e+01 -2.64312e-04 2.60858e-03
1.77000e+01 -9.76158e-05 2.70685e-03
1.77500e+01 2.40841e-05 2.72653e-03
1.78000e+01 1.15861e-04 2.65391e-03
1.78500e+01 1.98314e-04 2.54682e-03
1.79000e+01 2.87233e-04 2.48707e-03
1.79500e+01 3.86754e-04 2.50690e-03
1.80000e+01 4.88336e-04 2.56142e-03
1.80500e+01 5.76972e-04 2.58383e-03
1.81000e+01 6.32859e-04 2.53894e-03
1.81500e+01 6.44665e-04 2.44853e-03
1.82000e+01 6.12164e-04 2.36261e-03
1.82500e+01 5.45127e-04 2.31757e-03
1.83000e+01 4.58203e-04 2.31299e-03
1.83500e+01 3.64487e-04 2.32693e-03
1.84000e+01 2.70729e-04 2.34483e-03
1.84500e+01 1.76049e-04 2.36833e-03
1.85000e+01 7.43315e-05 2.40161e-03
1.85500e+01 -4.11654e-05 2.43456e-03
1.86000e+01 -1.73117e-04 2.44100e-03
1.86500e+01 -3.17248e-04 2.39411e-03
1.87000e+01 -4.62108e-04 2.28829e-03
1.87500e+01 -5.91204e-04 2.15483e-03
1.88000e+01 -6.86433e-04 2.05660e-03
1.88500e+01 -7.31688e-04 2.04643e-03
1.89000e+01 -7.15860e-04 2.11315e-03
1.89500e+01 -6.35041e-04 2.18764e-03
1.90000e+01 -4.93956e-04 2.20542e-03
1.90500e+01 -3.05689e-04 2.15612e-03
1.91000e+01 -9.50723e-05 2.08177e-03
1.91500e+01 1.09455e-04 2.04806e-03
1.92000e+01 2.79467e-04 2.08168e-03
1.92500e+01 3.92598e-04 2.14634e-03
1.93000e+01 4.38401e-04 2.18482e-03
1.93500e+01 4.22095e-04 2.16782e-03
1.94000e+01 3.64288e-04 2.10482e-03
1.94500e+01 2.95784e-04 2.02565e-03
1.95000e+01 2.48289e-04 1.95704e-03
1.95500e+01 2.43640e-04 1.91432e-03
1.96000e+01 2.85311e-04 1.90769e-03
1.96500e+01 3.55628e-04 1.94247e-03
1.97000e+01 4.20450e-04 2.00794e-03
1.97500e+01 4.40317e-04 2.07601e-03
1.98000e+01 3.84518e-04 2.11968e-03
1.98500e+01 2.43073e-04 2.13131e-03
1.99000e+01 3.20927e-05 2.12104e-03
1.99500e+01 -2.09765e-04 2.09779e-03
2.00000e+01 -4.32717e-04 2.05566e-03
