# 		k		<chi>		std
0.00000e+00 1.58892e-01 3.36714e-01
5.00000e-02 1.55154e-01 3.32821e-01
1.00000e-01 1.48326e-01 3.28082e-01
1.50000e-01 1.28492e-01 3.12711e-01
2.00000e-01 1.07964e-01 2.96443e-01
2.50000e-01 7.59549e-02 2.66542e-01
3.00000e-01 4.43681e-02 2.35079e-01
3.50000e-01 5.17421e-03 1.89106e-01
4.00000e-01 -3.33009e-02 1.40919e-01
4.50000e-01 -7.62353e-02 8.24573e-02
5.00000e-01 -1.16371e-01 3.80119e-02
5.50000e-01 -1.59584e-01 6.63099e-02
6.00000e-01 -1.97571e-01 1.23358e-01
6.50000e-01 -2.35505e-01 1.81504e-01
7.00000e-01 -2.64470e-01 2.27239e-01
7.50000e-01 -2.87570e-01 2.60801e-01
8.00000e-01 -2.97761e-01 2.75759e-01
8.50000e-01 -2.96189e-01 2.71943e-01
9.00000e-01 -2.80617e-01 2.49536e-01
9.50000e-01 -2.51942e-01 2.09616e-01
1.00000e+00 -2.14064e-01 1.58801e-01
1.05000e+00 -1.69138e-01 1.00459e-01
1.10000e+00 -1.25392e-01 4.60152e-02
1.15000e+00 -8.62055e-02 2.44725e-02
1.20000e+00 -5.88945e-02 5.44464e-02
1.25000e+00 -4.54789e-02 7.64671e-02
1.30000e+00 -4.68720e-02 8.21530e-02
1.35000e+00 -6.10601e-02 7.34086e-02
1.40000e+00 -8.14462e-02 5.50171e-02
1.45000e+00 -1.02588e-01 3.43030e-02
1.50000e+00 -1.15763e-01 2.42271e-02
1.55000e+00 -1.16583e-01 2.76343e-02
1.60000e+00 -1.02010e-01 2.89150e-02
1.65000e+00 -7.28965e-02 2.25056e-02
1.70000e+00 -3.47796e-02 1.67847e-02
1.75000e+00 7.24491e-03 2.89422e-02
1.80000e+00 4.41116e-02 4.57684e-02
1.85000e+00 7.21892e-02 5.68061e-02
1.90000e+00 8.64526e-02 5.68835e-02
1.95000e+00 8.88642e-02 4.61096e-02
2.00000e+00 8.07889e-02 2.76156e-02
2.05000e+00 6.75704e-02 1.11759e-02
2.10000e+00 5.32244e-02 2.16430e-02
2.15000e+00 4.18550e-02 3.28353e-02
2.20000e+00 3.47484e-02 3.59224e-02
2.25000e+00 3.13217e-02 3.29188e-02
2.30000e+00 2.78423e-02 2.71799e-02
2.35000e+00 2.27739e-02 2.09832e-02
2.40000e+00 1.58369e-02 1.58700e-02
2.45000e+00 9.52167e-03 1.19148e-02
2.50000e+00 3.00020e-03 8.98081e-03
2.55000e+00 -2.89241e-03 7.06350e-03
2.60000e+00 -7.39093e-03 5.82528e-03
2.65000e+00 -1.11554e-02 5.03612e-03
2.70000e+00 -1.33340e-02 4.57243e-03
2.75000e+00 -1.38616e-02 4.48166e-03
2.80000e+00 -1.29532e-02 4.72391e-03
2.85000e+00 -1.19545e-02 5.21895e-03
2.90000e+00 -1.03996e-02 5.58540e-03
2.95000e+00 -8.67343e-03 5.56855e-03
3.00000e+00 -7.01257e-03 5.07432e-03
3.05000e+00 -5.76913e-03 4.43838e-03
3.10000e+00 -4.44694e-03 3.86836e-03
3.15000e+00 -2.79360e-03 3.86128e-03
3.20000e+00 -5.60353e-04 4.37493e-03
3.25000e+00 2.29315e-03 4.88569e-03
3.30000e+00 5.89952e-03 4.88247e-03
3.35000e+00 9.90990e-03 4.27267e-03
3.40000e+00 1.37552e-02 3.35027e-03
3.45000e+00 1.69504e-02 2.86191e-03
3.50000e+00 1.88768e-02 3.36533e-03
3.55000e+00 1.91528e-02 4.19105e-03
3.60000e+00 1.77282e-02 4.66509e-03
3.65000e+00 1.50150e-02 4.57928e-03
3.70000e+00 1.13281e-02 4.28193e-03
3.75000e+00 7.19844e-03 4.18159e-03
3.80000e+00 3.05326e-03 4.35140e-03
3.85000e+00 -8.49994e-04 4.54682e-03
3.90000e+00 -4.66184e-03 4.45400e-03
3.95000e+00 -8.49239e-03 4.26766e-03
4.00000e+00 -1.24272e-02 4.52434e-03
4.05000e+00 -1.65317e-02 5.38799e-03
4.10000e+00 -2.04631e-02 6.32617e-03
4.15000e+00 -2.36103e-02 6.80653e-03
4.20000e+00 -2.52755e-02 6.57539e-03
4.25000e+00 -2.51420e-02 5.72516e-03
4.30000e+00 -2.27304e-02 4.54315e-03
4.35000e+00 -1.81701e-02 3.62084e-03
4.40000e+00 -1.20440e-02 3.59666e-03
4.45000e+00 -5.37767e-03 4.34413e-03
4.50000e+00 1.05515e-03 5.28667e-03
4.55000e+00 6.50037e-03 6.13986e-03
4.60000e+00 1.05769e-02 6.84514e-03
4.65000e+00 1.33449e-02 7.41035e-03
4.70000e+00 1.52737e-02 7.78201e-03
4.75000e+00 1.69074e-02 7.79615e-03
4.80000e+00 1.86848e-02 7.24990e-03
4.85000e+00 2.07773e-02 6.07935e-03
4.90000e+00 2.29258e-02 4.41665e-03
4.95000e+00 2.45684e-02 3.32341e-03
5.00000e+00 2.50181e-02 4.57522e-03
5.05000e+00 2.36658e-02 7.00957e-03
5.10000e+00 2.02930e-02 9.19716e-03
5.15000e+00 1.50807e-02 1.05207e-02
5.20000e+00 8.59709e-03 1.07966e-02
5.25000e+00 1.58991e-03 1.02163e-02
5.30000e+00 -5.06323e-03 9.31098e-03
5.35000e+00 -1.07566e-02 8.69666e-03
5.40000e+00 -1.52159e-02 8.56361e-03
5.45000e+00 -1.84271e-02 8.46209e-03
5.50000e+00 -2.07182e-02 7.93629e-03
5.55000e+00 -2.24766e-02 6.99435e-03
5.60000e+00 -2.39968e-02 6.54311e-03
5.65000e+00 -2.52721e-02 7.87879e-03
5.70000e+00 -2.62550e-02 1.07588e-02
5.75000e+00 -2.66133e-02 1.39000e-02
5.80000e+00 -2.59275e-02 1.62351e-02
5.85000e+00 -2.37580e-02 1.69583e-02
5.90000e+00 -1.99345e-02 1.57149e-02
5.95000e+00 -1.44414e-02 1.26534e-02
6.00000e+00 -7.50877e-03 8.90824e-03
6.05000e+00 4.68574e-04 7.66065e-03
6.10000e+00 8.76267e-03 1.06980e-02
6.15000e+00 1.66560e-02 1.44299e-02
6.20000e+00 2.34749e-02 1.66509e-02
6.25000e+00 2.87053e-02 1.67703e-02
6.30000e+00 3.20796e-02 1.50837e-02
6.35000e+00 3.36041e-02 1.24801e-02
6.40000e+00 3.35089e-02 1.01150e-02
6.45000e+00 3.21251e-02 8.92934e-03
6.50000e+00 2.97219e-02 9.16045e-03
6.55000e+00 2.62665e-02 1.03999e-02
6.60000e+00 2.16465e-02 1.20150e-02
6.65000e+00 1.54986e-02 1.30913e-02
6.70000e+00 7.49276e-03 1.27663e-02
6.75000e+00 -2.39262e-03 1.08940e-02
6.80000e+00 -1.36331e-02 9.27594e-03
6.85000e+00 -2.50706e-02 1.16642e-02
6.90000e+00 -3.50492e-02 1.72772e-02
6.95000e+00 -4.17745e-02 2.27035e-02
7.00000e+00 -4.38089e-02 2.58235e-02
7.05000e+00 -4.04656e-02 2.55753e-02
7.10000e+00 -3.23473e-02 2.20244e-02
7.15000e+00 -2.11204e-02 1.62153e-02
7.20000e+00 -9.16257e-03 1.03255e-02
7.25000e+00 1.07501e-03 8.30556e-03
7.30000e+00 7.75978e-03 1.09035e-02
7.35000e+00 1.01977e-02 1.36918e-02
7.40000e+00 9.00164e-03 1.50257e-02
7.45000e+00 5.84371e-03 1.50450e-02
7.50000e+00 2.86666e-03 1.43746e-02
7.55000e+00 1.93153e-03 1.35308e-02
7.60000e+00 4.05625e-03 1.27917e-02
7.65000e+00 9.00498e-03 1.21748e-02
7.70000e+00 1.54556e-02 1.16107e-02
7.75000e+00 2.14892e-02 1.09857e-02
7.80000e+00 2.52628e-02 1.01990e-02
7.85000e+00 2.56218e-02 9.30554e-03
7.90000e+00 2.24430e-02 8.60198e-03
7.95000e+00 1.66020e-02 8.44935e-03
8.00000e+00 9.59973e-03 8.89361e-03
8.05000e+00 3.01793e-03 9.61270e-03
8.10000e+00 -2.00586e-03 1.03285e-02
8.15000e+00 -5.13167e-03 1.09265e-02
8.20000e+00 -6.76061e-03 1.14147e-02
8.25000e+00 -7.73201e-03 1.17985e-02
8.30000e+00 -8.88866e-03 1.20101e-02
8.35000e+00 -1.06963e-02 1.19075e-02
8.40000e+00 -1.30667e-02 1.13453e-02
8.45000e+00 -1.54394e-02 1.03228e-02
8.50000e+00 -1.70631e-02 9.18243e-03
8.55000e+00 -1.73541e-02 8.66094e-03
8.60000e+00 -1.61050e-02 9.34663e-03
8.65000e+00 -1.35936e-02 1.08327e-02
8.70000e+00 -1.04094e-02 1.22631e-02
8.75000e+00 -7.17150e-03 1.30518e-02
8.80000e+00 -4.25164e-03 1.29549e-02
8.85000e+00 -1.63440e-03 1.19648e-02
8.90000e+00 1.02202e-03 1.03609e-02
8.95000e+00 4.15073e-03 9.07891e-03
9.00000e+00 7.97510e-03 9.73155e-03
9.05000e+00 1.23138e-02 1.25321e-02
9.10000e+00 1.64518e-02 1.57586e-02
9.15000e+00 1.94116e-02 1.78316e-02
9.20000e+00 2.02793e-02 1.78815e-02
9.25000e+00 1.85731e-02 1.58094e-02
9.30000e+00 1.44827e-02 1.23479e-02
9.35000e+00 8.87008e-03 9.14478e-03
9.40000e+00 3.02153e-03 8.27889e-03
9.45000e+00 -1.76540e-03 9.45765e-03
9.50000e+00 -4.60673e-03 1.05572e-02
9.55000e+00 -5.31876e-03 1.07464e-02
9.60000e+00 -4.42872e-03 1.03020e-02
9.65000e+00 -2.96286e-03 9.85685e-03
9.70000e+00 -2.04457e-03 9.72256e-03
9.75000e+00 -2.47860e-03 9.76422e-03
9.80000e+00 -4.47025e-03 9.83485e-03
9.85000e+00 -7.57576e-03 1.00003e-02
9.90000e+00 -1.08887e-02 1.03046e-02
9.95000e+00 -1.33792e-02 1.05428e-02
1.00000e+01 -1.42528e-02 1.03902e-02
1.00500e+01 -1.31926e-02 9.68025e-03
1.01000e+01 -1.04158e-02 8.60439e-03
1.01500e+01 -6.55625e-03 7.81496e-03
1.02000e+01 -2.40104e-03 8.14940e-03
1.02500e+01 1.37272e-03 9.64205e-03
1.03000e+01 4.37101e-03 1.14344e-02
1.03500e+01 6.51611e-03 1.26852e-02
1.04000e+01 7.95279e-03 1.29511e-02
1.04500e+01 8.89102e-03 1.22471e-02
1.05000e+01 9.46611e-03 1.10217e-02
1.05500e+01 9.67799e-03 9.94094e-03
1.06000e+01 9.42614e-03 9.37174e-03
1.06500e+01 8.60899e-03 9.02538e-03
1.07000e+01 7.22742e-03 8.40175e-03
1.07500e+01 5.43412e-03 7.44394e-03
1.08000e+01 3.50056e-03 6.73935e-03
1.08500e+01 1.71648e-03 6.99946e-03
1.09000e+01 2.71512e-04 8.02088e-03
1.09500e+01 -8.21130e-04 8.99524e-03
1.10000e+01 -1.71821e-03 9.43605e-03
1.10500e+01 -2.67777e-03 9.37926e-03
1.11000e+01 -3.86792e-03 9.18621e-03
1.11500e+01 -5.28741e-03 9.26784e-03
1.12000e+01 -6.71779e-03 9.68025e-03
1.12500e+01 -7.78555e-03 1.00673e-02
1.13000e+01 -8.10637e-03 9.98142e-03
1.13500e+01 -7.45255e-03 9.17423e-03
1.14000e+01 -5.87101e-03 7.74703e-03
1.14500e+01 -3.69711e-03 6.28238e-03
1.15000e+01 -1.45197e-03 5.81454e-03
1.15500e+01 3.40126e-04 6.70065e-03
1.16000e+01 1.34244e-03 7.96634e-03
1.16500e+01 1.52762e-03 8.71360e-03
1.17000e+01 1.17980e-03 8.62020e-03
1.17500e+01 7.74369e-04 7.80955e-03
1.18000e+01 7.82160e-04 6.71247e-03
1.18500e+01 1.47566e-03 5.87187e-03
1.19000e+01 2.81424e-03 5.59205e-03
1.19500e+01 4.45368e-03 5.71587e-03
1.20000e+01 5.87563e-03 5.93417e-03
1.20500e+01 6.60619e-03 6.10073e-03
1.21000e+01 6.33260e-03 6.13930e-03
1.21500e+01 5.08065e-03 6.00009e-03
1.22000e+01 3.18216e-03 5.70385e-03
1.22500e+01 1.14769e-03 5.45906e-03
1.23000e+01 -5.22494e-04 5.59782e-03
1.23500e+01 -1.51467e-03 6.20949e-03
1.24000e+01 -1.79819e-03 6.98818e-03
1.24500e+01 -1.60938e-03 7.56052e-03
1.25000e+01 -1.33513e-03 7.74854e-03
1.25500e+01 -1.34637e-03 7.59986e-03
1.26000e+01 -1.84841e-03 7.28869e-03
1.26500e+01 -2.80436e-03 6.95995e-03
1.27000e+01 -3.95618e-03 6.62217e-03
1.27500e+01 -4.92887e-03 6.18679e-03
1.28000e+01 -5.37264e-03 5.60551e-03
1.28500e+01 -5.08709e-03 4.98974e-03
1.29000e+01 -4.08310e-03 4.64999e-03
1.29500e+01 -2.56574e-03 4.90934e-03
1.30000e+01 -8.52681e-04 5.70979e-03
1.30500e+01 7.31790e-04 6.67183e-03
1.31000e+01 1.97386e-03 7.39955e-03
1.31500e+01 2.78228e-03 7.65850e-03
1.32000e+01 3.19376e-03 7.38542e-03
1.32500e+01 3.32348e-03 6.67897e-03
1.33000e+01 3.30078e-03 5.76359e-03
1.33500e+01 3.21735e-03 4.91639e-03
1.34000e+01 3.10508e-03 4.34775e-03
1.34500e+01 2.94473e-03 4.08433e-03
1.35000e+01 2.69376e-03 4.00666e-03
1.35500e+01 2.31616e-03 4.02062e-03
1.36000e+01 1.80064e-03 4.13287e-03
1.36500e+01 1.16265e-03 4.37820e-03
1.37000e+01 4.35125e-04 4.72854e-03
1.37500e+01 -3.42224e-04 5.10374e-03
1.38000e+01 -1.12682e-03 5.44954e-03
1.38500e+01 -1.86853e-03 5.76634e-03
1.39000e+01 -2.50211e-03 6.04745e-03
1.39500e+01 -2.94625e-03 6.20196e-03
1.40000e+01 -3.11678e-03 6.07467e-03
1.40500e+01 -2.95140e-03 5.58554e-03
1.41000e+01 -2.44141e-03 4.83000e-03
1.41500e+01 -1.67032e-03 4.20552e-03
1.42000e+01 -8.00282e-04 4.16659e-03
1.42500e+01 -3.51541e-05 4.60554e-03
1.43000e+01 4.40031e-04 4.98831e-03
1.43500e+01 5.23041e-04 5.00156e-03
1.44000e+01 2.36957e-04 4.71743e-03
1.44500e+01 -2.67891e-04 4.46704e-03
1.45000e+01 -7.57373e-04 4.50455e-03
1.45500e+01 -9.89741e-04 4.71053e-03
1.46000e+01 -7.98395e-04 4.79709e-03
1.46500e+01 -1.51412e-04 4.64186e-03
1.47000e+01 8.34092e-04 4.33857e-03
1.47500e+01 1.92807e-03 4.04966e-03
1.48000e+01 2.86073e-03 3.83339e-03
1.48500e+01 3.40608e-03 3.64305e-03
1.49000e+01 3.44627e-03 3.48689e-03
1.49500e+01 2.99589e-03 3.48736e-03
1.50000e+01 2.18153e-03 3.71649e-03
1.50500e+01 1.18626e-03 4.06640e-03
1.51000e+01 1.89806e-04 4.34029e-03
1.51500e+01 -6.74791e-04 4.43776e-03
1.52000e+01 -1.34590e-03 4.36921e-03
1.52500e+01 -1.82188e-03 4.20154e-03
1.53000e+01 -2.12943e-03 4.00523e-03
1.53500e+01 -2.29031e-03 3.83603e-03
1.54000e+01 -2.30349e-03 3.72895e-03
1.54500e+01 -2.14987e-03 3.67474e-03
1.55000e+01 -1.81517e-03 3.61201e-03
1.55500e+01 -1.31675e-03 3.47969e-03
1.56000e+01 -7.18586e-04 3.29657e-03
1.56500e+01 -1.24147e-04 3.19130e-03
1.57000e+01 3.52181e-04 3.30880e-03
1.57500e+01 6.23955e-04 3.64081e-03
1.58000e+01 6.65114e-04 4.02395e-03
1.58500e+01 5.21448e-04 4.28842e-03
1.59000e+01 2.95231e-04 4.34209e-03
1.59500e+01 1.08565e-04 4.17546e-03
1.60000e+01 5.98763e-05 3.84202e-03
1.60500e+01 1.99670e-04 3.43970e-03
1.61000e+01 4.95091e-04 3.07542e-03
1.61500e+01 8.64385e-04 2.84064e-03
1.62000e+01 1.20533e-03 2.76298e-03
1.62500e+01 1.43108e-03 2.80220e-03
1.63000e+01 1.49514e-03 2.89578e-03
1.63500e+01 1.39704e-03 2.99889e-03
1.64000e+01 1.16945e-03 3.09127e-03
1.64500e+01 8.55364e-04 3.16862e-03
1.65000e+01 4.87657e-04 3.23127e-03
1.65500e+01 8.07189e-05 3.27209e-03
1.66000e+01 -3.62727e-04 3.27023e-03
1.66500e+01 -8.34660e-04 3.20023e-03
1.67000e+01 -1.30491e-03 3.05292e-03
1.67500e+01 -1.71486e-03 2.85207e-03
1.68000e+01 -1.98716e-03 2.65163e-03
1.68500e+01 -2.04912e-03 2.51076e-03
1.69000e+01 -1.86056e-03 2.46309e-03
1.69500e+01 -1.43416e-03 2.50732e-03
1.70000e+01 -8.38707e-04 2.62164e-03
1.70500e+01 -1.73794e-04 2.77709e-03
1.71000e+01 4.24309e-04 2.94241e-03
1.71500e+01 8.57508e-04 3.09112e-03
1.72000e+01 1.07994e-03 3.20156e-03
1.72500e+01 1.10397e-03 3.25182e-03
1.73000e+01 9.86382e-04 3.21397e-03
1.73500e+01 8.01962e-04 3.06350e-03
1.74000e+01 6.16019e-04 2.80889e-03
1.74500e+01 4.66651e-04 2.52516e-03
1.75000e+01 3.62129e-04 2.34802e-03
1.75500e+01 2.91575e-04 2.36848e-03
1.76000e+01 2.41274e-04 2.51426e-03
1.76500e+01 2.07191e-04 2.62750e-03
1.77000e+01 1.97128e-04 2.61286e-03
1.77500e+01 2.21951e-04 2.48475e-03
1.78000e+01 2.81366e-04 2.33486e-03
1.78500e+01 3.53026e-04 2.24994e-03
1.79000e+01 3.92501e-04 2.23551e-03
1.79500e+01 3.46478e-04 2.23766e-03
1.80000e+01 1.74906e-04 2.22476e-03
1.80500e+01 -1.34453e-04 2.21669e-03
1.81000e+01 -5.33332e-04 2.22695e-03
1.81500e+01 -9.37407e-04 2.23385e-03
1.82000e+01 -1.24651e-03 2.20229e-03
1.82500e+01 -1.37734e-03 2.14217e-03
1.83000e+01 -1.29236e-03 2.12427e-03
1.83500e+01 -1.01339e-03 2.21721e-03
1.84000e+01 -6.14135e-04 2.40385e-03
1.84500e+01 -1.94222e-04 2.59673e-03
1.85000e+01 1.55191e-04 2.71747e-03
1.85500e+01 3.80903e-04 2.73641e-03
1.86000e+01 4.81024e-04 2.66625e-03
1.86500e+01 4.97709e-04 2.53945e-03
1.87000e+01 4.93240e-04 2.38950e-03
1.87500e+01 5.20095e-04 2.24323e-03
1.88000e+01 5.97681e-04 2.12129e-03
1.88500e+01 7.05168e-04 2.04031e-03
1.89000e+01 7.92725e-04 2.01331e-03
1.89500e+01 8.05567e-04 2.04454e-03
1.90000e+01 7.09980e-04 2.11852e-03
1.90500e+01 5.11429e-04 2.19995e-03
1.91000e+01 2.50022e-04 2.23816e-03
1.91500e+01 -1.12944e-05 2.20219e-03
1.92000e+01 -2.12791e-04 2.09657e-03
1.92500e+01 -3.21595e-04 1.96048e-03
1.93000e+01 -3.43705e-04 1.84311e-03
1.93500e+01 -3.19410e-04 1.76715e-03
1.94000e+01 -3.04265e-04 1.71552e-03
1.94500e+01 -3.43826e-04 1.65860e-03
1.95000e+01 -4.52813e-04 1.58906e-03
1.95500e+01 -6.07339e-04 1.53275e-03
1.96000e+01 -7.53253e-04 1.53231e-03
1.96500e+01 -8.26983e-04 1.61207e-03
1.97000e+01 -7.80322e-04 1.75371e-03
1.97500e+01 -5.99314e-04 1.91016e-03
1.98000e+01 -3.10150e-04 2.03692e-03
1.98500e+01 2.95899e-05 2.11131e-03
1.99000e+01 3.50233e-04 2.13419e-03
1.99500e+01 5.92008e-04 2.11793e-03
2.00000e+01 7.21531e-04 2.07079e-03
