# k	<chi>	std	chi_median	chi_max	chi_min
0.000000e+00	2.853660e-01	3.191256e-01	0.000000e+00	1.237076e+00	0.000000e+00
5.000000e-02	5.551750e-01	2.068188e-01	4.884959e-01	1.241110e+00	1.595094e-01
1.000000e-01	5.361510e-01	2.085069e-01	4.672759e-01	1.228038e+00	1.399972e-01
1.500000e-01	4.775567e-01	2.128063e-01	4.061145e-01	1.183790e+00	8.164747e-02
2.000000e-01	4.166589e-01	2.162825e-01	3.431334e-01	1.151946e+00	2.289444e-02
2.500000e-01	3.120423e-01	2.198058e-01	2.391638e-01	1.085926e+00	-7.369779e-02
3.000000e-01	2.035179e-01	2.211724e-01	1.319006e-01	1.058774e+00	-1.695539e-01
3.500000e-01	5.098700e-02	2.193204e-01	-1.858647e-02	9.921549e-01	-2.972682e-01
4.000000e-01	-1.027054e-01	2.139620e-01	-1.713015e-01	8.958189e-01	-4.192062e-01
4.500000e-01	-2.908591e-01	2.026992e-01	-3.551111e-01	7.423764e-01	-5.924597e-01
5.000000e-01	-4.696129e-01	1.874952e-01	-5.295573e-01	5.845677e-01	-7.600206e-01
5.500000e-01	-6.607522e-01	1.655127e-01	-7.134394e-01	3.656125e-01	-9.381920e-01
6.000000e-01	-8.238676e-01	1.410105e-01	-8.649400e-01	1.244277e-01	-1.085609e+00
6.500000e-01	-9.676057e-01	1.119607e-01	-9.974802e-01	-1.589196e-01	-1.196103e+00
7.000000e-01	-1.062102e+00	8.520720e-02	-1.080864e+00	-4.314808e-01	-1.246225e+00
7.500000e-01	-1.105950e+00	6.342186e-02	-1.112973e+00	-6.978186e-01	-1.266510e+00
8.000000e-01	-1.088151e+00	5.709128e-02	-1.092179e+00	-9.024981e-01	-1.250978e+00
8.500000e-01	-1.004718e+00	6.583809e-02	-1.003043e+00	-7.972679e-01	-1.242098e+00
9.000000e-01	-8.686982e-01	7.844375e-02	-8.627160e-01	-6.599675e-01	-1.180590e+00
9.500000e-01	-6.818664e-01	8.792819e-02	-6.688465e-01	-4.946701e-01	-1.082745e+00
1.000000e+00	-4.773276e-01	9.038187e-02	-4.570283e-01	-3.085898e-01	-9.420886e-01
1.050000e+00	-2.646123e-01	8.533692e-02	-2.412586e-01	-1.108891e-01	-7.518810e-01
1.100000e+00	-8.199728e-02	7.500474e-02	-5.955789e-02	5.658442e-02	-5.330408e-01
1.150000e+00	5.976248e-02	6.160359e-02	7.634779e-02	1.697584e-01	-3.109563e-01
1.200000e+00	1.383394e-01	5.028223e-02	1.455429e-01	2.400806e-01	-1.267955e-01
1.250000e+00	1.531915e-01	4.326495e-02	1.542582e-01	2.604032e-01	4.171341e-03
1.300000e+00	1.116239e-01	4.005359e-02	1.129971e-01	2.266936e-01	-2.052322e-02
1.350000e+00	2.856425e-02	3.714396e-02	2.811306e-02	1.629849e-01	-8.086254e-02
1.400000e+00	-6.521415e-02	3.247360e-02	-6.599441e-02	6.517847e-02	-1.507597e-01
1.450000e+00	-1.482862e-01	2.721569e-02	-1.491590e-01	-2.819622e-02	-2.111095e-01
1.500000e+00	-1.915516e-01	2.441040e-02	-1.919205e-01	-7.597369e-02	-2.558736e-01
1.550000e+00	-1.850847e-01	2.513962e-02	-1.851082e-01	-5.530791e-02	-2.614854e-01
1.600000e+00	-1.265529e-01	2.624188e-02	-1.265763e-01	-6.335139e-04	-2.043324e-01
1.650000e+00	-2.724111e-02	2.538584e-02	-2.560167e-02	7.375531e-02	-1.006732e-01
1.700000e+00	8.683131e-02	2.214110e-02	8.987063e-02	1.469350e-01	2.014952e-02
1.750000e+00	1.945082e-01	1.854165e-02	1.961723e-01	2.328393e-01	1.341375e-01
1.800000e+00	2.663724e-01	1.709842e-02	2.679108e-01	3.056907e-01	1.921920e-01
1.850000e+00	2.945854e-01	1.778637e-02	2.952201e-01	3.361981e-01	2.206919e-01
1.900000e+00	2.725251e-01	1.784699e-02	2.727885e-01	3.215481e-01	1.938199e-01
1.950000e+00	2.148028e-01	1.623345e-02	2.136570e-01	2.641318e-01	1.438829e-01
2.000000e+00	1.379602e-01	1.305795e-02	1.362036e-01	1.767638e-01	9.089365e-02
2.050000e+00	6.229129e-02	1.107393e-02	6.099371e-02	9.906390e-02	3.617144e-02
2.100000e+00	8.344618e-03	1.015685e-02	8.082616e-03	4.871348e-02	-1.924847e-02
2.150000e+00	-1.581508e-02	9.225409e-03	-1.594789e-02	2.667318e-02	-3.951437e-02
2.200000e+00	-1.509231e-02	7.733891e-03	-1.525074e-02	2.193934e-02	-3.594040e-02
2.250000e+00	-8.705908e-03	7.659618e-03	-8.202152e-03	1.655793e-02	-2.995439e-02
2.300000e+00	-1.749679e-03	7.986182e-03	-7.078003e-04	1.680156e-02	-2.638023e-02
2.350000e+00	3.110798e-04	6.925131e-03	6.590765e-04	1.703693e-02	-2.192317e-02
2.400000e+00	-4.037605e-03	5.112655e-03	-4.178464e-03	9.718917e-03	-2.326932e-02
2.450000e+00	-7.026853e-03	4.599727e-03	-7.177845e-03	6.135134e-03	-2.686825e-02
2.500000e+00	-1.122030e-02	4.632604e-03	-1.164267e-02	1.955501e-03	-2.801026e-02
2.550000e+00	-1.526264e-02	4.592975e-03	-1.556848e-02	-1.586435e-03	-2.739100e-02
2.600000e+00	-1.777833e-02	4.105284e-03	-1.811876e-02	-5.845493e-03	-2.885131e-02
2.650000e+00	-1.992519e-02	3.465047e-03	-2.022595e-02	-1.078160e-02	-2.934947e-02
2.700000e+00	-2.038733e-02	2.625235e-03	-2.057036e-02	-1.151278e-02	-2.734659e-02
2.750000e+00	-1.920758e-02	2.058071e-03	-1.928258e-02	-7.902665e-03	-2.412303e-02
2.800000e+00	-1.689104e-02	2.101594e-03	-1.689688e-02	-5.592802e-03	-2.209505e-02
2.850000e+00	-1.529393e-02	2.463443e-03	-1.485660e-02	-5.925999e-03	-2.159062e-02
2.900000e+00	-1.302629e-02	2.745739e-03	-1.223089e-02	-7.175680e-03	-2.060036e-02
2.950000e+00	-1.052628e-02	2.821195e-03	-9.706799e-03	-5.215034e-03	-1.829547e-02
3.000000e+00	-8.094285e-03	2.782595e-03	-7.543023e-03	-2.183719e-03	-1.564989e-02
3.050000e+00	-4.948365e-03	2.818445e-03	-4.668243e-03	1.664009e-03	-1.270110e-02
3.100000e+00	-2.068812e-03	2.964533e-03	-2.019191e-03	5.128053e-03	-1.047242e-02
3.150000e+00	3.456128e-04	3.081870e-03	4.480344e-04	7.800180e-03	-8.455503e-03
3.200000e+00	2.202573e-03	3.018942e-03	2.192221e-03	9.493607e-03	-5.848961e-03
3.250000e+00	3.315980e-03	2.669233e-03	3.285738e-03	1.040072e-02	-3.541475e-03
3.300000e+00	3.668677e-03	2.252116e-03	3.635631e-03	9.146555e-03	-2.048417e-03
3.350000e+00	3.505571e-03	2.133315e-03	3.530263e-03	1.067777e-02	-1.756663e-03
3.400000e+00	3.095087e-03	2.490482e-03	3.166029e-03	1.128714e-02	-3.746583e-03
3.450000e+00	2.666415e-03	3.062989e-03	2.414167e-03	1.008877e-02	-4.670541e-03
3.500000e+00	2.616842e-03	3.442831e-03	2.572089e-03	1.156260e-02	-5.696489e-03
3.550000e+00	3.095813e-03	3.426426e-03	3.057976e-03	1.266257e-02	-7.092324e-03
3.600000e+00	4.135025e-03	2.993135e-03	3.943537e-03	1.236499e-02	-5.371373e-03
3.650000e+00	5.809659e-03	2.355724e-03	5.633551e-03	1.233249e-02	-3.057487e-03
3.700000e+00	7.641283e-03	2.211369e-03	7.586648e-03	1.378114e-02	1.568752e-03
3.750000e+00	9.193200e-03	2.952531e-03	8.965941e-03	1.640452e-02	1.890849e-03
3.800000e+00	9.936811e-03	3.873697e-03	1.021329e-02	2.002959e-02	-2.371954e-04
3.850000e+00	9.437692e-03	4.422201e-03	9.841897e-03	2.193664e-02	-2.430003e-03
3.900000e+00	6.964636e-03	4.211276e-03	7.508115e-03	1.930304e-02	-4.296777e-03
3.950000e+00	2.448376e-03	3.229274e-03	2.761072e-03	1.352097e-02	-5.890722e-03
4.000000e+00	-3.664449e-03	1.877266e-03	-3.635780e-03	3.431987e-03	-9.384965e-03
4.050000e+00	-1.080695e-02	1.737304e-03	-1.067005e-02	-6.442197e-03	-1.625306e-02
4.100000e+00	-1.760312e-02	3.103336e-03	-1.786194e-02	-1.087077e-02	-2.589619e-02
4.150000e+00	-2.247283e-02	4.250937e-03	-2.303432e-02	-1.202807e-02	-3.310181e-02
4.200000e+00	-2.409575e-02	4.638353e-03	-2.460899e-02	-1.218674e-02	-3.460714e-02
4.250000e+00	-2.250480e-02	4.273484e-03	-2.290208e-02	-1.141203e-02	-3.152579e-02
4.300000e+00	-1.714511e-02	3.380268e-03	-1.731013e-02	-8.578569e-03	-2.467648e-02
4.350000e+00	-8.905626e-03	2.616465e-03	-8.864111e-03	-3.049691e-03	-1.748142e-02
4.400000e+00	6.748142e-04	2.716647e-03	9.225739e-04	6.164491e-03	-9.354460e-03
4.450000e+00	9.526949e-03	3.374963e-03	9.795174e-03	1.671246e-02	-1.112397e-03
4.500000e+00	1.675978e-02	3.875294e-03	1.691617e-02	2.523407e-02	6.374126e-03
4.550000e+00	2.158506e-02	3.982385e-03	2.170314e-02	3.014127e-02	1.119688e-02
4.600000e+00	2.398346e-02	3.749999e-03	2.414175e-02	3.164496e-02	1.350144e-02
4.650000e+00	2.459134e-02	3.400948e-03	2.479399e-02	3.144758e-02	1.513925e-02
4.700000e+00	2.437211e-02	3.075534e-03	2.474028e-02	3.184284e-02	1.614587e-02
4.750000e+00	2.399492e-02	2.888486e-03	2.434905e-02	3.172274e-02	1.637688e-02
4.800000e+00	2.361624e-02	2.845803e-03	2.376826e-02	3.207788e-02	1.640291e-02
4.850000e+00	2.287093e-02	2.906166e-03	2.305128e-02	3.048641e-02	1.549066e-02
4.900000e+00	2.088623e-02	3.229478e-03	2.079930e-02	2.967792e-02	1.318935e-02
4.950000e+00	1.684017e-02	4.226004e-03	1.660234e-02	2.842705e-02	6.011179e-03
5.000000e+00	1.038100e-02	5.923988e-03	1.036670e-02	2.561495e-02	-5.081414e-03
5.050000e+00	1.967393e-03	7.788512e-03	1.789817e-03	2.038116e-02	-1.743989e-02
5.100000e+00	-7.188507e-03	9.159330e-03	-7.726824e-03	1.536687e-02	-2.873842e-02
5.150000e+00	-1.542703e-02	9.456810e-03	-1.617444e-02	8.409066e-03	-3.655936e-02
5.200000e+00	-2.117429e-02	8.434931e-03	-2.211320e-02	1.194591e-03	-3.908762e-02
5.250000e+00	-2.352455e-02	6.484825e-03	-2.433156e-02	-6.641426e-03	-3.660636e-02
5.300000e+00	-2.260113e-02	5.187835e-03	-2.272799e-02	-8.159962e-03	-3.257300e-02
5.350000e+00	-1.960060e-02	6.366067e-03	-2.001844e-02	-1.777766e-03	-3.335908e-02
5.400000e+00	-1.639351e-02	8.509957e-03	-1.653085e-02	2.617190e-03	-3.665448e-02
5.450000e+00	-1.472925e-02	9.710725e-03	-1.481105e-02	2.499757e-03	-3.781648e-02
5.500000e+00	-1.587977e-02	9.330602e-03	-1.590342e-02	2.909732e-03	-3.864972e-02
5.550000e+00	-1.987788e-02	7.604317e-03	-1.952452e-02	-2.392491e-03	-4.175127e-02
5.600000e+00	-2.551945e-02	5.758064e-03	-2.531646e-02	-1.197579e-02	-4.303465e-02
5.650000e+00	-3.059040e-02	5.840670e-03	-3.030610e-02	-1.534779e-02	-4.509276e-02
5.700000e+00	-3.299199e-02	7.684166e-03	-3.266828e-02	-1.403015e-02	-5.244068e-02
5.750000e+00	-3.108661e-02	9.411622e-03	-3.053272e-02	-9.080979e-03	-5.450515e-02
5.800000e+00	-2.437195e-02	1.024174e-02	-2.439082e-02	-1.829200e-04	-5.058244e-02
5.850000e+00	-1.352824e-02	1.018200e-02	-1.388468e-02	1.094923e-02	-4.093899e-02
5.900000e+00	-4.911725e-04	9.647239e-03	-3.939419e-04	2.223173e-02	-2.665429e-02
5.950000e+00	1.256048e-02	8.998522e-03	1.328160e-02	3.270977e-02	-1.408125e-02
6.000000e+00	2.374866e-02	8.331323e-03	2.484601e-02	4.099652e-02	-2.911308e-03
6.050000e+00	3.194668e-02	7.487075e-03	3.299762e-02	4.682636e-02	7.619218e-03
6.100000e+00	3.693153e-02	6.491695e-03	3.802005e-02	5.192196e-02	1.689649e-02
6.150000e+00	3.928398e-02	5.662051e-03	3.952882e-02	5.375864e-02	2.476185e-02
6.200000e+00	3.983704e-02	5.654632e-03	3.950753e-02	5.833202e-02	2.428775e-02
6.250000e+00	3.919643e-02	6.714656e-03	3.900651e-02	6.038166e-02	2.145557e-02
6.300000e+00	3.746276e-02	8.247867e-03	3.750415e-02	5.689589e-02	1.568646e-02
6.350000e+00	3.426394e-02	9.578724e-03	3.484783e-02	5.454771e-02	9.905067e-03
6.400000e+00	2.906237e-02	1.035512e-02	3.000802e-02	5.211809e-02	3.993811e-03
6.450000e+00	2.157815e-02	1.056280e-02	2.175856e-02	4.750483e-02	-4.466226e-03
6.500000e+00	1.211878e-02	1.043966e-02	1.224724e-02	3.938893e-02	-1.363806e-02
6.550000e+00	1.578397e-03	1.025899e-02	2.004668e-03	3.190071e-02	-2.117750e-02
6.600000e+00	-8.559298e-03	1.019442e-02	-9.067981e-03	2.281829e-02	-3.133456e-02
6.650000e+00	-1.694043e-02	1.016396e-02	-1.800898e-02	1.280424e-02	-3.982151e-02
6.700000e+00	-2.272851e-02	9.978344e-03	-2.356157e-02	3.200499e-03	-4.788117e-02
6.750000e+00	-2.589521e-02	9.472296e-03	-2.619750e-02	-1.671066e-03	-5.124956e-02
6.800000e+00	-2.718680e-02	8.601045e-03	-2.768839e-02	-4.607774e-03	-5.048515e-02
6.850000e+00	-2.776866e-02	7.600179e-03	-2.884575e-02	-6.803249e-03	-4.797880e-02
6.900000e+00	-2.868958e-02	7.113656e-03	-3.021049e-02	-7.397172e-03	-4.613908e-02
6.950000e+00	-3.038893e-02	7.664397e-03	-3.083045e-02	-9.877197e-03	-4.786743e-02
7.000000e+00	-3.245748e-02	8.757445e-03	-3.240177e-02	-1.338459e-02	-5.174452e-02
7.050000e+00	-3.367129e-02	9.436702e-03	-3.320980e-02	-1.227695e-02	-5.543575e-02
7.100000e+00	-3.271745e-02	9.357215e-03	-3.195303e-02	-1.160587e-02	-5.368137e-02
7.150000e+00	-2.850685e-02	9.122189e-03	-2.848297e-02	-7.111142e-03	-5.187855e-02
7.200000e+00	-2.076011e-02	9.888859e-03	-1.974643e-02	3.998527e-03	-4.904339e-02
7.250000e+00	-1.021018e-02	1.176499e-02	-9.352231e-03	1.745298e-02	-4.065082e-02
7.300000e+00	1.579984e-03	1.355294e-02	1.743799e-03	3.263635e-02	-3.386889e-02
7.350000e+00	1.271504e-02	1.414566e-02	1.262256e-02	4.712900e-02	-2.297425e-02
7.400000e+00	2.158308e-02	1.316625e-02	2.164110e-02	5.405192e-02	-1.400848e-02
7.450000e+00	2.734681e-02	1.099090e-02	2.785534e-02	5.323891e-02	-5.653280e-03
7.500000e+00	3.012132e-02	8.558978e-03	3.063468e-02	4.831816e-02	3.486116e-04
7.550000e+00	3.069204e-02	6.925647e-03	3.152120e-02	4.667329e-02	6.393736e-03
7.600000e+00	3.030458e-02	6.506400e-03	3.130144e-02	4.783475e-02	1.389886e-02
7.650000e+00	2.986951e-02	6.732155e-03	3.067048e-02	4.813469e-02	1.211082e-02
7.700000e+00	2.965134e-02	7.188958e-03	3.030167e-02	4.736771e-02	8.057539e-03
7.750000e+00	2.919481e-02	7.892422e-03	2.974452e-02	4.724284e-02	6.328498e-03
7.800000e+00	2.758360e-02	8.835894e-03	2.792614e-02	4.716682e-02	3.212199e-03
7.850000e+00	2.391076e-02	9.842394e-03	2.445946e-02	4.745116e-02	-4.114846e-03
7.900000e+00	1.775332e-02	1.064230e-02	1.812975e-02	4.621721e-02	-1.183540e-02
7.950000e+00	9.445647e-03	1.094435e-02	8.971782e-03	4.041866e-02	-1.882895e-02
8.000000e+00	3.504363e-05	1.066402e-02	-2.481876e-04	3.055092e-02	-2.453821e-02
8.050000e+00	-9.088674e-03	1.032781e-02	-1.014444e-02	1.848532e-02	-3.089792e-02
8.100000e+00	-1.655927e-02	1.106776e-02	-1.830042e-02	1.392444e-02	-4.140758e-02
8.150000e+00	-2.164868e-02	1.298696e-02	-2.220362e-02	1.355988e-02	-4.883352e-02
8.200000e+00	-2.439061e-02	1.459959e-02	-2.477732e-02	9.396668e-03	-5.186678e-02
8.250000e+00	-2.545517e-02	1.429125e-02	-2.738343e-02	6.197421e-03	-5.288715e-02
8.300000e+00	-2.577029e-02	1.139689e-02	-2.772737e-02	4.990655e-04	-4.973825e-02
8.350000e+00	-2.606010e-02	7.253504e-03	-2.622182e-02	-7.727769e-03	-4.596163e-02
8.400000e+00	-2.650186e-02	7.979444e-03	-2.672075e-02	-1.222712e-04	-4.810439e-02
8.450000e+00	-2.664861e-02	1.372798e-02	-2.629762e-02	5.404699e-03	-5.796875e-02
8.500000e+00	-2.564746e-02	1.857030e-02	-2.479810e-02	1.272088e-02	-6.983376e-02
8.550000e+00	-2.260554e-02	2.025058e-02	-2.148320e-02	1.733326e-02	-7.206290e-02
8.600000e+00	-1.716952e-02	1.845316e-02	-1.543848e-02	1.817906e-02	-6.289566e-02
8.650000e+00	-9.654781e-03	1.446863e-02	-7.806530e-03	1.731972e-02	-4.585275e-02
8.700000e+00	-1.044850e-03	1.131523e-02	-3.275052e-05	2.470983e-02	-2.900272e-02
8.750000e+00	7.319217e-03	1.181437e-02	7.453544e-03	3.588097e-02	-2.635049e-02
8.800000e+00	1.419576e-02	1.394353e-02	1.369456e-02	4.606617e-02	-2.285449e-02
8.850000e+00	1.885479e-02	1.478855e-02	1.818340e-02	5.105289e-02	-1.939641e-02
8.900000e+00	2.127600e-02	1.368337e-02	2.111338e-02	5.168298e-02	-1.600023e-02
8.950000e+00	2.205604e-02	1.134746e-02	2.253819e-02	4.920467e-02	-8.933157e-03
9.000000e+00	2.207256e-02	8.957015e-03	2.227387e-02	5.008593e-02	-2.006005e-03
9.050000e+00	2.209001e-02	7.340602e-03	2.218586e-02	4.899372e-02	-5.270552e-04
9.100000e+00	2.231243e-02	6.629159e-03	2.203587e-02	4.419814e-02	2.504078e-03
9.150000e+00	2.239106e-02	6.732825e-03	2.248096e-02	4.079001e-02	5.671356e-03
9.200000e+00	2.157310e-02	7.545357e-03	2.189391e-02	3.879081e-02	2.416289e-03
9.250000e+00	1.908090e-02	8.731277e-03	1.939271e-02	4.008293e-02	-2.053538e-03
9.300000e+00	1.452044e-02	1.009909e-02	1.485745e-02	3.819384e-02	-9.385017e-03
9.350000e+00	8.138365e-03	1.174013e-02	7.999442e-03	3.474427e-02	-2.349348e-02
9.400000e+00	8.115094e-04	1.347933e-02	6.053534e-04	3.227688e-02	-3.577829e-02
9.450000e+00	-6.232467e-03	1.457347e-02	-5.889129e-03	2.763395e-02	-4.532782e-02
9.500000e+00	-1.184989e-02	1.418222e-02	-1.231655e-02	2.158832e-02	-4.645844e-02
9.550000e+00	-1.542164e-02	1.208832e-02	-1.735621e-02	1.401046e-02	-4.009713e-02
9.600000e+00	-1.696013e-02	9.389676e-03	-1.808218e-02	7.666715e-03	-3.647157e-02
9.650000e+00	-1.715237e-02	8.797085e-03	-1.762955e-02	8.269549e-03	-3.624349e-02
9.700000e+00	-1.699114e-02	1.092746e-02	-1.880392e-02	1.598022e-02	-3.729531e-02
9.750000e+00	-1.731900e-02	1.286453e-02	-2.005097e-02	1.885628e-02	-3.949807e-02
9.800000e+00	-1.843889e-02	1.278544e-02	-2.113549e-02	1.298221e-02	-4.187421e-02
9.850000e+00	-1.995457e-02	1.067311e-02	-2.036188e-02	4.169793e-03	-4.301657e-02
9.900000e+00	-2.091009e-02	8.253466e-03	-2.031601e-02	3.267086e-04	-4.247666e-02
9.950000e+00	-2.017533e-02	8.458215e-03	-2.009123e-02	2.140975e-03	-4.542738e-02
1.000000e+01	-1.692399e-02	1.085011e-02	-1.576472e-02	9.164053e-03	-5.162374e-02
1.005000e+01	-1.098911e-02	1.266259e-02	-8.818757e-03	1.558623e-02	-5.195118e-02
1.010000e+01	-3.065828e-03	1.278876e-02	-8.273268e-04	2.545570e-02	-4.359725e-02
1.015000e+01	5.529542e-03	1.149207e-02	6.562295e-03	3.047164e-02	-3.002070e-02
1.020000e+01	1.325222e-02	9.756450e-03	1.431208e-02	3.679937e-02	-1.546730e-02
1.025000e+01	1.881993e-02	8.541719e-03	1.868030e-02	3.813683e-02	-4.728882e-03
1.030000e+01	2.159509e-02	7.946906e-03	2.143458e-02	4.186414e-02	-8.203729e-04
1.035000e+01	2.172010e-02	7.383471e-03	2.195450e-02	4.173518e-02	2.543384e-03
1.040000e+01	1.996854e-02	6.555104e-03	2.026123e-02	4.089142e-02	4.017116e-04
1.045000e+01	1.738681e-02	5.754080e-03	1.722205e-02	3.979366e-02	-4.156750e-04
1.050000e+01	1.487740e-02	5.473540e-03	1.444183e-02	3.494419e-02	-9.801728e-05
1.055000e+01	1.288841e-02	5.841591e-03	1.272601e-02	2.870928e-02	-2.948586e-03
1.060000e+01	1.132128e-02	6.590998e-03	1.117459e-02	2.558723e-02	-8.751537e-03
1.065000e+01	9.674974e-03	7.427035e-03	9.758188e-03	2.581929e-02	-1.328863e-02
1.070000e+01	7.349306e-03	8.096478e-03	7.928399e-03	2.753984e-02	-1.631786e-02
1.075000e+01	3.971467e-03	8.375555e-03	4.304933e-03	2.674420e-02	-1.799555e-02
1.080000e+01	-3.910193e-04	8.175888e-03	-4.879545e-04	2.192714e-02	-1.807577e-02
1.085000e+01	-5.213287e-03	7.649919e-03	-5.469943e-03	1.770707e-02	-2.095352e-02
1.090000e+01	-9.690342e-03	7.150995e-03	-1.002489e-02	1.259680e-02	-2.483921e-02
1.095000e+01	-1.302824e-02	6.972039e-03	-1.315306e-02	7.573973e-03	-2.996451e-02
1.100000e+01	-1.472736e-02	7.059255e-03	-1.487152e-02	2.728631e-03	-3.332282e-02
1.105000e+01	-1.478133e-02	7.127943e-03	-1.489633e-02	-6.180474e-05	-3.244909e-02
1.110000e+01	-1.354451e-02	6.967655e-03	-1.355361e-02	1.793608e-03	-2.954521e-02
1.115000e+01	-1.168557e-02	6.626905e-03	-1.185393e-02	4.175173e-03	-2.743690e-02
1.120000e+01	-9.875381e-03	6.331388e-03	-1.028885e-02	8.456693e-03	-2.581417e-02
1.125000e+01	-8.542163e-03	6.287494e-03	-9.040582e-03	1.058093e-02	-2.722985e-02
1.130000e+01	-7.743125e-03	6.510513e-03	-7.954268e-03	9.890633e-03	-2.610612e-02
1.135000e+01	-7.193118e-03	6.870379e-03	-7.498578e-03	1.207923e-02	-2.246225e-02
1.140000e+01	-6.425335e-03	7.254209e-03	-6.767065e-03	1.487409e-02	-2.256845e-02
1.145000e+01	-5.009009e-03	7.607819e-03	-5.273703e-03	1.615426e-02	-2.422576e-02
1.150000e+01	-2.733365e-03	7.859419e-03	-2.666089e-03	1.631017e-02	-2.299337e-02
1.155000e+01	3.106191e-04	7.874365e-03	6.379600e-04	1.867181e-02	-2.431673e-02
1.160000e+01	3.771366e-03	7.518211e-03	3.988091e-03	2.155358e-02	-2.314409e-02
1.165000e+01	7.170127e-03	6.769777e-03	7.607305e-03	2.394600e-02	-1.900862e-02
1.170000e+01	1.006264e-02	5.789769e-03	1.030506e-02	2.512521e-02	-1.222873e-02
1.175000e+01	1.216146e-02	4.887517e-03	1.276076e-02	2.600948e-02	-4.259229e-03
1.180000e+01	1.337645e-02	4.348018e-03	1.378772e-02	2.372236e-02	2.898783e-03
1.185000e+01	1.377076e-02	4.204531e-03	1.364103e-02	2.451096e-02	3.354262e-03
1.190000e+01	1.346660e-02	4.292607e-03	1.348802e-02	2.482767e-02	3.486102e-03
1.195000e+01	1.255263e-02	4.511477e-03	1.284573e-02	2.450679e-02	1.102094e-03
1.200000e+01	1.103854e-02	4.855292e-03	1.121829e-02	2.253914e-02	-1.817563e-03
1.205000e+01	8.880255e-03	5.307617e-03	8.676607e-03	2.198331e-02	-6.182795e-03
1.210000e+01	6.028173e-03	5.787334e-03	5.771209e-03	2.078017e-02	-9.872219e-03
1.215000e+01	2.547307e-03	6.221105e-03	2.170349e-03	1.861706e-02	-1.266204e-02
1.220000e+01	-1.339447e-03	6.519742e-03	-1.607414e-03	1.600636e-02	-1.745455e-02
1.225000e+01	-5.256223e-03	6.564471e-03	-5.534047e-03	1.258542e-02	-2.045642e-02
1.230000e+01	-8.744764e-03	6.269088e-03	-9.368190e-03	8.692368e-03	-2.338491e-02
1.235000e+01	-1.137590e-02	5.696898e-03	-1.207408e-02	4.028270e-03	-2.565376e-02
1.240000e+01	-1.286021e-02	5.127607e-03	-1.341921e-02	7.357106e-04	-2.487075e-02
1.245000e+01	-1.311698e-02	4.918088e-03	-1.329279e-02	-2.006783e-03	-2.678950e-02
1.250000e+01	-1.227835e-02	5.141608e-03	-1.211657e-02	3.986315e-04	-2.887280e-02
1.255000e+01	-1.063113e-02	5.552594e-03	-1.053687e-02	3.820869e-03	-2.946550e-02
1.260000e+01	-8.522209e-03	5.968150e-03	-8.844453e-03	6.876616e-03	-2.661617e-02
1.265000e+01	-6.264199e-03	6.386672e-03	-6.360620e-03	9.321513e-03	-2.142100e-02
1.270000e+01	-4.073432e-03	6.796365e-03	-3.637173e-03	1.263301e-02	-1.953944e-02
1.275000e+01	-2.055606e-03	7.055323e-03	-1.062391e-03	1.511137e-02	-2.254438e-02
1.280000e+01	-2.331709e-04	7.025378e-03	4.899844e-04	1.551916e-02	-2.275451e-02
1.285000e+01	1.407092e-03	6.771800e-03	1.866313e-03	1.725249e-02	-1.884966e-02
1.290000e+01	2.872136e-03	6.568589e-03	2.952400e-03	1.962383e-02	-1.400591e-02
1.295000e+01	4.144282e-03	6.601300e-03	3.970389e-03	2.164397e-02	-1.463792e-02
1.300000e+01	5.189273e-03	6.685623e-03	4.858296e-03	2.134855e-02	-1.199698e-02
1.305000e+01	6.009098e-03	6.480735e-03	5.426880e-03	2.203201e-02	-1.202997e-02
1.310000e+01	6.563151e-03	5.828156e-03	6.141885e-03	2.277313e-02	-1.128970e-02
1.315000e+01	6.870895e-03	4.960350e-03	6.660586e-03	2.097276e-02	-8.613384e-03
1.320000e+01	6.969404e-03	4.370160e-03	6.589232e-03	1.936997e-02	-5.372325e-03
1.325000e+01	6.883817e-03	4.321947e-03	6.571473e-03	1.845941e-02	-4.212519e-03
1.330000e+01	6.601082e-03	4.526173e-03	6.541076e-03	1.936260e-02	-6.084518e-03
1.335000e+01	6.064727e-03	4.663086e-03	6.259632e-03	1.844569e-02	-8.634650e-03
1.340000e+01	5.198084e-03	4.747154e-03	5.668547e-03	1.626326e-02	-9.526770e-03
1.345000e+01	3.948083e-03	4.920500e-03	4.537916e-03	1.506768e-02	-8.809022e-03
1.350000e+01	2.329453e-03	5.153064e-03	2.623189e-03	1.302764e-02	-1.060002e-02
1.355000e+01	4.467163e-04	5.271720e-03	2.005368e-04	1.207518e-02	-1.210022e-02
1.360000e+01	-1.519431e-03	5.191590e-03	-1.819982e-03	1.162014e-02	-1.295716e-02
1.365000e+01	-3.358098e-03	4.988533e-03	-3.577055e-03	1.113206e-02	-1.546105e-02
1.370000e+01	-4.887556e-03	4.763226e-03	-4.922861e-03	1.040404e-02	-1.759794e-02
1.375000e+01	-6.002161e-03	4.501996e-03	-5.902215e-03	8.971560e-03	-1.815264e-02
1.380000e+01	-6.686703e-03	4.157349e-03	-6.906818e-03	6.505168e-03	-1.701343e-02
1.385000e+01	-6.993570e-03	3.857813e-03	-7.500033e-03	4.109523e-03	-1.578452e-02
1.390000e+01	-6.995693e-03	3.901416e-03	-7.292857e-03	5.048815e-03	-1.436434e-02
1.395000e+01	-6.739291e-03	4.348530e-03	-7.123292e-03	6.065087e-03	-1.657938e-02
1.400000e+01	-6.219723e-03	4.868763e-03	-6.792573e-03	9.906934e-03	-1.796854e-02
1.405000e+01	-5.408988e-03	5.153250e-03	-5.631299e-03	1.183968e-02	-1.769443e-02
1.410000e+01	-4.240714e-03	5.110886e-03	-4.325110e-03	1.159702e-02	-1.525600e-02
1.415000e+01	-2.699572e-03	4.895464e-03	-2.706424e-03	1.176729e-02	-1.453135e-02
1.420000e+01	-8.534766e-04	4.733947e-03	-7.788151e-04	1.125524e-02	-1.684365e-02
1.425000e+01	1.133020e-03	4.735754e-03	1.434447e-03	1.187093e-02	-1.679912e-02
1.430000e+01	3.025990e-03	4.849235e-03	3.638202e-03	1.513012e-02	-1.349290e-02
1.435000e+01	4.582766e-03	4.975870e-03	5.356720e-03	1.720981e-02	-1.220831e-02
1.440000e+01	5.623185e-03	5.033282e-03	6.275002e-03	1.725662e-02	-1.246129e-02
1.445000e+01	6.082595e-03	4.935360e-03	6.681188e-03	1.646096e-02	-1.074515e-02
1.450000e+01	6.024275e-03	4.608298e-03	6.253972e-03	1.643500e-02	-8.026771e-03
1.455000e+01	5.605547e-03	4.068607e-03	5.855747e-03	1.632699e-02	-6.489114e-03
1.460000e+01	5.011458e-03	3.492356e-03	5.074337e-03	1.705175e-02	-5.410227e-03
1.465000e+01	4.383666e-03	3.173773e-03	4.435147e-03	1.622809e-02	-4.596512e-03
1.470000e+01	3.773893e-03	3.258727e-03	3.899211e-03	1.403815e-02	-5.474358e-03
1.475000e+01	3.140181e-03	3.559526e-03	3.405969e-03	1.209686e-02	-5.433542e-03
1.480000e+01	2.385346e-03	3.827834e-03	2.700476e-03	1.130344e-02	-7.417070e-03
1.485000e+01	1.419025e-03	3.961940e-03	1.827750e-03	9.970397e-03	-9.297908e-03
1.490000e+01	2.154437e-04	3.965107e-03	5.559459e-04	9.956077e-03	-1.027309e-02
1.495000e+01	-1.157733e-03	3.860274e-03	-9.168018e-04	9.139172e-03	-1.100289e-02
1.500000e+01	-2.550482e-03	3.660121e-03	-2.518859e-03	6.984647e-03	-1.183423e-02
1.505000e+01	-3.804687e-03	3.400740e-03	-3.783203e-03	4.046994e-03	-1.293209e-02
1.510000e+01	-4.723251e-03	3.139462e-03	-4.667302e-03	2.854438e-03	-1.311720e-02
1.515000e+01	-5.192690e-03	2.952767e-03	-5.013751e-03	2.944406e-03	-1.432676e-02
1.520000e+01	-5.195848e-03	2.877329e-03	-5.272154e-03	3.139634e-03	-1.338884e-02
1.525000e+01	-4.804888e-03	2.896246e-03	-4.818270e-03	3.474712e-03	-1.253688e-02
1.530000e+01	-4.144301e-03	2.984927e-03	-4.040086e-03	4.367343e-03	-1.325026e-02
1.535000e+01	-3.341947e-03	3.141779e-03	-3.378539e-03	5.663409e-03	-1.196564e-02
1.540000e+01	-2.489597e-03	3.364050e-03	-2.763836e-03	6.540969e-03	-1.089873e-02
1.545000e+01	-1.628236e-03	3.613743e-03	-2.083627e-03	7.773198e-03	-1.070716e-02
1.550000e+01	-7.607820e-04	3.819745e-03	-1.102193e-03	8.660916e-03	-1.143302e-02
1.555000e+01	1.180738e-04	3.909087e-03	2.768622e-04	1.100288e-02	-1.091629e-02
1.560000e+01	9.924235e-04	3.841167e-03	1.236063e-03	1.174877e-02	-8.902409e-03
1.565000e+01	1.812129e-03	3.632475e-03	1.797491e-03	1.131977e-02	-8.069456e-03
1.570000e+01	2.503017e-03	3.363009e-03	2.489276e-03	1.218029e-02	-7.905716e-03
1.575000e+01	2.994846e-03	3.146710e-03	3.205924e-03	1.223001e-02	-8.354741e-03
1.580000e+01	3.252325e-03	3.058191e-03	3.611853e-03	1.044830e-02	-8.411423e-03
1.585000e+01	3.292632e-03	3.076202e-03	3.764016e-03	9.460097e-03	-7.772233e-03
1.590000e+01	3.179224e-03	3.123479e-03	3.472684e-03	1.006709e-02	-7.415314e-03
1.595000e+01	2.993299e-03	3.144500e-03	3.142508e-03	1.058974e-02	-8.757949e-03
1.600000e+01	2.795406e-03	3.125307e-03	2.788517e-03	1.033695e-02	-8.537230e-03
1.605000e+01	2.605694e-03	3.071555e-03	2.722807e-03	9.436105e-03	-7.122347e-03
1.610000e+01	2.356031e-03	2.971882e-03	2.582915e-03	9.083891e-03	-5.615845e-03
1.615000e+01	1.961548e-03	2.837784e-03	2.131967e-03	1.092932e-02	-4.123527e-03
1.620000e+01	1.344896e-03	2.716118e-03	1.372739e-03	1.172241e-02	-4.372830e-03
1.625000e+01	4.797177e-04	2.667522e-03	4.386083e-04	1.091716e-02	-5.841463e-03
1.630000e+01	-5.822717e-04	2.707567e-03	-5.218415e-04	8.821930e-03	-6.755919e-03
1.635000e+01	-1.713220e-03	2.788221e-03	-1.868434e-03	6.306068e-03	-8.138674e-03
1.640000e+01	-2.741026e-03	2.850720e-03	-3.161998e-03	4.631357e-03	-8.574013e-03
1.645000e+01	-3.499847e-03	2.873862e-03	-3.919439e-03	5.095096e-03	-1.005164e-02
1.650000e+01	-3.880140e-03	2.868740e-03	-4.219009e-03	5.291530e-03	-1.102627e-02
1.655000e+01	-3.859239e-03	2.845879e-03	-3.994693e-03	4.868777e-03	-1.105227e-02
1.660000e+01	-3.501319e-03	2.802005e-03	-3.653045e-03	3.770878e-03	-1.093380e-02
1.665000e+01	-2.927868e-03	2.739716e-03	-2.731707e-03	3.288590e-03	-1.104012e-02
1.670000e+01	-2.271363e-03	2.686717e-03	-1.936093e-03	4.658144e-03	-1.062616e-02
1.675000e+01	-1.630922e-03	2.680851e-03	-1.279110e-03	5.299130e-03	-1.002294e-02
1.680000e+01	-1.046957e-03	2.732707e-03	-6.808179e-04	5.430304e-03	-8.470788e-03
1.685000e+01	-5.032206e-04	2.814322e-03	-2.853271e-04	6.732411e-03	-8.186746e-03
1.690000e+01	4.704653e-05	2.887514e-03	1.632744e-04	8.190344e-03	-1.043073e-02
1.695000e+01	6.439057e-04	2.930158e-03	6.436001e-04	8.644378e-03	-1.107760e-02
1.700000e+01	1.289374e-03	2.933249e-03	1.160629e-03	9.415485e-03	-1.073879e-02
1.705000e+01	1.941491e-03	2.887695e-03	1.774414e-03	1.033718e-02	-9.278981e-03
1.710000e+01	2.511813e-03	2.766487e-03	2.268470e-03	1.007843e-02	-6.270020e-03
1.715000e+01	2.902361e-03	2.563969e-03	2.784145e-03	9.045963e-03	-2.891304e-03
1.720000e+01	3.043157e-03	2.321758e-03	3.048581e-03	9.273427e-03	-2.943152e-03
1.725000e+01	2.917774e-03	2.137585e-03	3.134557e-03	9.560477e-03	-3.046620e-03
1.730000e+01	2.567693e-03	2.115950e-03	2.685071e-03	8.605496e-03	-3.013848e-03
1.735000e+01	2.074720e-03	2.268690e-03	2.118734e-03	9.828398e-03	-4.179237e-03
1.740000e+01	1.529959e-03	2.502071e-03	1.622175e-03	9.576120e-03	-5.433972e-03
1.745000e+01	1.002869e-03	2.707469e-03	1.013745e-03	8.133839e-03	-6.520449e-03
1.750000e+01	5.229993e-04	2.814930e-03	6.409017e-04	8.126242e-03	-7.733679e-03
1.755000e+01	8.073412e-05	2.794938e-03	2.582565e-04	8.072989e-03	-8.794847e-03
1.760000e+01	-3.551033e-04	2.652559e-03	-1.461935e-04	7.026177e-03	-8.393444e-03
1.765000e+01	-8.119280e-04	2.429499e-03	-6.846866e-04	5.186068e-03	-6.551892e-03
1.770000e+01	-1.292053e-03	2.205548e-03	-1.237019e-03	5.349573e-03	-6.316145e-03
1.775000e+01	-1.764405e-03	2.073402e-03	-1.813439e-03	5.184293e-03	-6.920966e-03
1.780000e+01	-2.172067e-03	2.072160e-03	-2.317215e-03	4.679964e-03	-7.843913e-03
1.785000e+01	-2.451389e-03	2.150651e-03	-2.507987e-03	4.539720e-03	-8.621196e-03
1.790000e+01	-2.553844e-03	2.228130e-03	-2.691656e-03	5.213017e-03	-9.507443e-03
1.795000e+01	-2.461386e-03	2.264676e-03	-2.659983e-03	4.759136e-03	-9.316320e-03
1.800000e+01	-2.189720e-03	2.269414e-03	-2.265132e-03	4.966973e-03	-7.921684e-03
1.805000e+01	-1.782383e-03	2.269822e-03	-1.832340e-03	5.034745e-03	-7.200214e-03
1.810000e+01	-1.285728e-03	2.275210e-03	-1.298099e-03	5.728034e-03	-8.162621e-03
1.815000e+01	-7.450904e-04	2.282156e-03	-7.199443e-04	5.633999e-03	-8.224013e-03
1.820000e+01	-1.931360e-04	2.287396e-03	2.624556e-05	5.232875e-03	-8.529786e-03
1.825000e+01	3.487845e-04	2.287038e-03	5.018920e-04	5.391199e-03	-7.923495e-03
1.830000e+01	8.627841e-04	2.264753e-03	1.016113e-03	5.944129e-03	-6.206280e-03
1.835000e+01	1.325905e-03	2.201541e-03	1.448106e-03	6.283662e-03	-5.630930e-03
1.840000e+01	1.706717e-03	2.111600e-03	1.900327e-03	7.385015e-03	-5.890839e-03
1.845000e+01	1.969849e-03	2.062189e-03	2.134607e-03	7.543017e-03	-5.264973e-03
1.850000e+01	2.086830e-03	2.122819e-03	2.017825e-03	8.652804e-03	-4.000152e-03
1.855000e+01	2.048013e-03	2.273264e-03	1.977946e-03	9.023254e-03	-4.783543e-03
1.860000e+01	1.869359e-03	2.409788e-03	1.695919e-03	8.969926e-03	-5.523598e-03
1.865000e+01	1.589963e-03	2.441744e-03	1.254860e-03	8.043535e-03	-5.289650e-03
1.870000e+01	1.260447e-03	2.354839e-03	1.093707e-03	7.490018e-03	-5.823082e-03
1.875000e+01	9.266624e-04	2.213102e-03	9.607601e-04	6.184636e-03	-5.735366e-03
1.880000e+01	6.155202e-04	2.111443e-03	6.865029e-04	6.051175e-03	-4.667052e-03
1.885000e+01	3.290634e-04	2.098895e-03	4.502710e-04	5.470947e-03	-5.497370e-03
1.890000e+01	4.934852e-05	2.144731e-03	9.825586e-05	5.878712e-03	-6.605257e-03
1.895000e+01	-2.480071e-04	2.187626e-03	-2.612738e-04	5.877850e-03	-6.776543e-03
1.900000e+01	-5.775640e-04	2.189064e-03	-6.003482e-04	5.022491e-03	-6.285864e-03
1.905000e+01	-9.334884e-04	2.143775e-03	-1.026137e-03	4.921715e-03	-5.980447e-03
1.910000e+01	-1.285244e-03	2.058100e-03	-1.412534e-03	4.866379e-03	-6.429192e-03
1.915000e+01	-1.585018e-03	1.950927e-03	-1.688074e-03	4.202111e-03	-6.521232e-03
1.920000e+01	-1.783901e-03	1.847095e-03	-1.900080e-03	3.467753e-03	-7.665363e-03
1.925000e+01	-1.848210e-03	1.769337e-03	-2.000955e-03	3.098706e-03	-8.693564e-03
1.930000e+01	-1.769862e-03	1.731909e-03	-1.832406e-03	3.312755e-03	-8.749852e-03
1.935000e+01	-1.566848e-03	1.745454e-03	-1.570258e-03	3.296947e-03	-7.758513e-03
1.940000e+01	-1.274321e-03	1.818206e-03	-1.320548e-03	3.928310e-03	-6.208449e-03
1.945000e+01	-9.307835e-04	1.936711e-03	-1.056228e-03	4.779674e-03	-5.530865e-03
1.950000e+01	-5.657141e-04	2.052484e-03	-6.190462e-04	5.150260e-03	-6.046069e-03
1.955000e+01	-1.938836e-04	2.104279e-03	-2.595649e-04	5.301976e-03	-6.149716e-03
1.960000e+01	1.817555e-04	2.056886e-03	4.624986e-06	5.175860e-03	-5.378422e-03
1.965000e+01	5.608074e-04	1.924512e-03	3.669262e-04	5.130707e-03	-4.616886e-03
1.970000e+01	9.348834e-04	1.764543e-03	8.917803e-04	5.559906e-03	-3.877513e-03
1.975000e+01	1.281299e-03	1.640559e-03	1.239025e-03	5.542833e-03	-4.133710e-03
1.980000e+01	1.564436e-03	1.577596e-03	1.601647e-03	5.772645e-03	-3.628252e-03
1.985000e+01	1.744557e-03	1.559766e-03	1.809280e-03	6.783302e-03	-3.566673e-03
1.990000e+01	1.790415e-03	1.570694e-03	1.894181e-03	6.542008e-03	-3.156362e-03
1.995000e+01	1.690279e-03	1.612410e-03	1.792549e-03	6.119745e-03	-3.220960e-03
2.000000e+01	1.456747e-03	1.684456e-03	1.648317e-03	5.966672e-03	-3.534697e-03
