# 		k		<chi>		std
0.00000e+00 -1.35204e-02 2.99459e-01
5.00000e-02 -2.05962e-02 2.90084e-01
1.00000e-01 -2.92000e-02 2.81122e-01
1.50000e-01 -5.52167e-02 2.53655e-01
2.00000e-01 -8.15945e-02 2.25337e-01
2.50000e-01 -1.25695e-01 1.77120e-01
3.00000e-01 -1.70014e-01 1.28531e-01
3.50000e-01 -2.30592e-01 6.90502e-02
4.00000e-01 -2.89559e-01 6.34610e-02
4.50000e-01 -3.59679e-01 1.36550e-01
5.00000e-01 -4.23545e-01 2.20820e-01
5.50000e-01 -4.88802e-01 3.13557e-01
6.00000e-01 -5.40272e-01 3.93867e-01
6.50000e-01 -5.79702e-01 4.63514e-01
7.00000e-01 -5.97075e-01 5.08674e-01
7.50000e-01 -5.89600e-01 5.26339e-01
8.00000e-01 -5.55971e-01 5.12643e-01
8.50000e-01 -4.92645e-01 4.64025e-01
9.00000e-01 -4.09287e-01 3.88650e-01
9.50000e-01 -3.05859e-01 2.86924e-01
1.00000e+00 -2.00889e-01 1.77332e-01
1.05000e+00 -9.92145e-02 7.04922e-02
1.10000e+00 -2.00467e-02 5.85970e-02
1.15000e+00 3.08731e-02 1.25542e-01
1.20000e+00 4.51274e-02 1.66859e-01
1.25000e+00 2.31840e-02 1.74887e-01
1.30000e+00 -2.59112e-02 1.52491e-01
1.35000e+00 -9.22992e-02 1.07209e-01
1.40000e+00 -1.55209e-01 5.57376e-02
1.45000e+00 -2.01570e-01 2.55618e-02
1.50000e+00 -2.15336e-01 4.43775e-02
1.55000e+00 -1.91822e-01 5.37959e-02
1.60000e+00 -1.33688e-01 4.15627e-02
1.65000e+00 -4.97466e-02 2.29184e-02
1.70000e+00 4.08265e-02 4.72294e-02
1.75000e+00 1.24341e-01 8.47805e-02
1.80000e+00 1.82137e-01 1.09213e-01
1.85000e+00 2.10209e-01 1.14572e-01
1.90000e+00 2.04921e-01 9.81069e-02
1.95000e+00 1.76138e-01 6.59160e-02
2.00000e+00 1.33229e-01 2.76786e-02
2.05000e+00 8.85183e-02 1.91210e-02
2.10000e+00 5.26321e-02 4.30084e-02
2.15000e+00 3.12041e-02 5.26440e-02
2.20000e+00 2.28151e-02 4.80962e-02
2.25000e+00 1.97069e-02 3.84255e-02
2.30000e+00 1.67388e-02 2.76778e-02
2.35000e+00 1.07238e-02 1.93194e-02
2.40000e+00 1.45645e-03 1.46113e-02
2.45000e+00 -5.22427e-03 1.07879e-02
2.50000e+00 -1.09524e-02 8.23374e-03
2.55000e+00 -1.48189e-02 6.55464e-03
2.60000e+00 -1.61753e-02 5.29352e-03
2.65000e+00 -1.68310e-02 4.51119e-03
2.70000e+00 -1.57222e-02 4.10387e-03
2.75000e+00 -1.32405e-02 3.99957e-03
2.80000e+00 -1.00104e-02 4.03102e-03
2.85000e+00 -7.48476e-03 4.15059e-03
2.90000e+00 -4.74648e-03 3.84409e-03
2.95000e+00 -2.27167e-03 3.13433e-03
3.00000e+00 -4.06997e-04 2.35329e-03
3.05000e+00 9.58057e-04 2.71138e-03
3.10000e+00 1.44895e-03 4.09068e-03
3.15000e+00 1.02923e-03 5.29273e-03
3.20000e+00 -1.52526e-04 5.77249e-03
3.25000e+00 -2.01443e-03 5.26115e-03
3.30000e+00 -3.80255e-03 3.98608e-03
3.35000e+00 -5.02751e-03 3.39514e-03
3.40000e+00 -5.32912e-03 4.67201e-03
3.45000e+00 -4.31907e-03 6.51292e-03
3.50000e+00 -2.01703e-03 7.38281e-03
3.55000e+00 1.18769e-03 6.72208e-03
3.60000e+00 4.72575e-03 4.70095e-03
3.65000e+00 8.32809e-03 3.22575e-03
3.70000e+00 1.09317e-02 5.74631e-03
3.75000e+00 1.20028e-02 9.33311e-03
3.80000e+00 1.12454e-02 1.18581e-02
3.85000e+00 8.73033e-03 1.25741e-02
3.90000e+00 4.40366e-03 1.09228e-02
3.95000e+00 -1.17690e-03 7.17489e-03
4.00000e+00 -7.21073e-03 2.77742e-03
4.05000e+00 -1.30361e-02 5.01115e-03
4.10000e+00 -1.76512e-02 9.77822e-03
4.15000e+00 -2.02329e-02 1.28775e-02
4.20000e+00 -2.02992e-02 1.33698e-02
4.25000e+00 -1.83250e-02 1.13360e-02
4.30000e+00 -1.42201e-02 7.04151e-03
4.35000e+00 -8.69808e-03 2.57426e-03
4.40000e+00 -2.65950e-03 5.93133e-03
4.45000e+00 2.84730e-03 1.06570e-02
4.50000e+00 7.65120e-03 1.36804e-02
4.55000e+00 1.16029e-02 1.44575e-02
4.60000e+00 1.48903e-02 1.31412e-02
4.65000e+00 1.78782e-02 1.04520e-02
4.70000e+00 2.08754e-02 7.22815e-03
4.75000e+00 2.37848e-02 4.56633e-03
4.80000e+00 2.60913e-02 3.77371e-03
4.85000e+00 2.70407e-02 4.78877e-03
4.90000e+00 2.57371e-02 6.31489e-03
4.95000e+00 2.16293e-02 7.94056e-03
5.00000e+00 1.47997e-02 9.57236e-03
5.05000e+00 6.10790e-03 1.09779e-02
5.10000e+00 -3.02123e-03 1.17034e-02
5.15000e+00 -1.09345e-02 1.13015e-02
5.20000e+00 -1.62718e-02 9.63171e-03
5.25000e+00 -1.84403e-02 7.36651e-03
5.30000e+00 -1.77933e-02 6.64052e-03
5.35000e+00 -1.56031e-02 8.71109e-03
5.40000e+00 -1.36176e-02 1.12118e-02
5.45000e+00 -1.33221e-02 1.22148e-02
5.50000e+00 -1.56600e-02 1.11524e-02
5.55000e+00 -2.04174e-02 8.62187e-03
5.60000e+00 -2.63037e-02 6.86113e-03
5.65000e+00 -3.12137e-02 8.30127e-03
5.70000e+00 -3.32588e-02 1.10309e-02
5.75000e+00 -3.10685e-02 1.27871e-02
5.80000e+00 -2.43541e-02 1.29718e-02
5.85000e+00 -1.39099e-02 1.18765e-02
5.90000e+00 -1.64754e-03 1.02759e-02
5.95000e+00 1.03460e-02 8.82831e-03
6.00000e+00 2.03042e-02 7.79440e-03
6.05000e+00 2.71855e-02 7.16658e-03
6.10000e+00 3.08609e-02 7.23768e-03
6.15000e+00 3.20189e-02 8.43159e-03
6.20000e+00 3.16672e-02 1.07706e-02
6.25000e+00 3.06739e-02 1.36820e-02
6.30000e+00 2.94529e-02 1.62919e-02
6.35000e+00 2.78964e-02 1.77003e-02
6.40000e+00 2.55451e-02 1.72677e-02
6.45000e+00 2.18925e-02 1.49138e-02
6.50000e+00 1.66717e-02 1.13717e-02
6.55000e+00 9.89276e-03 8.45920e-03
6.60000e+00 2.14294e-03 8.49401e-03
6.65000e+00 -5.90828e-03 1.05187e-02
6.70000e+00 -1.36347e-02 1.22683e-02
6.75000e+00 -2.05994e-02 1.30166e-02
6.80000e+00 -2.65558e-02 1.29646e-02
6.85000e+00 -3.13219e-02 1.27126e-02
6.90000e+00 -3.46168e-02 1.30034e-02
6.95000e+00 -3.59755e-02 1.42105e-02
7.00000e+00 -3.48242e-02 1.57701e-02
7.05000e+00 -3.05985e-02 1.64420e-02
7.10000e+00 -2.34427e-02 1.52797e-02
7.15000e+00 -1.40232e-02 1.22376e-02
7.20000e+00 -3.64803e-03 9.02520e-03
7.25000e+00 5.99267e-03 9.33816e-03
7.30000e+00 1.32909e-02 1.26448e-02
7.35000e+00 1.72298e-02 1.51212e-02
7.40000e+00 1.77378e-02 1.51329e-02
7.45000e+00 1.57291e-02 1.28454e-02
7.50000e+00 1.27905e-02 9.81118e-03
7.55000e+00 1.05767e-02 8.39257e-03
7.60000e+00 1.03287e-02 9.04667e-03
7.65000e+00 1.22589e-02 9.63468e-03
7.70000e+00 1.55801e-02 9.07401e-03
7.75000e+00 1.88443e-02 7.88426e-03
7.80000e+00 2.05355e-02 7.40593e-03
7.85000e+00 1.96764e-02 8.30467e-03
7.90000e+00 1.62032e-02 9.83919e-03
7.95000e+00 1.09550e-02 1.12847e-02
8.00000e+00 5.28435e-03 1.25463e-02
8.05000e+00 4.18218e-04 1.38362e-02
8.10000e+00 -2.98398e-03 1.53101e-02
8.15000e+00 -5.20422e-03 1.64156e-02
8.20000e+00 -7.24885e-03 1.60715e-02
8.25000e+00 -1.03241e-02 1.34948e-02
8.30000e+00 -1.51768e-02 9.96031e-03
8.35000e+00 -2.15881e-02 1.18465e-02
8.40000e+00 -2.82556e-02 2.00222e-02
8.45000e+00 -3.31465e-02 2.84894e-02
8.50000e+00 -3.42091e-02 3.37336e-02
8.55000e+00 -3.00940e-02 3.38691e-02
8.60000e+00 -2.09648e-02 2.87478e-02
8.65000e+00 -8.41550e-03 1.99232e-02
8.70000e+00 4.93200e-03 1.12003e-02
8.75000e+00 1.62522e-02 1.05862e-02
8.80000e+00 2.34181e-02 1.58864e-02
8.85000e+00 2.56452e-02 1.94083e-02
8.90000e+00 2.36410e-02 1.99854e-02
8.95000e+00 1.92163e-02 1.85816e-02
9.00000e+00 1.45230e-02 1.66200e-02
9.05000e+00 1.12476e-02 1.50506e-02
9.10000e+00 9.97511e-03 1.39734e-02
9.15000e+00 1.01129e-02 1.29919e-02
9.20000e+00 1.02804e-02 1.16272e-02
9.25000e+00 9.01623e-03 9.64641e-03
9.30000e+00 5.49330e-03 7.76673e-03
9.35000e+00 -5.47916e-05 8.00737e-03
9.40000e+00 -6.37131e-03 1.03217e-02
9.45000e+00 -1.16577e-02 1.21432e-02
9.50000e+00 -1.42977e-02 1.19036e-02
9.55000e+00 -1.35426e-02 9.79742e-03
9.60000e+00 -9.78856e-03 8.25204e-03
9.65000e+00 -4.53978e-03 9.80953e-03
9.70000e+00 1.75577e-04 1.19785e-02
9.75000e+00 2.56228e-03 1.18883e-02
9.80000e+00 1.72377e-03 9.39074e-03
9.85000e+00 -2.01760e-03 8.65050e-03
9.90000e+00 -7.25965e-03 1.36895e-02
9.95000e+00 -1.20526e-02 1.98278e-02
1.00000e+01 -1.46102e-02 2.34126e-02
1.00500e+01 -1.39072e-02 2.29944e-02
1.01000e+01 -1.00468e-02 1.87483e-02
1.01500e+01 -4.09975e-03 1.23200e-02
1.02000e+01 2.33721e-03 7.48433e-03
1.02500e+01 7.73505e-03 9.18424e-03
1.03000e+01 1.11319e-02 1.28753e-02
1.03500e+01 1.23592e-02 1.48970e-02
1.04000e+01 1.19414e-02 1.50196e-02
1.04500e+01 1.07477e-02 1.39927e-02
1.05000e+01 9.56745e-03 1.27448e-02
1.05500e+01 8.78986e-03 1.19619e-02
1.06000e+01 8.30812e-03 1.18216e-02
1.06500e+01 7.66025e-03 1.19377e-02
1.07000e+01 6.31843e-03 1.16483e-02
1.07500e+01 3.98382e-03 1.04647e-02
1.08000e+01 7.55787e-04 8.44754e-03
1.08500e+01 -2.88872e-03 6.58290e-03
1.09000e+01 -6.28085e-03 6.68513e-03
1.09500e+01 -8.81544e-03 8.68108e-03
1.10000e+01 -1.01591e-02 1.07946e-02
1.10500e+01 -1.03379e-02 1.21256e-02
1.11000e+01 -9.61938e-03 1.24797e-02
1.11500e+01 -8.38240e-03 1.20834e-02
1.12000e+01 -6.91193e-03 1.12936e-02
1.12500e+01 -5.29924e-03 1.04004e-02
1.13000e+01 -3.47306e-03 9.53482e-03
1.13500e+01 -1.33631e-03 8.70287e-03
1.14000e+01 1.07165e-03 7.88530e-03
1.14500e+01 3.48158e-03 7.11321e-03
1.15000e+01 5.43090e-03 6.48667e-03
1.15500e+01 6.42711e-03 6.14654e-03
1.16000e+01 6.16919e-03 6.19865e-03
1.16500e+01 4.72306e-03 6.60919e-03
1.17000e+01 2.56013e-03 7.18387e-03
1.17500e+01 4.24411e-04 7.68451e-03
1.18000e+01 -9.30227e-04 7.97741e-03
1.18500e+01 -1.02998e-03 8.10295e-03
1.19000e+01 1.23119e-04 8.19760e-03
1.19500e+01 2.03667e-03 8.29717e-03
1.20000e+01 3.90880e-03 8.23907e-03
1.20500e+01 4.93825e-03 7.81904e-03
1.21000e+01 4.63906e-03 6.99801e-03
1.21500e+01 3.01951e-03 6.01416e-03
1.22000e+01 5.84651e-04 5.26722e-03
1.22500e+01 -1.86715e-03 5.01531e-03
1.23000e+01 -3.56402e-03 5.16041e-03
1.23500e+01 -4.06548e-03 5.44900e-03
1.24000e+01 -3.42753e-03 5.70568e-03
1.24500e+01 -2.16134e-03 5.95237e-03
1.25000e+01 -1.00412e-03 6.60584e-03
1.25500e+01 -5.98957e-04 8.25477e-03
1.26000e+01 -1.21676e-03 1.07915e-02
1.26500e+01 -2.63575e-03 1.33338e-02
1.27000e+01 -4.22760e-03 1.48359e-02
1.27500e+01 -5.21384e-03 1.45329e-02
1.28000e+01 -4.98664e-03 1.22288e-02
1.28500e+01 -3.36256e-03 8.54339e-03
1.29000e+01 -6.67209e-04 5.58507e-03
1.29500e+01 2.38101e-03 6.70900e-03
1.30000e+01 4.93782e-03 9.58596e-03
1.30500e+01 6.36334e-03 1.14212e-02
1.31000e+01 6.38478e-03 1.16131e-02
1.31500e+01 5.20591e-03 1.04860e-02
1.32000e+01 3.37531e-03 8.77502e-03
1.32500e+01 1.54430e-03 7.24757e-03
1.33000e+01 2.09834e-04 6.34072e-03
1.33500e+01 -4.51753e-04 5.99840e-03
1.34000e+01 -5.98722e-04 5.89287e-03
1.34500e+01 -5.92316e-04 5.70387e-03
1.35000e+01 -7.87790e-04 5.25479e-03
1.35500e+01 -1.34578e-03 4.65811e-03
1.36000e+01 -2.14772e-03 4.36784e-03
1.36500e+01 -2.84987e-03 4.70965e-03
1.37000e+01 -3.04843e-03 5.34069e-03
1.37500e+01 -2.48006e-03 5.76597e-03
1.38000e+01 -1.16823e-03 5.84338e-03
1.38500e+01 5.50397e-04 5.72559e-03
1.39000e+01 2.13361e-03 5.57600e-03
1.39500e+01 3.03341e-03 5.39969e-03
1.40000e+01 2.90779e-03 5.22836e-03
1.40500e+01 1.76138e-03 5.35590e-03
1.41000e+01 -6.90266e-05 5.97125e-03
1.41500e+01 -1.98524e-03 6.73594e-03
1.42000e+01 -3.36417e-03 7.04874e-03
1.42500e+01 -3.77709e-03 6.54543e-03
1.43000e+01 -3.12934e-03 5.33229e-03
1.43500e+01 -1.67153e-03 4.13379e-03
1.44000e+01 1.14255e-04 4.11960e-03
1.44500e+01 1.70099e-03 5.20565e-03
1.45000e+01 2.69981e-03 6.29754e-03
1.45500e+01 2.97050e-03 6.88931e-03
1.46000e+01 2.62539e-03 6.97445e-03
1.46500e+01 1.93823e-03 6.75323e-03
1.47000e+01 1.20657e-03 6.43064e-03
1.47500e+01 6.30068e-04 6.09102e-03
1.48000e+01 2.53271e-04 5.67704e-03
1.48500e+01 -1.12540e-05 5.06746e-03
1.49000e+01 -3.00490e-04 4.22092e-03
1.49500e+01 -7.04456e-04 3.39306e-03
1.50000e+01 -1.20317e-03 3.30883e-03
1.50500e+01 -1.66874e-03 4.28081e-03
1.51000e+01 -1.91920e-03 5.57249e-03
1.51500e+01 -1.80385e-03 6.53395e-03
1.52000e+01 -1.28419e-03 6.88156e-03
1.52500e+01 -4.64420e-04 6.61437e-03
1.53000e+01 4.40171e-04 5.93918e-03
1.53500e+01 1.18231e-03 5.16445e-03
1.54000e+01 1.57399e-03 4.55380e-03
1.54500e+01 1.55070e-03 4.19328e-03
1.55000e+01 1.18304e-03 4.00104e-03
1.55500e+01 6.34623e-04 3.87694e-03
1.56000e+01 8.85875e-05 3.80389e-03
1.56500e+01 -3.23082e-04 3.83044e-03
1.57000e+01 -5.57193e-04 3.98935e-03
1.57500e+01 -6.51371e-04 4.23237e-03
1.58000e+01 -6.79935e-04 4.44943e-03
1.58500e+01 -6.99339e-04 4.54263e-03
1.59000e+01 -7.11992e-04 4.47798e-03
1.59500e+01 -6.66450e-04 4.28424e-03
1.60000e+01 -4.92785e-04 4.01479e-03
1.60500e+01 -1.56517e-04 3.72245e-03
1.61000e+01 3.04610e-04 3.42622e-03
1.61500e+01 7.81111e-04 3.16567e-03
1.62000e+01 1.11979e-03 2.96854e-03
1.62500e+01 1.18483e-03 2.81268e-03
1.63000e+01 9.20494e-04 2.64938e-03
1.63500e+01 3.86335e-04 2.49141e-03
1.64000e+01 -2.53756e-04 2.46055e-03
1.64500e+01 -7.87318e-04 2.68046e-03
1.65000e+01 -1.03279e-03 3.10684e-03
1.65500e+01 -9.10332e-04 3.57699e-03
1.66000e+01 -4.74145e-04 3.95491e-03
1.66500e+01 1.07752e-04 4.17815e-03
1.67000e+01 6.18752e-04 4.24779e-03
1.67500e+01 8.77349e-04 4.20598e-03
1.68000e+01 8.05273e-04 4.10184e-03
1.68500e+01 4.52789e-04 3.94864e-03
1.69000e+01 -2.79091e-05 3.71169e-03
1.69500e+01 -4.48623e-04 3.37057e-03
1.70000e+01 -6.61882e-04 3.03935e-03
1.70500e+01 -6.26876e-04 3.01827e-03
1.71000e+01 -3.80884e-04 3.49618e-03
1.71500e+01 -5.44814e-05 4.23609e-03
1.72000e+01 2.03573e-04 4.86440e-03
1.72500e+01 2.91057e-04 5.13858e-03
1.73000e+01 1.92348e-04 4.98519e-03
1.73500e+01 -2.19803e-05 4.47469e-03
1.74000e+01 -2.33576e-04 3.77406e-03
1.74500e+01 -3.33806e-04 3.08810e-03
1.75000e+01 -2.73806e-04 2.59714e-03
1.75500e+01 -8.48972e-05 2.38738e-03
1.76000e+01 1.38883e-04 2.41320e-03
1.76500e+01 2.87200e-04 2.56480e-03
1.77000e+01 2.87051e-04 2.75527e-03
1.77500e+01 1.39014e-04 2.93300e-03
1.78000e+01 -8.04274e-05 3.06008e-03
1.78500e+01 -2.51744e-04 3.10231e-03
1.79000e+01 -2.66064e-04 3.04175e-03
1.79500e+01 -7.61614e-05 2.89770e-03
1.80000e+01 2.77629e-04 2.72902e-03
1.80500e+01 6.82227e-04 2.60611e-03
1.81000e+01 9.84053e-04 2.53678e-03
1.81500e+01 1.05388e-03 2.48705e-03
1.82000e+01 8.36046e-04 2.42344e-03
1.82500e+01 3.70437e-04 2.35149e-03
1.83000e+01 -2.21978e-04 2.30739e-03
1.83500e+01 -7.83158e-04 2.32829e-03
1.84000e+01 -1.17320e-03 2.43679e-03
1.84500e+01 -1.31486e-03 2.63529e-03
1.85000e+01 -1.21119e-03 2.89144e-03
1.85500e+01 -9.32044e-04 3.13553e-03
1.86000e+01 -5.78138e-04 3.28985e-03
1.86500e+01 -2.39553e-04 3.30808e-03
1.87000e+01 3.35759e-05 3.19450e-03
1.87500e+01 2.37627e-04 2.99331e-03
1.88000e+01 3.99603e-04 2.75781e-03
1.88500e+01 5.49100e-04 2.52375e-03
1.89000e+01 6.93127e-04 2.30770e-03
1.89500e+01 8.06367e-04 2.12616e-03
1.90000e+01 8.41419e-04 2.01232e-03
1.90500e+01 7.55724e-04 2.01646e-03
1.91000e+01 5.31869e-04 2.16908e-03
1.91500e+01 2.01529e-04 2.44385e-03
1.92000e+01 -1.59855e-04 2.74951e-03
1.92500e+01 -4.56124e-04 2.97045e-03
1.93000e+01 -6.04343e-04 3.01623e-03
1.93500e+01 -5.65722e-04 2.85829e-03
1.94000e+01 -3.60757e-04 2.54643e-03
1.94500e+01 -6.23868e-05 2.19771e-03
1.95000e+01 2.29931e-04 1.94516e-03
1.95500e+01 4.24723e-04 1.84747e-03
1.96000e+01 4.68077e-04 1.85479e-03
1.96500e+01 3.57489e-04 1.89808e-03
1.97000e+01 1.36152e-04 1.96143e-03
1.97500e+01 -1.28057e-04 2.06373e-03
1.98000e+01 -3.68944e-04 2.21240e-03
1.98500e+01 -5.42677e-04 2.38388e-03
1.99000e+01 -6.35423e-04 2.53365e-03
1.99500e+01 -6.57047e-04 2.61457e-03
2.00000e+01 -6.26234e-04 2.59446e-03
