# k	<chi>	std	chi_median	chi_max	chi_min
0.000000e+00	2.105426e-02	2.715595e-01	0.000000e+00	1.017698e+00	-8.874848e-01
5.000000e-02	3.313603e-02	3.837437e-01	-1.001439e-01	1.013190e+00	-8.929146e-01
1.000000e-01	1.922190e-02	3.788812e-01	-1.146744e-01	1.008008e+00	-8.982545e-01
1.500000e-01	-2.319285e-02	3.639167e-01	-1.587102e-01	9.881637e-01	-9.136255e-01
2.000000e-01	-6.673988e-02	3.483954e-01	-2.030104e-01	9.625871e-01	-9.280734e-01
2.500000e-01	-1.402303e-01	3.217518e-01	-2.744920e-01	9.079987e-01	-9.495188e-01
3.000000e-01	-2.150746e-01	2.941737e-01	-3.418132e-01	8.397094e-01	-9.764816e-01
3.500000e-01	-3.176298e-01	2.555351e-01	-4.315419e-01	7.262024e-01	-1.010832e+00
4.000000e-01	-4.182215e-01	2.169752e-01	-5.080919e-01	5.929521e-01	-1.038358e+00
4.500000e-01	-5.366404e-01	1.712261e-01	-5.934421e-01	4.056423e-01	-1.064077e+00
5.000000e-01	-6.440610e-01	1.322274e-01	-6.744089e-01	2.017429e-01	-1.076196e+00
5.500000e-01	-7.506948e-01	1.051293e-01	-7.620176e-01	0.000000e+00	-1.070561e+00
6.000000e-01	-8.321893e-01	1.093090e-01	-8.273454e-01	0.000000e+00	-1.106718e+00
6.500000e-01	-8.889977e-01	1.409667e-01	-8.537157e-01	0.000000e+00	-1.171749e+00
7.000000e-01	-9.065678e-01	1.801603e-01	-8.629554e-01	0.000000e+00	-1.224732e+00
7.500000e-01	-8.794024e-01	2.191389e-01	-7.825805e-01	0.000000e+00	-1.233142e+00
8.000000e-01	-8.082328e-01	2.486044e-01	-6.758982e-01	0.000000e+00	-1.209726e+00
8.500000e-01	-6.882543e-01	2.672335e-01	-5.387060e-01	0.000000e+00	-1.137512e+00
9.000000e-01	-5.376072e-01	2.721018e-01	-3.831493e-01	0.000000e+00	-1.090570e+00
9.500000e-01	-3.579561e-01	2.627699e-01	-2.224305e-01	1.860589e-02	-9.699113e-01
1.000000e+00	-1.793522e-01	2.416855e-01	-7.921699e-02	1.710331e-01	-7.921772e-01
1.050000e+00	-9.623033e-03	2.099389e-01	2.288237e-02	3.112838e-01	-5.738728e-01
1.100000e+00	1.225797e-01	1.738139e-01	1.389819e-01	3.963603e-01	-3.558114e-01
1.150000e+00	2.103866e-01	1.359354e-01	2.141326e-01	4.231368e-01	-1.573809e-01
1.200000e+00	2.416419e-01	1.027219e-01	2.398557e-01	4.101888e-01	-2.648384e-02
1.250000e+00	2.191802e-01	7.652176e-02	2.278955e-01	3.553812e-01	0.000000e+00
1.300000e+00	1.539237e-01	5.931034e-02	1.671580e-01	2.857825e-01	0.000000e+00
1.350000e+00	6.011102e-02	4.958582e-02	6.393261e-02	2.223287e-01	-6.538359e-02
1.400000e+00	-3.670637e-02	4.327339e-02	-3.723289e-02	1.458700e-01	-1.351156e-01
1.450000e+00	-1.198923e-01	3.691354e-02	-1.234618e-01	6.541199e-02	-1.968643e-01
1.500000e+00	-1.683653e-01	2.881761e-02	-1.721330e-01	0.000000e+00	-2.375781e-01
1.550000e+00	-1.761990e-01	2.536123e-02	-1.787555e-01	0.000000e+00	-2.342907e-01
1.600000e+00	-1.421927e-01	3.848184e-02	-1.514502e-01	0.000000e+00	-2.212307e-01
1.650000e+00	-7.601705e-02	6.280103e-02	-8.063486e-02	5.957498e-02	-1.818096e-01
1.700000e+00	5.113969e-03	8.593998e-02	0.000000e+00	1.381429e-01	-1.264739e-01
1.750000e+00	8.554779e-02	1.024277e-01	4.744632e-02	2.275433e-01	-6.697086e-02
1.800000e+00	1.464074e-01	1.050142e-01	9.562553e-02	2.911358e-01	-4.231887e-03
1.850000e+00	1.814823e-01	9.299059e-02	1.372777e-01	3.193816e-01	0.000000e+00
1.900000e+00	1.855583e-01	6.713537e-02	1.645210e-01	3.115648e-01	0.000000e+00
1.950000e+00	1.670953e-01	3.329912e-02	1.598909e-01	2.592945e-01	0.000000e+00
2.000000e+00	1.334631e-01	1.339347e-02	1.345869e-01	1.876973e-01	0.000000e+00
2.050000e+00	9.809412e-02	3.897857e-02	1.036130e-01	1.762440e-01	0.000000e+00
2.100000e+00	6.768922e-02	5.514403e-02	8.111917e-02	1.515510e-01	-6.010792e-03
2.150000e+00	4.719173e-02	5.511942e-02	6.112360e-02	1.273474e-01	-2.911061e-02
2.200000e+00	3.603960e-02	4.247492e-02	4.922186e-02	9.940942e-02	-2.748026e-02
2.250000e+00	2.555884e-02	2.304405e-02	3.253695e-02	6.381014e-02	-1.689475e-02
2.300000e+00	1.575646e-02	7.904763e-03	1.715219e-02	3.265493e-02	-1.224403e-02
2.350000e+00	5.644187e-03	6.387026e-03	4.620876e-03	2.740987e-02	-1.586793e-02
2.400000e+00	-4.494573e-03	6.430614e-03	-5.568259e-03	1.497976e-02	-2.882595e-02
2.450000e+00	-1.048338e-02	4.970888e-03	-1.108548e-02	5.481050e-03	-3.613237e-02
2.500000e+00	-1.466998e-02	4.404182e-03	-1.418280e-02	0.000000e+00	-4.191500e-02
2.550000e+00	-1.676410e-02	6.967913e-03	-1.456621e-02	0.000000e+00	-4.512200e-02
2.600000e+00	-1.666153e-02	9.607523e-03	-1.430839e-02	0.000000e+00	-4.447792e-02
2.650000e+00	-1.666434e-02	1.076035e-02	-1.764407e-02	1.789501e-03	-4.372602e-02
2.700000e+00	-1.537322e-02	1.064390e-02	-1.918233e-02	3.317101e-03	-4.051232e-02
2.750000e+00	-1.315305e-02	9.439839e-03	-1.779667e-02	3.891861e-03	-3.558754e-02
2.800000e+00	-1.043856e-02	7.691618e-03	-1.350646e-02	3.992084e-03	-2.959130e-02
2.850000e+00	-8.604088e-03	6.181069e-03	-1.025984e-02	4.640300e-03	-2.560214e-02
2.900000e+00	-6.173517e-03	5.165742e-03	-7.273140e-03	5.697410e-03	-2.036263e-02
2.950000e+00	-3.266233e-03	4.916058e-03	-4.245209e-03	7.433912e-03	-1.645098e-02
3.000000e+00	-5.053392e-05	5.534250e-03	-1.446159e-03	1.045518e-02	-1.359425e-02
3.050000e+00	3.448665e-03	6.255218e-03	2.756700e-03	1.423068e-02	-9.575179e-03
3.100000e+00	6.742871e-03	7.189203e-03	7.679317e-03	1.796265e-02	-8.079219e-03
3.150000e+00	9.188500e-03	7.665243e-03	1.074753e-02	1.999638e-02	-6.117352e-03
3.200000e+00	1.021084e-02	7.118178e-03	1.089466e-02	2.320243e-02	-3.182497e-03
3.250000e+00	9.142844e-03	5.127290e-03	9.707619e-03	2.540635e-02	-1.707208e-03
3.300000e+00	6.390617e-03	2.777488e-03	6.247002e-03	2.508208e-02	-6.255340e-04
3.350000e+00	2.432133e-03	3.143029e-03	2.369884e-03	2.226754e-02	-3.905078e-03
3.400000e+00	-1.974051e-03	5.936978e-03	-4.369433e-04	1.762181e-02	-1.142560e-02
3.450000e+00	-6.137784e-03	8.502765e-03	-2.364456e-03	1.182774e-02	-1.822236e-02
3.500000e+00	-8.650330e-03	9.700788e-03	-4.490383e-03	9.602582e-03	-2.219078e-02
3.550000e+00	-8.925560e-03	9.351638e-03	-5.559043e-03	9.314164e-03	-2.179923e-02
3.600000e+00	-6.892932e-03	7.739453e-03	-4.939426e-03	8.257666e-03	-1.799277e-02
3.650000e+00	-2.841479e-03	5.475116e-03	-2.073579e-03	8.282673e-03	-1.124370e-02
3.700000e+00	2.300897e-03	3.238041e-03	2.153568e-03	8.837007e-03	-4.742135e-03
3.750000e+00	7.273645e-03	2.158984e-03	7.264564e-03	1.339933e-02	0.000000e+00
3.800000e+00	1.081379e-02	2.516585e-03	1.096471e-02	1.839444e-02	0.000000e+00
3.850000e+00	1.204932e-02	3.003078e-03	1.226906e-02	2.225812e-02	0.000000e+00
3.900000e+00	1.034311e-02	3.108971e-03	1.052788e-02	2.104813e-02	-3.646898e-03
3.950000e+00	5.913139e-03	2.811558e-03	6.128465e-03	1.443836e-02	-1.035301e-02
4.000000e+00	-3.172601e-04	2.432231e-03	-2.761799e-04	6.477332e-03	-1.752699e-02
4.050000e+00	-7.441946e-03	3.070792e-03	-7.655192e-03	8.065345e-04	-2.430545e-02
4.100000e+00	-1.368393e-02	5.116248e-03	-1.284523e-02	0.000000e+00	-2.842861e-02
4.150000e+00	-1.778376e-02	7.437621e-03	-1.698922e-02	0.000000e+00	-3.224088e-02
4.200000e+00	-1.899689e-02	8.901718e-03	-1.871628e-02	0.000000e+00	-3.553947e-02
4.250000e+00	-1.740566e-02	9.214268e-03	-1.772123e-02	0.000000e+00	-3.370678e-02
4.300000e+00	-1.326864e-02	7.664805e-03	-1.281064e-02	0.000000e+00	-2.670797e-02
4.350000e+00	-7.695936e-03	4.352834e-03	-7.236474e-03	0.000000e+00	-1.684843e-02
4.400000e+00	-1.877916e-03	2.281831e-03	-1.869157e-03	5.657509e-03	-9.282866e-03
4.450000e+00	3.096925e-03	6.351483e-03	3.397768e-03	1.636152e-02	-1.124389e-02
4.500000e+00	6.659553e-03	1.076272e-02	9.539268e-03	2.562111e-02	-1.367478e-02
4.550000e+00	8.701026e-03	1.410649e-02	1.258295e-02	3.084922e-02	-1.578501e-02
4.600000e+00	9.575134e-03	1.598434e-02	1.538555e-02	3.270309e-02	-1.684702e-02
4.650000e+00	9.886147e-03	1.649423e-02	1.320345e-02	3.280349e-02	-1.641169e-02
4.700000e+00	1.023061e-02	1.609989e-02	9.694695e-03	3.392188e-02	-1.460142e-02
4.750000e+00	1.085410e-02	1.525666e-02	6.029807e-03	3.405985e-02	-1.256102e-02
4.800000e+00	1.159041e-02	1.425848e-02	5.333020e-03	3.295006e-02	-1.012772e-02
4.850000e+00	1.206523e-02	1.305502e-02	6.099135e-03	3.088905e-02	-7.885454e-03
4.900000e+00	1.163794e-02	1.137038e-02	6.090121e-03	2.884621e-02	-7.832741e-03
4.950000e+00	9.911012e-03	8.871888e-03	6.104530e-03	2.730978e-02	-8.239374e-03
5.000000e+00	6.916879e-03	5.760719e-03	4.794185e-03	2.502053e-02	-7.553489e-03
5.050000e+00	3.282739e-03	5.113557e-03	4.016944e-03	2.008729e-02	-1.475220e-02
5.100000e+00	-1.593690e-04	9.739580e-03	3.563889e-03	1.645704e-02	-2.700564e-02
5.150000e+00	-2.446568e-03	1.570021e-02	2.831984e-03	2.168911e-02	-3.619137e-02
5.200000e+00	-2.909962e-03	2.097728e-02	0.000000e+00	2.757080e-02	-3.993699e-02
5.250000e+00	-1.478598e-03	2.452733e-02	1.511960e-03	3.506451e-02	-3.713912e-02
5.300000e+00	1.155646e-03	2.581491e-02	4.677339e-03	4.220657e-02	-3.118903e-02
5.350000e+00	3.774589e-03	2.491424e-02	5.359925e-03	4.646080e-02	-3.159490e-02
5.400000e+00	4.953633e-03	2.236628e-02	3.926237e-03	4.679908e-02	-3.356613e-02
5.450000e+00	3.553444e-03	1.882540e-02	3.830943e-03	4.206266e-02	-3.639349e-02
5.500000e+00	-8.679619e-04	1.504121e-02	-8.327995e-04	3.270198e-02	-3.758010e-02
5.550000e+00	-7.841853e-03	1.144846e-02	-8.446462e-03	2.177869e-02	-3.735054e-02
5.600000e+00	-1.604000e-02	8.349726e-03	-1.689150e-02	8.254744e-03	-3.577972e-02
5.650000e+00	-2.353125e-02	6.093522e-03	-2.333321e-02	0.000000e+00	-4.019929e-02
5.700000e+00	-2.850174e-02	5.161850e-03	-2.699935e-02	0.000000e+00	-4.889877e-02
5.750000e+00	-2.961071e-02	5.278313e-03	-2.879432e-02	0.000000e+00	-5.063647e-02
5.800000e+00	-2.641009e-02	5.830280e-03	-2.669282e-02	0.000000e+00	-4.451263e-02
5.850000e+00	-1.941041e-02	6.825452e-03	-1.973972e-02	0.000000e+00	-3.949349e-02
5.900000e+00	-1.011000e-02	8.565931e-03	-9.784338e-03	8.920539e-03	-3.833864e-02
5.950000e+00	-3.561531e-04	1.099259e-02	1.613100e-03	2.146504e-02	-3.465090e-02
6.000000e+00	8.059906e-03	1.386850e-02	1.129529e-02	3.266580e-02	-2.974957e-02
6.050000e+00	1.385189e-02	1.703865e-02	1.701550e-02	4.053598e-02	-2.490143e-02
6.100000e+00	1.636755e-02	2.055164e-02	1.673027e-02	4.561493e-02	-2.338136e-02
6.150000e+00	1.582865e-02	2.440309e-02	1.094045e-02	5.133278e-02	-2.786483e-02
6.200000e+00	1.305323e-02	2.833404e-02	9.895248e-04	5.676827e-02	-3.273092e-02
6.250000e+00	9.155586e-03	3.172730e-02	-3.879976e-03	5.788711e-02	-3.658429e-02
6.300000e+00	5.235334e-03	3.367819e-02	-8.847105e-03	5.351723e-02	-3.796245e-02
6.350000e+00	2.145546e-03	3.322499e-02	-1.098847e-02	4.802042e-02	-3.802463e-02
6.400000e+00	3.858846e-04	2.967145e-02	-8.695575e-03	4.219335e-02	-3.824162e-02
6.450000e+00	1.144210e-04	2.290913e-02	-1.860101e-03	3.825960e-02	-3.371095e-02
6.500000e+00	1.232811e-03	1.377465e-02	4.478112e-04	3.230491e-02	-2.441417e-02
6.550000e+00	3.508006e-03	6.660426e-03	3.115090e-03	2.961594e-02	-1.285725e-02
6.600000e+00	6.519239e-03	1.348073e-02	7.284361e-03	4.495091e-02	-2.242871e-02
6.650000e+00	9.828399e-03	2.361912e-02	1.184655e-02	5.746420e-02	-3.033121e-02
6.700000e+00	1.295241e-02	3.222748e-02	1.229668e-02	6.734457e-02	-3.474087e-02
6.750000e+00	1.537124e-02	3.851673e-02	1.442362e-02	7.710341e-02	-3.845034e-02
6.800000e+00	1.656342e-02	4.250102e-02	1.552464e-02	8.431343e-02	-3.895430e-02
6.850000e+00	1.608055e-02	4.450793e-02	1.591338e-02	8.874528e-02	-4.091002e-02
6.900000e+00	1.364800e-02	4.484688e-02	1.493865e-02	8.686766e-02	-4.238378e-02
6.950000e+00	9.259959e-03	4.357185e-02	1.331471e-02	8.020325e-02	-5.143912e-02
7.000000e+00	3.231640e-03	4.039552e-02	1.119877e-02	6.806521e-02	-5.690831e-02
7.050000e+00	-3.846434e-03	3.469819e-02	5.352055e-03	5.268738e-02	-5.670934e-02
7.100000e+00	-1.106257e-02	2.630037e-02	-6.861051e-03	3.538790e-02	-5.513476e-02
7.150000e+00	-1.752176e-02	1.576728e-02	-1.756925e-02	1.426424e-02	-4.902695e-02
7.200000e+00	-2.242475e-02	8.503017e-03	-2.244049e-02	2.624249e-04	-4.921313e-02
7.250000e+00	-2.519926e-02	1.677562e-02	-2.351467e-02	1.217238e-02	-6.290449e-02
7.300000e+00	-2.558332e-02	2.832859e-02	-2.189299e-02	2.752924e-02	-7.392811e-02
7.350000e+00	-2.365146e-02	3.717734e-02	-2.260532e-02	4.032115e-02	-8.184289e-02
7.400000e+00	-1.978849e-02	4.173742e-02	-1.947445e-02	5.021345e-02	-8.137526e-02
7.450000e+00	-1.462319e-02	4.190554e-02	-1.531459e-02	5.349113e-02	-7.317390e-02
7.500000e+00	-8.934231e-03	3.876566e-02	-1.213170e-02	5.107064e-02	-6.274350e-02
7.550000e+00	-3.563022e-03	3.408310e-02	-1.035405e-02	4.558307e-02	-5.074745e-02
7.600000e+00	7.775115e-04	2.986072e-02	-8.301955e-03	4.390270e-02	-4.022002e-02
7.650000e+00	3.605004e-03	2.738254e-02	-5.817540e-03	4.478839e-02	-3.508729e-02
7.700000e+00	4.777995e-03	2.681086e-02	-4.325252e-03	4.406593e-02	-3.332025e-02
7.750000e+00	4.556940e-03	2.717859e-02	-4.136656e-03	4.638167e-02	-3.302387e-02
7.800000e+00	3.585443e-03	2.682164e-02	-4.315165e-03	4.952727e-02	-3.568221e-02
7.850000e+00	2.772166e-03	2.404761e-02	-3.438763e-03	4.966011e-02	-3.635270e-02
7.900000e+00	3.079085e-03	1.797925e-02	4.510685e-04	4.649004e-02	-3.143151e-02
7.950000e+00	5.254569e-03	1.056076e-02	5.077718e-03	3.904217e-02	-2.168692e-02
8.000000e+00	9.578367e-03	1.367570e-02	8.626318e-03	4.785024e-02	-2.658074e-02
8.050000e+00	1.565569e-02	2.653379e-02	1.557853e-02	6.913094e-02	-2.623029e-02
8.100000e+00	2.252811e-02	3.969030e-02	1.873475e-02	8.931853e-02	-3.458295e-02
8.150000e+00	2.872246e-02	4.989368e-02	2.610501e-02	1.061225e-01	-4.372502e-02
8.200000e+00	3.263445e-02	5.556474e-02	3.294241e-02	1.115096e-01	-4.803999e-02
8.250000e+00	3.293782e-02	5.623378e-02	3.541345e-02	1.100047e-01	-4.743819e-02
8.300000e+00	2.895053e-02	5.235477e-02	3.125770e-02	1.010383e-01	-4.578454e-02
8.350000e+00	2.084895e-02	4.500650e-02	2.169384e-02	8.981514e-02	-4.732899e-02
8.400000e+00	9.663658e-03	3.555427e-02	8.092265e-03	7.233149e-02	-4.705967e-02
8.450000e+00	-2.945020e-03	2.542132e-02	-6.519342e-03	4.914138e-02	-4.312083e-02
8.500000e+00	-1.506828e-02	1.626837e-02	-1.779195e-02	2.337635e-02	-5.360275e-02
8.550000e+00	-2.500547e-02	1.148592e-02	-2.412852e-02	4.906607e-03	-5.790699e-02
8.600000e+00	-3.147293e-02	1.482585e-02	-3.198499e-02	8.635062e-03	-6.223527e-02
8.650000e+00	-3.405196e-02	2.175850e-02	-3.766542e-02	1.263575e-02	-6.921400e-02
8.700000e+00	-3.309088e-02	2.859634e-02	-3.877642e-02	2.122095e-02	-7.419423e-02
8.750000e+00	-2.949135e-02	3.397454e-02	-3.721645e-02	2.743165e-02	-7.710679e-02
8.800000e+00	-2.439445e-02	3.715616e-02	-3.379327e-02	3.070298e-02	-7.358265e-02
8.850000e+00	-1.887414e-02	3.785769e-02	-2.684666e-02	4.048522e-02	-6.754491e-02
8.900000e+00	-1.372102e-02	3.633086e-02	-1.848746e-02	4.752065e-02	-6.189420e-02
8.950000e+00	-9.351070e-03	3.330222e-02	-1.453016e-02	4.903594e-02	-5.605954e-02
9.000000e+00	-5.827207e-03	2.970370e-02	-1.128696e-02	4.785896e-02	-4.886014e-02
9.050000e+00	-2.916989e-03	2.629229e-02	-7.709400e-03	5.040262e-02	-4.086580e-02
9.100000e+00	-2.758912e-04	2.329944e-02	-5.242880e-03	5.336803e-02	-3.558556e-02
9.150000e+00	2.429309e-03	2.048736e-02	-1.167408e-03	5.194220e-02	-3.094609e-02
9.200000e+00	5.441205e-03	1.731778e-02	5.546981e-03	4.764960e-02	-2.525652e-02
9.250000e+00	8.882234e-03	1.339472e-02	1.178894e-02	3.928720e-02	-2.146926e-02
9.300000e+00	1.274793e-02	9.674270e-03	1.416195e-02	3.437401e-02	-1.616740e-02
9.350000e+00	1.689775e-02	1.092127e-02	1.684766e-02	4.639423e-02	-1.817232e-02
9.400000e+00	2.103653e-02	1.834239e-02	2.190905e-02	5.877460e-02	-3.274061e-02
9.450000e+00	2.470312e-02	2.756734e-02	2.984372e-02	6.902617e-02	-4.342949e-02
9.500000e+00	2.729659e-02	3.597505e-02	3.252518e-02	7.738303e-02	-4.756184e-02
9.550000e+00	2.818318e-02	4.201745e-02	3.390585e-02	8.346175e-02	-4.392652e-02
9.600000e+00	2.677652e-02	4.468775e-02	2.879955e-02	8.591119e-02	-3.598004e-02
9.650000e+00	2.277795e-02	4.373867e-02	2.174786e-02	8.784640e-02	-3.398991e-02
9.700000e+00	1.629644e-02	3.953594e-02	1.821028e-02	8.010165e-02	-3.862089e-02
9.750000e+00	7.913295e-03	3.285451e-02	1.392220e-02	6.393740e-02	-4.357276e-02
9.800000e+00	-1.376733e-03	2.466977e-02	1.730163e-03	4.795983e-02	-4.607076e-02
9.850000e+00	-1.035129e-02	1.612148e-02	-1.100140e-02	2.862480e-02	-4.286882e-02
9.900000e+00	-1.783073e-02	9.203578e-03	-1.786330e-02	8.771245e-03	-4.340964e-02
9.950000e+00	-2.295488e-02	8.842341e-03	-2.293745e-02	2.643886e-03	-4.551922e-02
1.000000e+01	-2.537872e-02	1.395545e-02	-2.609307e-02	1.614630e-03	-5.322724e-02
1.005000e+01	-2.536174e-02	1.935744e-02	-3.051347e-02	1.101807e-02	-5.572005e-02
1.010000e+01	-2.351765e-02	2.372237e-02	-3.195004e-02	1.822375e-02	-5.544328e-02
1.015000e+01	-2.071439e-02	2.691114e-02	-2.741539e-02	2.262478e-02	-5.526971e-02
1.020000e+01	-1.774312e-02	2.897633e-02	-2.311422e-02	2.701594e-02	-5.525344e-02
1.025000e+01	-1.508286e-02	2.990525e-02	-1.901514e-02	3.029257e-02	-5.413780e-02
1.030000e+01	-1.279345e-02	2.960242e-02	-1.671680e-02	3.409367e-02	-5.436006e-02
1.035000e+01	-1.056707e-02	2.799866e-02	-1.373586e-02	3.370457e-02	-5.184830e-02
1.040000e+01	-7.912053e-03	2.515321e-02	-9.275983e-03	3.197985e-02	-4.735160e-02
1.045000e+01	-4.396193e-03	2.126990e-02	-3.201099e-03	3.066826e-02	-4.172042e-02
1.050000e+01	1.414596e-04	1.665593e-02	2.815944e-03	2.885848e-02	-3.470081e-02
1.055000e+01	5.486070e-03	1.176487e-02	8.937806e-03	2.626775e-02	-2.457911e-02
1.060000e+01	1.108291e-02	7.751365e-03	1.224922e-02	3.097740e-02	-1.196739e-02
1.065000e+01	1.619414e-02	7.767956e-03	1.505015e-02	4.513544e-02	-1.564322e-04
1.070000e+01	2.011422e-02	1.205101e-02	1.754558e-02	5.445437e-02	-3.067936e-03
1.075000e+01	2.236416e-02	1.732496e-02	2.204814e-02	5.755560e-02	-8.329516e-03
1.080000e+01	2.279852e-02	2.203554e-02	2.328050e-02	5.705624e-02	-1.302356e-02
1.085000e+01	2.159567e-02	2.540678e-02	2.283732e-02	5.606798e-02	-1.793811e-02
1.090000e+01	1.914775e-02	2.699862e-02	1.982130e-02	5.496705e-02	-2.236107e-02
1.095000e+01	1.590212e-02	2.668949e-02	1.570138e-02	5.444161e-02	-2.500485e-02
1.100000e+01	1.221932e-02	2.467611e-02	1.070487e-02	4.999884e-02	-2.479070e-02
1.105000e+01	8.304849e-03	2.144857e-02	6.322906e-03	4.680644e-02	-2.475748e-02
1.110000e+01	4.186638e-03	1.750200e-02	1.550756e-03	4.143955e-02	-2.675561e-02
1.115000e+01	-1.422180e-04	1.338283e-02	-2.106866e-03	3.223006e-02	-2.624937e-02
1.120000e+01	-4.636616e-03	9.542177e-03	-6.658755e-03	1.998919e-02	-2.382196e-02
1.125000e+01	-9.119589e-03	6.453462e-03	-9.671492e-03	9.581850e-03	-2.458190e-02
1.130000e+01	-1.326818e-02	5.115848e-03	-1.328624e-02	1.253590e-03	-2.823955e-02
1.135000e+01	-1.667242e-02	6.479543e-03	-1.666756e-02	3.135965e-03	-3.501436e-02
1.140000e+01	-1.894354e-02	9.482878e-03	-1.807902e-02	4.808923e-03	-3.858132e-02
1.145000e+01	-1.982774e-02	1.306690e-02	-1.973079e-02	9.130466e-03	-4.213647e-02
1.150000e+01	-1.928015e-02	1.666351e-02	-2.015965e-02	1.427589e-02	-4.565427e-02
1.155000e+01	-1.747107e-02	1.974702e-02	-1.978642e-02	1.810406e-02	-4.553796e-02
1.160000e+01	-1.472382e-02	2.178925e-02	-1.650961e-02	2.016596e-02	-4.491009e-02
1.165000e+01	-1.141055e-02	2.237795e-02	-1.087204e-02	2.373829e-02	-4.643242e-02
1.170000e+01	-7.847278e-03	2.134361e-02	-5.570360e-03	2.564474e-02	-4.517642e-02
1.175000e+01	-4.227734e-03	1.882007e-02	-2.405440e-03	2.481574e-02	-4.047926e-02
1.180000e+01	-6.181784e-04	1.522017e-02	1.410994e-03	2.368372e-02	-3.418594e-02
1.185000e+01	2.989756e-03	1.116902e-02	5.450402e-03	2.294016e-02	-2.672884e-02
1.190000e+01	6.594098e-03	7.538242e-03	7.828834e-03	2.265338e-02	-1.811791e-02
1.195000e+01	1.010313e-02	5.785350e-03	9.911731e-03	2.839993e-02	-7.842491e-03
1.200000e+01	1.329603e-02	6.906858e-03	1.262590e-02	3.452792e-02	-1.834958e-03
1.205000e+01	1.587188e-02	9.380891e-03	1.501156e-02	3.858421e-02	-1.761625e-03
1.210000e+01	1.741656e-02	1.190066e-02	1.640112e-02	4.030297e-02	-3.898273e-03
1.215000e+01	1.763503e-02	1.401370e-02	1.496000e-02	4.169545e-02	-1.053396e-02
1.220000e+01	1.640184e-02	1.550190e-02	1.523961e-02	4.359414e-02	-1.655634e-02
1.225000e+01	1.381150e-02	1.620300e-02	1.401905e-02	4.466284e-02	-2.057583e-02
1.230000e+01	1.017101e-02	1.600762e-02	1.204833e-02	4.119164e-02	-2.194471e-02
1.235000e+01	5.938299e-03	1.490786e-02	7.552204e-03	3.395515e-02	-2.327003e-02
1.240000e+01	1.626171e-03	1.304380e-02	2.861386e-03	2.655384e-02	-2.561510e-02
1.245000e+01	-2.299867e-03	1.071317e-02	-1.757721e-03	1.981006e-02	-2.486191e-02
1.250000e+01	-5.503265e-03	8.328098e-03	-4.853218e-03	1.328296e-02	-2.107717e-02
1.255000e+01	-7.819455e-03	6.324496e-03	-7.457709e-03	7.726813e-03	-2.234459e-02
1.260000e+01	-9.254729e-03	5.041797e-03	-9.114198e-03	6.712104e-03	-2.421476e-02
1.265000e+01	-9.947306e-03	4.619160e-03	-1.009136e-02	6.006410e-03	-2.387215e-02
1.270000e+01	-1.010510e-02	5.024328e-03	-1.066996e-02	6.894880e-03	-2.214463e-02
1.275000e+01	-9.937915e-03	6.154631e-03	-1.066043e-02	1.140935e-02	-2.352329e-02
1.280000e+01	-9.600480e-03	7.813255e-03	-1.062714e-02	1.344500e-02	-2.373082e-02
1.285000e+01	-9.158315e-03	9.695642e-03	-1.022047e-02	1.323784e-02	-2.606982e-02
1.290000e+01	-8.582319e-03	1.144205e-02	-9.351534e-03	1.480500e-02	-2.808723e-02
1.295000e+01	-7.771465e-03	1.269293e-02	-8.946562e-03	1.789231e-02	-2.910944e-02
1.300000e+01	-6.596876e-03	1.314709e-02	-6.819367e-03	1.865932e-02	-3.006560e-02
1.305000e+01	-4.942983e-03	1.264471e-02	-4.654508e-03	1.709619e-02	-3.166765e-02
1.310000e+01	-2.800837e-03	1.119056e-02	-2.054848e-03	1.539733e-02	-3.036772e-02
1.315000e+01	-2.459130e-04	9.027350e-03	7.121563e-04	1.767987e-02	-2.643636e-02
1.320000e+01	2.543191e-03	6.649386e-03	3.496703e-03	1.842156e-02	-1.896056e-02
1.325000e+01	5.305596e-03	4.870511e-03	5.536851e-03	1.748865e-02	-1.037867e-02
1.330000e+01	7.744750e-03	4.593148e-03	7.346681e-03	2.167060e-02	-4.582306e-03
1.335000e+01	9.589847e-03	5.508496e-03	8.953150e-03	2.606329e-02	-4.102849e-03
1.340000e+01	1.065416e-02	6.617504e-03	9.677840e-03	3.039364e-02	-4.603466e-03
1.345000e+01	1.087125e-02	7.491937e-03	9.733525e-03	3.099673e-02	-4.402942e-03
1.350000e+01	1.029646e-02	8.070241e-03	8.586479e-03	3.156144e-02	-5.340253e-03
1.355000e+01	9.073358e-03	8.389266e-03	7.256821e-03	3.009648e-02	-8.110999e-03
1.360000e+01	7.378870e-03	8.484412e-03	6.168300e-03	2.805582e-02	-1.142741e-02
1.365000e+01	5.369651e-03	8.358689e-03	4.601300e-03	2.626124e-02	-1.433296e-02
1.370000e+01	3.152386e-03	7.973148e-03	2.473333e-03	2.348884e-02	-1.608654e-02
1.375000e+01	7.903942e-04	7.263602e-03	4.261406e-04	1.893155e-02	-1.617721e-02
1.380000e+01	-1.657728e-03	6.202008e-03	-1.965295e-03	1.453291e-02	-1.843719e-02
1.385000e+01	-4.087637e-03	4.896566e-03	-4.292730e-03	1.110783e-02	-1.895694e-02
1.390000e+01	-6.315116e-03	3.719418e-03	-6.548134e-03	5.638865e-03	-1.655394e-02
1.395000e+01	-8.081964e-03	3.316120e-03	-8.341305e-03	3.349692e-03	-1.830070e-02
1.400000e+01	-9.109477e-03	3.812319e-03	-9.624581e-03	6.125364e-03	-1.931770e-02
1.405000e+01	-9.216115e-03	4.509497e-03	-9.890686e-03	8.926278e-03	-2.112830e-02
1.410000e+01	-8.335655e-03	4.911135e-03	-8.763692e-03	9.909900e-03	-2.027106e-02
1.415000e+01	-6.599112e-03	4.927565e-03	-6.681071e-03	9.249688e-03	-1.925828e-02
1.420000e+01	-4.329152e-03	4.717461e-03	-4.127205e-03	8.220364e-03	-1.789662e-02
1.425000e+01	-1.973091e-03	4.548932e-03	-1.674615e-03	8.880359e-03	-1.559609e-02
1.430000e+01	1.537965e-05	4.630061e-03	3.087218e-04	1.190083e-02	-1.294352e-02
1.435000e+01	1.309479e-03	4.976363e-03	1.659744e-03	1.397695e-02	-1.346723e-02
1.440000e+01	1.811135e-03	5.444136e-03	1.976978e-03	1.435938e-02	-1.427304e-02
1.445000e+01	1.681783e-03	5.836454e-03	1.102388e-03	1.594037e-02	-1.542702e-02
1.450000e+01	1.285580e-03	5.958998e-03	2.564707e-04	1.624334e-02	-1.495830e-02
1.455000e+01	1.059684e-03	5.666124e-03	2.152682e-04	1.478880e-02	-1.234949e-02
1.460000e+01	1.354129e-03	4.940635e-03	1.376766e-03	1.324911e-02	-1.007900e-02
1.465000e+01	2.297413e-03	4.014191e-03	2.594861e-03	1.179252e-02	-8.716803e-03
1.470000e+01	3.737199e-03	3.495018e-03	3.620364e-03	1.474179e-02	-5.833941e-03
1.475000e+01	5.280047e-03	3.934152e-03	4.964800e-03	1.850791e-02	-4.526002e-03
1.480000e+01	6.418891e-03	4.902293e-03	5.636712e-03	2.037168e-02	-5.757331e-03
1.485000e+01	6.704895e-03	5.695956e-03	5.866607e-03	2.295873e-02	-6.142042e-03
1.490000e+01	5.903593e-03	5.963765e-03	5.237108e-03	2.260589e-02	-7.152535e-03
1.495000e+01	4.080364e-03	5.656935e-03	3.446249e-03	2.072317e-02	-1.001465e-02
1.500000e+01	1.585538e-03	4.939248e-03	8.709785e-04	1.667780e-02	-1.158413e-02
1.505000e+01	-1.069758e-03	4.106425e-03	-1.434173e-03	1.068930e-02	-1.170962e-02
1.510000e+01	-3.346156e-03	3.420035e-03	-3.421135e-03	6.409279e-03	-1.196475e-02
1.515000e+01	-4.839680e-03	3.015724e-03	-4.957605e-03	3.936399e-03	-1.216936e-02
1.520000e+01	-5.390247e-03	2.818813e-03	-5.403680e-03	2.933811e-03	-1.269115e-02
1.525000e+01	-5.099645e-03	2.729950e-03	-5.022826e-03	2.836943e-03	-1.411121e-02
1.530000e+01	-4.262276e-03	2.775705e-03	-4.180556e-03	3.606083e-03	-1.405583e-02
1.535000e+01	-3.239551e-03	3.005268e-03	-3.344224e-03	6.289780e-03	-1.228535e-02
1.540000e+01	-2.327423e-03	3.345358e-03	-2.597980e-03	1.007404e-02	-1.115192e-02
1.545000e+01	-1.665858e-03	3.648894e-03	-1.990815e-03	1.233209e-02	-1.110558e-02
1.550000e+01	-1.220247e-03	3.810497e-03	-1.653826e-03	1.329819e-02	-1.039954e-02
1.555000e+01	-8.353708e-04	3.803230e-03	-1.276224e-03	1.348528e-02	-9.456636e-03
1.560000e+01	-3.343966e-04	3.657273e-03	-5.025091e-04	1.215834e-02	-1.006145e-02
1.565000e+01	3.808735e-04	3.428529e-03	2.519263e-04	1.066902e-02	-9.695300e-03
1.570000e+01	1.270645e-03	3.182886e-03	1.228619e-03	1.060158e-02	-8.591936e-03
1.575000e+01	2.162573e-03	2.993442e-03	2.086624e-03	1.084014e-02	-6.897521e-03
1.580000e+01	2.818680e-03	2.928609e-03	2.726941e-03	1.109398e-02	-6.047090e-03
1.585000e+01	3.035193e-03	3.025332e-03	2.990899e-03	1.089950e-02	-6.606435e-03
1.590000e+01	2.733432e-03	3.272668e-03	2.718997e-03	1.095863e-02	-6.496879e-03
1.595000e+01	2.003485e-03	3.612035e-03	2.264400e-03	1.084263e-02	-8.060684e-03
1.600000e+01	1.081313e-03	3.936999e-03	1.633177e-03	9.550758e-03	-9.422966e-03
1.605000e+01	2.754871e-04	4.100289e-03	9.216785e-04	9.080027e-03	-1.072010e-02
1.610000e+01	-1.639759e-04	3.999095e-03	5.025462e-04	8.039734e-03	-1.189217e-02
1.615000e+01	-1.309471e-04	3.641105e-03	4.457710e-04	7.577906e-03	-1.145330e-02
1.620000e+01	2.865557e-04	3.212311e-03	4.790171e-04	9.471852e-03	-9.948728e-03
1.625000e+01	8.312166e-04	3.028979e-03	8.014740e-04	1.081770e-02	-9.229090e-03
1.630000e+01	1.166236e-03	3.187315e-03	8.710113e-04	1.227637e-02	-7.817236e-03
1.635000e+01	9.995472e-04	3.375831e-03	8.241949e-04	1.285129e-02	-8.670920e-03
1.640000e+01	1.986694e-04	3.273682e-03	6.064345e-05	1.109640e-02	-1.010025e-02
1.645000e+01	-1.145162e-03	2.863936e-03	-1.037888e-03	7.408684e-03	-1.030494e-02
1.650000e+01	-2.727869e-03	2.509567e-03	-2.656221e-03	4.221052e-03	-9.469882e-03
1.655000e+01	-4.117010e-03	2.644940e-03	-4.125818e-03	4.978829e-03	-1.217094e-02
1.660000e+01	-4.883243e-03	3.051885e-03	-4.754472e-03	4.711375e-03	-1.406791e-02
1.665000e+01	-4.736055e-03	3.234273e-03	-4.385308e-03	4.234759e-03	-1.521658e-02
1.670000e+01	-3.619476e-03	3.116367e-03	-3.375302e-03	6.475714e-03	-1.449442e-02
1.675000e+01	-1.736752e-03	3.196610e-03	-2.079559e-03	8.844942e-03	-1.063984e-02
1.680000e+01	5.037631e-04	3.973161e-03	-5.533695e-04	1.165233e-02	-7.500797e-03
1.685000e+01	2.603824e-03	5.069775e-03	1.547199e-03	1.518431e-02	-7.440834e-03
1.690000e+01	4.114888e-03	5.810077e-03	3.042475e-03	1.740931e-02	-6.520686e-03
1.695000e+01	4.758734e-03	5.785046e-03	3.867393e-03	1.825949e-02	-6.662894e-03
1.700000e+01	4.493216e-03	4.948256e-03	3.802500e-03	1.762145e-02	-6.669113e-03
1.705000e+01	3.513312e-03	3.658769e-03	3.229032e-03	1.570017e-02	-5.952953e-03
1.710000e+01	2.149028e-03	2.794874e-03	2.059094e-03	1.155249e-02	-6.875560e-03
1.715000e+01	7.891267e-04	3.170228e-03	1.135800e-03	9.234186e-03	-8.282112e-03
1.720000e+01	-2.428720e-04	3.997443e-03	1.334157e-04	9.981931e-03	-1.086716e-02
1.725000e+01	-7.742359e-04	4.452520e-03	-3.924562e-04	1.042607e-02	-1.220365e-02
1.730000e+01	-8.144446e-04	4.384032e-03	-3.969165e-04	1.001470e-02	-1.143509e-02
1.735000e+01	-5.272117e-04	3.988498e-03	1.696140e-04	8.528420e-03	-1.197078e-02
1.740000e+01	-1.571100e-04	3.573234e-03	5.643818e-04	6.764535e-03	-1.104928e-02
1.745000e+01	6.164939e-05	3.334110e-03	5.976427e-04	7.142329e-03	-9.275801e-03
1.750000e+01	-1.695083e-05	3.251895e-03	3.284182e-04	8.051721e-03	-8.783064e-03
1.755000e+01	-4.106659e-04	3.216817e-03	-2.149672e-04	8.240076e-03	-9.180713e-03
1.760000e+01	-1.016496e-03	3.147490e-03	-7.275267e-04	7.396528e-03	-1.001021e-02
1.765000e+01	-1.658649e-03	2.976502e-03	-1.472753e-03	6.980037e-03	-1.086260e-02
1.770000e+01	-2.156437e-03	2.652988e-03	-2.098513e-03	5.156713e-03	-1.092826e-02
1.775000e+01	-2.386203e-03	2.233657e-03	-2.321365e-03	3.712192e-03	-9.098793e-03
1.780000e+01	-2.315496e-03	1.978869e-03	-2.260015e-03	3.564616e-03	-8.240865e-03
1.785000e+01	-1.999512e-03	2.160219e-03	-2.005410e-03	4.433990e-03	-9.536254e-03
1.790000e+01	-1.544642e-03	2.607635e-03	-1.779252e-03	6.137172e-03	-9.984376e-03
1.795000e+01	-1.056339e-03	2.983503e-03	-1.390426e-03	7.907978e-03	-9.181856e-03
1.800000e+01	-5.938245e-04	3.137530e-03	-9.128415e-04	9.581598e-03	-8.921861e-03
1.805000e+01	-1.467436e-04	3.103377e-03	-5.996440e-04	9.564263e-03	-7.614104e-03
1.810000e+01	3.402497e-04	2.995302e-03	-1.441841e-04	9.119388e-03	-6.530981e-03
1.815000e+01	9.343325e-04	2.938493e-03	4.910363e-04	8.785658e-03	-5.662217e-03
1.820000e+01	1.661946e-03	3.016919e-03	1.349896e-03	9.524797e-03	-5.404740e-03
1.825000e+01	2.470617e-03	3.246231e-03	2.258955e-03	1.144818e-02	-5.853757e-03
1.830000e+01	3.221842e-03	3.537278e-03	3.117133e-03	1.268945e-02	-5.650955e-03
1.835000e+01	3.721883e-03	3.708492e-03	3.477508e-03	1.281171e-02	-5.657039e-03
1.840000e+01	3.782371e-03	3.583625e-03	3.456580e-03	1.348684e-02	-5.912427e-03
1.845000e+01	3.290089e-03	3.131933e-03	2.916704e-03	1.346557e-02	-5.401755e-03
1.850000e+01	2.260043e-03	2.644722e-03	2.290252e-03	1.142547e-02	-4.559294e-03
1.855000e+01	8.503157e-04	2.770299e-03	1.071628e-03	9.361347e-03	-7.460286e-03
1.860000e+01	-6.700445e-04	3.626668e-03	-2.961171e-07	8.036401e-03	-1.007595e-02
1.865000e+01	-1.992264e-03	4.588030e-03	-1.010661e-03	7.290956e-03	-1.192999e-02
1.870000e+01	-2.855927e-03	5.170452e-03	-2.142506e-03	5.917458e-03	-1.290554e-02
1.875000e+01	-3.124793e-03	5.178415e-03	-2.367857e-03	6.386368e-03	-1.428775e-02
1.880000e+01	-2.824673e-03	4.646419e-03	-2.209935e-03	6.507618e-03	-1.385492e-02
1.885000e+01	-2.130339e-03	3.787866e-03	-1.549331e-03	6.507482e-03	-1.315662e-02
1.890000e+01	-1.305810e-03	2.925928e-03	-1.105482e-03	6.477642e-03	-1.078430e-02
1.895000e+01	-6.182859e-04	2.367053e-03	-6.928611e-04	5.698979e-03	-7.412720e-03
1.900000e+01	-2.547054e-04	2.170980e-03	-3.538025e-04	5.813267e-03	-5.605006e-03
1.905000e+01	-2.692762e-04	2.124753e-03	-3.393025e-04	5.975675e-03	-5.346425e-03
1.910000e+01	-5.760146e-04	2.070379e-03	-5.957546e-04	5.851278e-03	-5.940367e-03
1.915000e+01	-9.853139e-04	2.023651e-03	-1.038364e-03	4.748360e-03	-6.724239e-03
1.920000e+01	-1.276275e-03	2.046923e-03	-1.321409e-03	4.176992e-03	-8.020154e-03
1.925000e+01	-1.273847e-03	2.162382e-03	-1.308810e-03	4.791668e-03	-8.187467e-03
1.930000e+01	-9.052356e-04	2.383872e-03	-1.115365e-03	6.349383e-03	-7.240193e-03
1.935000e+01	-2.179269e-04	2.735483e-03	-6.913691e-04	8.146272e-03	-5.623556e-03
1.940000e+01	6.437442e-04	3.186293e-03	1.107484e-04	9.750467e-03	-5.523288e-03
1.945000e+01	1.491800e-03	3.619554e-03	1.035287e-03	1.063510e-02	-5.910570e-03
1.950000e+01	2.156406e-03	3.887859e-03	2.162795e-03	1.035580e-02	-6.699777e-03
1.955000e+01	2.533892e-03	3.883220e-03	2.697627e-03	1.078928e-02	-6.490930e-03
1.960000e+01	2.605799e-03	3.578471e-03	2.746714e-03	1.080821e-02	-5.456191e-03
1.965000e+01	2.425843e-03	3.041222e-03	2.452434e-03	9.800008e-03	-5.096090e-03
1.970000e+01	2.083978e-03	2.436065e-03	1.889746e-03	8.420841e-03	-4.631948e-03
1.975000e+01	1.664439e-03	2.021412e-03	1.622606e-03	7.545643e-03	-3.594132e-03
1.980000e+01	1.215243e-03	2.027011e-03	1.362840e-03	6.568712e-03	-5.215251e-03
1.985000e+01	7.403099e-04	2.377829e-03	1.080243e-03	6.462552e-03	-7.037824e-03
1.990000e+01	2.151533e-04	2.834076e-03	7.509060e-04	6.722195e-03	-8.583588e-03
1.995000e+01	-3.828554e-04	3.253623e-03	3.172001e-04	5.881205e-03	-9.437158e-03
2.000000e+01	-1.044309e-03	3.583415e-03	-2.728772e-04	5.397212e-03	-9.506885e-03
