# 		k		<chi>		std
0.00000e+00 -3.88135e-01 6.75018e-02
5.00000e-02 -3.90473e-01 6.78571e-02
1.00000e-01 -3.91974e-01 6.74079e-02
1.50000e-01 -3.96202e-01 6.69254e-02
2.00000e-01 -3.99971e-01 6.77507e-02
2.50000e-01 -4.05376e-01 7.15909e-02
3.00000e-01 -4.09517e-01 7.79391e-02
3.50000e-01 -4.13464e-01 8.89399e-02
4.00000e-01 -4.14996e-01 1.01191e-01
4.50000e-01 -4.13761e-01 1.16093e-01
5.00000e-01 -4.08795e-01 1.29610e-01
5.50000e-01 -3.98067e-01 1.42258e-01
6.00000e-01 -3.82597e-01 1.51020e-01
6.50000e-01 -3.59006e-01 1.55296e-01
7.00000e-01 -3.30910e-01 1.53942e-01
7.50000e-01 -2.94605e-01 1.45578e-01
8.00000e-01 -2.56293e-01 1.31529e-01
8.50000e-01 -2.13143e-01 1.10718e-01
9.00000e-01 -1.72816e-01 8.70983e-02
9.50000e-01 -1.33970e-01 6.14465e-02
1.00000e+00 -1.03433e-01 4.07531e-02
1.05000e+00 -8.07654e-02 3.09150e-02
1.10000e+00 -6.91713e-02 3.30921e-02
1.15000e+00 -6.74598e-02 3.55133e-02
1.20000e+00 -7.36807e-02 3.21146e-02
1.25000e+00 -8.46845e-02 2.30924e-02
1.30000e+00 -9.48377e-02 2.08916e-02
1.35000e+00 -9.98457e-02 3.60731e-02
1.40000e+00 -9.49239e-02 5.48210e-02
1.45000e+00 -7.75423e-02 6.96506e-02
1.50000e+00 -4.84272e-02 7.51880e-02
1.55000e+00 -9.27806e-03 7.03301e-02
1.60000e+00 3.30134e-02 5.56514e-02
1.65000e+00 7.37267e-02 3.49687e-02
1.70000e+00 1.04542e-01 1.92602e-02
1.75000e+00 1.22379e-01 2.74847e-02
1.80000e+00 1.23865e-01 4.15833e-02
1.85000e+00 1.11366e-01 4.90400e-02
1.90000e+00 8.84370e-02 4.76709e-02
1.95000e+00 6.13011e-02 3.92820e-02
2.00000e+00 3.61181e-02 2.68323e-02
2.05000e+00 1.71895e-02 1.52111e-02
2.10000e+00 7.78822e-03 9.74016e-03
2.15000e+00 7.47034e-03 1.15341e-02
2.20000e+00 1.31044e-02 1.31268e-02
2.25000e+00 2.20666e-02 1.18548e-02
2.30000e+00 2.80743e-02 9.58687e-03
2.35000e+00 2.79703e-02 7.91692e-03
2.40000e+00 2.16857e-02 7.52154e-03
2.45000e+00 1.24910e-02 7.96108e-03
2.50000e+00 3.46565e-03 8.26687e-03
2.55000e+00 -3.29750e-03 8.00835e-03
2.60000e+00 -6.72666e-03 7.19345e-03
2.65000e+00 -8.33715e-03 6.43559e-03
2.70000e+00 -8.33307e-03 5.93005e-03
2.75000e+00 -7.23223e-03 5.78732e-03
2.80000e+00 -5.70645e-03 5.82279e-03
2.85000e+00 -4.93573e-03 5.87139e-03
2.90000e+00 -4.53982e-03 5.54918e-03
2.95000e+00 -4.66923e-03 4.79286e-03
3.00000e+00 -5.22119e-03 3.72585e-03
3.05000e+00 -6.07842e-03 2.51491e-03
3.10000e+00 -6.56766e-03 1.83121e-03
3.15000e+00 -6.27559e-03 2.18013e-03
3.20000e+00 -4.97783e-03 2.87506e-03
3.25000e+00 -2.85988e-03 3.45947e-03
3.30000e+00 1.18555e-04 3.60602e-03
3.35000e+00 3.40128e-03 3.29507e-03
3.40000e+00 6.27148e-03 2.67751e-03
3.45000e+00 8.23213e-03 2.13116e-03
3.50000e+00 8.73878e-03 2.04631e-03
3.55000e+00 7.64496e-03 2.44058e-03
3.60000e+00 5.20649e-03 2.79720e-03
3.65000e+00 2.08579e-03 2.81987e-03
3.70000e+00 -1.12690e-03 2.54777e-03
3.75000e+00 -3.68666e-03 2.62294e-03
3.80000e+00 -5.07149e-03 3.61372e-03
3.85000e+00 -5.16414e-03 5.09251e-03
3.90000e+00 -4.21051e-03 6.22846e-03
3.95000e+00 -2.67450e-03 6.46781e-03
4.00000e+00 -1.13175e-03 5.55452e-03
4.05000e+00 -2.58393e-04 3.80700e-03
4.10000e+00 -2.39826e-04 2.45535e-03
4.15000e+00 -1.00774e-03 4.30778e-03
4.20000e+00 -2.22947e-03 7.10648e-03
4.25000e+00 -3.68450e-03 9.23797e-03
4.30000e+00 -4.66894e-03 1.01852e-02
4.35000e+00 -4.88225e-03 9.75729e-03
4.40000e+00 -4.28198e-03 8.09178e-03
4.45000e+00 -3.15497e-03 5.75888e-03
4.50000e+00 -1.68576e-03 3.57278e-03
4.55000e+00 -2.09447e-04 3.50536e-03
4.60000e+00 1.05421e-03 5.51726e-03
4.65000e+00 2.07579e-03 7.66891e-03
4.70000e+00 2.99810e-03 9.47768e-03
4.75000e+00 4.00425e-03 1.08041e-02
4.80000e+00 5.23183e-03 1.15911e-02
4.85000e+00 6.66649e-03 1.17868e-02
4.90000e+00 8.12037e-03 1.14084e-02
4.95000e+00 9.26663e-03 1.05118e-02
5.00000e+00 9.73759e-03 9.25708e-03
5.05000e+00 9.25959e-03 7.85758e-03
5.10000e+00 7.78814e-03 6.65038e-03
5.15000e+00 5.48576e-03 5.85309e-03
5.20000e+00 2.71607e-03 5.53165e-03
5.25000e+00 -3.26595e-05 5.68028e-03
5.30000e+00 -2.37126e-03 6.29489e-03
5.35000e+00 -4.04984e-03 7.31191e-03
5.40000e+00 -5.03586e-03 8.62793e-03
5.45000e+00 -5.48116e-03 1.01044e-02
5.50000e+00 -5.67353e-03 1.15665e-02
5.55000e+00 -5.87554e-03 1.27144e-02
5.60000e+00 -6.21866e-03 1.31761e-02
5.65000e+00 -6.61357e-03 1.26235e-02
5.70000e+00 -6.83772e-03 1.11127e-02
5.75000e+00 -6.56658e-03 9.05222e-03
5.80000e+00 -5.52216e-03 7.19439e-03
5.85000e+00 -3.58327e-03 6.21331e-03
5.90000e+00 -9.40315e-04 6.13129e-03
5.95000e+00 2.00075e-03 6.50657e-03
6.00000e+00 4.67525e-03 7.24494e-03
6.05000e+00 6.46812e-03 8.20077e-03
6.10000e+00 6.95400e-03 8.88154e-03
6.15000e+00 5.97852e-03 8.83961e-03
6.20000e+00 3.69939e-03 8.49512e-03
6.25000e+00 5.48874e-04 9.44440e-03
6.30000e+00 -2.86885e-03 1.24893e-02
6.35000e+00 -5.91321e-03 1.63030e-02
6.40000e+00 -8.03814e-03 1.92784e-02
6.45000e+00 -8.88817e-03 2.04326e-02
6.50000e+00 -8.34405e-03 1.95059e-02
6.55000e+00 -6.50634e-03 1.68551e-02
6.60000e+00 -3.71424e-03 1.35153e-02
6.65000e+00 -3.97534e-04 1.07592e-02
6.70000e+00 2.95448e-03 9.64749e-03
6.75000e+00 5.85694e-03 1.01523e-02
6.80000e+00 7.89303e-03 1.14411e-02
6.85000e+00 8.77696e-03 1.29573e-02
6.90000e+00 8.41109e-03 1.44830e-02
6.95000e+00 6.92462e-03 1.58530e-02
7.00000e+00 4.67726e-03 1.68688e-02
7.05000e+00 2.22147e-03 1.73156e-02
7.10000e+00 1.86958e-04 1.71246e-02
7.15000e+00 -8.50211e-04 1.63443e-02
7.20000e+00 -5.21734e-04 1.51616e-02
7.25000e+00 1.21336e-03 1.38305e-02
7.30000e+00 4.01931e-03 1.25459e-02
7.35000e+00 7.22697e-03 1.13587e-02
7.40000e+00 9.96752e-03 1.02434e-02
7.45000e+00 1.13680e-02 9.31025e-03
7.50000e+00 1.07604e-02 9.00469e-03
7.55000e+00 7.80385e-03 9.90208e-03
7.60000e+00 2.73430e-03 1.20781e-02
7.65000e+00 -3.82077e-03 1.48860e-02
7.70000e+00 -1.09268e-02 1.75044e-02
7.75000e+00 -1.75311e-02 1.92404e-02
7.80000e+00 -2.26632e-02 1.96659e-02
7.85000e+00 -2.56014e-02 1.87228e-02
7.90000e+00 -2.59715e-02 1.67784e-02
7.95000e+00 -2.37682e-02 1.45826e-02
8.00000e+00 -1.93095e-02 1.30231e-02
8.05000e+00 -1.30724e-02 1.24981e-02
8.10000e+00 -5.84284e-03 1.26625e-02
8.15000e+00 1.64075e-03 1.28400e-02
8.20000e+00 8.67715e-03 1.28779e-02
8.25000e+00 1.46557e-02 1.33948e-02
8.30000e+00 1.90998e-02 1.52126e-02
8.35000e+00 2.17061e-02 1.82321e-02
8.40000e+00 2.23778e-02 2.13504e-02
8.45000e+00 2.12433e-02 2.32895e-02
8.50000e+00 1.86458e-02 2.31591e-02
8.55000e+00 1.50645e-02 2.06797e-02
8.60000e+00 1.11192e-02 1.64307e-02
8.65000e+00 7.38575e-03 1.18830e-02
8.70000e+00 4.29351e-03 9.58365e-03
8.75000e+00 2.03636e-03 1.08142e-02
8.80000e+00 5.39981e-04 1.31179e-02
8.85000e+00 -5.02159e-04 1.45762e-02
8.90000e+00 -1.52942e-03 1.48391e-02
8.95000e+00 -2.97626e-03 1.42708e-02
9.00000e+00 -5.13342e-03 1.34237e-02
9.05000e+00 -8.05955e-03 1.27082e-02
9.10000e+00 -1.15153e-02 1.22142e-02
9.15000e+00 -1.50236e-02 1.18065e-02
9.20000e+00 -1.79634e-02 1.13174e-02
9.25000e+00 -1.97147e-02 1.07039e-02
9.30000e+00 -1.98085e-02 1.00989e-02
9.35000e+00 -1.80443e-02 9.73871e-03
9.40000e+00 -1.45440e-02 9.77797e-03
9.45000e+00 -9.73074e-03 1.01425e-02
9.50000e+00 -4.23803e-03 1.06013e-02
9.55000e+00 1.24997e-03 1.09750e-02
9.60000e+00 6.07342e-03 1.12325e-02
9.65000e+00 9.77632e-03 1.15592e-02
9.70000e+00 1.21704e-02 1.21939e-02
9.75000e+00 1.33400e-02 1.31255e-02
9.80000e+00 1.35796e-02 1.39659e-02
9.85000e+00 1.32842e-02 1.41869e-02
9.90000e+00 1.28238e-02 1.34782e-02
9.95000e+00 1.24368e-02 1.20017e-02
1.00000e+01 1.21705e-02 1.04675e-02
1.00500e+01 1.18751e-02 9.81723e-03
1.01000e+01 1.12858e-02 1.02935e-02
1.01500e+01 1.00942e-02 1.11677e-02
1.02000e+01 8.06082e-03 1.17395e-02
1.02500e+01 5.10168e-03 1.18009e-02
1.03000e+01 1.32944e-03 1.14617e-02
1.03500e+01 -2.95818e-03 1.09443e-02
1.04000e+01 -7.33742e-03 1.05426e-02
1.04500e+01 -1.13449e-02 1.05665e-02
1.05000e+01 -1.45658e-02 1.10407e-02
1.05500e+01 -1.67012e-02 1.15223e-02
1.06000e+01 -1.76004e-02 1.14463e-02
1.06500e+01 -1.72572e-02 1.06118e-02
1.07000e+01 -1.57811e-02 9.42450e-03
1.07500e+01 -1.33593e-02 8.71123e-03
1.08000e+01 -1.02236e-02 8.86384e-03
1.08500e+01 -6.63050e-03 9.30569e-03
1.09000e+01 -2.85277e-03 9.34773e-03
1.09500e+01 8.26753e-04 8.87780e-03
1.10000e+01 4.12953e-03 8.23886e-03
1.10500e+01 6.83581e-03 7.79237e-03
1.11000e+01 8.75561e-03 7.66395e-03
1.11500e+01 9.82755e-03 8.06608e-03
1.12000e+01 1.01284e-02 9.29114e-03
1.12500e+01 9.86477e-03 1.10784e-02
1.13000e+01 9.32651e-03 1.25831e-02
1.13500e+01 8.80905e-03 1.29869e-02
1.14000e+01 8.52450e-03 1.19478e-02
1.14500e+01 8.52868e-03 9.82124e-03
1.15000e+01 8.68980e-03 7.80157e-03
1.15500e+01 8.71335e-03 7.53367e-03
1.16000e+01 8.22133e-03 8.96896e-03
1.16500e+01 6.86611e-03 1.05853e-02
1.17000e+01 4.44671e-03 1.15673e-02
1.17500e+01 9.92912e-04 1.18342e-02
1.18000e+01 -3.20963e-03 1.15956e-02
1.18500e+01 -7.66282e-03 1.10867e-02
1.19000e+01 -1.17576e-02 1.04661e-02
1.19500e+01 -1.49058e-02 9.80090e-03
1.20000e+01 -1.66662e-02 9.08404e-03
1.20500e+01 -1.68634e-02 8.36047e-03
1.21000e+01 -1.55060e-02 7.87062e-03
1.21500e+01 -1.28658e-02 8.11436e-03
1.22000e+01 -9.35942e-03 9.20593e-03
1.22500e+01 -5.44815e-03 1.05292e-02
1.23000e+01 -1.54773e-03 1.13061e-02
1.23500e+01 2.02981e-03 1.10884e-02
1.24000e+01 5.09291e-03 9.89327e-03
1.24500e+01 7.55105e-03 8.16601e-03
1.25000e+01 9.37522e-03 6.61438e-03
1.25500e+01 1.05580e-02 5.82011e-03
1.26000e+01 1.10899e-02 5.73774e-03
1.26500e+01 1.09590e-02 5.91030e-03
1.27000e+01 1.01709e-02 6.05200e-03
1.27500e+01 8.77649e-03 6.05106e-03
1.28000e+01 6.89316e-03 5.81265e-03
1.28500e+01 4.70629e-03 5.32577e-03
1.29000e+01 2.44685e-03 4.82827e-03
1.29500e+01 3.49721e-04 4.75407e-03
1.30000e+01 -1.39470e-03 5.24376e-03
1.30500e+01 -2.69452e-03 5.95418e-03
1.31000e+01 -3.53996e-03 6.50686e-03
1.31500e+01 -4.00853e-03 6.79516e-03
1.32000e+01 -4.23271e-03 6.88913e-03
1.32500e+01 -4.35464e-03 6.87329e-03
1.33000e+01 -4.48195e-03 6.76914e-03
1.33500e+01 -4.65842e-03 6.57543e-03
1.34000e+01 -4.85746e-03 6.31964e-03
1.34500e+01 -4.99888e-03 6.04440e-03
1.35000e+01 -4.98158e-03 5.79644e-03
1.35500e+01 -4.71975e-03 5.69552e-03
1.36000e+01 -4.16998e-03 5.96120e-03
1.36500e+01 -3.34085e-03 6.69391e-03
1.37000e+01 -2.28416e-03 7.65833e-03
1.37500e+01 -1.07397e-03 8.43745e-03
1.38000e+01 2.15903e-04 8.69708e-03
1.38500e+01 1.52560e-03 8.31715e-03
1.39000e+01 2.80910e-03 7.40839e-03
1.39500e+01 4.02192e-03 6.25588e-03
1.40000e+01 5.10462e-03 5.21420e-03
1.40500e+01 5.97852e-03 4.58355e-03
1.41000e+01 6.53248e-03 4.44183e-03
1.41500e+01 6.66531e-03 4.68362e-03
1.42000e+01 6.30068e-03 5.12807e-03
1.42500e+01 5.41446e-03 5.59556e-03
1.43000e+01 4.05407e-03 5.93103e-03
1.43500e+01 2.34174e-03 6.03600e-03
1.44000e+01 4.58536e-04 5.89415e-03
1.44500e+01 -1.38753e-03 5.56674e-03
1.45000e+01 -3.00086e-03 5.15712e-03
1.45500e+01 -4.23377e-03 4.75804e-03
1.46000e+01 -5.00830e-03 4.40982e-03
1.46500e+01 -5.31930e-03 4.10502e-03
1.47000e+01 -5.21994e-03 3.84443e-03
1.47500e+01 -4.79646e-03 3.69222e-03
1.48000e+01 -4.14181e-03 3.74991e-03
1.48500e+01 -3.33657e-03 4.03524e-03
1.49000e+01 -2.44205e-03 4.42265e-03
1.49500e+01 -1.50440e-03 4.73728e-03
1.50000e+01 -5.64613e-04 4.86414e-03
1.50500e+01 3.45432e-04 4.79973e-03
1.51000e+01 1.16594e-03 4.60394e-03
1.51500e+01 1.84444e-03 4.38626e-03
1.52000e+01 2.34108e-03 4.23053e-03
1.52500e+01 2.63889e-03 4.15325e-03
1.53000e+01 2.74777e-03 4.11246e-03
1.53500e+01 2.69959e-03 4.04947e-03
1.54000e+01 2.53569e-03 3.92581e-03
1.54500e+01 2.29187e-03 3.74286e-03
1.55000e+01 1.98735e-03 3.54411e-03
1.55500e+01 1.62279e-03 3.39446e-03
1.56000e+01 1.18869e-03 3.34133e-03
1.56500e+01 6.80589e-04 3.39113e-03
1.57000e+01 1.14352e-04 3.52443e-03
1.57500e+01 -4.66215e-04 3.71555e-03
1.58000e+01 -9.94047e-04 3.92411e-03
1.58500e+01 -1.39564e-03 4.08386e-03
1.59000e+01 -1.61432e-03 4.12140e-03
1.59500e+01 -1.63114e-03 3.99379e-03
1.60000e+01 -1.47441e-03 3.71680e-03
1.60500e+01 -1.22508e-03 3.37718e-03
1.61000e+01 -9.56145e-04 3.11285e-03
1.61500e+01 -7.45024e-04 3.09232e-03
1.62000e+01 -6.33953e-04 3.37987e-03
1.62500e+01 -6.16499e-04 3.85739e-03
1.63000e+01 -6.41849e-04 4.31686e-03
1.63500e+01 -6.35512e-04 4.57583e-03
1.64000e+01 -5.28887e-04 4.53703e-03
1.64500e+01 -2.86744e-04 4.21950e-03
1.65000e+01 7.75633e-05 3.76409e-03
1.65500e+01 5.04759e-04 3.38626e-03
1.66000e+01 9.09040e-04 3.23960e-03
1.66500e+01 1.20682e-03 3.28256e-03
1.67000e+01 1.34406e-03 3.35895e-03
1.67500e+01 1.31211e-03 3.36792e-03
1.68000e+01 1.14661e-03 3.30541e-03
1.68500e+01 9.10633e-04 3.21457e-03
1.69000e+01 6.69133e-04 3.13232e-03
1.69500e+01 4.65088e-04 3.07040e-03
1.70000e+01 3.06563e-04 3.02326e-03
1.70500e+01 1.74494e-04 2.98542e-03
1.71000e+01 1.86522e-05 2.93668e-03
1.71500e+01 -1.93522e-04 2.87653e-03
1.72000e+01 -4.66521e-04 2.82933e-03
1.72500e+01 -7.69088e-04 2.82588e-03
1.73000e+01 -1.04146e-03 2.86454e-03
1.73500e+01 -1.21487e-03 2.90134e-03
1.74000e+01 -1.23587e-03 2.88821e-03
1.74500e+01 -1.08630e-03 2.81763e-03
1.75000e+01 -7.91314e-04 2.73417e-03
1.75500e+01 -4.12761e-04 2.70366e-03
1.76000e+01 -3.02437e-05 2.75634e-03
1.76500e+01 2.83016e-04 2.85537e-03
1.77000e+01 4.81047e-04 2.92444e-03
1.77500e+01 5.55711e-04 2.89942e-03
1.78000e+01 5.34056e-04 2.76565e-03
1.78500e+01 4.64367e-04 2.57597e-03
1.79000e+01 3.96683e-04 2.44010e-03
1.79500e+01 3.65080e-04 2.45472e-03
1.80000e+01 3.77732e-04 2.60758e-03
1.80500e+01 4.18136e-04 2.79478e-03
1.81000e+01 4.52516e-04 2.90631e-03
1.81500e+01 4.47038e-04 2.89548e-03
1.82000e+01 3.79990e-04 2.77518e-03
1.82500e+01 2.49081e-04 2.59788e-03
1.83000e+01 7.10753e-05 2.43254e-03
1.83500e+01 -1.25041e-04 2.33836e-03
1.84000e+01 -3.07935e-04 2.33468e-03
1.84500e+01 -4.52818e-04 2.38936e-03
1.85000e+01 -5.46298e-04 2.44590e-03
1.85500e+01 -5.86239e-04 2.46471e-03
1.86000e+01 -5.77819e-04 2.44557e-03
1.86500e+01 -5.28367e-04 2.42198e-03
1.87000e+01 -4.43647e-04 2.43166e-03
1.87500e+01 -3.27218e-04 2.48153e-03
1.88000e+01 -1.82766e-04 2.53781e-03
1.88500e+01 -1.78019e-05 2.54965e-03
1.89000e+01 1.53586e-04 2.48279e-03
1.89500e+01 3.10852e-04 2.34396e-03
1.90000e+01 4.30634e-04 2.18850e-03
1.90500e+01 4.92516e-04 2.09917e-03
1.91000e+01 4.86321e-04 2.11290e-03
1.91500e+01 4.16156e-04 2.18687e-03
1.92000e+01 3.00658e-04 2.24329e-03
1.92500e+01 1.68512e-04 2.24352e-03
1.93000e+01 5.05641e-05 2.21248e-03
1.93500e+01 -2.89822e-05 2.20866e-03
1.94000e+01 -5.94238e-05 2.26452e-03
1.94500e+01 -4.62134e-05 2.35460e-03
1.95000e+01 -8.55787e-06 2.42481e-03
1.95500e+01 2.72273e-05 2.43631e-03
1.96000e+01 3.64256e-05 2.38159e-03
1.96500e+01 3.88681e-06 2.27853e-03
1.97000e+01 -7.12283e-05 2.15932e-03
1.97500e+01 -1.75287e-04 2.05960e-03
1.98000e+01 -2.84454e-04 2.00490e-03
1.98500e+01 -3.71833e-04 1.99956e-03
1.99000e+01 -4.15124e-04 2.03135e-03
1.99500e+01 -4.02427e-04 2.08796e-03
2.00000e+01 -3.34611e-04 2.16271e-03
