# k	<chi>	std	chi_median	chi_max	chi_min
0.000000e+00	-1.648658e-01	1.629814e-01	-2.267644e-01	0.000000e+00	-6.609658e-01
5.000000e-02	-3.164994e-01	4.777688e-02	-3.197572e-01	-1.345820e-01	-6.617993e-01
1.000000e-01	-3.146343e-01	4.838329e-02	-3.179890e-01	-1.346717e-01	-6.624994e-01
1.500000e-01	-3.092462e-01	5.051361e-02	-3.132862e-01	-1.354088e-01	-6.636470e-01
2.000000e-01	-3.040704e-01	5.312001e-02	-3.095541e-01	-1.367197e-01	-6.636395e-01
2.500000e-01	-2.962128e-01	5.795680e-02	-3.043092e-01	-1.400852e-01	-6.608064e-01
3.000000e-01	-2.890309e-01	6.333735e-02	-2.968713e-01	-1.439221e-01	-6.550834e-01
3.500000e-01	-2.806175e-01	7.081241e-02	-2.898538e-01	-1.340364e-01	-6.424038e-01
4.000000e-01	-2.734856e-01	7.823681e-02	-2.795563e-01	-1.160106e-01	-6.251629e-01
4.500000e-01	-2.666823e-01	8.684728e-02	-2.667385e-01	-9.995928e-02	-5.978882e-01
5.000000e-01	-2.614030e-01	9.455684e-02	-2.660893e-01	-8.985411e-02	-5.656244e-01
5.500000e-01	-2.571557e-01	1.022372e-01	-2.742972e-01	-8.447876e-02	-5.231179e-01
6.000000e-01	-2.536139e-01	1.082033e-01	-2.812592e-01	-7.130197e-02	-4.775438e-01
6.500000e-01	-2.499272e-01	1.127797e-01	-2.831418e-01	-4.775763e-02	-4.746936e-01
7.000000e-01	-2.448008e-01	1.150242e-01	-2.659799e-01	-2.619212e-02	-4.662322e-01
7.500000e-01	-2.365191e-01	1.146075e-01	-2.466946e-01	-9.555369e-03	-4.445829e-01
8.000000e-01	-2.243307e-01	1.115741e-01	-2.289570e-01	-1.619214e-03	-4.108989e-01
8.500000e-01	-2.061842e-01	1.050436e-01	-1.998172e-01	-7.093653e-04	-3.667017e-01
9.000000e-01	-1.837676e-01	9.607001e-02	-1.703604e-01	-2.550949e-03	-3.319478e-01
9.500000e-01	-1.559913e-01	8.361411e-02	-1.395863e-01	6.694234e-03	-3.004771e-01
1.000000e+00	-1.275624e-01	6.944970e-02	-1.155099e-01	1.155549e-02	-2.625176e-01
1.050000e+00	-9.900941e-02	5.296962e-02	-9.365720e-02	1.693534e-02	-2.157117e-01
1.100000e+00	-7.590917e-02	3.686735e-02	-7.633646e-02	1.833941e-02	-1.700426e-01
1.150000e+00	-5.924296e-02	2.404677e-02	-5.919094e-02	2.262959e-02	-1.281720e-01
1.200000e+00	-5.146878e-02	2.465744e-02	-5.324079e-02	5.278550e-02	-1.184040e-01
1.250000e+00	-5.164916e-02	3.805045e-02	-5.515696e-02	6.889289e-02	-1.321884e-01
1.300000e+00	-5.676168e-02	5.450407e-02	-6.765877e-02	7.459617e-02	-1.623815e-01
1.350000e+00	-6.312385e-02	7.137121e-02	-7.457772e-02	7.975476e-02	-1.890385e-01
1.400000e+00	-6.452778e-02	8.670571e-02	-7.342146e-02	1.001032e-01	-2.035562e-01
1.450000e+00	-5.702645e-02	1.002766e-01	-5.825878e-02	1.495779e-01	-2.067679e-01
1.500000e+00	-3.711019e-02	1.106494e-01	-3.220191e-02	1.933509e-01	-1.922650e-01
1.550000e+00	-4.422232e-03	1.171232e-01	9.922300e-04	2.281710e-01	-1.629874e-01
1.600000e+00	3.750080e-02	1.184174e-01	3.977189e-02	2.502985e-01	-1.200931e-01
1.650000e+00	8.444623e-02	1.137755e-01	7.590242e-02	2.589516e-01	-6.942400e-02
1.700000e+00	1.275480e-01	1.028908e-01	1.166521e-01	2.743966e-01	-1.651864e-02
1.750000e+00	1.617834e-01	8.600576e-02	1.535032e-01	2.871148e-01	3.674085e-02
1.800000e+00	1.796703e-01	6.448628e-02	1.763583e-01	2.781910e-01	8.057792e-02
1.850000e+00	1.807746e-01	4.011203e-02	1.712582e-01	2.435803e-01	1.132763e-01
1.900000e+00	1.642924e-01	1.675580e-02	1.624734e-01	2.069457e-01	1.253041e-01
1.950000e+00	1.356966e-01	1.421135e-02	1.369959e-01	1.683031e-01	9.125853e-02
2.000000e+00	9.992777e-02	3.104036e-02	1.018129e-01	1.497027e-01	3.662074e-02
2.050000e+00	6.376537e-02	4.473794e-02	6.877859e-02	1.272628e-01	-1.035068e-02
2.100000e+00	3.282874e-02	5.139157e-02	4.014814e-02	1.024341e-01	-4.338109e-02
2.150000e+00	1.125600e-02	5.095248e-02	1.853826e-02	7.980950e-02	-5.963600e-02
2.200000e+00	-1.327048e-04	4.475147e-02	1.776245e-03	6.086990e-02	-6.088621e-02
2.250000e+00	-3.198653e-03	3.530369e-02	-5.963283e-03	4.992665e-02	-5.121898e-02
2.300000e+00	-1.910622e-03	2.477383e-02	-7.175148e-03	4.228549e-02	-4.096220e-02
2.350000e+00	-3.219814e-04	1.556194e-02	-5.019821e-03	3.416747e-02	-3.903031e-02
2.400000e+00	-1.041012e-03	9.231631e-03	-1.756009e-03	2.426788e-02	-3.533566e-02
2.450000e+00	-2.832413e-03	5.923791e-03	-3.358913e-03	1.554404e-02	-3.236406e-02
2.500000e+00	-5.566686e-03	4.329910e-03	-5.731182e-03	7.952703e-03	-2.917213e-02
2.550000e+00	-8.785560e-03	3.544153e-03	-8.708207e-03	2.980854e-03	-2.643338e-02
2.600000e+00	-1.175801e-02	3.098907e-03	-1.171197e-02	-1.791295e-03	-2.439171e-02
2.650000e+00	-1.518895e-02	3.348527e-03	-1.522736e-02	-5.670620e-03	-2.613669e-02
2.700000e+00	-1.775193e-02	4.415614e-03	-1.752726e-02	-6.692303e-03	-2.883188e-02
2.750000e+00	-1.907398e-02	5.812460e-03	-1.933204e-02	-6.874194e-03	-3.007046e-02
2.800000e+00	-1.901895e-02	7.003115e-03	-1.858711e-02	-6.360852e-03	-3.129784e-02
2.850000e+00	-1.833507e-02	7.606980e-03	-1.752526e-02	-5.962911e-03	-3.149982e-02
2.900000e+00	-1.626411e-02	7.443353e-03	-1.553621e-02	-3.764300e-03	-2.869166e-02
2.950000e+00	-1.337004e-02	6.528607e-03	-1.335363e-02	-1.422843e-03	-2.378191e-02
3.000000e+00	-1.029675e-02	5.047944e-03	-1.052524e-02	1.731032e-04	-1.867776e-02
3.050000e+00	-7.071811e-03	2.961513e-03	-7.042147e-03	4.463857e-04	-1.377278e-02
3.100000e+00	-4.517927e-03	2.163546e-03	-4.361922e-03	3.337783e-03	-1.145693e-02
3.150000e+00	-2.920553e-03	3.538043e-03	-3.112744e-03	8.994692e-03	-1.092592e-02
3.200000e+00	-2.262124e-03	5.084429e-03	-2.224500e-03	1.394729e-02	-1.281855e-02
3.250000e+00	-1.739047e-03	6.352251e-03	-6.405122e-04	1.768899e-02	-1.417759e-02
3.300000e+00	-1.509521e-03	6.598399e-03	-5.906911e-04	1.865976e-02	-1.437428e-02
3.350000e+00	-1.236526e-03	5.857400e-03	-5.333431e-04	1.696787e-02	-1.274333e-02
3.400000e+00	-6.903765e-04	4.423941e-03	-3.783294e-04	1.314429e-02	-1.034610e-02
3.450000e+00	6.018343e-04	2.987611e-03	6.107447e-04	8.375001e-03	-6.308665e-03
3.500000e+00	1.919215e-03	3.331246e-03	2.274087e-03	1.044533e-02	-7.982927e-03
3.550000e+00	2.959814e-03	5.324068e-03	3.804061e-03	1.363870e-02	-9.844521e-03
3.600000e+00	3.459063e-03	7.261481e-03	3.943330e-03	1.569404e-02	-1.190781e-02
3.650000e+00	3.374492e-03	8.638492e-03	3.644820e-03	1.719808e-02	-1.328297e-02
3.700000e+00	2.427193e-03	8.947949e-03	2.588604e-03	1.633169e-02	-1.471845e-02
3.750000e+00	9.150181e-04	8.048894e-03	7.868305e-04	1.431675e-02	-1.516931e-02
3.800000e+00	-7.180391e-04	6.047163e-03	-3.560900e-04	1.041003e-02	-1.397119e-02
3.850000e+00	-2.253594e-03	3.683339e-03	-1.667240e-03	5.252211e-03	-1.199889e-02
3.900000e+00	-3.212324e-03	3.058368e-03	-3.357883e-03	7.166517e-03	-1.073765e-02
3.950000e+00	-3.364912e-03	5.739543e-03	-4.655889e-03	1.132777e-02	-1.421532e-02
4.000000e+00	-2.714677e-03	8.898008e-03	-4.328535e-03	1.563411e-02	-1.724753e-02
4.050000e+00	-1.743032e-03	1.138140e-02	-2.740266e-03	1.865426e-02	-2.001635e-02
4.100000e+00	-5.209953e-04	1.285373e-02	-7.226110e-04	2.162360e-02	-2.128253e-02
4.150000e+00	6.496065e-04	1.315062e-02	1.027986e-03	2.307071e-02	-2.087693e-02
4.200000e+00	1.546375e-03	1.233086e-02	2.547850e-03	2.263125e-02	-1.900456e-02
4.250000e+00	1.788404e-03	1.071659e-02	3.027902e-03	2.042695e-02	-1.610425e-02
4.300000e+00	1.771495e-03	8.635275e-03	2.355196e-03	1.691227e-02	-1.273434e-02
4.350000e+00	1.707767e-03	6.537038e-03	2.226124e-03	1.543381e-02	-8.951463e-03
4.400000e+00	1.860594e-03	4.940726e-03	1.652301e-03	1.583234e-02	-7.540115e-03
4.450000e+00	2.398306e-03	4.344702e-03	1.798070e-03	1.913816e-02	-7.008907e-03
4.500000e+00	3.620948e-03	4.677814e-03	3.296742e-03	2.233346e-02	-8.134246e-03
4.550000e+00	5.510705e-03	5.363720e-03	5.512072e-03	2.470559e-02	-9.670798e-03
4.600000e+00	7.855877e-03	6.059651e-03	8.535728e-03	2.548412e-02	-1.057705e-02
4.650000e+00	1.035837e-02	6.790599e-03	1.175185e-02	2.512600e-02	-1.022596e-02
4.700000e+00	1.252957e-02	7.893601e-03	1.411075e-02	2.870690e-02	-9.120028e-03
4.750000e+00	1.380395e-02	9.703336e-03	1.453344e-02	3.212622e-02	-7.796678e-03
4.800000e+00	1.367264e-02	1.223536e-02	1.045514e-02	3.616082e-02	-7.179953e-03
4.850000e+00	1.200443e-02	1.505346e-02	7.721878e-03	3.765770e-02	-1.253253e-02
4.900000e+00	8.540814e-03	1.782245e-02	5.023285e-03	3.668902e-02	-2.298383e-02
4.950000e+00	3.478476e-03	2.006167e-02	2.503312e-03	3.345549e-02	-3.319045e-02
5.000000e+00	-2.672848e-03	2.132516e-02	-7.976880e-04	2.885383e-02	-4.183310e-02
5.050000e+00	-9.111732e-03	2.124003e-02	-4.556249e-03	2.230828e-02	-4.827422e-02
5.100000e+00	-1.511882e-02	1.968461e-02	-1.006710e-02	1.459768e-02	-5.355964e-02
5.150000e+00	-1.992395e-02	1.665492e-02	-1.728631e-02	1.070865e-02	-5.511940e-02
5.200000e+00	-2.297292e-02	1.249766e-02	-2.310296e-02	8.707013e-03	-5.241570e-02
5.250000e+00	-2.404189e-02	8.508203e-03	-2.384216e-02	6.726473e-03	-4.538021e-02
5.300000e+00	-2.325849e-02	8.243855e-03	-2.313374e-02	4.372279e-03	-4.763977e-02
5.350000e+00	-2.099976e-02	1.270439e-02	-2.028545e-02	8.977058e-03	-5.130847e-02
5.400000e+00	-1.777695e-02	1.831807e-02	-1.366758e-02	1.659190e-02	-5.219445e-02
5.450000e+00	-1.400463e-02	2.318337e-02	-5.810321e-03	2.718891e-02	-5.393804e-02
5.500000e+00	-1.005993e-02	2.657859e-02	-3.912345e-03	3.668856e-02	-5.326254e-02
5.550000e+00	-6.028641e-03	2.818833e-02	-3.982641e-03	4.292745e-02	-4.933118e-02
5.600000e+00	-1.806005e-03	2.805132e-02	-7.397850e-04	4.631603e-02	-4.251741e-02
5.650000e+00	2.781142e-03	2.640456e-02	1.920576e-03	4.749505e-02	-3.766960e-02
5.700000e+00	7.769656e-03	2.386220e-02	5.757406e-03	4.844421e-02	-3.069718e-02
5.750000e+00	1.299754e-02	2.098523e-02	1.122813e-02	5.228016e-02	-2.764211e-02
5.800000e+00	1.802181e-02	1.822744e-02	1.893399e-02	5.593731e-02	-2.663608e-02
5.850000e+00	2.212456e-02	1.576659e-02	2.218337e-02	5.818328e-02	-2.425600e-02
5.900000e+00	2.464646e-02	1.376468e-02	2.401332e-02	5.983860e-02	-2.010219e-02
5.950000e+00	2.507155e-02	1.242501e-02	2.500555e-02	5.729202e-02	-1.443989e-02
6.000000e+00	2.324526e-02	1.249446e-02	2.384442e-02	5.238597e-02	-1.411518e-02
6.050000e+00	1.935562e-02	1.482350e-02	1.983789e-02	5.412601e-02	-1.797413e-02
6.100000e+00	1.422339e-02	1.915289e-02	1.530764e-02	5.344755e-02	-2.545646e-02
6.150000e+00	8.754563e-03	2.416697e-02	9.097489e-03	4.977486e-02	-3.887191e-02
6.200000e+00	3.792107e-03	2.845954e-02	4.017870e-03	4.676289e-02	-5.067622e-02
6.250000e+00	-1.215818e-04	3.091159e-02	1.702095e-03	4.530033e-02	-5.694487e-02
6.300000e+00	-2.879970e-03	3.090347e-02	-1.406855e-03	4.424608e-02	-5.959720e-02
6.350000e+00	-4.798544e-03	2.846570e-02	-3.931087e-03	4.322246e-02	-6.545671e-02
6.400000e+00	-6.456455e-03	2.428794e-02	-6.680145e-03	3.897612e-02	-6.599154e-02
6.450000e+00	-8.448287e-03	1.952785e-02	-9.824303e-03	3.225455e-02	-6.257477e-02
6.500000e+00	-1.113159e-02	1.539538e-02	-1.191289e-02	2.481591e-02	-5.735598e-02
6.550000e+00	-1.445259e-02	1.248746e-02	-1.507531e-02	1.867459e-02	-5.184787e-02
6.600000e+00	-1.787881e-02	1.068328e-02	-1.785688e-02	1.492654e-02	-4.868281e-02
6.650000e+00	-2.059977e-02	9.421651e-03	-2.037975e-02	1.039287e-02	-4.887350e-02
6.700000e+00	-2.175041e-02	8.509649e-03	-2.192552e-02	5.238989e-03	-4.527327e-02
6.750000e+00	-2.068197e-02	8.356092e-03	-2.133420e-02	5.366924e-03	-3.944605e-02
6.800000e+00	-1.717274e-02	1.016756e-02	-1.713322e-02	1.706202e-02	-4.302423e-02
6.850000e+00	-1.151547e-02	1.491008e-02	-1.008613e-02	3.054164e-02	-4.507541e-02
6.900000e+00	-4.460299e-03	2.197371e-02	1.227902e-04	4.407189e-02	-4.565358e-02
6.950000e+00	2.962455e-03	2.979115e-02	7.644984e-03	5.737559e-02	-4.720197e-02
7.000000e+00	9.681320e-03	3.646979e-02	1.309114e-02	7.531196e-02	-4.767113e-02
7.050000e+00	1.475682e-02	4.008520e-02	1.654583e-02	8.603433e-02	-4.441314e-02
7.100000e+00	1.770132e-02	3.949550e-02	1.602595e-02	8.780477e-02	-4.053615e-02
7.150000e+00	1.843110e-02	3.443962e-02	1.118627e-02	8.502264e-02	-3.493260e-02
7.200000e+00	1.722075e-02	2.583428e-02	8.385408e-03	7.438668e-02	-2.431288e-02
7.250000e+00	1.458353e-02	1.627982e-02	1.205377e-02	5.798791e-02	-2.341810e-02
7.300000e+00	1.112976e-02	1.256376e-02	1.172539e-02	3.924485e-02	-3.917475e-02
7.350000e+00	7.441974e-03	1.861192e-02	9.902133e-03	4.512217e-02	-5.448793e-02
7.400000e+00	3.989685e-03	2.612061e-02	3.500209e-03	5.260932e-02	-6.210992e-02
7.450000e+00	1.088727e-03	3.132071e-02	-1.023150e-03	5.492309e-02	-6.214343e-02
7.500000e+00	-1.103789e-03	3.354440e-02	-5.507881e-03	5.266210e-02	-5.485968e-02
7.550000e+00	-2.577253e-03	3.304871e-02	-5.270757e-03	4.835203e-02	-5.580744e-02
7.600000e+00	-3.407722e-03	3.061367e-02	-4.894062e-04	4.299611e-02	-5.676516e-02
7.650000e+00	-3.779941e-03	2.697984e-02	3.167995e-03	3.842861e-02	-5.539435e-02
7.700000e+00	-3.921249e-03	2.273156e-02	9.695978e-04	3.476664e-02	-5.325854e-02
7.750000e+00	-4.055404e-03	1.830344e-02	-5.191138e-05	3.150109e-02	-4.974382e-02
7.800000e+00	-4.351736e-03	1.412981e-02	-1.248532e-03	3.316770e-02	-4.565136e-02
7.850000e+00	-4.878558e-03	1.089862e-02	-4.293427e-03	3.558470e-02	-4.073601e-02
7.900000e+00	-5.574461e-03	9.653537e-03	-5.744598e-03	3.504204e-02	-3.489943e-02
7.950000e+00	-6.250508e-03	1.073086e-02	-6.067907e-03	3.587683e-02	-3.051739e-02
8.000000e+00	-6.629353e-03	1.296986e-02	-6.651048e-03	3.859251e-02	-3.726296e-02
8.050000e+00	-6.400381e-03	1.516720e-02	-6.490427e-03	3.720981e-02	-4.461360e-02
8.100000e+00	-5.344928e-03	1.679846e-02	-4.783074e-03	3.166265e-02	-4.810885e-02
8.150000e+00	-3.395122e-03	1.779455e-02	-1.021349e-03	3.257386e-02	-4.699417e-02
8.200000e+00	-6.825817e-04	1.835861e-02	3.224796e-03	4.024762e-02	-4.119438e-02
8.250000e+00	2.462826e-03	1.874866e-02	6.164405e-03	4.776670e-02	-3.773699e-02
8.300000e+00	5.562532e-03	1.905712e-02	6.357354e-03	5.225236e-02	-3.823938e-02
8.350000e+00	8.077097e-03	1.912040e-02	7.976021e-03	5.468593e-02	-3.633018e-02
8.400000e+00	9.513620e-03	1.861622e-02	7.795785e-03	5.438320e-02	-3.254880e-02
8.450000e+00	9.530190e-03	1.724824e-02	7.141717e-03	5.408667e-02	-2.875642e-02
8.500000e+00	8.016024e-03	1.493523e-02	5.465709e-03	5.129609e-02	-2.463852e-02
8.550000e+00	5.120262e-03	1.205961e-02	3.753993e-03	4.361294e-02	-1.903762e-02
8.600000e+00	1.277279e-03	1.006498e-02	8.173969e-04	3.419078e-02	-2.556235e-02
8.650000e+00	-2.885115e-03	1.107587e-02	-2.734726e-03	2.408569e-02	-3.469189e-02
8.700000e+00	-6.642891e-03	1.468624e-02	-6.046531e-03	2.529004e-02	-4.313109e-02
8.750000e+00	-9.309489e-03	1.865434e-02	-9.492237e-03	2.684825e-02	-5.228169e-02
8.800000e+00	-1.037554e-02	2.145512e-02	-1.215590e-02	3.116577e-02	-5.834082e-02
8.850000e+00	-9.625887e-03	2.236688e-02	-9.195329e-03	3.593386e-02	-5.519965e-02
8.900000e+00	-7.204421e-03	2.133088e-02	-7.293544e-03	4.104462e-02	-4.897604e-02
8.950000e+00	-3.603535e-03	1.888375e-02	-2.070745e-03	4.329847e-02	-5.019512e-02
9.000000e+00	4.301363e-04	1.598624e-02	2.717230e-03	4.218027e-02	-5.094787e-02
9.050000e+00	4.071472e-03	1.362733e-02	6.157935e-03	3.719001e-02	-4.650504e-02
9.100000e+00	6.572520e-03	1.223412e-02	7.114578e-03	4.314195e-02	-3.764260e-02
9.150000e+00	7.511594e-03	1.147323e-02	6.755255e-03	4.348791e-02	-2.600156e-02
9.200000e+00	6.884458e-03	1.087993e-02	6.049982e-03	4.110435e-02	-2.596510e-02
9.250000e+00	5.100302e-03	1.037604e-02	5.000160e-03	3.571970e-02	-2.398329e-02
9.300000e+00	2.855677e-03	1.009377e-02	3.685156e-03	2.910737e-02	-2.559401e-02
9.350000e+00	9.183694e-04	1.003778e-02	2.093426e-03	2.389718e-02	-3.064020e-02
9.400000e+00	-1.146949e-04	1.013327e-02	1.404511e-03	2.252307e-02	-3.183098e-02
9.450000e+00	-8.294908e-06	1.045267e-02	1.589584e-03	2.435445e-02	-3.112086e-02
9.500000e+00	1.036456e-03	1.109847e-02	2.369611e-03	2.725891e-02	-3.009504e-02
9.550000e+00	2.450151e-03	1.186917e-02	3.151130e-03	2.991015e-02	-2.768021e-02
9.600000e+00	3.492852e-03	1.227398e-02	4.392575e-03	3.126034e-02	-2.608160e-02
9.650000e+00	3.519488e-03	1.194632e-02	4.397912e-03	2.953916e-02	-2.718743e-02
9.700000e+00	2.214984e-03	1.097947e-02	2.067779e-03	3.421946e-02	-2.628989e-02
9.750000e+00	-2.785988e-04	1.001497e-02	-1.085875e-03	3.664183e-02	-2.383477e-02
9.800000e+00	-3.391319e-03	9.838811e-03	-3.833214e-03	3.533829e-02	-3.488969e-02
9.850000e+00	-6.303939e-03	1.048356e-02	-5.720002e-03	3.024374e-02	-4.422081e-02
9.900000e+00	-8.215850e-03	1.117885e-02	-6.533583e-03	2.148850e-02	-4.966017e-02
9.950000e+00	-8.609883e-03	1.125782e-02	-6.698605e-03	1.601415e-02	-4.946250e-02
1.000000e+01	-7.421699e-03	1.061022e-02	-6.313617e-03	1.409932e-02	-4.350723e-02
1.005000e+01	-5.040840e-03	9.624069e-03	-4.742520e-03	1.615662e-02	-3.364004e-02
1.010000e+01	-2.211827e-03	8.875664e-03	-1.888933e-03	1.946226e-02	-2.653769e-02
1.015000e+01	2.515371e-04	8.606543e-03	-1.610670e-04	2.347489e-02	-2.523457e-02
1.020000e+01	1.741830e-03	8.554773e-03	1.648828e-03	3.156799e-02	-2.537051e-02
1.025000e+01	2.052249e-03	8.437544e-03	2.049331e-03	3.436153e-02	-2.509180e-02
1.030000e+01	1.422283e-03	8.328459e-03	1.453740e-03	3.187506e-02	-2.638705e-02
1.035000e+01	4.232302e-04	8.454778e-03	9.722832e-04	2.517382e-02	-3.064381e-02
1.040000e+01	-2.699682e-04	8.745388e-03	8.028171e-05	2.576598e-02	-3.001793e-02
1.045000e+01	-1.345265e-04	8.836996e-03	-1.330159e-04	2.712281e-02	-2.475451e-02
1.050000e+01	1.009957e-03	8.562328e-03	1.089563e-03	2.545671e-02	-2.070849e-02
1.055000e+01	2.942800e-03	8.301392e-03	2.618079e-03	2.944378e-02	-1.758204e-02
1.060000e+01	5.130546e-03	8.698772e-03	4.467981e-03	3.517480e-02	-1.285170e-02
1.065000e+01	6.923456e-03	9.746005e-03	5.251105e-03	3.824920e-02	-1.328982e-02
1.070000e+01	7.783532e-03	1.067994e-02	5.923857e-03	3.768158e-02	-1.584797e-02
1.075000e+01	7.459632e-03	1.084457e-02	7.305700e-03	3.403118e-02	-1.953534e-02
1.080000e+01	6.049229e-03	1.020039e-02	7.072327e-03	3.077553e-02	-2.554370e-02
1.085000e+01	3.931896e-03	9.339185e-03	4.972667e-03	2.466579e-02	-2.984242e-02
1.090000e+01	1.608575e-03	8.996355e-03	1.559477e-03	2.627883e-02	-3.240794e-02
1.095000e+01	-4.856010e-04	9.197631e-03	-9.796639e-04	2.714621e-02	-3.208486e-02
1.100000e+01	-2.121050e-03	9.304355e-03	-1.573790e-03	2.542914e-02	-2.888202e-02
1.105000e+01	-3.330042e-03	8.946215e-03	-2.779173e-03	2.129687e-02	-2.688724e-02
1.110000e+01	-4.301276e-03	8.391635e-03	-4.143105e-03	1.721497e-02	-2.732611e-02
1.115000e+01	-5.262863e-03	8.196055e-03	-5.367014e-03	1.929793e-02	-3.207718e-02
1.120000e+01	-6.327581e-03	8.450950e-03	-6.121624e-03	1.949295e-02	-3.440330e-02
1.125000e+01	-7.400476e-03	8.746370e-03	-7.738340e-03	1.808352e-02	-3.435524e-02
1.130000e+01	-8.183042e-03	8.872277e-03	-8.923726e-03	2.102268e-02	-3.220638e-02
1.135000e+01	-8.275451e-03	9.037850e-03	-8.912863e-03	2.446841e-02	-3.065192e-02
1.140000e+01	-7.338715e-03	9.384164e-03	-8.331619e-03	2.572289e-02	-2.737708e-02
1.145000e+01	-5.253617e-03	9.582071e-03	-6.255875e-03	2.495622e-02	-2.591128e-02
1.150000e+01	-2.212457e-03	9.174872e-03	-2.447713e-03	2.303063e-02	-2.470538e-02
1.155000e+01	1.296423e-03	8.164135e-03	1.752236e-03	2.030063e-02	-2.582940e-02
1.160000e+01	4.611613e-03	7.247815e-03	4.862442e-03	2.278510e-02	-2.365374e-02
1.165000e+01	7.088966e-03	7.262822e-03	7.297561e-03	2.921959e-02	-1.886936e-02
1.170000e+01	8.293347e-03	7.962570e-03	8.720846e-03	3.218698e-02	-1.383926e-02
1.175000e+01	8.124631e-03	8.424887e-03	8.331274e-03	3.164258e-02	-1.386959e-02
1.180000e+01	6.834391e-03	8.269291e-03	6.601158e-03	2.776426e-02	-1.396865e-02
1.185000e+01	4.929203e-03	7.820342e-03	4.629624e-03	2.786892e-02	-1.836129e-02
1.190000e+01	2.996708e-03	7.566977e-03	3.101201e-03	2.661250e-02	-2.040415e-02
1.195000e+01	1.516641e-03	7.463605e-03	1.724332e-03	2.402831e-02	-1.998533e-02
1.200000e+01	7.217307e-04	7.051896e-03	9.050603e-04	2.039825e-02	-2.073719e-02
1.205000e+01	5.514021e-04	6.260403e-03	5.931065e-04	1.746561e-02	-1.939899e-02
1.210000e+01	7.108400e-04	5.777097e-03	6.657877e-04	1.512453e-02	-1.899916e-02
1.215000e+01	8.092263e-04	6.368549e-03	8.016291e-04	1.981144e-02	-1.698732e-02
1.220000e+01	5.100774e-04	7.523749e-03	1.295760e-04	2.709828e-02	-2.303133e-02
1.225000e+01	-3.434327e-04	8.291624e-03	-7.507269e-04	3.067503e-02	-2.614796e-02
1.230000e+01	-1.674290e-03	8.349657e-03	-1.816548e-03	2.937207e-02	-2.571811e-02
1.235000e+01	-3.202436e-03	8.032820e-03	-3.475588e-03	2.462187e-02	-2.497799e-02
1.240000e+01	-4.544611e-03	7.896356e-03	-4.845309e-03	1.855353e-02	-2.304466e-02
1.245000e+01	-5.345069e-03	8.047685e-03	-5.079404e-03	1.613715e-02	-2.140346e-02
1.250000e+01	-5.391191e-03	8.057510e-03	-5.231833e-03	1.541869e-02	-2.357342e-02
1.255000e+01	-4.676300e-03	7.564559e-03	-4.592271e-03	1.325045e-02	-2.420401e-02
1.260000e+01	-3.392215e-03	6.658334e-03	-3.376766e-03	1.309584e-02	-2.169571e-02
1.265000e+01	-1.858712e-03	5.801045e-03	-1.920494e-03	1.253936e-02	-1.906658e-02
1.270000e+01	-4.174845e-04	5.393304e-03	-4.804756e-04	1.262572e-02	-1.628601e-02
1.275000e+01	6.720076e-04	5.333498e-03	9.909128e-04	1.398864e-02	-1.440707e-02
1.280000e+01	1.300826e-03	5.284329e-03	1.345501e-03	1.484415e-02	-1.349543e-02
1.285000e+01	1.523330e-03	5.162740e-03	1.426331e-03	1.499703e-02	-1.212966e-02
1.290000e+01	1.514675e-03	5.117925e-03	1.252223e-03	1.552198e-02	-1.175810e-02
1.295000e+01	1.491594e-03	5.233201e-03	1.360223e-03	1.499999e-02	-1.443635e-02
1.300000e+01	1.625906e-03	5.420894e-03	1.548567e-03	1.796046e-02	-1.464534e-02
1.305000e+01	1.980437e-03	5.596515e-03	1.862100e-03	2.130009e-02	-1.225739e-02
1.310000e+01	2.487927e-03	5.743753e-03	2.240889e-03	2.274734e-02	-1.070407e-02
1.315000e+01	2.983254e-03	5.852265e-03	2.772213e-03	2.221693e-02	-1.055788e-02
1.320000e+01	3.256838e-03	5.827857e-03	3.243048e-03	1.980617e-02	-9.680292e-03
1.325000e+01	3.128585e-03	5.571474e-03	2.992260e-03	1.729320e-02	-1.116387e-02
1.330000e+01	2.513132e-03	5.118297e-03	2.134705e-03	1.602892e-02	-1.222218e-02
1.335000e+01	1.455939e-03	4.691460e-03	1.342222e-03	1.405337e-02	-1.226334e-02
1.340000e+01	1.292686e-04	4.578138e-03	2.810120e-04	1.221086e-02	-1.366205e-02
1.345000e+01	-1.210560e-03	4.856086e-03	-1.117051e-03	1.302442e-02	-1.520454e-02
1.350000e+01	-2.291750e-03	5.340018e-03	-2.138836e-03	1.463991e-02	-1.625909e-02
1.355000e+01	-2.901126e-03	5.827691e-03	-2.943596e-03	1.490073e-02	-1.623271e-02
1.360000e+01	-2.942084e-03	6.230777e-03	-3.135886e-03	1.371462e-02	-1.853155e-02
1.365000e+01	-2.459687e-03	6.526990e-03	-2.079888e-03	1.260375e-02	-2.082520e-02
1.370000e+01	-1.625905e-03	6.678658e-03	-1.358860e-03	1.456696e-02	-1.993191e-02
1.375000e+01	-6.896580e-04	6.603564e-03	-4.465113e-04	1.648842e-02	-1.628619e-02
1.380000e+01	9.348042e-05	6.216858e-03	5.124360e-04	1.688359e-02	-1.589520e-02
1.385000e+01	5.313686e-04	5.519721e-03	9.129210e-04	1.543663e-02	-1.723078e-02
1.390000e+01	5.449869e-04	4.703389e-03	5.593685e-04	1.305532e-02	-1.679248e-02
1.395000e+01	1.839929e-04	4.197834e-03	-1.617687e-04	1.245409e-02	-1.414689e-02
1.400000e+01	-3.951546e-04	4.369386e-03	-6.136360e-04	1.323870e-02	-1.052527e-02
1.405000e+01	-9.833368e-04	5.005980e-03	-9.950664e-04	1.353959e-02	-1.215393e-02
1.410000e+01	-1.379536e-03	5.565820e-03	-1.402555e-03	1.474140e-02	-1.309431e-02
1.415000e+01	-1.443926e-03	5.745996e-03	-1.325060e-03	1.508533e-02	-1.558976e-02
1.420000e+01	-1.135030e-03	5.541795e-03	-8.581957e-04	1.305853e-02	-1.608996e-02
1.425000e+01	-5.142210e-04	5.150643e-03	-3.689396e-04	1.382038e-02	-1.385129e-02
1.430000e+01	2.795369e-04	4.802395e-03	3.077999e-04	1.383302e-02	-1.132568e-02
1.435000e+01	1.074537e-03	4.574253e-03	7.920082e-04	1.321816e-02	-1.049386e-02
1.440000e+01	1.715315e-03	4.377753e-03	1.498699e-03	1.519961e-02	-9.329360e-03
1.445000e+01	2.100378e-03	4.141993e-03	2.153649e-03	1.659509e-02	-8.331542e-03
1.450000e+01	2.198449e-03	3.944926e-03	2.013313e-03	1.614706e-02	-7.845719e-03
1.455000e+01	2.041223e-03	3.941804e-03	2.067365e-03	1.379450e-02	-8.293197e-03
1.460000e+01	1.698793e-03	4.164091e-03	1.936671e-03	1.310719e-02	-9.740606e-03
1.465000e+01	1.249168e-03	4.465402e-03	1.506999e-03	1.182178e-02	-1.215480e-02
1.470000e+01	7.539513e-04	4.679519e-03	1.176011e-03	1.277010e-02	-1.304248e-02
1.475000e+01	2.483225e-04	4.742817e-03	3.956253e-04	1.402990e-02	-1.281870e-02
1.480000e+01	-2.532260e-04	4.700776e-03	-7.460648e-05	1.297019e-02	-1.417150e-02
1.485000e+01	-7.406669e-04	4.649239e-03	-4.300173e-04	1.198970e-02	-1.462762e-02
1.490000e+01	-1.191159e-03	4.653517e-03	-6.773606e-04	1.148722e-02	-1.626612e-02
1.495000e+01	-1.560162e-03	4.700358e-03	-1.127192e-03	1.117544e-02	-1.645597e-02
1.500000e+01	-1.786433e-03	4.722333e-03	-1.746875e-03	1.170929e-02	-1.503814e-02
1.505000e+01	-1.811430e-03	4.671613e-03	-1.928106e-03	1.244656e-02	-1.317011e-02
1.510000e+01	-1.599479e-03	4.510900e-03	-1.630353e-03	1.207643e-02	-1.341438e-02
1.515000e+01	-1.163404e-03	4.254973e-03	-1.092911e-03	1.089103e-02	-1.351905e-02
1.520000e+01	-5.698691e-04	3.951342e-03	-4.524823e-04	1.027041e-02	-1.258107e-02
1.525000e+01	7.057740e-05	3.686320e-03	6.423971e-05	1.042678e-02	-1.150267e-02
1.530000e+01	6.294504e-04	3.576404e-03	6.034836e-04	1.047901e-02	-1.014148e-02
1.535000e+01	9.946272e-04	3.689737e-03	9.426213e-04	1.260002e-02	-1.062018e-02
1.540000e+01	1.101956e-03	3.956578e-03	1.096581e-03	1.332534e-02	-1.279560e-02
1.545000e+01	9.536298e-04	4.215545e-03	9.827812e-04	1.273318e-02	-1.295902e-02
1.550000e+01	6.170313e-04	4.336467e-03	8.054788e-04	1.206273e-02	-1.139259e-02
1.555000e+01	2.042257e-04	4.284251e-03	2.889259e-04	1.149026e-02	-1.137898e-02
1.560000e+01	-1.613665e-04	4.107121e-03	-9.719765e-05	1.040006e-02	-1.162097e-02
1.565000e+01	-3.805063e-04	3.881287e-03	-3.468251e-04	1.100467e-02	-1.127547e-02
1.570000e+01	-4.048480e-04	3.658019e-03	-3.315860e-04	1.239034e-02	-1.081822e-02
1.575000e+01	-2.470204e-04	3.456503e-03	-1.152404e-04	1.243625e-02	-9.289609e-03
1.580000e+01	2.807765e-05	3.290632e-03	2.393344e-04	1.113791e-02	-1.051854e-02
1.585000e+01	3.268533e-04	3.175680e-03	5.384758e-04	9.267678e-03	-1.034906e-02
1.590000e+01	5.571181e-04	3.112498e-03	5.822362e-04	1.042814e-02	-8.646333e-03
1.595000e+01	6.549126e-04	3.104877e-03	5.352707e-04	1.124275e-02	-9.588296e-03
1.600000e+01	6.000895e-04	3.203473e-03	3.720164e-04	1.158282e-02	-1.129756e-02
1.605000e+01	4.072898e-04	3.482026e-03	1.100833e-04	1.317199e-02	-1.174502e-02
1.610000e+01	1.439997e-04	3.911783e-03	-3.684462e-05	1.421342e-02	-1.087281e-02
1.615000e+01	-1.187599e-04	4.343840e-03	-1.364475e-04	1.334681e-02	-1.200236e-02
1.620000e+01	-3.229057e-04	4.605651e-03	-2.570552e-04	1.138306e-02	-1.223027e-02
1.625000e+01	-4.385613e-04	4.599513e-03	-3.349285e-04	9.451463e-03	-1.266984e-02
1.630000e+01	-4.677627e-04	4.338232e-03	-3.503256e-04	1.055249e-02	-1.272192e-02
1.635000e+01	-4.367666e-04	3.926531e-03	-3.609778e-04	1.024707e-02	-1.094053e-02
1.640000e+01	-3.810237e-04	3.509102e-03	-3.953737e-04	1.002524e-02	-9.386421e-03
1.645000e+01	-3.290546e-04	3.211519e-03	-3.912298e-04	1.059450e-02	-1.023068e-02
1.650000e+01	-2.913174e-04	3.098827e-03	-3.528835e-04	9.823329e-03	-1.000257e-02
1.655000e+01	-2.578897e-04	3.160177e-03	-2.460131e-04	7.968651e-03	-9.366746e-03
1.660000e+01	-2.053169e-04	3.318698e-03	-2.905471e-04	8.962994e-03	-1.076238e-02
1.665000e+01	-1.095658e-04	3.470754e-03	-7.551599e-05	1.101802e-02	-1.188440e-02
1.670000e+01	4.016606e-05	3.540453e-03	9.734289e-05	1.172761e-02	-1.185208e-02
1.675000e+01	2.322859e-04	3.515809e-03	2.319441e-04	1.147772e-02	-1.053458e-02
1.680000e+01	4.320853e-04	3.440886e-03	5.045420e-04	1.036021e-02	-9.029772e-03
1.685000e+01	5.902224e-04	3.364463e-03	6.367271e-04	9.027773e-03	-7.780161e-03
1.690000e+01	6.578505e-04	3.289472e-03	5.969283e-04	1.074289e-02	-7.509372e-03
1.695000e+01	6.033761e-04	3.181767e-03	5.848166e-04	1.132432e-02	-8.776286e-03
1.700000e+01	4.250567e-04	3.028265e-03	4.884173e-04	1.063442e-02	-9.130987e-03
1.705000e+01	1.541374e-04	2.877358e-03	3.386545e-04	9.056459e-03	-7.927591e-03
1.710000e+01	-1.460288e-04	2.807631e-03	-1.223067e-04	8.078166e-03	-8.224808e-03
1.715000e+01	-4.055130e-04	2.858571e-03	-4.142459e-04	8.071898e-03	-8.965568e-03
1.720000e+01	-5.642246e-04	2.973265e-03	-6.346735e-04	8.024650e-03	-9.384219e-03
1.725000e+01	-5.894212e-04	3.045719e-03	-6.693078e-04	8.176287e-03	-8.558608e-03
1.730000e+01	-4.850336e-04	2.997695e-03	-6.492921e-04	8.817572e-03	-8.686074e-03
1.735000e+01	-2.897356e-04	2.820282e-03	-3.477705e-04	1.006581e-02	-8.414427e-03
1.740000e+01	-6.438332e-05	2.587535e-03	-1.535780e-05	9.781865e-03	-8.359156e-03
1.745000e+01	1.270579e-04	2.439186e-03	1.586677e-04	8.141228e-03	-7.213020e-03
1.750000e+01	2.368777e-04	2.486074e-03	3.077093e-04	7.321361e-03	-6.254677e-03
1.755000e+01	2.470555e-04	2.687701e-03	3.504871e-04	8.662440e-03	-7.016866e-03
1.760000e+01	1.726329e-04	2.892920e-03	1.253253e-04	1.012629e-02	-7.500658e-03
1.765000e+01	5.433588e-05	2.974361e-03	-6.528079e-05	1.060973e-02	-7.587907e-03
1.770000e+01	-5.665563e-05	2.890005e-03	-1.796744e-04	9.763133e-03	-7.173985e-03
1.775000e+01	-1.163832e-04	2.685500e-03	-2.190064e-04	8.975687e-03	-7.403860e-03
1.780000e+01	-1.022456e-04	2.472888e-03	-1.087965e-04	8.252832e-03	-7.768244e-03
1.785000e+01	-1.909375e-05	2.378935e-03	-1.089288e-04	7.504050e-03	-7.175563e-03
1.790000e+01	1.042520e-04	2.456520e-03	9.156397e-05	7.647594e-03	-6.652416e-03
1.795000e+01	2.262401e-04	2.643037e-03	1.530084e-04	8.388276e-03	-7.000842e-03
1.800000e+01	3.072165e-04	2.827635e-03	2.031147e-04	9.718259e-03	-8.411185e-03
1.805000e+01	3.239380e-04	2.929137e-03	2.891140e-04	9.809870e-03	-8.406306e-03
1.810000e+01	2.686802e-04	2.909814e-03	2.959162e-04	8.689620e-03	-8.187601e-03
1.815000e+01	1.581120e-04	2.785348e-03	2.626028e-04	7.051980e-03	-9.067667e-03
1.820000e+01	2.234668e-05	2.610406e-03	2.331483e-04	6.797576e-03	-9.657557e-03
1.825000e+01	-1.067553e-04	2.450888e-03	2.355923e-05	7.314237e-03	-9.494897e-03
1.830000e+01	-2.062520e-04	2.342272e-03	-1.904500e-04	7.960782e-03	-8.572308e-03
1.835000e+01	-2.678677e-04	2.269018e-03	-3.367418e-04	7.771704e-03	-7.550154e-03
1.840000e+01	-2.971607e-04	2.196290e-03	-3.623142e-04	6.591514e-03	-6.890526e-03
1.845000e+01	-3.071675e-04	2.122196e-03	-4.080039e-04	6.923224e-03	-6.638505e-03
1.850000e+01	-3.096939e-04	2.093898e-03	-3.630196e-04	7.849764e-03	-6.358953e-03
1.855000e+01	-3.081716e-04	2.162739e-03	-3.817979e-04	7.829197e-03	-6.772274e-03
1.860000e+01	-2.951379e-04	2.318476e-03	-2.814508e-04	6.925005e-03	-6.903830e-03
1.865000e+01	-2.553686e-04	2.490976e-03	-3.220501e-04	8.265900e-03	-7.533219e-03
1.870000e+01	-1.733337e-04	2.611195e-03	-2.765931e-04	9.086820e-03	-7.939611e-03
1.875000e+01	-4.190108e-05	2.652814e-03	-1.904223e-04	9.097464e-03	-7.595272e-03
1.880000e+01	1.312832e-04	2.632576e-03	4.925315e-05	1.003682e-02	-7.366829e-03
1.885000e+01	3.224116e-04	2.584615e-03	3.832866e-04	9.504231e-03	-6.301680e-03
1.890000e+01	4.959299e-04	2.530495e-03	4.901410e-04	8.228294e-03	-6.618122e-03
1.895000e+01	6.134466e-04	2.468539e-03	5.376524e-04	8.782508e-03	-6.059964e-03
1.900000e+01	6.442795e-04	2.389213e-03	5.647557e-04	8.197068e-03	-5.001285e-03
1.905000e+01	5.756522e-04	2.302150e-03	4.999498e-04	8.265218e-03	-4.479002e-03
1.910000e+01	4.119925e-04	2.232677e-03	3.559700e-04	8.037939e-03	-5.312853e-03
1.915000e+01	1.801161e-04	2.219537e-03	2.747412e-04	8.261764e-03	-6.476694e-03
1.920000e+01	-7.887932e-05	2.275839e-03	-7.493981e-05	7.505983e-03	-6.878558e-03
1.925000e+01	-3.188884e-04	2.369750e-03	-3.108040e-04	6.961450e-03	-7.881784e-03
1.930000e+01	-4.986529e-04	2.445241e-03	-5.436863e-04	7.411819e-03	-7.642678e-03
1.935000e+01	-5.898485e-04	2.461841e-03	-5.792677e-04	6.876154e-03	-6.764194e-03
1.940000e+01	-5.818807e-04	2.420343e-03	-6.576658e-04	6.639394e-03	-7.074202e-03
1.945000e+01	-4.828715e-04	2.358085e-03	-6.210911e-04	6.574368e-03	-6.646951e-03
1.950000e+01	-3.171515e-04	2.311759e-03	-3.701318e-04	5.985551e-03	-6.627575e-03
1.955000e+01	-1.200615e-04	2.276896e-03	-1.341296e-04	5.835673e-03	-6.625262e-03
1.960000e+01	6.893991e-05	2.215214e-03	1.245771e-04	5.798375e-03	-5.746023e-03
1.965000e+01	2.138107e-04	2.108583e-03	3.012081e-04	6.476020e-03	-5.376736e-03
1.970000e+01	2.889759e-04	2.000064e-03	2.888689e-04	6.464103e-03	-5.866392e-03
1.975000e+01	2.846717e-04	1.968893e-03	3.262306e-04	6.160717e-03	-6.001587e-03
1.980000e+01	2.093547e-04	2.039427e-03	2.417485e-04	7.002292e-03	-5.571417e-03
1.985000e+01	8.824144e-05	2.139747e-03	5.945530e-05	7.079773e-03	-5.575406e-03
1.990000e+01	-4.225082e-05	2.177730e-03	-1.040473e-04	6.598971e-03	-6.387677e-03
1.995000e+01	-1.433306e-04	2.119488e-03	-1.160776e-04	5.902651e-03	-6.308935e-03
2.000000e+01	-1.839794e-04	2.002757e-03	-1.842217e-04	5.108579e-03	-5.702157e-03
