# k	<chi>	std	chi_median	chi_max	chi_min
0.000000e+00	2.051511e-01	2.199055e-01	0.000000e+00	8.390437e-01	0.000000e+00
5.000000e-02	4.016420e-01	7.657148e-02	4.054585e-01	8.229067e-01	0.000000e+00
1.000000e-01	3.823954e-01	7.577115e-02	3.854825e-01	8.063016e-01	0.000000e+00
1.500000e-01	3.236762e-01	7.350012e-02	3.290363e-01	7.538039e-01	0.000000e+00
2.000000e-01	2.632505e-01	7.146873e-02	2.683511e-01	6.975977e-01	-1.127617e-02
2.500000e-01	1.607493e-01	6.879300e-02	1.644980e-01	5.977879e-01	-1.086180e-01
3.000000e-01	5.560017e-02	6.718012e-02	5.878082e-02	4.903312e-01	-2.052681e-01
3.500000e-01	-9.053504e-02	6.692378e-02	-8.821572e-02	3.335730e-01	-3.344812e-01
4.000000e-01	-2.364101e-01	6.896902e-02	-2.367306e-01	1.692325e-01	-4.581615e-01
4.500000e-01	-4.134493e-01	7.404480e-02	-4.170886e-01	0.000000e+00	-6.159340e-01
5.000000e-01	-5.803954e-01	8.084987e-02	-5.863958e-01	0.000000e+00	-7.837275e-01
5.500000e-01	-7.572438e-01	8.927706e-02	-7.643778e-01	0.000000e+00	-9.526983e-01
6.000000e-01	-9.066130e-01	9.685337e-02	-9.134758e-01	0.000000e+00	-1.085811e+00
6.500000e-01	-1.035028e+00	1.030078e-01	-1.043022e+00	0.000000e+00	-1.187950e+00
7.000000e-01	-1.115556e+00	1.060584e-01	-1.126010e+00	0.000000e+00	-1.257158e+00
7.500000e-01	-1.144041e+00	1.054387e-01	-1.154751e+00	0.000000e+00	-1.263066e+00
8.000000e-01	-1.112108e+00	1.011379e-01	-1.122696e+00	0.000000e+00	-1.213192e+00
8.500000e-01	-1.013131e+00	9.299700e-02	-1.023562e+00	0.000000e+00	-1.114939e+00
9.000000e-01	-8.626075e-01	8.261365e-02	-8.724143e-01	0.000000e+00	-1.001381e+00
9.500000e-01	-6.608495e-01	7.038373e-02	-6.680974e-01	0.000000e+00	-8.270316e-01
1.000000e+00	-4.434420e-01	5.877249e-02	-4.469422e-01	0.000000e+00	-6.350452e-01
1.050000e+00	-2.207917e-01	4.858347e-02	-2.202416e-01	0.000000e+00	-4.283186e-01
1.100000e+00	-3.271683e-02	4.180205e-02	-3.157639e-02	6.964685e-02	-2.388515e-01
1.150000e+00	1.079492e-01	3.819268e-02	1.102460e-01	1.939253e-01	-7.783024e-02
1.200000e+00	1.796926e-01	3.662830e-02	1.833755e-01	2.533856e-01	0.000000e+00
1.250000e+00	1.811193e-01	3.537297e-02	1.876849e-01	2.514872e-01	0.000000e+00
1.300000e+00	1.231704e-01	3.366344e-02	1.261803e-01	2.014520e-01	-1.592554e-02
1.350000e+00	2.260203e-02	3.200779e-02	2.385899e-02	1.034060e-01	-9.943746e-02
1.400000e+00	-8.555049e-02	3.119398e-02	-8.533818e-02	0.000000e+00	-1.825555e-01
1.450000e+00	-1.769887e-01	3.128792e-02	-1.797837e-01	0.000000e+00	-2.589412e-01
1.500000e+00	-2.213141e-01	3.069675e-02	-2.246989e-01	0.000000e+00	-2.843982e-01
1.550000e+00	-2.078271e-01	2.815433e-02	-2.123410e-01	0.000000e+00	-2.518228e-01
1.600000e+00	-1.372054e-01	2.365545e-02	-1.402742e-01	0.000000e+00	-1.806044e-01
1.650000e+00	-2.291105e-02	1.960564e-02	-2.388658e-02	5.803143e-02	-7.615343e-02
1.700000e+00	1.045672e-01	2.005108e-02	1.051104e-01	1.566847e-01	0.000000e+00
1.750000e+00	2.216593e-01	2.471502e-02	2.235034e-01	2.724973e-01	0.000000e+00
1.800000e+00	2.970246e-01	2.882682e-02	2.997342e-01	3.351668e-01	0.000000e+00
1.850000e+00	3.228359e-01	3.011479e-02	3.260309e-01	3.535489e-01	0.000000e+00
1.900000e+00	2.940051e-01	2.753373e-02	2.971928e-01	3.168530e-01	0.000000e+00
1.950000e+00	2.270428e-01	2.238205e-02	2.293848e-01	2.587528e-01	0.000000e+00
2.000000e+00	1.410461e-01	1.639716e-02	1.419927e-01	1.769767e-01	0.000000e+00
2.050000e+00	5.610476e-02	1.211676e-02	5.578571e-02	1.009976e-01	0.000000e+00
2.100000e+00	-4.071665e-03	1.066414e-02	-4.372438e-03	5.713172e-02	-3.192802e-02
2.150000e+00	-3.065167e-02	9.790268e-03	-3.059576e-02	2.609462e-02	-5.376111e-02
2.200000e+00	-2.881784e-02	8.067073e-03	-2.874246e-02	7.837853e-03	-4.846368e-02
2.250000e+00	-1.862927e-02	6.782545e-03	-1.849816e-02	2.298635e-03	-3.620385e-02
2.300000e+00	-8.383548e-03	6.056213e-03	-8.058039e-03	1.126892e-02	-2.973922e-02
2.350000e+00	-4.585116e-03	5.492408e-03	-4.077265e-03	9.611941e-03	-3.221046e-02
2.400000e+00	-8.677348e-03	4.739601e-03	-8.345046e-03	2.863437e-03	-3.536839e-02
2.450000e+00	-1.075215e-02	4.473075e-03	-1.061477e-02	0.000000e+00	-3.486669e-02
2.500000e+00	-1.380398e-02	4.269486e-03	-1.375878e-02	0.000000e+00	-3.180423e-02
2.550000e+00	-1.649567e-02	4.038484e-03	-1.656380e-02	0.000000e+00	-2.804037e-02
2.600000e+00	-1.754525e-02	3.686990e-03	-1.771198e-02	0.000000e+00	-2.833942e-02
2.650000e+00	-1.853613e-02	3.370259e-03	-1.868205e-02	0.000000e+00	-2.769255e-02
2.700000e+00	-1.811786e-02	3.032862e-03	-1.847342e-02	0.000000e+00	-2.469981e-02
2.750000e+00	-1.638012e-02	2.756882e-03	-1.664236e-02	0.000000e+00	-2.139447e-02
2.800000e+00	-1.381632e-02	2.542427e-03	-1.411919e-02	0.000000e+00	-1.942941e-02
2.850000e+00	-1.207241e-02	2.322532e-03	-1.216000e-02	0.000000e+00	-1.816411e-02
2.900000e+00	-9.611714e-03	1.987820e-03	-9.612924e-03	0.000000e+00	-1.686794e-02
2.950000e+00	-6.822564e-03	1.696926e-03	-6.714249e-03	0.000000e+00	-1.372300e-02
3.000000e+00	-4.037884e-03	1.720531e-03	-3.982133e-03	6.006875e-05	-1.316948e-02
3.050000e+00	-5.235755e-04	2.118086e-03	-4.115881e-04	4.335963e-03	-1.031253e-02
3.100000e+00	2.329179e-03	2.529416e-03	2.415509e-03	8.698600e-03	-6.797298e-03
3.150000e+00	4.096426e-03	2.681244e-03	4.153871e-03	1.101027e-02	-4.001460e-03
3.200000e+00	4.566826e-03	2.517338e-03	4.583451e-03	1.109902e-02	-3.291979e-03
3.250000e+00	3.345136e-03	2.122123e-03	3.391573e-03	8.845149e-03	-3.116609e-03
3.300000e+00	9.245870e-04	1.774335e-03	9.162942e-04	7.157224e-03	-3.765551e-03
3.350000e+00	-1.943631e-03	1.738254e-03	-1.972446e-03	5.164558e-03	-8.035553e-03
3.400000e+00	-4.421865e-03	1.929994e-03	-4.463631e-03	3.426652e-03	-1.075189e-02
3.450000e+00	-5.799089e-03	2.105679e-03	-5.942420e-03	1.228429e-03	-1.079516e-02
3.500000e+00	-5.190535e-03	2.140296e-03	-5.332087e-03	1.389716e-03	-1.093205e-02
3.550000e+00	-2.478176e-03	2.058554e-03	-2.430630e-03	2.735568e-03	-1.028505e-02
3.600000e+00	1.976502e-03	1.952790e-03	2.084975e-03	6.376787e-03	-6.335528e-03
3.650000e+00	7.764102e-03	1.957956e-03	7.780356e-03	1.436936e-02	0.000000e+00
3.700000e+00	1.340866e-02	2.151564e-03	1.351464e-02	2.078211e-02	0.000000e+00
3.750000e+00	1.763509e-02	2.494900e-03	1.784481e-02	2.406383e-02	0.000000e+00
3.800000e+00	1.933506e-02	2.813059e-03	1.966442e-02	2.613964e-02	0.000000e+00
3.850000e+00	1.796802e-02	2.958939e-03	1.812789e-02	2.646031e-02	0.000000e+00
3.900000e+00	1.283699e-02	2.736285e-03	1.289904e-02	2.066409e-02	0.000000e+00
3.950000e+00	4.475344e-03	2.192461e-03	4.302701e-03	1.090076e-02	-3.994270e-05
4.000000e+00	-5.820968e-03	1.705300e-03	-5.843928e-03	0.000000e+00	-1.024736e-02
4.050000e+00	-1.665744e-02	1.972846e-03	-1.681002e-02	0.000000e+00	-2.147645e-02
4.100000e+00	-2.590570e-02	2.747255e-03	-2.619386e-02	0.000000e+00	-3.132211e-02
4.150000e+00	-3.156093e-02	3.397129e-03	-3.194457e-02	0.000000e+00	-3.782187e-02
4.200000e+00	-3.224867e-02	3.623202e-03	-3.255530e-02	0.000000e+00	-3.833330e-02
4.250000e+00	-2.840949e-02	3.436213e-03	-2.858901e-02	0.000000e+00	-3.485972e-02
4.300000e+00	-1.996774e-02	2.957193e-03	-2.004155e-02	0.000000e+00	-2.708779e-02
4.350000e+00	-8.500055e-03	2.563564e-03	-8.477607e-03	0.000000e+00	-1.591156e-02
4.400000e+00	3.821213e-03	2.628621e-03	3.992477e-03	1.089676e-02	-3.189126e-03
4.450000e+00	1.453521e-02	3.045433e-03	1.487230e-02	2.221572e-02	0.000000e+00
4.500000e+00	2.261130e-02	3.444806e-03	2.297001e-02	3.012520e-02	0.000000e+00
4.550000e+00	2.734534e-02	3.595739e-03	2.771936e-02	3.375373e-02	0.000000e+00
4.600000e+00	2.898641e-02	3.455407e-03	2.939434e-02	3.443388e-02	0.000000e+00
4.650000e+00	2.856107e-02	3.160691e-03	2.895626e-02	3.329778e-02	0.000000e+00
4.700000e+00	2.719233e-02	2.873138e-03	2.732762e-02	3.215870e-02	0.000000e+00
4.750000e+00	2.563215e-02	2.812156e-03	2.564840e-02	3.158662e-02	0.000000e+00
4.800000e+00	2.398235e-02	3.040531e-03	2.419864e-02	3.041114e-02	0.000000e+00
4.850000e+00	2.176922e-02	3.422238e-03	2.191727e-02	2.894495e-02	0.000000e+00
4.900000e+00	1.802352e-02	3.818311e-03	1.803799e-02	2.744562e-02	0.000000e+00
4.950000e+00	1.204502e-02	4.220281e-03	1.197532e-02	2.294625e-02	0.000000e+00
5.000000e+00	3.839449e-03	4.693743e-03	3.453170e-03	1.772840e-02	-9.092677e-03
5.050000e+00	-5.607290e-03	5.235867e-03	-6.155968e-03	1.070490e-02	-1.773496e-02
5.100000e+00	-1.450752e-02	5.711986e-03	-1.495640e-02	3.110496e-03	-2.733716e-02
5.150000e+00	-2.079776e-02	5.926492e-03	-2.136796e-02	0.000000e+00	-3.430257e-02
5.200000e+00	-2.287477e-02	5.778009e-03	-2.356963e-02	0.000000e+00	-3.739559e-02
5.250000e+00	-2.034760e-02	5.364318e-03	-2.058911e-02	0.000000e+00	-3.446421e-02
5.300000e+00	-1.419789e-02	5.000140e-03	-1.420621e-02	1.224554e-03	-2.613391e-02
5.350000e+00	-6.787622e-03	4.908060e-03	-6.842386e-03	7.737088e-03	-1.930297e-02
5.400000e+00	-1.124680e-03	4.911083e-03	-8.997010e-04	1.023049e-02	-1.525429e-02
5.450000e+00	2.493020e-04	4.638563e-03	5.541716e-04	9.801929e-03	-1.429862e-02
5.500000e+00	-4.052906e-03	4.060759e-03	-3.926401e-03	5.383401e-03	-1.762476e-02
5.550000e+00	-1.354841e-02	3.793191e-03	-1.353802e-02	0.000000e+00	-2.405582e-02
5.600000e+00	-2.595869e-02	4.621737e-03	-2.628557e-02	0.000000e+00	-3.898266e-02
5.650000e+00	-3.769868e-02	6.099413e-03	-3.788682e-02	0.000000e+00	-5.477382e-02
5.700000e+00	-4.540223e-02	7.369681e-03	-4.573178e-02	0.000000e+00	-6.408218e-02
5.750000e+00	-4.658415e-02	8.001827e-03	-4.678936e-02	0.000000e+00	-6.447704e-02
5.800000e+00	-4.048145e-02	8.037585e-03	-4.071676e-02	0.000000e+00	-5.883104e-02
5.850000e+00	-2.805544e-02	7.858206e-03	-2.835699e-02	0.000000e+00	-4.709130e-02
5.900000e+00	-1.200182e-02	7.935230e-03	-1.208049e-02	8.923541e-03	-3.149476e-02
5.950000e+00	4.660832e-03	8.303937e-03	4.798157e-03	2.409110e-02	-1.588800e-02
6.000000e+00	1.936439e-02	8.584531e-03	1.996963e-02	3.735277e-02	-1.345387e-03
6.050000e+00	3.064422e-02	8.353820e-03	3.142311e-02	4.682266e-02	0.000000e+00
6.100000e+00	3.815224e-02	7.579178e-03	3.892589e-02	5.375117e-02	0.000000e+00
6.150000e+00	4.263100e-02	6.516418e-03	4.337697e-02	5.856261e-02	0.000000e+00
6.200000e+00	4.511309e-02	5.695939e-03	4.519381e-02	6.252089e-02	0.000000e+00
6.250000e+00	4.628932e-02	5.631624e-03	4.658971e-02	6.340309e-02	0.000000e+00
6.300000e+00	4.616776e-02	6.270714e-03	4.687154e-02	6.025502e-02	0.000000e+00
6.350000e+00	4.414879e-02	7.122175e-03	4.488188e-02	5.790508e-02	0.000000e+00
6.400000e+00	3.944665e-02	7.837487e-03	4.029868e-02	5.577159e-02	0.000000e+00
6.450000e+00	3.163342e-02	8.345366e-03	3.207589e-02	5.045718e-02	0.000000e+00
6.500000e+00	2.103294e-02	8.726390e-03	2.089864e-02	4.226576e-02	-1.094919e-03
6.550000e+00	8.649018e-03	9.030601e-03	7.901141e-03	3.123480e-02	-1.309821e-02
6.600000e+00	-3.771558e-03	9.237178e-03	-4.814802e-03	2.000558e-02	-2.540238e-02
6.650000e+00	-1.470825e-02	9.231432e-03	-1.553318e-02	8.233468e-03	-3.503982e-02
6.700000e+00	-2.326306e-02	8.898333e-03	-2.390559e-02	0.000000e+00	-4.196466e-02
6.750000e+00	-2.941050e-02	8.172592e-03	-2.985941e-02	0.000000e+00	-4.464314e-02
6.800000e+00	-3.384275e-02	7.098361e-03	-3.434563e-02	0.000000e+00	-4.809089e-02
6.850000e+00	-3.747491e-02	5.990865e-03	-3.806820e-02	0.000000e+00	-5.018001e-02
6.900000e+00	-4.083871e-02	5.598152e-03	-4.127285e-02	0.000000e+00	-5.839091e-02
6.950000e+00	-4.365604e-02	6.427221e-03	-4.431756e-02	0.000000e+00	-6.201391e-02
7.000000e+00	-4.481448e-02	7.802688e-03	-4.526831e-02	0.000000e+00	-6.295864e-02
7.050000e+00	-4.263856e-02	8.760319e-03	-4.313415e-02	0.000000e+00	-6.309781e-02
7.100000e+00	-3.610719e-02	8.904634e-03	-3.666172e-02	0.000000e+00	-5.864007e-02
7.150000e+00	-2.506899e-02	8.535632e-03	-2.536655e-02	0.000000e+00	-4.623550e-02
7.200000e+00	-1.073259e-02	8.511505e-03	-1.074508e-02	1.225269e-02	-3.299963e-02
7.250000e+00	4.510737e-03	9.357393e-03	3.979339e-03	2.996558e-02	-2.356304e-02
7.300000e+00	1.777127e-02	1.050747e-02	1.757970e-02	4.372430e-02	-1.354082e-02
7.350000e+00	2.660739e-02	1.106985e-02	2.674854e-02	5.323640e-02	-8.561636e-03
7.400000e+00	2.986498e-02	1.063915e-02	3.016802e-02	5.505520e-02	-6.099349e-03
7.450000e+00	2.806680e-02	9.427862e-03	2.838488e-02	4.962602e-02	-4.465676e-03
7.500000e+00	2.318220e-02	8.050727e-03	2.390892e-02	4.154679e-02	-3.327033e-03
7.550000e+00	1.780411e-02	7.033861e-03	1.788332e-02	3.487289e-02	-4.687991e-03
7.600000e+00	1.433201e-02	6.461725e-03	1.420218e-02	3.569832e-02	-8.930960e-03
7.650000e+00	1.388493e-02	6.147662e-03	1.350339e-02	3.744655e-02	-6.718182e-03
7.700000e+00	1.608277e-02	6.227687e-03	1.605667e-02	3.792691e-02	-2.831058e-03
7.750000e+00	1.935497e-02	6.934088e-03	2.013263e-02	3.776449e-02	-1.027499e-03
7.800000e+00	2.172715e-02	8.022792e-03	2.258945e-02	4.381703e-02	0.000000e+00
7.850000e+00	2.173630e-02	8.982673e-03	2.190188e-02	4.734392e-02	-3.204593e-03
7.900000e+00	1.907135e-02	9.483718e-03	1.861965e-02	4.740411e-02	-5.359965e-03
7.950000e+00	1.465550e-02	9.486844e-03	1.382140e-02	4.407774e-02	-9.519605e-03
8.000000e+00	1.013209e-02	9.212432e-03	9.636145e-03	3.792286e-02	-1.337357e-02
8.050000e+00	6.910872e-03	9.074559e-03	6.832494e-03	3.263182e-02	-1.694724e-02
8.100000e+00	5.515754e-03	9.510695e-03	5.698004e-03	3.243723e-02	-1.957603e-02
8.150000e+00	4.998947e-03	1.038945e-02	5.613952e-03	3.135436e-02	-2.350605e-02
8.200000e+00	3.306566e-03	1.100770e-02	2.952737e-03	3.048468e-02	-2.721621e-02
8.250000e+00	-1.834476e-03	1.067948e-02	-2.020921e-03	2.563129e-02	-3.047298e-02
8.300000e+00	-1.178350e-02	9.354008e-03	-1.252810e-02	1.582437e-02	-3.476370e-02
8.350000e+00	-2.608765e-02	8.176459e-03	-2.670735e-02	0.000000e+00	-5.346687e-02
8.400000e+00	-4.223355e-02	9.050369e-03	-4.242833e-02	0.000000e+00	-6.803985e-02
8.450000e+00	-5.621998e-02	1.162784e-02	-5.731486e-02	0.000000e+00	-8.059510e-02
8.500000e+00	-6.379513e-02	1.393723e-02	-6.467036e-02	0.000000e+00	-8.877103e-02
8.550000e+00	-6.178042e-02	1.483884e-02	-6.181623e-02	0.000000e+00	-9.318515e-02
8.600000e+00	-4.961119e-02	1.439745e-02	-4.978687e-02	0.000000e+00	-8.330753e-02
8.650000e+00	-2.943559e-02	1.359651e-02	-3.000162e-02	1.156309e-02	-6.571693e-02
8.700000e+00	-5.559031e-03	1.351697e-02	-5.491862e-03	2.834486e-02	-4.294123e-02
8.750000e+00	1.690119e-02	1.410449e-02	1.712451e-02	4.729005e-02	-2.492733e-02
8.800000e+00	3.361455e-02	1.433824e-02	3.431300e-02	6.488609e-02	-1.334824e-02
8.850000e+00	4.230498e-02	1.347121e-02	4.366724e-02	7.134885e-02	-1.735738e-03
8.900000e+00	4.323723e-02	1.154785e-02	4.475857e-02	6.772733e-02	0.000000e+00
8.950000e+00	3.877880e-02	9.252497e-03	3.978707e-02	5.862853e-02	0.000000e+00
9.000000e+00	3.225172e-02	7.497282e-03	3.272519e-02	5.450671e-02	0.000000e+00
9.050000e+00	2.659444e-02	6.783957e-03	2.693682e-02	4.702271e-02	0.000000e+00
9.100000e+00	2.319986e-02	6.815126e-03	2.342389e-02	4.514091e-02	0.000000e+00
9.150000e+00	2.162320e-02	7.101412e-03	2.178278e-02	4.658887e-02	0.000000e+00
9.200000e+00	2.006418e-02	7.521840e-03	1.987299e-02	4.508524e-02	0.000000e+00
9.250000e+00	1.643391e-02	8.245031e-03	1.590790e-02	3.935229e-02	-5.790234e-03
9.300000e+00	9.516594e-03	9.429629e-03	9.098634e-03	3.827612e-02	-1.601640e-02
9.350000e+00	-2.824870e-04	1.087092e-02	-5.410433e-04	3.891621e-02	-2.481318e-02
9.400000e+00	-1.092808e-02	1.195424e-02	-1.123358e-02	3.434245e-02	-3.824561e-02
9.450000e+00	-1.949632e-02	1.201417e-02	-2.023754e-02	2.554451e-02	-4.671311e-02
9.500000e+00	-2.336122e-02	1.082071e-02	-2.442060e-02	1.459778e-02	-4.808393e-02
9.550000e+00	-2.135234e-02	9.062316e-03	-2.174570e-02	5.252766e-03	-4.612156e-02
9.600000e+00	-1.427513e-02	8.503648e-03	-1.460163e-02	1.238165e-02	-4.039588e-02
9.650000e+00	-4.877641e-03	9.926866e-03	-4.740794e-03	2.473491e-02	-3.110082e-02
9.700000e+00	3.143438e-03	1.157267e-02	3.426173e-03	3.158681e-02	-2.459181e-02
9.750000e+00	6.487761e-03	1.180403e-02	6.845361e-03	3.211773e-02	-2.464471e-02
9.800000e+00	3.484768e-03	1.027987e-02	3.947573e-03	3.000430e-02	-2.589077e-02
9.850000e+00	-5.256925e-03	8.091781e-03	-5.257085e-03	1.608277e-02	-3.160399e-02
9.900000e+00	-1.702957e-02	7.703190e-03	-1.754395e-02	3.514230e-03	-4.039956e-02
9.950000e+00	-2.796256e-02	9.708679e-03	-2.804230e-02	0.000000e+00	-5.943426e-02
1.000000e+01	-3.435819e-02	1.179616e-02	-3.443487e-02	0.000000e+00	-6.799346e-02
1.005000e+01	-3.388935e-02	1.260760e-02	-3.398306e-02	0.000000e+00	-6.443857e-02
1.010000e+01	-2.641582e-02	1.216720e-02	-2.701999e-02	9.960213e-03	-5.547981e-02
1.015000e+01	-1.385723e-02	1.128032e-02	-1.438444e-02	2.013556e-02	-4.292600e-02
1.020000e+01	5.724929e-04	1.075241e-02	7.343340e-04	2.792844e-02	-2.967604e-02
1.025000e+01	1.351333e-02	1.057254e-02	1.444852e-02	3.442931e-02	-1.478985e-02
1.030000e+01	2.253654e-02	1.010155e-02	2.316322e-02	4.571312e-02	-4.462489e-03
1.035000e+01	2.677033e-02	8.929352e-03	2.686716e-02	4.847294e-02	-9.157608e-05
1.040000e+01	2.689643e-02	7.239410e-03	2.652199e-02	4.391121e-02	0.000000e+00
1.045000e+01	2.459378e-02	5.711391e-03	2.451014e-02	4.219966e-02	0.000000e+00
1.050000e+01	2.170691e-02	5.118141e-03	2.189983e-02	3.871638e-02	0.000000e+00
1.055000e+01	1.949156e-02	5.475893e-03	2.003827e-02	3.370069e-02	0.000000e+00
1.060000e+01	1.822010e-02	6.127112e-03	1.882978e-02	3.214882e-02	0.000000e+00
1.065000e+01	1.725587e-02	6.668944e-03	1.781701e-02	3.155732e-02	-4.686707e-04
1.070000e+01	1.550669e-02	7.035053e-03	1.616292e-02	3.155202e-02	-4.266269e-03
1.075000e+01	1.202619e-02	7.279709e-03	1.211735e-02	2.949985e-02	-9.003265e-03
1.080000e+01	6.496691e-03	7.464718e-03	5.770983e-03	2.471696e-02	-1.374767e-02
1.085000e+01	-5.945800e-04	7.600391e-03	-1.739627e-03	2.055766e-02	-1.766649e-02
1.090000e+01	-8.129254e-03	7.610204e-03	-9.282010e-03	1.523521e-02	-2.251955e-02
1.095000e+01	-1.477598e-02	7.365572e-03	-1.604186e-02	8.037247e-03	-2.881922e-02
1.100000e+01	-1.945849e-02	6.794008e-03	-2.053817e-02	0.000000e+00	-3.268258e-02
1.105000e+01	-2.172265e-02	5.994055e-03	-2.249714e-02	0.000000e+00	-3.298144e-02
1.110000e+01	-2.167352e-02	5.260617e-03	-2.241271e-02	0.000000e+00	-3.292033e-02
1.115000e+01	-1.993066e-02	4.947911e-03	-2.026675e-02	0.000000e+00	-3.590110e-02
1.120000e+01	-1.725229e-02	5.109175e-03	-1.727372e-02	0.000000e+00	-3.488462e-02
1.125000e+01	-1.422822e-02	5.457018e-03	-1.405519e-02	2.477681e-04	-2.992006e-02
1.130000e+01	-1.112607e-02	5.760766e-03	-1.091280e-02	5.075963e-03	-2.767908e-02
1.135000e+01	-7.934218e-03	6.037982e-03	-7.771377e-03	8.001842e-03	-2.427160e-02
1.140000e+01	-4.546502e-03	6.418801e-03	-4.500751e-03	1.363024e-02	-2.249722e-02
1.145000e+01	-9.702911e-04	6.904472e-03	-9.852048e-04	1.838930e-02	-2.454174e-02
1.150000e+01	2.560740e-03	7.301291e-03	2.616090e-03	2.128662e-02	-2.407159e-02
1.155000e+01	5.630143e-03	7.384311e-03	5.761617e-03	2.641505e-02	-2.071865e-02
1.160000e+01	7.814171e-03	7.071635e-03	7.811017e-03	2.734334e-02	-1.505198e-02
1.165000e+01	8.894803e-03	6.470760e-03	9.083876e-03	2.417392e-02	-1.089467e-02
1.170000e+01	8.994723e-03	5.788594e-03	9.489876e-03	2.690646e-02	-1.049067e-02
1.175000e+01	8.555752e-03	5.169767e-03	9.069278e-03	2.607109e-02	-8.591118e-03
1.180000e+01	8.158872e-03	4.632270e-03	8.556259e-03	2.274681e-02	-8.685993e-03
1.185000e+01	8.263176e-03	4.209181e-03	8.214659e-03	1.889621e-02	-7.368443e-03
1.190000e+01	8.984487e-03	4.075997e-03	9.116841e-03	2.058712e-02	-2.759182e-03
1.195000e+01	1.002110e-02	4.349999e-03	1.041278e-02	2.092982e-02	-3.774051e-03
1.200000e+01	1.076932e-02	4.844834e-03	1.132216e-02	2.203699e-02	-3.811517e-03
1.205000e+01	1.057724e-02	5.295864e-03	1.099639e-02	2.202354e-02	-4.854358e-03
1.210000e+01	9.066289e-03	5.565627e-03	9.387786e-03	2.480847e-02	-6.095438e-03
1.215000e+01	6.296608e-03	5.673581e-03	6.221123e-03	2.602481e-02	-7.761375e-03
1.220000e+01	2.778591e-03	5.642709e-03	2.211906e-03	2.473349e-02	-1.192092e-02
1.225000e+01	-7.226680e-04	5.474570e-03	-1.121380e-03	2.104223e-02	-1.493589e-02
1.230000e+01	-3.502598e-03	5.286007e-03	-3.785753e-03	1.554147e-02	-1.603188e-02
1.235000e+01	-5.213820e-03	5.342388e-03	-5.555124e-03	9.221958e-03	-1.764534e-02
1.240000e+01	-6.009216e-03	5.715689e-03	-6.069203e-03	8.584458e-03	-1.973392e-02
1.245000e+01	-6.460146e-03	6.032870e-03	-6.728203e-03	8.892544e-03	-2.123733e-02
1.250000e+01	-7.276395e-03	5.838832e-03	-7.932361e-03	8.997453e-03	-2.296205e-02
1.255000e+01	-8.943969e-03	5.112353e-03	-9.160643e-03	6.504358e-03	-2.274635e-02
1.260000e+01	-1.143869e-02	4.660193e-03	-1.179587e-02	1.007196e-03	-2.362193e-02
1.265000e+01	-1.414800e-02	5.546988e-03	-1.454141e-02	3.274318e-03	-2.625507e-02
1.270000e+01	-1.604957e-02	7.228925e-03	-1.623296e-02	4.492398e-03	-3.185790e-02
1.275000e+01	-1.608780e-02	8.524894e-03	-1.575565e-02	5.743291e-03	-3.639051e-02
1.280000e+01	-1.360276e-02	8.849571e-03	-1.316399e-02	1.264762e-02	-3.527839e-02
1.285000e+01	-8.638441e-03	8.287723e-03	-8.585193e-03	1.831493e-02	-3.085215e-02
1.290000e+01	-2.000375e-03	7.492594e-03	-2.141307e-03	2.166870e-02	-2.456511e-02
1.295000e+01	4.969345e-03	7.229195e-03	5.395557e-03	2.228959e-02	-1.597621e-02
1.300000e+01	1.081912e-02	7.509990e-03	1.112302e-02	2.896218e-02	-1.274395e-02
1.305000e+01	1.450554e-02	7.655364e-03	1.480254e-02	3.292094e-02	-9.497200e-03
1.310000e+01	1.558816e-02	7.154592e-03	1.529848e-02	3.337438e-02	-4.828803e-03
1.315000e+01	1.440623e-02	6.068525e-03	1.436574e-02	3.011154e-02	-4.264624e-04
1.320000e+01	1.185676e-02	4.920853e-03	1.200813e-02	2.633454e-02	-3.669427e-03
1.325000e+01	9.011852e-03	4.368227e-03	9.145102e-03	1.989094e-02	-7.155001e-03
1.330000e+01	6.710899e-03	4.512449e-03	6.842339e-03	1.898319e-02	-8.439650e-03
1.335000e+01	5.287754e-03	4.856572e-03	5.091713e-03	1.926714e-02	-7.765147e-03
1.340000e+01	4.530541e-03	5.076175e-03	4.539802e-03	1.891911e-02	-8.182463e-03
1.345000e+01	3.872252e-03	5.174876e-03	4.072712e-03	1.727703e-02	-9.888780e-03
1.350000e+01	2.716026e-03	5.259869e-03	2.681229e-03	1.410887e-02	-1.034887e-02
1.355000e+01	7.485814e-04	5.375029e-03	4.951211e-04	1.586262e-02	-1.259672e-02
1.360000e+01	-1.892246e-03	5.463934e-03	-2.544984e-03	1.706336e-02	-1.523010e-02
1.365000e+01	-4.662221e-03	5.413373e-03	-5.311981e-03	1.634273e-02	-1.683968e-02
1.370000e+01	-6.841291e-03	5.134086e-03	-7.284636e-03	1.375681e-02	-1.761676e-02
1.375000e+01	-7.845540e-03	4.669387e-03	-8.186020e-03	9.829421e-03	-2.002968e-02
1.380000e+01	-7.484330e-03	4.272596e-03	-7.698409e-03	5.418321e-03	-2.135956e-02
1.385000e+01	-6.052857e-03	4.256103e-03	-6.231771e-03	5.946812e-03	-1.883090e-02
1.390000e+01	-4.221716e-03	4.574674e-03	-4.426627e-03	8.616911e-03	-1.550542e-02
1.395000e+01	-2.770442e-03	4.842499e-03	-3.183285e-03	1.091616e-02	-1.333171e-02
1.400000e+01	-2.275713e-03	4.803133e-03	-2.355949e-03	9.718754e-03	-1.595488e-02
1.405000e+01	-2.890419e-03	4.591616e-03	-2.951827e-03	9.742564e-03	-1.720153e-02
1.410000e+01	-4.270298e-03	4.600473e-03	-4.385786e-03	1.141627e-02	-1.631981e-02
1.415000e+01	-5.705799e-03	5.046725e-03	-5.785225e-03	1.089603e-02	-1.985092e-02
1.420000e+01	-6.407376e-03	5.626209e-03	-6.566335e-03	9.542945e-03	-2.219525e-02
1.425000e+01	-5.814010e-03	5.923241e-03	-5.853869e-03	7.556848e-03	-2.301908e-02
1.430000e+01	-3.804945e-03	5.782537e-03	-3.970247e-03	1.010489e-02	-1.928470e-02
1.435000e+01	-7.356522e-04	5.336511e-03	-5.753642e-04	1.392582e-02	-1.437587e-02
1.440000e+01	2.706888e-03	4.850543e-03	2.628071e-03	1.597556e-02	-1.118350e-02
1.445000e+01	5.762022e-03	4.483998e-03	6.220046e-03	1.635767e-02	-8.686876e-03
1.450000e+01	7.857872e-03	4.175813e-03	7.985941e-03	1.693742e-02	-5.346283e-03
1.455000e+01	8.775811e-03	3.809222e-03	8.793121e-03	1.817821e-02	-1.555854e-03
1.460000e+01	8.661945e-03	3.418757e-03	8.495760e-03	1.712571e-02	0.000000e+00
1.465000e+01	7.897580e-03	3.197763e-03	7.896752e-03	1.624082e-02	0.000000e+00
1.470000e+01	6.897543e-03	3.291073e-03	7.111333e-03	1.427089e-02	-2.921142e-03
1.475000e+01	5.928863e-03	3.608151e-03	6.358184e-03	1.472185e-02	-5.284669e-03
1.480000e+01	5.024981e-03	3.943624e-03	5.392822e-03	1.486710e-02	-6.462399e-03
1.485000e+01	4.022637e-03	4.148009e-03	4.204447e-03	1.500119e-02	-9.124365e-03
1.490000e+01	2.692809e-03	4.164463e-03	2.782270e-03	1.411444e-02	-1.148276e-02
1.495000e+01	8.979039e-04	4.027928e-03	7.075605e-04	1.232822e-02	-1.253893e-02
1.500000e+01	-1.299256e-03	3.850987e-03	-1.598330e-03	1.043641e-02	-1.199007e-02
1.505000e+01	-3.638792e-03	3.751897e-03	-4.083930e-03	7.609237e-03	-1.300018e-02
1.510000e+01	-5.720968e-03	3.719042e-03	-6.163969e-03	6.267305e-03	-1.519399e-02
1.515000e+01	-7.151575e-03	3.620007e-03	-7.461532e-03	5.079171e-03	-1.537887e-02
1.520000e+01	-7.692428e-03	3.343728e-03	-8.019272e-03	3.443645e-03	-1.638521e-02
1.525000e+01	-7.342917e-03	2.939132e-03	-7.567906e-03	2.986630e-03	-1.533356e-02
1.530000e+01	-6.324825e-03	2.642783e-03	-6.303145e-03	4.204863e-03	-1.249673e-02
1.535000e+01	-4.982074e-03	2.689720e-03	-4.902919e-03	4.445372e-03	-1.211101e-02
1.540000e+01	-3.643216e-03	2.998595e-03	-3.538934e-03	3.819854e-03	-1.218052e-02
1.545000e+01	-2.507436e-03	3.304245e-03	-2.439013e-03	5.528338e-03	-1.199781e-02
1.550000e+01	-1.600130e-03	3.456887e-03	-1.683023e-03	7.682135e-03	-1.017445e-02
1.555000e+01	-8.100559e-04	3.460318e-03	-6.137184e-04	8.829192e-03	-8.385070e-03
1.560000e+01	1.698555e-05	3.393787e-03	5.129668e-05	9.058900e-03	-8.502091e-03
1.565000e+01	9.762553e-04	3.323563e-03	1.051734e-03	8.906698e-03	-7.740348e-03
1.570000e+01	2.042180e-03	3.252058e-03	2.294922e-03	9.581830e-03	-7.795756e-03
1.575000e+01	3.072737e-03	3.130140e-03	3.341791e-03	1.011799e-02	-7.823837e-03
1.580000e+01	3.873891e-03	2.906334e-03	4.266081e-03	1.033539e-02	-6.777624e-03
1.585000e+01	4.290180e-03	2.574618e-03	4.631906e-03	1.180498e-02	-5.050717e-03
1.590000e+01	4.277024e-03	2.212143e-03	4.487965e-03	1.212138e-02	-3.620352e-03
1.595000e+01	3.920875e-03	1.989758e-03	3.976756e-03	1.081128e-02	-1.906346e-03
1.600000e+01	3.398956e-03	2.054617e-03	3.427624e-03	9.742557e-03	-2.053049e-03
1.605000e+01	2.918052e-03	2.337649e-03	2.960062e-03	1.060743e-02	-3.900698e-03
1.610000e+01	2.566544e-03	2.643527e-03	2.546053e-03	1.050794e-02	-5.051742e-03
1.615000e+01	2.338731e-03	2.853791e-03	2.294866e-03	1.063763e-02	-5.270358e-03
1.620000e+01	2.116752e-03	2.951958e-03	2.122600e-03	9.983510e-03	-6.578775e-03
1.625000e+01	1.731056e-03	2.976744e-03	1.666564e-03	1.015420e-02	-7.391528e-03
1.630000e+01	1.046639e-03	2.965017e-03	9.144212e-04	1.014474e-02	-7.582220e-03
1.635000e+01	3.577580e-05	2.919412e-03	-1.186741e-04	9.476803e-03	-8.272133e-03
1.640000e+01	-1.195716e-03	2.818783e-03	-1.273400e-03	9.256099e-03	-9.396772e-03
1.645000e+01	-2.440617e-03	2.649630e-03	-2.533181e-03	7.954294e-03	-9.595784e-03
1.650000e+01	-3.466502e-03	2.426192e-03	-3.587846e-03	5.897593e-03	-9.637607e-03
1.655000e+01	-4.102176e-03	2.191165e-03	-4.344587e-03	3.453356e-03	-9.941484e-03
1.660000e+01	-4.296495e-03	2.005669e-03	-4.309699e-03	1.461082e-03	-1.007074e-02
1.665000e+01	-4.124644e-03	1.934584e-03	-4.233834e-03	1.678721e-03	-9.143488e-03
1.670000e+01	-3.740943e-03	2.024113e-03	-3.792194e-03	3.228986e-03	-8.626512e-03
1.675000e+01	-3.301124e-03	2.273256e-03	-3.380454e-03	4.908466e-03	-8.845249e-03
1.680000e+01	-2.890289e-03	2.621893e-03	-3.041847e-03	6.014011e-03	-1.058614e-02
1.685000e+01	-2.489373e-03	2.967634e-03	-2.652439e-03	6.533293e-03	-1.248053e-02
1.690000e+01	-1.994858e-03	3.199705e-03	-2.064463e-03	6.837731e-03	-1.320199e-02
1.695000e+01	-1.281903e-03	3.240628e-03	-1.225545e-03	6.622780e-03	-1.231105e-02
1.700000e+01	-2.812813e-04	3.086614e-03	-3.147548e-04	7.850401e-03	-9.956190e-03
1.705000e+01	9.603558e-04	2.835311e-03	9.607629e-04	8.337969e-03	-6.786021e-03
1.710000e+01	2.294243e-03	2.630501e-03	2.523740e-03	9.604004e-03	-6.453301e-03
1.715000e+01	3.494235e-03	2.569504e-03	3.787335e-03	1.126494e-02	-5.404952e-03
1.720000e+01	4.338286e-03	2.593458e-03	4.489718e-03	1.177629e-02	-3.710827e-03
1.725000e+01	4.685717e-03	2.567846e-03	4.575213e-03	1.325981e-02	-2.726013e-03
1.730000e+01	4.523134e-03	2.436188e-03	4.398793e-03	1.286683e-02	-2.141810e-03
1.735000e+01	3.960552e-03	2.278543e-03	3.867933e-03	1.088770e-02	-2.083666e-03
1.740000e+01	3.180893e-03	2.252511e-03	3.307899e-03	9.139353e-03	-3.625360e-03
1.745000e+01	2.365777e-03	2.423418e-03	2.432721e-03	8.761778e-03	-5.055621e-03
1.750000e+01	1.629834e-03	2.683529e-03	1.470834e-03	8.731607e-03	-6.159990e-03
1.755000e+01	9.908362e-04	2.884408e-03	8.081587e-04	9.256484e-03	-6.460143e-03
1.760000e+01	3.862835e-04	2.945601e-03	2.468910e-04	8.906651e-03	-7.173635e-03
1.765000e+01	-2.736869e-04	2.864184e-03	-3.404305e-04	7.813097e-03	-7.791070e-03
1.770000e+01	-1.042900e-03	2.689690e-03	-1.131527e-03	6.264281e-03	-8.102982e-03
1.775000e+01	-1.894958e-03	2.491612e-03	-1.869981e-03	6.920768e-03	-7.920339e-03
1.780000e+01	-2.718628e-03	2.323906e-03	-2.763269e-03	7.138306e-03	-8.066283e-03
1.785000e+01	-3.355036e-03	2.200966e-03	-3.502240e-03	6.473460e-03	-8.300600e-03
1.790000e+01	-3.660126e-03	2.108849e-03	-3.869335e-03	5.174710e-03	-8.385760e-03
1.795000e+01	-3.564720e-03	2.041946e-03	-3.695553e-03	3.185491e-03	-8.693249e-03
1.800000e+01	-3.105730e-03	2.018361e-03	-3.091750e-03	2.324373e-03	-8.669619e-03
1.805000e+01	-2.418651e-03	2.054513e-03	-2.395924e-03	3.821130e-03	-8.997430e-03
1.810000e+01	-1.674517e-03	2.132258e-03	-1.733081e-03	5.428325e-03	-9.078720e-03
1.815000e+01	-1.030940e-03	2.220675e-03	-1.084722e-03	5.982500e-03	-8.523544e-03
1.820000e+01	-5.703326e-04	2.310488e-03	-5.659027e-04	5.608632e-03	-6.966369e-03
1.825000e+01	-2.776866e-04	2.414063e-03	-2.859296e-04	6.349409e-03	-7.376935e-03
1.830000e+01	-5.981877e-05	2.527381e-03	2.776747e-05	6.493069e-03	-8.099909e-03
1.835000e+01	2.037126e-04	2.605717e-03	3.930621e-04	6.397669e-03	-7.661496e-03
1.840000e+01	6.008890e-04	2.587577e-03	8.183212e-04	7.039533e-03	-8.166954e-03
1.845000e+01	1.144440e-03	2.439538e-03	1.283989e-03	7.301679e-03	-7.534634e-03
1.850000e+01	1.763484e-03	2.184365e-03	1.927461e-03	7.691592e-03	-5.799438e-03
1.855000e+01	2.331701e-03	1.902714e-03	2.372980e-03	7.268386e-03	-4.128094e-03
1.860000e+01	2.718478e-03	1.707005e-03	2.842474e-03	7.395557e-03	-3.179986e-03
1.865000e+01	2.840208e-03	1.674831e-03	2.787171e-03	7.474284e-03	-2.292251e-03
1.870000e+01	2.689923e-03	1.784224e-03	2.529713e-03	7.922151e-03	-3.436365e-03
1.875000e+01	2.333709e-03	1.953112e-03	2.210311e-03	8.484130e-03	-4.216353e-03
1.880000e+01	1.877248e-03	2.117039e-03	1.815618e-03	8.385893e-03	-4.823905e-03
1.885000e+01	1.418591e-03	2.247321e-03	1.409305e-03	7.861645e-03	-5.080245e-03
1.890000e+01	1.008538e-03	2.333971e-03	1.155841e-03	7.884707e-03	-5.228930e-03
1.895000e+01	6.357469e-04	2.367185e-03	7.942900e-04	7.633552e-03	-5.783227e-03
1.900000e+01	2.421867e-04	2.333304e-03	2.918929e-04	6.263901e-03	-7.020987e-03
1.905000e+01	-2.380257e-04	2.232744e-03	-2.835138e-04	5.994301e-03	-7.470683e-03
1.910000e+01	-8.412853e-04	2.092570e-03	-1.100428e-03	5.710501e-03	-7.093934e-03
1.915000e+01	-1.540254e-03	1.974765e-03	-1.765647e-03	4.927429e-03	-6.759804e-03
1.920000e+01	-2.243653e-03	1.925665e-03	-2.396457e-03	3.428981e-03	-7.796787e-03
1.925000e+01	-2.822694e-03	1.922434e-03	-2.899636e-03	2.920733e-03	-8.473668e-03
1.930000e+01	-3.154546e-03	1.900345e-03	-3.215265e-03	1.946919e-03	-8.049719e-03
1.935000e+01	-3.164764e-03	1.836245e-03	-3.274900e-03	1.804470e-03	-9.001608e-03
1.940000e+01	-2.851655e-03	1.790276e-03	-3.013430e-03	3.242766e-03	-8.716849e-03
1.945000e+01	-2.283692e-03	1.852232e-03	-2.282462e-03	4.057849e-03	-7.148212e-03
1.950000e+01	-1.572607e-03	2.024467e-03	-1.507760e-03	4.272161e-03	-6.645322e-03
1.955000e+01	-8.345353e-04	2.208107e-03	-7.403637e-04	5.840928e-03	-6.210570e-03
1.960000e+01	-1.555059e-04	2.302162e-03	-1.527801e-04	6.941765e-03	-5.726112e-03
1.965000e+01	4.256382e-04	2.264295e-03	4.550115e-04	6.895317e-03	-5.228777e-03
1.970000e+01	9.123102e-04	2.111748e-03	9.097990e-04	6.406102e-03	-4.955781e-03
1.975000e+01	1.328504e-03	1.899811e-03	1.341885e-03	6.176133e-03	-4.420902e-03
1.980000e+01	1.692380e-03	1.697286e-03	1.798647e-03	5.584269e-03	-4.041632e-03
1.985000e+01	1.998086e-03	1.559949e-03	2.090036e-03	5.639681e-03	-3.569090e-03
1.990000e+01	2.213858e-03	1.500040e-03	2.334989e-03	5.491029e-03	-3.844599e-03
1.995000e+01	2.296263e-03	1.479681e-03	2.445401e-03	6.007287e-03	-3.506136e-03
2.000000e+01	2.212798e-03	1.452652e-03	2.315075e-03	6.106741e-03	-2.709420e-03
