# k	<chi>	std	chi_median	chi_max	chi_min
0.000000e+00	-3.274127e-02	1.007632e-01	0.000000e+00	1.538860e-01	-3.414223e-01
5.000000e-02	-5.848181e-02	1.344128e-01	-6.679267e-02	1.652516e-01	-3.455305e-01
1.000000e-01	-5.522367e-02	1.350121e-01	-6.255310e-02	1.686667e-01	-3.495969e-01
1.500000e-01	-4.668352e-02	1.361923e-01	-5.352492e-02	1.766829e-01	-3.614530e-01
2.000000e-01	-3.952805e-02	1.367695e-01	-5.034737e-02	1.822253e-01	-3.728280e-01
2.500000e-01	-3.105204e-02	1.358084e-01	-4.744478e-02	1.971802e-01	-3.901557e-01
3.000000e-01	-2.598697e-02	1.331363e-01	-4.824175e-02	2.220848e-01	-4.056690e-01
3.500000e-01	-2.414052e-02	1.260951e-01	-4.888516e-02	2.420849e-01	-4.229204e-01
4.000000e-01	-2.753977e-02	1.162570e-01	-5.027555e-02	2.480452e-01	-4.357276e-01
4.500000e-01	-3.728395e-02	1.005420e-01	-6.019761e-02	2.362995e-01	-4.438140e-01
5.000000e-01	-5.259038e-02	8.337776e-02	-6.861881e-02	2.092485e-01	-4.439859e-01
5.500000e-01	-7.461185e-02	6.637887e-02	-8.363192e-02	1.641228e-01	-4.328088e-01
6.000000e-01	-9.979306e-02	6.224720e-02	-9.720506e-02	9.662709e-02	-4.111089e-01
6.500000e-01	-1.283594e-01	7.793623e-02	-1.024674e-01	6.867328e-03	-4.062712e-01
7.000000e-01	-1.547396e-01	1.050416e-01	-1.292189e-01	1.707018e-02	-4.584807e-01
7.500000e-01	-1.778653e-01	1.345986e-01	-2.208074e-01	2.209586e-02	-5.098489e-01
8.000000e-01	-1.927255e-01	1.590430e-01	-2.778794e-01	2.187673e-02	-5.392427e-01
8.500000e-01	-1.983009e-01	1.737602e-01	-2.581132e-01	3.435164e-02	-5.436655e-01
9.000000e-01	-1.936364e-01	1.767344e-01	-2.241969e-01	4.276528e-02	-5.216766e-01
9.500000e-01	-1.800982e-01	1.650498e-01	-1.747906e-01	4.748766e-02	-5.031224e-01
1.000000e+00	-1.621745e-01	1.418721e-01	-1.330951e-01	4.115110e-02	-4.744709e-01
1.050000e+00	-1.445823e-01	1.077347e-01	-1.187514e-01	3.348078e-02	-4.212014e-01
1.100000e+00	-1.337502e-01	7.059665e-02	-1.161820e-01	1.129437e-02	-3.520909e-01
1.150000e+00	-1.350127e-01	4.045878e-02	-1.308047e-01	-1.466026e-02	-2.735261e-01
1.200000e+00	-1.499312e-01	4.336033e-02	-1.547311e-01	-3.288205e-02	-2.511702e-01
1.250000e+00	-1.795569e-01	6.683362e-02	-1.806039e-01	-4.611169e-02	-3.025337e-01
1.300000e+00	-2.163940e-01	8.738673e-02	-2.111326e-01	-2.492026e-02	-3.543268e-01
1.350000e+00	-2.553305e-01	9.997327e-02	-2.531813e-01	-2.162979e-02	-3.964300e-01
1.400000e+00	-2.835398e-01	1.052929e-01	-2.830821e-01	-2.378971e-02	-4.400633e-01
1.450000e+00	-2.943305e-01	1.047826e-01	-2.977817e-01	-1.354420e-02	-4.563201e-01
1.500000e+00	-2.794723e-01	1.016307e-01	-2.814337e-01	-5.761164e-03	-4.330489e-01
1.550000e+00	-2.381094e-01	9.723912e-02	-2.350379e-01	5.962379e-03	-3.805997e-01
1.600000e+00	-1.739929e-01	9.298934e-02	-1.748346e-01	2.560545e-02	-3.064098e-01
1.650000e+00	-9.454170e-02	8.850349e-02	-1.003956e-01	6.486106e-02	-2.261412e-01
1.700000e+00	-1.259101e-02	8.256647e-02	-2.135933e-02	1.332070e-01	-1.394007e-01
1.750000e+00	6.238788e-02	7.407009e-02	6.281771e-02	1.852618e-01	-5.359204e-02
1.800000e+00	1.191145e-01	6.152288e-02	1.306551e-01	2.218656e-01	1.713862e-02
1.850000e+00	1.549121e-01	4.540646e-02	1.536939e-01	2.422644e-01	6.814581e-02
1.900000e+00	1.675035e-01	2.717907e-02	1.683618e-01	2.317921e-01	1.029831e-01
1.950000e+00	1.629342e-01	1.366650e-02	1.628209e-01	2.381124e-01	1.244257e-01
2.000000e+00	1.455873e-01	1.996563e-02	1.440387e-01	2.268364e-01	1.038968e-01
2.050000e+00	1.245082e-01	3.262064e-02	1.230238e-01	2.077307e-01	7.236166e-02
2.100000e+00	1.032622e-01	3.956857e-02	1.001658e-01	1.798457e-01	4.510603e-02
2.150000e+00	8.548381e-02	3.919399e-02	8.328821e-02	1.511545e-01	2.840481e-02
2.200000e+00	7.195165e-02	3.272121e-02	6.727727e-02	1.231961e-01	2.339856e-02
2.250000e+00	6.461495e-02	2.363082e-02	6.156573e-02	1.032477e-01	2.668095e-02
2.300000e+00	5.785091e-02	1.365810e-02	5.675433e-02	8.349057e-02	3.014901e-02
2.350000e+00	4.934926e-02	6.026719e-03	4.914678e-02	6.449444e-02	3.046634e-02
2.400000e+00	3.820888e-02	5.021332e-03	3.789020e-02	5.277959e-02	2.157959e-02
2.450000e+00	2.824025e-02	7.616997e-03	2.818260e-02	4.622187e-02	7.117067e-03
2.500000e+00	1.778763e-02	9.119990e-03	1.638285e-02	3.640065e-02	-3.929362e-03
2.550000e+00	7.614647e-03	8.776144e-03	7.005472e-03	2.464636e-02	-1.159676e-02
2.600000e+00	-1.446344e-03	6.845848e-03	-1.816221e-03	1.204946e-02	-1.623348e-02
2.650000e+00	-9.962946e-03	4.133334e-03	-1.050969e-02	2.531424e-03	-1.972051e-02
2.700000e+00	-1.694231e-02	2.870774e-03	-1.692697e-02	-6.645240e-03	-2.600013e-02
2.750000e+00	-2.190306e-02	5.473390e-03	-2.105998e-02	-7.702963e-03	-3.423011e-02
2.800000e+00	-2.458362e-02	8.755855e-03	-2.252109e-02	-7.435909e-03	-3.940453e-02
2.850000e+00	-2.653771e-02	1.175722e-02	-2.605133e-02	-7.409988e-03	-4.446420e-02
2.900000e+00	-2.595587e-02	1.381564e-02	-2.633281e-02	-6.191991e-03	-4.556856e-02
2.950000e+00	-2.317304e-02	1.488047e-02	-2.498669e-02	-2.894939e-03	-4.366573e-02
3.000000e+00	-1.873040e-02	1.505828e-02	-2.217030e-02	2.123423e-03	-4.147801e-02
3.050000e+00	-1.358932e-02	1.408902e-02	-1.840795e-02	6.612918e-03	-3.651502e-02
3.100000e+00	-7.861843e-03	1.242510e-02	-1.284823e-02	1.027785e-02	-2.876398e-02
3.150000e+00	-2.253930e-03	1.032550e-02	-5.430439e-03	1.362303e-02	-2.025432e-02
3.200000e+00	2.647952e-03	7.975126e-03	2.346663e-03	1.659439e-02	-1.086634e-02
3.250000e+00	6.443712e-03	4.873155e-03	7.321780e-03	1.714442e-02	-3.406581e-03
3.300000e+00	9.079438e-03	2.475350e-03	9.165025e-03	1.605827e-02	2.457414e-03
3.350000e+00	1.053200e-02	3.355391e-03	1.021249e-02	1.974115e-02	3.593542e-03
3.400000e+00	1.090273e-02	5.826763e-03	1.185204e-02	2.332860e-02	7.180365e-04
3.450000e+00	1.041085e-02	8.562484e-03	1.408966e-02	2.533709e-02	-2.213350e-03
3.500000e+00	9.353450e-03	1.035020e-02	1.321005e-02	2.503218e-02	-4.454767e-03
3.550000e+00	8.023353e-03	1.080926e-02	1.066906e-02	2.271410e-02	-6.974626e-03
3.600000e+00	6.674639e-03	9.760234e-03	8.254822e-03	2.054639e-02	-7.805749e-03
3.650000e+00	5.654350e-03	7.395885e-03	6.904560e-03	1.733120e-02	-6.629021e-03
3.700000e+00	4.884393e-03	3.810772e-03	4.276267e-03	1.365896e-02	-3.443800e-03
3.750000e+00	4.201479e-03	2.655844e-03	4.567235e-03	1.445121e-02	-4.014835e-03
3.800000e+00	3.293589e-03	6.921317e-03	4.310268e-03	1.816767e-02	-9.848763e-03
3.850000e+00	2.097903e-03	1.138985e-02	2.774126e-03	2.064535e-02	-1.512691e-02
3.900000e+00	-1.298393e-04	1.461230e-02	3.661155e-04	2.286388e-02	-1.949414e-02
3.950000e+00	-3.550060e-03	1.597056e-02	-2.850923e-03	2.123462e-02	-2.370483e-02
4.000000e+00	-7.946377e-03	1.524995e-02	-7.310553e-03	1.538715e-02	-2.611323e-02
4.050000e+00	-1.277431e-02	1.280336e-02	-1.244133e-02	6.319947e-03	-2.877677e-02
4.100000e+00	-1.740320e-02	8.895569e-03	-1.733773e-02	-3.019308e-03	-3.035864e-02
4.150000e+00	-2.078929e-02	4.517807e-03	-2.013044e-02	-1.169046e-02	-2.983800e-02
4.200000e+00	-2.201264e-02	3.295961e-03	-2.227661e-02	-1.027482e-02	-3.230032e-02
4.250000e+00	-2.089625e-02	6.793901e-03	-2.176095e-02	-4.112631e-03	-3.651667e-02
4.300000e+00	-1.724362e-02	1.028855e-02	-1.828136e-02	2.868915e-03	-3.664602e-02
4.350000e+00	-1.159469e-02	1.301418e-02	-1.242054e-02	9.885939e-03	-3.318765e-02
4.400000e+00	-4.973004e-03	1.505346e-02	-6.048280e-03	1.793848e-02	-2.737864e-02
4.450000e+00	1.061784e-03	1.659020e-02	-3.008930e-04	2.418721e-02	-2.119910e-02
4.500000e+00	5.866626e-03	1.808670e-02	4.442585e-03	3.072591e-02	-1.841497e-02
4.550000e+00	8.838849e-03	1.972250e-02	7.291136e-03	3.649453e-02	-1.727652e-02
4.600000e+00	9.965707e-03	2.138304e-02	8.135956e-03	3.974370e-02	-1.736590e-02
4.650000e+00	9.734701e-03	2.271465e-02	8.355849e-03	4.049431e-02	-1.928896e-02
4.700000e+00	9.204207e-03	2.316830e-02	8.529472e-03	4.082346e-02	-2.184208e-02
4.750000e+00	9.376389e-03	2.203109e-02	9.384764e-03	4.006124e-02	-2.206533e-02
4.800000e+00	1.097835e-02	1.870948e-02	1.143717e-02	3.810084e-02	-1.842852e-02
4.850000e+00	1.411173e-02	1.325013e-02	1.562029e-02	3.494030e-02	-1.092441e-02
4.900000e+00	1.847711e-02	6.624534e-03	1.978957e-02	3.166342e-02	-2.272683e-03
4.950000e+00	2.316415e-02	8.124366e-03	2.187637e-02	4.262728e-02	6.181003e-03
5.000000e+00	2.700423e-02	1.767612e-02	1.998191e-02	5.742782e-02	-2.289577e-03
5.050000e+00	2.890468e-02	2.739535e-02	2.257566e-02	6.935970e-02	-1.183917e-02
5.100000e+00	2.820086e-02	3.537727e-02	2.404585e-02	7.651951e-02	-2.273532e-02
5.150000e+00	2.467580e-02	4.045208e-02	2.342829e-02	7.788097e-02	-3.256842e-02
5.200000e+00	1.863617e-02	4.203995e-02	2.084569e-02	7.334625e-02	-4.028527e-02
5.250000e+00	1.075513e-02	4.014365e-02	1.572436e-02	6.261247e-02	-4.501640e-02
5.300000e+00	1.908327e-03	3.542598e-02	5.692225e-03	5.095708e-02	-4.779030e-02
5.350000e+00	-7.110029e-03	2.890532e-02	-6.461623e-03	3.727377e-02	-4.993852e-02
5.400000e+00	-1.568670e-02	2.176578e-02	-1.864946e-02	2.488293e-02	-4.918868e-02
5.450000e+00	-2.334739e-02	1.507374e-02	-2.891404e-02	1.600492e-02	-4.770752e-02
5.500000e+00	-2.979380e-02	1.015260e-02	-3.307190e-02	6.768704e-03	-4.995402e-02
5.550000e+00	-3.472933e-02	8.275362e-03	-3.536754e-02	-2.974920e-03	-6.059718e-02
5.600000e+00	-3.779187e-02	9.343238e-03	-3.631599e-02	-1.283093e-02	-6.597621e-02
5.650000e+00	-3.841896e-02	1.165034e-02	-3.547001e-02	-1.651581e-02	-6.587095e-02
5.700000e+00	-3.641347e-02	1.426760e-02	-3.318938e-02	-8.323504e-03	-6.613826e-02
5.750000e+00	-3.171774e-02	1.693976e-02	-3.141038e-02	1.705484e-03	-6.311419e-02
5.800000e+00	-2.467099e-02	1.947249e-02	-2.653731e-02	1.322780e-02	-5.694398e-02
5.850000e+00	-1.595453e-02	2.152677e-02	-1.795305e-02	2.520805e-02	-5.348215e-02
5.900000e+00	-6.863578e-03	2.288163e-02	-1.053170e-02	3.617502e-02	-4.863568e-02
5.950000e+00	1.365109e-03	2.343022e-02	-1.099480e-03	4.469334e-02	-4.220250e-02
6.000000e+00	7.721292e-03	2.330902e-02	5.302183e-03	4.910098e-02	-3.534720e-02
6.050000e+00	1.169557e-02	2.280111e-02	9.679910e-03	4.877100e-02	-2.900049e-02
6.100000e+00	1.343667e-02	2.236833e-02	1.164654e-02	4.901477e-02	-2.418502e-02
6.150000e+00	1.371723e-02	2.229148e-02	1.214054e-02	5.095517e-02	-2.326631e-02
6.200000e+00	1.364199e-02	2.257616e-02	1.080183e-02	5.166926e-02	-2.447055e-02
6.250000e+00	1.427034e-02	2.292413e-02	1.178710e-02	5.125647e-02	-2.409246e-02
6.300000e+00	1.624373e-02	2.282119e-02	1.534499e-02	5.439347e-02	-2.084338e-02
6.350000e+00	1.954355e-02	2.169554e-02	1.880150e-02	6.058888e-02	-1.707667e-02
6.400000e+00	2.346543e-02	1.912118e-02	2.326819e-02	6.415803e-02	-1.242838e-02
6.450000e+00	2.682468e-02	1.511289e-02	2.687717e-02	6.362094e-02	-8.722373e-03
6.500000e+00	2.832964e-02	1.092676e-02	2.891694e-02	5.637990e-02	-5.028694e-03
6.550000e+00	2.688013e-02	1.105354e-02	2.629617e-02	5.907131e-02	-3.073083e-03
6.600000e+00	2.225481e-02	1.773737e-02	2.131230e-02	6.139042e-02	-1.840647e-02
6.650000e+00	1.494181e-02	2.692997e-02	1.108384e-02	5.970510e-02	-3.364888e-02
6.700000e+00	6.083035e-03	3.629025e-02	3.722171e-03	6.184005e-02	-4.775971e-02
6.750000e+00	-2.855166e-03	4.454238e-02	-3.758095e-03	6.459318e-02	-6.402865e-02
6.800000e+00	-1.050023e-02	5.066256e-02	-1.229163e-02	6.514482e-02	-7.835253e-02
6.850000e+00	-1.594346e-02	5.373407e-02	-1.712343e-02	6.624741e-02	-8.849512e-02
6.900000e+00	-1.894490e-02	5.299781e-02	-1.962435e-02	6.434475e-02	-9.052181e-02
6.950000e+00	-1.991466e-02	4.800430e-02	-1.949383e-02	5.694064e-02	-8.567859e-02
7.000000e+00	-1.968832e-02	3.882190e-02	-1.715564e-02	4.564920e-02	-7.903233e-02
7.050000e+00	-1.914210e-02	2.614892e-02	-1.738337e-02	3.514590e-02	-6.784241e-02
7.100000e+00	-1.895677e-02	1.276342e-02	-1.951666e-02	1.948778e-02	-5.260106e-02
7.150000e+00	-1.927619e-02	1.161027e-02	-1.923793e-02	1.033049e-02	-4.804242e-02
7.200000e+00	-1.970652e-02	2.368090e-02	-1.515468e-02	2.547660e-02	-6.678073e-02
7.250000e+00	-1.948311e-02	3.459248e-02	-1.048260e-02	3.749449e-02	-8.069514e-02
7.300000e+00	-1.777208e-02	4.167356e-02	-3.351997e-03	4.772883e-02	-8.616312e-02
7.350000e+00	-1.400170e-02	4.449722e-02	1.898091e-03	5.269097e-02	-8.404563e-02
7.400000e+00	-8.112267e-03	4.367450e-02	6.204162e-03	5.463378e-02	-7.551321e-02
7.450000e+00	-6.438429e-04	4.045380e-02	5.486957e-03	5.787839e-02	-6.417802e-02
7.500000e+00	7.365150e-03	3.625691e-02	5.941234e-03	6.176649e-02	-4.946689e-02
7.550000e+00	1.461671e-02	3.209852e-02	8.409995e-03	6.402388e-02	-3.399636e-02
7.600000e+00	1.988334e-02	2.859609e-02	1.112488e-02	6.464867e-02	-2.461135e-02
7.650000e+00	2.241456e-02	2.552869e-02	1.559769e-02	6.917259e-02	-2.141489e-02
7.700000e+00	2.207626e-02	2.221389e-02	2.240557e-02	6.844849e-02	-2.115258e-02
7.750000e+00	1.936387e-02	1.803513e-02	1.973413e-02	6.091946e-02	-2.157752e-02
7.800000e+00	1.524519e-02	1.331789e-02	1.556871e-02	4.757205e-02	-2.093850e-02
7.850000e+00	1.088248e-02	1.114719e-02	1.135356e-02	4.127155e-02	-1.936546e-02
7.900000e+00	7.313417e-03	1.534497e-02	6.496310e-03	4.403224e-02	-2.837416e-02
7.950000e+00	5.177434e-03	2.256296e-02	2.527574e-03	5.138018e-02	-3.959364e-02
8.000000e+00	4.558065e-03	2.913146e-02	2.669990e-04	5.689062e-02	-4.691706e-02
8.050000e+00	4.965081e-03	3.329237e-02	-5.895415e-05	6.342936e-02	-5.203099e-02
8.100000e+00	5.508766e-03	3.461587e-02	1.337162e-03	6.702277e-02	-5.145880e-02
8.150000e+00	5.165965e-03	3.346269e-02	3.226856e-03	6.577763e-02	-5.023567e-02
8.200000e+00	3.100642e-03	3.073283e-02	5.329125e-03	6.291066e-02	-5.453126e-02
8.250000e+00	-1.063179e-03	2.744177e-02	2.009330e-03	5.801104e-02	-5.763958e-02
8.300000e+00	-7.078798e-03	2.429766e-02	-3.317736e-03	4.834218e-02	-6.408581e-02
8.350000e+00	-1.407102e-02	2.146106e-02	-1.019321e-02	3.500001e-02	-7.019682e-02
8.400000e+00	-2.069666e-02	1.862281e-02	-1.737314e-02	1.958933e-02	-7.148147e-02
8.450000e+00	-2.544042e-02	1.536282e-02	-2.353969e-02	8.000197e-03	-6.685591e-02
8.500000e+00	-2.698041e-02	1.168813e-02	-2.648533e-02	-2.418996e-04	-6.092879e-02
8.550000e+00	-2.449944e-02	8.930517e-03	-2.410212e-02	-7.621820e-04	-5.393453e-02
8.600000e+00	-1.802537e-02	9.955546e-03	-1.734442e-02	2.008797e-02	-4.791142e-02
8.650000e+00	-8.454515e-03	1.402837e-02	-8.977089e-03	4.374726e-02	-4.379359e-02
8.700000e+00	2.590516e-03	1.816544e-02	-2.498216e-04	6.351047e-02	-3.577176e-02
8.750000e+00	1.309177e-02	2.086973e-02	8.312427e-03	7.652943e-02	-2.560648e-02
8.800000e+00	2.108058e-02	2.177655e-02	1.580391e-02	8.072151e-02	-1.701633e-02
8.850000e+00	2.508813e-02	2.132076e-02	2.057016e-02	7.627705e-02	-1.350375e-02
8.900000e+00	2.448649e-02	2.047760e-02	2.219045e-02	6.726556e-02	-1.563450e-02
8.950000e+00	1.962981e-02	2.032213e-02	2.013337e-02	5.633485e-02	-1.996396e-02
9.000000e+00	1.175656e-02	2.136831e-02	1.340333e-02	5.017308e-02	-2.832816e-02
9.050000e+00	2.649399e-03	2.315295e-02	6.487528e-03	4.894325e-02	-4.085190e-02
9.100000e+00	-5.715833e-03	2.447291e-02	-2.673564e-03	4.350576e-02	-5.108834e-02
9.150000e+00	-1.169031e-02	2.404700e-02	-8.994460e-03	3.483102e-02	-5.794345e-02
9.200000e+00	-1.430367e-02	2.102623e-02	-1.274360e-02	2.538143e-02	-5.654467e-02
9.250000e+00	-1.342744e-02	1.557167e-02	-1.292000e-02	2.297380e-02	-5.409103e-02
9.300000e+00	-9.714495e-03	1.023703e-02	-9.772377e-03	2.196133e-02	-4.250317e-02
9.350000e+00	-4.350314e-03	1.185215e-02	-4.767281e-03	2.315917e-02	-3.217269e-02
9.400000e+00	1.297583e-03	1.868879e-02	7.246989e-04	4.026427e-02	-3.673743e-02
9.450000e+00	6.025281e-03	2.464159e-02	3.376696e-03	5.549736e-02	-3.759539e-02
9.500000e+00	9.040280e-03	2.757284e-02	5.123526e-03	6.481116e-02	-4.315292e-02
9.550000e+00	1.005128e-02	2.718364e-02	6.176412e-03	6.511342e-02	-4.664659e-02
9.600000e+00	9.234404e-03	2.425147e-02	5.689825e-03	5.870599e-02	-4.416706e-02
9.650000e+00	7.065989e-03	2.018426e-02	2.879444e-03	5.166808e-02	-3.645800e-02
9.700000e+00	4.121185e-03	1.639873e-02	-1.667937e-04	4.285417e-02	-2.823570e-02
9.750000e+00	9.054983e-04	1.381604e-02	-2.328198e-03	3.547584e-02	-2.870002e-02
9.800000e+00	-2.232594e-03	1.266231e-02	-3.521388e-03	2.986447e-02	-3.101283e-02
9.850000e+00	-5.097095e-03	1.250589e-02	-4.495369e-03	2.887670e-02	-3.228453e-02
9.900000e+00	-7.573715e-03	1.242825e-02	-6.051866e-03	2.644398e-02	-3.828209e-02
9.950000e+00	-9.541132e-03	1.153729e-02	-9.240633e-03	2.126101e-02	-3.830822e-02
1.000000e+01	-1.081378e-02	9.792289e-03	-1.100229e-02	1.737032e-02	-3.233198e-02
1.005000e+01	-1.114602e-02	9.021120e-03	-1.128980e-02	1.646906e-02	-3.213828e-02
1.010000e+01	-1.028013e-02	1.158379e-02	-1.048971e-02	1.905706e-02	-4.164240e-02
1.015000e+01	-8.095083e-03	1.599573e-02	-6.412748e-03	2.720956e-02	-4.590126e-02
1.020000e+01	-4.681166e-03	1.977375e-02	-1.367545e-03	3.604870e-02	-4.687211e-02
1.025000e+01	-3.803413e-04	2.162235e-02	3.786452e-03	4.156989e-02	-4.410938e-02
1.030000e+01	4.247572e-03	2.125704e-02	7.119867e-03	4.948889e-02	-3.886777e-02
1.035000e+01	8.527481e-03	1.913780e-02	1.068127e-02	5.267703e-02	-3.055336e-02
1.040000e+01	1.181085e-02	1.614720e-02	1.298501e-02	4.919753e-02	-2.311809e-02
1.045000e+01	1.361453e-02	1.326224e-02	1.466134e-02	4.077446e-02	-1.964331e-02
1.050000e+01	1.371694e-02	1.129812e-02	1.444669e-02	4.285745e-02	-1.639258e-02
1.055000e+01	1.218740e-02	1.056905e-02	1.276723e-02	4.316358e-02	-1.303142e-02
1.060000e+01	9.347076e-03	1.056437e-02	9.643845e-03	4.054962e-02	-1.792931e-02
1.065000e+01	5.679967e-03	1.038538e-02	6.140637e-03	3.440313e-02	-2.561197e-02
1.070000e+01	1.724439e-03	9.630778e-03	2.412887e-03	2.439802e-02	-2.799922e-02
1.075000e+01	-2.023977e-03	9.043749e-03	-1.514875e-03	1.916609e-02	-2.433464e-02
1.080000e+01	-5.177720e-03	1.017221e-02	-6.291170e-03	2.467649e-02	-2.658797e-02
1.085000e+01	-7.484203e-03	1.300326e-02	-9.080762e-03	3.037738e-02	-3.576638e-02
1.090000e+01	-8.822232e-03	1.587456e-02	-8.760543e-03	3.356823e-02	-4.229642e-02
1.095000e+01	-9.182827e-03	1.740011e-02	-8.646636e-03	3.289692e-02	-4.289415e-02
1.100000e+01	-8.648828e-03	1.699831e-02	-8.840295e-03	3.138171e-02	-4.128278e-02
1.105000e+01	-7.387165e-03	1.489683e-02	-8.184424e-03	3.041670e-02	-3.867864e-02
1.110000e+01	-5.609912e-03	1.189462e-02	-5.693333e-03	2.480269e-02	-3.282142e-02
1.115000e+01	-3.600398e-03	9.225968e-03	-3.980856e-03	2.170182e-02	-2.784197e-02
1.120000e+01	-1.668535e-03	7.932826e-03	-2.051839e-03	2.187313e-02	-2.687147e-02
1.125000e+01	-9.930242e-05	7.836632e-03	-3.025089e-04	2.463391e-02	-2.600125e-02
1.130000e+01	9.106320e-04	7.885560e-03	1.126057e-03	2.616615e-02	-2.311001e-02
1.135000e+01	1.309373e-03	7.463940e-03	1.528673e-03	2.406477e-02	-2.124927e-02
1.140000e+01	1.216549e-03	6.607532e-03	1.594964e-03	2.072946e-02	-1.811413e-02
1.145000e+01	9.028241e-04	5.931648e-03	5.887410e-04	1.955569e-02	-1.348131e-02
1.150000e+01	7.185082e-04	6.441744e-03	3.033426e-04	2.018709e-02	-1.511176e-02
1.155000e+01	9.858223e-04	8.285821e-03	5.666514e-04	2.432018e-02	-1.769876e-02
1.160000e+01	1.885260e-03	1.053643e-02	1.484446e-03	2.858962e-02	-1.984326e-02
1.165000e+01	3.373538e-03	1.231811e-02	2.878692e-03	3.164512e-02	-2.368195e-02
1.170000e+01	5.164954e-03	1.313754e-02	4.575026e-03	3.457442e-02	-2.391498e-02
1.175000e+01	6.790192e-03	1.287923e-02	6.370909e-03	3.401318e-02	-2.087131e-02
1.180000e+01	7.721887e-03	1.175392e-02	7.863180e-03	3.347144e-02	-1.799345e-02
1.185000e+01	7.532857e-03	1.019158e-02	8.165091e-03	3.360751e-02	-1.597521e-02
1.190000e+01	6.039172e-03	8.698380e-03	7.184613e-03	3.007540e-02	-1.572832e-02
1.195000e+01	3.381573e-03	7.688350e-03	4.431371e-03	2.316454e-02	-1.844026e-02
1.200000e+01	1.566840e-05	7.283575e-03	4.514627e-04	1.750151e-02	-2.100739e-02
1.205000e+01	-3.428824e-03	7.271977e-03	-3.231580e-03	1.838558e-02	-2.200495e-02
1.210000e+01	-6.208041e-03	7.326587e-03	-6.386081e-03	1.968494e-02	-2.523859e-02
1.215000e+01	-7.739025e-03	7.430333e-03	-7.859675e-03	1.949489e-02	-2.672986e-02
1.220000e+01	-7.739403e-03	7.956467e-03	-7.247105e-03	1.691639e-02	-3.056282e-02
1.225000e+01	-6.304824e-03	9.249647e-03	-5.752478e-03	1.762372e-02	-3.121395e-02
1.230000e+01	-3.881312e-03	1.106416e-02	-4.030505e-03	2.204023e-02	-2.888817e-02
1.235000e+01	-1.140198e-03	1.271407e-02	-2.333167e-03	2.974176e-02	-2.812560e-02
1.240000e+01	1.207547e-03	1.354231e-02	-6.153994e-04	3.614470e-02	-2.540921e-02
1.245000e+01	2.603016e-03	1.317969e-02	1.005097e-03	3.706344e-02	-2.384337e-02
1.250000e+01	2.781810e-03	1.163676e-02	1.759169e-03	3.283962e-02	-2.173318e-02
1.255000e+01	1.828076e-03	9.315336e-03	1.046942e-03	2.896192e-02	-2.083631e-02
1.260000e+01	1.286424e-04	7.004828e-03	-3.028167e-04	2.184778e-02	-2.086912e-02
1.265000e+01	-1.754136e-03	5.800748e-03	-1.901068e-03	1.483639e-02	-2.002082e-02
1.270000e+01	-3.249187e-03	6.155475e-03	-3.596703e-03	1.510879e-02	-1.894335e-02
1.275000e+01	-3.932490e-03	7.117620e-03	-4.193227e-03	1.929392e-02	-1.982551e-02
1.280000e+01	-3.628079e-03	7.802170e-03	-4.206189e-03	2.259861e-02	-2.101846e-02
1.285000e+01	-2.430401e-03	7.923849e-03	-3.297612e-03	2.417955e-02	-1.963924e-02
1.290000e+01	-6.496791e-04	7.522537e-03	-1.550177e-03	2.390249e-02	-1.775534e-02
1.295000e+01	1.295383e-03	6.802607e-03	6.903615e-04	2.217961e-02	-1.537376e-02
1.300000e+01	3.000254e-03	6.066102e-03	2.605023e-03	1.978915e-02	-1.222570e-02
1.305000e+01	4.201372e-03	5.613660e-03	3.966506e-03	2.264372e-02	-9.096478e-03
1.310000e+01	4.747997e-03	5.486581e-03	4.743409e-03	2.236751e-02	-8.684844e-03
1.315000e+01	4.674490e-03	5.483666e-03	4.494700e-03	2.147306e-02	-8.571263e-03
1.320000e+01	4.138102e-03	5.412110e-03	3.647214e-03	1.999552e-02	-9.419193e-03
1.325000e+01	3.348080e-03	5.303806e-03	3.102299e-03	1.745732e-02	-1.195132e-02
1.330000e+01	2.495389e-03	5.332686e-03	2.498213e-03	1.717771e-02	-1.442730e-02
1.335000e+01	1.704446e-03	5.518463e-03	1.804426e-03	1.593986e-02	-1.503639e-02
1.340000e+01	1.017440e-03	5.621244e-03	1.203210e-03	1.736170e-02	-1.443864e-02
1.345000e+01	4.093988e-04	5.408668e-03	4.223996e-04	1.746266e-02	-1.540061e-02
1.350000e+01	-1.774161e-04	4.959567e-03	-2.254444e-04	1.531135e-02	-1.616147e-02
1.355000e+01	-7.952205e-04	4.741963e-03	-3.966274e-04	1.144465e-02	-1.641228e-02
1.360000e+01	-1.462110e-03	5.154736e-03	-6.958622e-04	1.033374e-02	-1.655980e-02
1.365000e+01	-2.150773e-03	5.896555e-03	-1.322956e-03	1.214272e-02	-1.866005e-02
1.370000e+01	-2.794968e-03	6.365961e-03	-2.245792e-03	1.493130e-02	-1.880890e-02
1.375000e+01	-3.308571e-03	6.245401e-03	-3.345969e-03	1.604487e-02	-1.706596e-02
1.380000e+01	-3.609381e-03	5.628111e-03	-3.989788e-03	1.596244e-02	-1.608386e-02
1.385000e+01	-3.640359e-03	4.948558e-03	-4.219587e-03	1.439230e-02	-1.569973e-02
1.390000e+01	-3.383468e-03	4.690232e-03	-3.575002e-03	1.192432e-02	-1.535226e-02
1.395000e+01	-2.864223e-03	4.882266e-03	-2.898627e-03	1.058162e-02	-1.491191e-02
1.400000e+01	-2.147308e-03	5.149498e-03	-2.422609e-03	1.138042e-02	-1.444776e-02
1.405000e+01	-1.343362e-03	5.245364e-03	-1.572809e-03	1.266332e-02	-1.420864e-02
1.410000e+01	-5.301253e-04	5.135747e-03	-4.873224e-04	1.270790e-02	-1.349204e-02
1.415000e+01	2.075578e-04	4.881519e-03	4.325885e-05	1.288820e-02	-1.225875e-02
1.420000e+01	8.092918e-04	4.537848e-03	5.838853e-04	1.627427e-02	-1.148239e-02
1.425000e+01	1.250694e-03	4.251993e-03	9.302109e-04	1.812828e-02	-1.094204e-02
1.430000e+01	1.547209e-03	4.345209e-03	1.560416e-03	1.743480e-02	-9.367178e-03
1.435000e+01	1.747520e-03	4.980460e-03	1.854172e-03	1.470638e-02	-1.201338e-02
1.440000e+01	1.916391e-03	5.832749e-03	2.147059e-03	1.493002e-02	-1.346907e-02
1.445000e+01	2.110411e-03	6.420497e-03	2.596142e-03	1.455584e-02	-1.225702e-02
1.450000e+01	2.353601e-03	6.471349e-03	2.807661e-03	1.571176e-02	-1.439886e-02
1.455000e+01	2.621545e-03	6.045339e-03	3.108449e-03	1.607363e-02	-1.554622e-02
1.460000e+01	2.841342e-03	5.514600e-03	2.866925e-03	1.562696e-02	-1.389505e-02
1.465000e+01	2.910025e-03	5.308272e-03	2.636963e-03	1.878240e-02	-1.072535e-02
1.470000e+01	2.727553e-03	5.444816e-03	2.319619e-03	2.068640e-02	-9.636624e-03
1.475000e+01	2.234326e-03	5.527604e-03	1.622097e-03	2.027011e-02	-9.146433e-03
1.480000e+01	1.440051e-03	5.242105e-03	8.393707e-04	1.938578e-02	-1.017595e-02
1.485000e+01	4.324454e-04	4.621808e-03	2.575309e-04	1.587831e-02	-1.132698e-02
1.490000e+01	-6.394711e-04	4.024449e-03	-6.797764e-04	1.102322e-02	-1.374853e-02
1.495000e+01	-1.603764e-03	3.860734e-03	-1.538324e-03	8.597500e-03	-1.443327e-02
1.500000e+01	-2.313610e-03	4.120388e-03	-2.063730e-03	7.283230e-03	-1.469597e-02
1.505000e+01	-2.685103e-03	4.465301e-03	-2.544030e-03	9.287779e-03	-1.498426e-02
1.510000e+01	-2.725064e-03	4.674603e-03	-2.867780e-03	1.131707e-02	-1.550745e-02
1.515000e+01	-2.519300e-03	4.753033e-03	-2.930178e-03	1.164325e-02	-1.382317e-02
1.520000e+01	-2.196992e-03	4.752416e-03	-2.768782e-03	1.174816e-02	-1.300830e-02
1.525000e+01	-1.882089e-03	4.652299e-03	-2.359372e-03	1.163531e-02	-1.204830e-02
1.530000e+01	-1.649679e-03	4.404285e-03	-2.194757e-03	1.095371e-02	-1.142277e-02
1.535000e+01	-1.503631e-03	4.057278e-03	-1.859573e-03	9.286115e-03	-1.149500e-02
1.540000e+01	-1.383574e-03	3.802323e-03	-1.741970e-03	9.342869e-03	-1.377166e-02
1.545000e+01	-1.197871e-03	3.827480e-03	-1.393562e-03	1.075328e-02	-1.489306e-02
1.550000e+01	-8.689951e-04	4.097864e-03	-1.113806e-03	1.219454e-02	-1.444082e-02
1.555000e+01	-3.728230e-04	4.417420e-03	-6.573648e-04	1.367116e-02	-1.233109e-02
1.560000e+01	2.441783e-04	4.649161e-03	-1.915150e-04	1.417654e-02	-1.184827e-02
1.565000e+01	8.770777e-04	4.764934e-03	3.404041e-04	1.330919e-02	-1.105044e-02
1.570000e+01	1.399308e-03	4.762785e-03	8.865752e-04	1.500832e-02	-9.324557e-03
1.575000e+01	1.709612e-03	4.603745e-03	1.376600e-03	1.527416e-02	-8.151782e-03
1.580000e+01	1.770337e-03	4.250037e-03	1.462426e-03	1.418143e-02	-8.133575e-03
1.585000e+01	1.621647e-03	3.768807e-03	1.508562e-03	1.238923e-02	-1.013004e-02
1.590000e+01	1.365728e-03	3.397404e-03	1.399411e-03	1.190149e-02	-1.232033e-02
1.595000e+01	1.126984e-03	3.404891e-03	1.152087e-03	1.082353e-02	-1.306325e-02
1.600000e+01	1.003725e-03	3.751640e-03	7.874617e-04	1.376421e-02	-1.207004e-02
1.605000e+01	1.028000e-03	4.144835e-03	7.620729e-04	1.561651e-02	-9.391516e-03
1.610000e+01	1.161212e-03	4.357644e-03	9.159892e-04	1.542595e-02	-1.037790e-02
1.615000e+01	1.300829e-03	4.365422e-03	1.437320e-03	1.400896e-02	-1.214577e-02
1.620000e+01	1.325729e-03	4.266536e-03	1.643740e-03	1.399664e-02	-1.274991e-02
1.625000e+01	1.144949e-03	4.148296e-03	1.450940e-03	1.257111e-02	-1.199650e-02
1.630000e+01	7.351848e-04	3.993944e-03	8.316094e-04	1.177753e-02	-1.028478e-02
1.635000e+01	1.526440e-04	3.725188e-03	1.652250e-04	1.218942e-02	-9.265029e-03
1.640000e+01	-4.851861e-04	3.328070e-03	-4.091668e-04	1.067217e-02	-9.617221e-03
1.645000e+01	-1.040664e-03	2.941499e-03	-1.016714e-03	8.016065e-03	-9.954657e-03
1.650000e+01	-1.404161e-03	2.813789e-03	-1.335664e-03	6.365696e-03	-9.957499e-03
1.655000e+01	-1.530982e-03	3.038619e-03	-1.547870e-03	7.370506e-03	-1.154049e-02
1.660000e+01	-1.453387e-03	3.410512e-03	-1.385751e-03	8.371085e-03	-1.142792e-02
1.665000e+01	-1.263864e-03	3.678300e-03	-1.198544e-03	1.000835e-02	-1.216379e-02
1.670000e+01	-1.076778e-03	3.726038e-03	-1.064983e-03	9.814969e-03	-1.378596e-02
1.675000e+01	-9.835323e-04	3.583337e-03	-1.200678e-03	9.626428e-03	-1.350728e-02
1.680000e+01	-1.018280e-03	3.387122e-03	-1.223905e-03	9.296222e-03	-1.161702e-02
1.685000e+01	-1.146667e-03	3.299456e-03	-1.245103e-03	8.605950e-03	-1.039694e-02
1.690000e+01	-1.280913e-03	3.378857e-03	-1.171264e-03	9.344495e-03	-1.134040e-02
1.695000e+01	-1.314546e-03	3.531264e-03	-1.091118e-03	9.480186e-03	-1.128684e-02
1.700000e+01	-1.163108e-03	3.614336e-03	-1.016250e-03	9.157293e-03	-1.195623e-02
1.705000e+01	-7.910974e-04	3.548132e-03	-8.344070e-04	9.632753e-03	-1.189402e-02
1.710000e+01	-2.266438e-04	3.346211e-03	-4.655747e-04	9.603537e-03	-1.076754e-02
1.715000e+01	4.386757e-04	3.110643e-03	2.618094e-04	8.883773e-03	-8.763050e-03
1.720000e+01	1.084200e-03	2.973250e-03	9.049973e-04	8.695628e-03	-7.554016e-03
1.725000e+01	1.596964e-03	3.010579e-03	1.528869e-03	8.775012e-03	-7.645062e-03
1.730000e+01	1.902468e-03	3.193318e-03	1.942781e-03	1.126548e-02	-7.534798e-03
1.735000e+01	1.979748e-03	3.430193e-03	2.030911e-03	1.267587e-02	-9.801830e-03
1.740000e+01	1.857775e-03	3.632884e-03	1.910931e-03	1.266355e-02	-1.151874e-02
1.745000e+01	1.597297e-03	3.738981e-03	1.645443e-03	1.174552e-02	-1.192084e-02
1.750000e+01	1.266845e-03	3.716704e-03	1.260146e-03	1.163942e-02	-1.135808e-02
1.755000e+01	9.223280e-04	3.574776e-03	8.094680e-04	1.083829e-02	-1.000534e-02
1.760000e+01	5.966263e-04	3.369936e-03	3.220800e-04	1.049746e-02	-7.753370e-03
1.765000e+01	3.005573e-04	3.188403e-03	4.460255e-05	1.055567e-02	-7.748196e-03
1.770000e+01	3.183563e-05	3.088895e-03	-2.310089e-04	1.001796e-02	-7.353861e-03
1.775000e+01	-2.139037e-04	3.050797e-03	-4.392501e-04	8.894866e-03	-7.716890e-03
1.780000e+01	-4.355502e-04	2.998569e-03	-4.539614e-04	7.370507e-03	-7.926179e-03
1.785000e+01	-6.252035e-04	2.877779e-03	-6.275045e-04	8.006744e-03	-8.739770e-03
1.790000e+01	-7.723199e-04	2.699347e-03	-8.585083e-04	8.159057e-03	-9.030589e-03
1.795000e+01	-8.699139e-04	2.523461e-03	-8.845668e-04	7.547340e-03	-9.368455e-03
1.800000e+01	-9.188273e-04	2.404504e-03	-8.458034e-04	6.726398e-03	-8.959963e-03
1.805000e+01	-9.255845e-04	2.353741e-03	-7.815657e-04	5.397834e-03	-8.226333e-03
1.810000e+01	-9.044088e-04	2.361002e-03	-8.070761e-04	5.755559e-03	-8.906168e-03
1.815000e+01	-8.667681e-04	2.432329e-03	-7.408395e-04	6.197083e-03	-1.058049e-02
1.820000e+01	-8.162805e-04	2.570726e-03	-6.723884e-04	5.627125e-03	-1.085156e-02
1.825000e+01	-7.478033e-04	2.729877e-03	-6.798976e-04	6.235758e-03	-9.575766e-03
1.830000e+01	-6.513456e-04	2.823365e-03	-5.696105e-04	6.713130e-03	-8.534010e-03
1.835000e+01	-5.188482e-04	2.786415e-03	-4.011731e-04	7.180832e-03	-9.281220e-03
1.840000e+01	-3.503590e-04	2.629944e-03	-2.564462e-04	6.778473e-03	-8.936459e-03
1.845000e+01	-1.563676e-04	2.451870e-03	9.625060e-05	5.955401e-03	-7.317556e-03
1.850000e+01	4.505602e-05	2.379131e-03	2.475021e-04	5.754524e-03	-6.588847e-03
1.855000e+01	2.350432e-04	2.448611e-03	3.057227e-04	7.622833e-03	-6.670543e-03
1.860000e+01	4.012692e-04	2.571296e-03	4.231732e-04	9.501837e-03	-6.753426e-03
1.865000e+01	5.420199e-04	2.639657e-03	5.930644e-04	9.712212e-03	-6.646346e-03
1.870000e+01	6.645802e-04	2.617228e-03	7.591162e-04	8.298784e-03	-7.759553e-03
1.875000e+01	7.782911e-04	2.546369e-03	8.034178e-04	9.211625e-03	-7.538340e-03
1.880000e+01	8.854075e-04	2.506828e-03	1.030955e-03	8.865837e-03	-6.635705e-03
1.885000e+01	9.743753e-04	2.551072e-03	9.469701e-04	8.156543e-03	-6.215151e-03
1.890000e+01	1.019513e-03	2.661822e-03	9.840683e-04	1.018675e-02	-6.216423e-03
1.895000e+01	9.884782e-04	2.773141e-03	1.145106e-03	1.066045e-02	-6.743595e-03
1.900000e+01	8.553733e-04	2.822395e-03	9.983087e-04	9.505543e-03	-7.341204e-03
1.905000e+01	6.124980e-04	2.786663e-03	7.127457e-04	7.159768e-03	-6.885013e-03
1.910000e+01	2.821346e-04	2.679273e-03	3.163319e-04	8.344600e-03	-5.998571e-03
1.915000e+01	-8.457781e-05	2.545878e-03	-9.099604e-05	9.311174e-03	-6.603393e-03
1.920000e+01	-4.204328e-04	2.424496e-03	-5.089384e-04	8.972516e-03	-7.987961e-03
1.925000e+01	-6.615699e-04	2.322287e-03	-7.620885e-04	7.294402e-03	-9.601363e-03
1.930000e+01	-7.675450e-04	2.237268e-03	-6.747965e-04	5.520708e-03	-9.889368e-03
1.935000e+01	-7.347114e-04	2.201346e-03	-6.904192e-04	5.819966e-03	-8.622622e-03
1.940000e+01	-5.977421e-04	2.271887e-03	-5.825444e-04	5.769154e-03	-7.265181e-03
1.945000e+01	-4.183724e-04	2.451862e-03	-3.828642e-04	6.151466e-03	-7.522541e-03
1.950000e+01	-2.651225e-04	2.651681e-03	-2.052919e-04	6.577879e-03	-8.833272e-03
1.955000e+01	-1.910567e-04	2.758143e-03	-2.193232e-04	6.379293e-03	-9.173737e-03
1.960000e+01	-2.172793e-04	2.716777e-03	-2.811214e-04	8.217706e-03	-8.034920e-03
1.965000e+01	-3.276475e-04	2.565619e-03	-3.574434e-04	9.410699e-03	-6.930893e-03
1.970000e+01	-4.760061e-04	2.412608e-03	-4.447552e-04	9.081436e-03	-6.852897e-03
1.975000e+01	-6.027695e-04	2.349002e-03	-5.902642e-04	7.454837e-03	-8.114851e-03
1.980000e+01	-6.545939e-04	2.358799e-03	-6.681339e-04	6.905158e-03	-8.226435e-03
1.985000e+01	-6.002852e-04	2.350760e-03	-6.319170e-04	6.668723e-03	-8.462635e-03
1.990000e+01	-4.380432e-04	2.269528e-03	-4.554474e-04	6.598147e-03	-8.569525e-03
1.995000e+01	-1.927167e-04	2.148770e-03	-1.154652e-04	5.065316e-03	-7.930637e-03
2.000000e+01	9.455912e-05	2.077293e-03	2.173005e-04	5.584613e-03	-6.322708e-03
