# 		k		<chi>		std
0.00000e+00 -1.41052e-02 2.93840e-01
5.00000e-02 -2.45751e-02 2.84533e-01
1.00000e-01 -3.28945e-02 2.75755e-01
1.50000e-01 -5.80546e-02 2.48852e-01
2.00000e-01 -8.35648e-02 2.21120e-01
2.50000e-01 -1.26235e-01 1.73901e-01
3.00000e-01 -1.69138e-01 1.26310e-01
3.50000e-01 -2.27859e-01 6.79896e-02
4.00000e-01 -2.85107e-01 6.21795e-02
4.50000e-01 -3.53372e-01 1.33746e-01
5.00000e-01 -4.15775e-01 2.16536e-01
5.50000e-01 -4.79914e-01 3.07854e-01
6.00000e-01 -5.30957e-01 3.87189e-01
6.50000e-01 -5.70757e-01 4.56356e-01
7.00000e-01 -5.89317e-01 5.01694e-01
7.50000e-01 -5.83920e-01 5.20258e-01
8.00000e-01 -5.52891e-01 5.08049e-01
8.50000e-01 -4.92562e-01 4.61439e-01
9.00000e-01 -4.12002e-01 3.88214e-01
9.50000e-01 -3.10899e-01 2.88576e-01
1.00000e+00 -2.07314e-01 1.80587e-01
1.05000e+00 -1.05926e-01 7.42272e-02
1.10000e+00 -2.59371e-02 5.57711e-02
1.15000e+00 2.67216e-02 1.21861e-01
1.20000e+00 4.31945e-02 1.64011e-01
1.25000e+00 2.35040e-02 1.73239e-01
1.30000e+00 -2.37966e-02 1.52053e-01
1.35000e+00 -8.91684e-02 1.07713e-01
1.40000e+00 -1.51954e-01 5.68433e-02
1.45000e+00 -1.98998e-01 2.63389e-02
1.50000e+00 -2.13935e-01 4.42344e-02
1.55000e+00 -1.91724e-01 5.35514e-02
1.60000e+00 -1.34642e-01 4.08953e-02
1.65000e+00 -5.12581e-02 2.02187e-02
1.70000e+00 3.93239e-02 4.57429e-02
1.75000e+00 1.23337e-01 8.44813e-02
1.80000e+00 1.81872e-01 1.09743e-01
1.85000e+00 2.10700e-01 1.15681e-01
1.90000e+00 2.05918e-01 9.94128e-02
1.95000e+00 1.77307e-01 6.70077e-02
2.00000e+00 1.34210e-01 2.80086e-02
2.05000e+00 8.90474e-02 1.82847e-02
2.10000e+00 5.26696e-02 4.30576e-02
2.15000e+00 3.09278e-02 5.30603e-02
2.20000e+00 2.24970e-02 4.85094e-02
2.25000e+00 1.95184e-02 3.86629e-02
2.30000e+00 1.67362e-02 2.77026e-02
2.35000e+00 1.08708e-02 1.91876e-02
2.40000e+00 1.65981e-03 1.44338e-02
2.45000e+00 -4.97482e-03 1.05777e-02
2.50000e+00 -1.07022e-02 8.06253e-03
2.55000e+00 -1.46106e-02 6.46888e-03
2.60000e+00 -1.60387e-02 5.29517e-03
2.65000e+00 -1.67944e-02 4.57780e-03
2.70000e+00 -1.57906e-02 4.17520e-03
2.75000e+00 -1.33980e-02 4.01977e-03
2.80000e+00 -1.02250e-02 3.98480e-03
2.85000e+00 -7.72928e-03 4.06092e-03
2.90000e+00 -4.96968e-03 3.72463e-03
2.95000e+00 -2.43143e-03 3.00648e-03
3.00000e+00 -4.79430e-04 2.26546e-03
3.05000e+00 9.83992e-04 2.75751e-03
3.10000e+00 1.55307e-03 4.21874e-03
3.15000e+00 1.17143e-03 5.42607e-03
3.20000e+00 -2.01972e-05 5.85882e-03
3.25000e+00 -1.93620e-03 5.25683e-03
3.30000e+00 -3.80581e-03 3.85477e-03
3.35000e+00 -5.11500e-03 3.23798e-03
3.40000e+00 -5.47948e-03 4.67675e-03
3.45000e+00 -4.49095e-03 6.63146e-03
3.50000e+00 -2.16127e-03 7.53629e-03
3.55000e+00 1.11155e-03 6.84890e-03
3.60000e+00 4.73925e-03 4.74504e-03
3.65000e+00 8.43495e-03 3.15150e-03
3.70000e+00 1.11100e-02 5.74957e-03
3.75000e+00 1.22162e-02 9.42522e-03
3.80000e+00 1.14525e-02 1.20007e-02
3.85000e+00 8.89482e-03 1.27265e-02
3.90000e+00 4.49491e-03 1.10426e-02
3.95000e+00 -1.17506e-03 7.21684e-03
4.00000e+00 -7.29957e-03 2.63633e-03
4.05000e+00 -1.32100e-02 4.95674e-03
4.10000e+00 -1.78887e-02 9.83291e-03
4.15000e+00 -2.05049e-02 1.29839e-02
4.20000e+00 -2.05724e-02 1.34879e-02
4.25000e+00 -1.85716e-02 1.14380e-02
4.30000e+00 -1.44086e-02 7.09786e-03
4.35000e+00 -8.80587e-03 2.56708e-03
4.40000e+00 -2.67654e-03 5.97057e-03
4.45000e+00 2.91878e-03 1.07329e-02
4.50000e+00 7.80440e-03 1.37597e-02
4.55000e+00 1.18271e-02 1.44991e-02
4.60000e+00 1.51760e-02 1.31007e-02
4.65000e+00 1.82199e-02 1.02824e-02
4.70000e+00 2.12705e-02 6.87293e-03
4.75000e+00 2.42245e-02 3.97054e-03
4.80000e+00 2.65511e-02 3.19287e-03
4.85000e+00 2.74783e-02 4.50446e-03
4.90000e+00 2.60895e-02 6.18270e-03
4.95000e+00 2.18262e-02 7.83260e-03
5.00000e+00 1.47850e-02 9.41745e-03
5.05000e+00 5.86359e-03 1.07520e-02
5.10000e+00 -3.46486e-03 1.14111e-02
5.15000e+00 -1.14950e-02 1.09453e-02
5.20000e+00 -1.68320e-02 9.18479e-03
5.25000e+00 -1.88836e-02 6.76016e-03
5.30000e+00 -1.80349e-02 5.94580e-03
5.35000e+00 -1.56222e-02 8.17072e-03
5.40000e+00 -1.34681e-02 1.07754e-02
5.45000e+00 -1.31164e-02 1.18240e-02
5.50000e+00 -1.55373e-02 1.08206e-02
5.55000e+00 -2.04976e-02 8.48563e-03
5.60000e+00 -2.66481e-02 7.18567e-03
5.65000e+00 -3.18035e-02 8.89397e-03
5.70000e+00 -3.40029e-02 1.15395e-02
5.75000e+00 -3.18325e-02 1.31066e-02
5.80000e+00 -2.50018e-02 1.31223e-02
5.85000e+00 -1.43386e-02 1.19793e-02
5.90000e+00 -1.81469e-03 1.05147e-02
5.95000e+00 1.04264e-02 9.31087e-03
6.00000e+00 2.05812e-02 8.42182e-03
6.05000e+00 2.75988e-02 7.70488e-03
6.10000e+00 3.13602e-02 7.54373e-03
6.15000e+00 3.25754e-02 8.62785e-03
6.20000e+00 3.22678e-02 1.10718e-02
6.25000e+00 3.13065e-02 1.41505e-02
6.30000e+00 3.00947e-02 1.68568e-02
6.35000e+00 2.85127e-02 1.82413e-02
6.40000e+00 2.61017e-02 1.76717e-02
6.45000e+00 2.23739e-02 1.51122e-02
6.50000e+00 1.70955e-02 1.13686e-02
6.55000e+00 1.03054e-02 8.36131e-03
6.60000e+00 2.60084e-03 8.45213e-03
6.65000e+00 -5.37731e-03 1.04790e-02
6.70000e+00 -1.30671e-02 1.21321e-02
6.75000e+00 -2.01118e-02 1.27673e-02
6.80000e+00 -2.63290e-02 1.26654e-02
6.85000e+00 -3.15507e-02 1.24885e-02
6.90000e+00 -3.54404e-02 1.30119e-02
6.95000e+00 -3.74133e-02 1.45482e-02
7.00000e+00 -3.67434e-02 1.63867e-02
7.05000e+00 -3.27254e-02 1.71600e-02
7.10000e+00 -2.54358e-02 1.58408e-02
7.15000e+00 -1.55674e-02 1.23539e-02
7.20000e+00 -4.54529e-03 8.56681e-03
7.25000e+00 5.77024e-03 9.10268e-03
7.30000e+00 1.36064e-02 1.31708e-02
7.35000e+00 1.78433e-02 1.61806e-02
7.40000e+00 1.84018e-02 1.64136e-02
7.45000e+00 1.62814e-02 1.40031e-02
7.50000e+00 1.32078e-02 1.04132e-02
7.55000e+00 1.09698e-02 8.05712e-03
7.60000e+00 1.08811e-02 8.20024e-03
7.65000e+00 1.31315e-02 8.90050e-03
7.70000e+00 1.68279e-02 8.76318e-03
7.75000e+00 2.03778e-02 8.11245e-03
7.80000e+00 2.21419e-02 7.89435e-03
7.85000e+00 2.10939e-02 8.48524e-03
7.90000e+00 1.72163e-02 9.52550e-03
7.95000e+00 1.14712e-02 1.07376e-02
8.00000e+00 5.35945e-03 1.21807e-02
8.05000e+00 2.20993e-04 1.39290e-02
8.10000e+00 -3.25692e-03 1.58397e-02
8.15000e+00 -5.42476e-03 1.71548e-02
8.20000e+00 -7.42080e-03 1.67423e-02
8.25000e+00 -1.05868e-02 1.38314e-02
8.30000e+00 -1.57449e-02 9.81356e-03
8.35000e+00 -2.26513e-02 1.19472e-02
8.40000e+00 -2.98789e-02 2.08760e-02
8.45000e+00 -3.52130e-02 2.99381e-02
8.50000e+00 -3.64316e-02 3.55200e-02
8.55000e+00 -3.20876e-02 3.56818e-02
8.60000e+00 -2.23748e-02 3.02875e-02
8.65000e+00 -9.02819e-03 2.09797e-02
8.70000e+00 5.12638e-03 1.17630e-02
8.75000e+00 1.70693e-02 1.11363e-02
8.80000e+00 2.45565e-02 1.68046e-02
8.85000e+00 2.67995e-02 2.06185e-02
8.90000e+00 2.46055e-02 2.13261e-02
8.95000e+00 1.99402e-02 1.98858e-02
9.00000e+00 1.50990e-02 1.77382e-02
9.05000e+00 1.18457e-02 1.59018e-02
9.10000e+00 1.07407e-02 1.45848e-02
9.15000e+00 1.10877e-02 1.34332e-02
9.20000e+00 1.13740e-02 1.19046e-02
9.25000e+00 1.00388e-02 9.70620e-03
9.30000e+00 6.23560e-03 7.67959e-03
9.35000e+00 2.69354e-04 8.17672e-03
9.40000e+00 -6.46926e-03 1.08562e-02
9.45000e+00 -1.20411e-02 1.27840e-02
9.50000e+00 -1.47427e-02 1.23319e-02
9.55000e+00 -1.38295e-02 9.70222e-03
9.60000e+00 -9.79523e-03 7.56484e-03
9.65000e+00 -4.29953e-03 9.17665e-03
9.70000e+00 4.78922e-04 1.15332e-02
9.75000e+00 2.66000e-03 1.13882e-02
9.80000e+00 1.36347e-03 8.83730e-03
9.85000e+00 -2.97394e-03 9.01170e-03
9.90000e+00 -8.77770e-03 1.50713e-02
9.95000e+00 -1.39286e-02 2.15861e-02
1.00000e+01 -1.65318e-02 2.51055e-02
1.00500e+01 -1.55454e-02 2.42778e-02
1.01000e+01 -1.11565e-02 1.94470e-02
1.01500e+01 -4.57618e-03 1.26150e-02
1.02000e+01 2.45186e-03 8.43441e-03
1.02500e+01 8.29369e-03 1.11432e-02
1.03000e+01 1.19502e-02 1.50652e-02
1.03500e+01 1.32811e-02 1.69799e-02
1.04000e+01 1.28777e-02 1.67920e-02
1.04500e+01 1.16801e-02 1.53442e-02
1.05000e+01 1.05220e-02 1.36345e-02
1.05500e+01 9.79873e-03 1.23945e-02
1.06000e+01 9.37763e-03 1.18574e-02
1.06500e+01 8.75858e-03 1.17007e-02
1.07000e+01 7.38373e-03 1.12959e-02
1.07500e+01 4.94418e-03 1.01692e-02
1.08000e+01 1.54813e-03 8.41706e-03
1.08500e+01 -2.31084e-03 7.03714e-03
1.09000e+01 -5.95243e-03 7.47280e-03
1.09500e+01 -8.77172e-03 9.40072e-03
1.10000e+01 -1.04424e-02 1.13691e-02
1.10500e+01 -1.09930e-02 1.26342e-02
1.11000e+01 -1.06696e-02 1.30239e-02
1.11500e+01 -9.80144e-03 1.27321e-02
1.12000e+01 -8.60093e-03 1.20472e-02
1.12500e+01 -7.08568e-03 1.11810e-02
1.13000e+01 -5.13871e-03 1.02101e-02
1.13500e+01 -2.66884e-03 9.13326e-03
1.14000e+01 2.20559e-04 7.98695e-03
1.14500e+01 3.15395e-03 6.93684e-03
1.15000e+01 5.55427e-03 6.26819e-03
1.15500e+01 6.84590e-03 6.19509e-03
1.16000e+01 6.70530e-03 6.62683e-03
1.16500e+01 5.24247e-03 7.25576e-03
1.17000e+01 3.01892e-03 7.80174e-03
1.17500e+01 8.75248e-04 8.11432e-03
1.18000e+01 -3.74249e-04 8.20609e-03
1.18500e+01 -2.59245e-04 8.24930e-03
1.19000e+01 1.14999e-03 8.43324e-03
1.19500e+01 3.25546e-03 8.71946e-03
1.20000e+01 5.15697e-03 8.80812e-03
1.20500e+01 6.00695e-03 8.40548e-03
1.21000e+01 5.34414e-03 7.46229e-03
1.21500e+01 3.27417e-03 6.26757e-03
1.22000e+01 4.33759e-04 5.31073e-03
1.22500e+01 -2.26428e-03 4.92986e-03
1.23000e+01 -3.99719e-03 5.02359e-03
1.23500e+01 -4.35929e-03 5.29593e-03
1.24000e+01 -3.51515e-03 5.55126e-03
1.24500e+01 -2.11576e-03 5.79840e-03
1.25000e+01 -1.01298e-03 6.48709e-03
1.25500e+01 -8.90756e-04 8.29863e-03
1.26000e+01 -1.96625e-03 1.11304e-02
1.26500e+01 -3.88464e-03 1.40123e-02
1.27000e+01 -5.85159e-03 1.57958e-02
1.27500e+01 -6.94944e-03 1.56253e-02
1.28000e+01 -6.50831e-03 1.32515e-02
1.28500e+01 -4.38207e-03 9.30145e-03
1.29000e+01 -1.01903e-03 6.00702e-03
1.29500e+01 2.69819e-03 7.17675e-03
1.30000e+01 5.77590e-03 1.04046e-02
1.30500e+01 7.48796e-03 1.25378e-02
1.31000e+01 7.55741e-03 1.28654e-02
1.31500e+01 6.25641e-03 1.16915e-02
1.32000e+01 4.23705e-03 9.77101e-03
1.32500e+01 2.24377e-03 7.92320e-03
1.33000e+01 8.21174e-04 6.68487e-03
1.33500e+01 1.36402e-04 6.11390e-03
1.34000e+01 -2.01804e-05 5.90734e-03
1.34500e+01 -7.11514e-05 5.69189e-03
1.35000e+01 -4.09024e-04 5.24741e-03
1.35500e+01 -1.18710e-03 4.70133e-03
1.36000e+01 -2.23666e-03 4.56899e-03
1.36500e+01 -3.14339e-03 5.14902e-03
1.37000e+01 -3.44514e-03 5.98779e-03
1.37500e+01 -2.86028e-03 6.52730e-03
1.38000e+01 -1.44480e-03 6.58304e-03
1.38500e+01 3.92737e-04 6.29110e-03
1.39000e+01 2.02784e-03 5.87972e-03
1.39500e+01 2.85463e-03 5.49556e-03
1.40000e+01 2.52376e-03 5.28326e-03
1.40500e+01 1.08848e-03 5.51857e-03
1.41000e+01 -1.01995e-03 6.23531e-03
1.41500e+01 -3.10087e-03 6.99500e-03
1.42000e+01 -4.45702e-03 7.22768e-03
1.42500e+01 -4.64097e-03 6.64725e-03
1.43000e+01 -3.60146e-03 5.45798e-03
1.43500e+01 -1.67859e-03 4.48466e-03
1.44000e+01 5.41408e-04 4.73578e-03
1.44500e+01 2.44741e-03 5.86913e-03
1.45000e+01 3.61098e-03 6.90889e-03
1.45500e+01 3.90295e-03 7.44207e-03
1.46000e+01 3.48437e-03 7.49288e-03
1.46500e+01 2.69012e-03 7.26326e-03
1.47000e+01 1.86506e-03 6.94308e-03
1.47500e+01 1.22566e-03 6.59808e-03
1.48000e+01 8.01487e-04 6.15719e-03
1.48500e+01 4.71335e-04 5.49313e-03
1.49000e+01 6.60610e-05 4.57621e-03
1.49500e+01 -5.16621e-04 3.71132e-03
1.50000e+01 -1.24090e-03 3.68303e-03
1.50500e+01 -1.93988e-03 4.75545e-03
1.51000e+01 -2.38578e-03 6.12981e-03
1.51500e+01 -2.39225e-03 7.13645e-03
1.52000e+01 -1.90885e-03 7.49339e-03
1.52500e+01 -1.05447e-03 7.21124e-03
1.53000e+01 -7.77538e-05 6.50071e-03
1.53500e+01 7.36932e-04 5.65293e-03
1.54000e+01 1.17587e-03 4.90627e-03
1.54500e+01 1.16911e-03 4.35826e-03
1.55000e+01 8.01730e-04 3.98640e-03
1.55500e+01 2.62990e-04 3.75007e-03
1.56000e+01 -2.39655e-04 3.66748e-03
1.56500e+01 -5.61781e-04 3.80377e-03
1.57000e+01 -6.63965e-04 4.17183e-03
1.57500e+01 -6.00805e-04 4.65485e-03
1.58000e+01 -4.68772e-04 5.05838e-03
1.58500e+01 -3.42946e-04 5.21851e-03
1.59000e+01 -2.35633e-04 5.07201e-03
1.59500e+01 -9.68917e-05 4.67011e-03
1.60000e+01 1.45149e-04 4.14503e-03
1.60500e+01 5.29722e-04 3.65919e-03
1.61000e+01 1.00436e-03 3.29616e-03
1.61500e+01 1.44372e-03 3.06965e-03
1.62000e+01 1.67981e-03 2.92092e-03
1.62500e+01 1.57233e-03 2.77466e-03
1.63000e+01 1.07832e-03 2.60788e-03
1.63500e+01 2.88050e-04 2.49598e-03
1.64000e+01 -5.92753e-04 2.57274e-03
1.64500e+01 -1.31089e-03 2.87733e-03
1.65000e+01 -1.65811e-03 3.29665e-03
1.65500e+01 -1.55026e-03 3.69149e-03
1.66000e+01 -1.05996e-03 3.98830e-03
1.66500e+01 -3.88127e-04 4.18005e-03
1.67000e+01 2.14365e-04 4.29488e-03
1.67500e+01 5.43331e-04 4.36366e-03
1.68000e+01 5.16692e-04 4.38935e-03
1.68500e+01 1.98670e-04 4.32508e-03
1.69000e+01 -2.35592e-04 4.09169e-03
1.69500e+01 -5.78360e-04 3.65875e-03
1.70000e+01 -6.76564e-04 3.18301e-03
1.70500e+01 -5.04288e-04 3.10499e-03
1.71000e+01 -1.20650e-04 3.72319e-03
1.71500e+01 3.14932e-04 4.69419e-03
1.72000e+01 6.32356e-04 5.52457e-03
1.72500e+01 7.24395e-04 5.91554e-03
1.73000e+01 5.88614e-04 5.77112e-03
1.73500e+01 3.20950e-04 5.16346e-03
1.74000e+01 6.59946e-05 4.28610e-03
1.74500e+01 -5.22104e-05 3.39888e-03
1.75000e+01 1.27839e-05 2.76550e-03
1.75500e+01 2.10240e-04 2.53829e-03
1.76000e+01 4.18101e-04 2.63829e-03
1.76500e+01 5.01911e-04 2.87834e-03
1.77000e+01 3.79806e-04 3.14071e-03
1.77500e+01 6.42244e-05 3.37459e-03
1.78000e+01 -3.38529e-04 3.54219e-03
1.78500e+01 -6.71033e-04 3.60077e-03
1.79000e+01 -7.91474e-04 3.52025e-03
1.79500e+01 -6.35599e-04 3.30974e-03
1.80000e+01 -2.47314e-04 3.02606e-03
1.80500e+01 2.38183e-04 2.75751e-03
1.81000e+01 6.41064e-04 2.55428e-03
1.81500e+01 8.06010e-04 2.42588e-03
1.82000e+01 6.62818e-04 2.35282e-03
1.82500e+01 2.51800e-04 2.32142e-03
1.83000e+01 -2.93794e-04 2.33320e-03
1.83500e+01 -7.99630e-04 2.40172e-03
1.84000e+01 -1.11437e-03 2.55240e-03
1.84500e+01 -1.16028e-03 2.80179e-03
1.85000e+01 -9.51682e-04 3.11720e-03
1.85500e+01 -5.77116e-04 3.41146e-03
1.86000e+01 -1.55868e-04 3.58730e-03
1.86500e+01 2.10548e-04 3.58741e-03
1.87000e+01 4.71435e-04 3.41754e-03
1.87500e+01 6.32402e-04 3.13736e-03
1.88000e+01 7.34427e-04 2.82764e-03
1.88500e+01 8.19287e-04 2.55223e-03
1.89000e+01 8.99396e-04 2.33971e-03
1.89500e+01 9.46805e-04 2.19871e-03
1.90000e+01 9.06370e-04 2.15058e-03
1.90500e+01 7.28904e-04 2.24108e-03
1.91000e+01 3.94577e-04 2.49057e-03
1.91500e+01 -5.71883e-05 2.84754e-03
1.92000e+01 -5.34727e-04 3.19518e-03
1.92500e+01 -9.21849e-04 3.40560e-03
1.93000e+01 -1.11833e-03 3.39139e-03
1.93500e+01 -1.07658e-03 3.13945e-03
1.94000e+01 -8.19420e-04 2.72343e-03
1.94500e+01 -4.31873e-04 2.28977e-03
1.95000e+01 -3.05935e-05 1.99994e-03
1.95500e+01 2.76446e-04 1.91681e-03
1.96000e+01 4.24150e-04 1.96077e-03
1.96500e+01 4.05862e-04 2.03465e-03
1.97000e+01 2.66133e-04 2.11410e-03
1.97500e+01 7.60454e-05 2.22504e-03
1.98000e+01 -9.70309e-05 2.39104e-03
1.98500e+01 -2.12336e-04 2.60080e-03
1.99000e+01 -2.62942e-04 2.80625e-03
1.99500e+01 -2.66707e-04 2.94133e-03
2.00000e+01 -2.47701e-04 2.94899e-03
