# 		k		<chi>		std
0.00000e+00 -2.61613e-01 1.05660e-01
5.00000e-02 -2.61336e-01 1.05121e-01
1.00000e-01 -2.60891e-01 1.05924e-01
1.50000e-01 -2.60363e-01 1.07999e-01
2.00000e-01 -2.61248e-01 1.09631e-01
2.50000e-01 -2.65192e-01 1.11270e-01
3.00000e-01 -2.72691e-01 1.11722e-01
3.50000e-01 -2.87426e-01 1.10344e-01
4.00000e-01 -3.07659e-01 1.07013e-01
4.50000e-01 -3.38184e-01 1.00276e-01
5.00000e-01 -3.73750e-01 9.16023e-02
5.50000e-01 -4.17988e-01 7.97561e-02
6.00000e-01 -4.61694e-01 6.79357e-02
6.50000e-01 -5.04672e-01 5.64692e-02
7.00000e-01 -5.35664e-01 4.92125e-02
7.50000e-01 -5.49707e-01 4.63135e-02
8.00000e-01 -5.39016e-01 4.65343e-02
8.50000e-01 -4.97527e-01 4.66836e-02
9.00000e-01 -4.27255e-01 4.53471e-02
9.50000e-01 -3.26910e-01 4.26525e-02
1.00000e+00 -2.10847e-01 4.07615e-02
1.05000e+00 -8.57806e-02 4.07039e-02
1.10000e+00 2.71353e-02 4.18787e-02
1.15000e+00 1.17410e-01 4.16405e-02
1.20000e+00 1.69233e-01 3.83873e-02
1.25000e+00 1.77780e-01 3.21209e-02
1.30000e+00 1.43543e-01 2.62838e-02
1.35000e+00 7.39296e-02 2.65155e-02
1.40000e+00 -1.34501e-02 3.31015e-02
1.45000e+00 -1.02488e-01 4.05458e-02
1.50000e+00 -1.69989e-01 4.47809e-02
1.55000e+00 -2.03104e-01 4.47138e-02
1.60000e+00 -1.89859e-01 4.09108e-02
1.65000e+00 -1.31730e-01 3.53616e-02
1.70000e+00 -3.71876e-02 3.02636e-02
1.75000e+00 7.82997e-02 2.71533e-02
1.80000e+00 1.92196e-01 2.50295e-02
1.85000e+00 2.87842e-01 2.26218e-02
1.90000e+00 3.45617e-01 1.86048e-02
1.95000e+00 3.62286e-01 1.38982e-02
2.00000e+00 3.34005e-01 1.03575e-02
2.05000e+00 2.74352e-01 1.08284e-02
2.10000e+00 1.92051e-01 1.33165e-02
2.15000e+00 1.05042e-01 1.44611e-02
2.20000e+00 2.93396e-02 1.31210e-02
2.25000e+00 -2.52414e-02 1.00253e-02
2.30000e+00 -5.43731e-02 7.55462e-03
2.35000e+00 -6.03639e-02 7.94602e-03
2.40000e+00 -5.15178e-02 9.45299e-03
2.45000e+00 -4.10852e-02 1.07370e-02
2.50000e+00 -2.83391e-02 1.10555e-02
2.55000e+00 -1.73139e-02 1.04219e-02
2.60000e+00 -1.04489e-02 9.12782e-03
2.65000e+00 -9.63299e-03 8.02285e-03
2.70000e+00 -1.27281e-02 6.95351e-03
2.75000e+00 -1.84186e-02 6.15797e-03
2.80000e+00 -2.47998e-02 5.62967e-03
2.85000e+00 -3.13546e-02 5.09734e-03
2.90000e+00 -3.43306e-02 4.48397e-03
2.95000e+00 -3.28096e-02 3.74517e-03
3.00000e+00 -2.69586e-02 2.98988e-03
3.05000e+00 -1.69689e-02 2.47497e-03
3.10000e+00 -5.37876e-03 2.29462e-03
3.15000e+00 5.26984e-03 2.36930e-03
3.20000e+00 1.27148e-02 2.61034e-03
3.25000e+00 1.64128e-02 3.03066e-03
3.30000e+00 1.47513e-02 3.58499e-03
3.35000e+00 8.47894e-03 4.07515e-03
3.40000e+00 -5.84341e-04 4.30049e-03
3.45000e+00 -9.57735e-03 4.18080e-03
3.50000e+00 -1.66331e-02 3.74607e-03
3.55000e+00 -2.00863e-02 3.25305e-03
3.60000e+00 -1.93817e-02 3.00114e-03
3.65000e+00 -1.41204e-02 3.39998e-03
3.70000e+00 -6.96158e-03 3.57836e-03
3.75000e+00 -5.51451e-05 3.37932e-03
3.80000e+00 4.54437e-03 3.08630e-03
3.85000e+00 6.09751e-03 2.69349e-03
3.90000e+00 3.68757e-03 2.52940e-03
3.95000e+00 -1.41831e-03 2.69450e-03
4.00000e+00 -7.19361e-03 2.85945e-03
4.05000e+00 -1.26314e-02 3.05622e-03
4.10000e+00 -1.52317e-02 3.01087e-03
4.15000e+00 -1.38454e-02 2.71727e-03
4.20000e+00 -8.46051e-03 2.25624e-03
4.25000e+00 -8.20841e-04 1.77350e-03
4.30000e+00 8.50605e-03 1.66135e-03
4.35000e+00 1.78321e-02 2.28513e-03
4.40000e+00 2.57041e-02 3.25550e-03
4.45000e+00 3.10401e-02 4.27556e-03
4.50000e+00 3.40010e-02 5.06791e-03
4.55000e+00 3.48431e-02 5.56365e-03
4.60000e+00 3.40866e-02 5.80442e-03
4.65000e+00 3.22679e-02 5.95781e-03
4.70000e+00 2.95734e-02 5.95813e-03
4.75000e+00 2.57615e-02 5.77172e-03
4.80000e+00 2.03370e-02 5.43256e-03
4.85000e+00 1.30493e-02 5.27964e-03
4.90000e+00 3.53268e-03 5.88136e-03
4.95000e+00 -7.82001e-03 7.54436e-03
5.00000e+00 -1.99626e-02 9.89965e-03
5.05000e+00 -3.11590e-02 1.23436e-02
5.10000e+00 -3.99755e-02 1.43654e-02
5.15000e+00 -4.50988e-02 1.55572e-02
5.20000e+00 -4.59703e-02 1.56534e-02
5.25000e+00 -4.29390e-02 1.45356e-02
5.30000e+00 -3.75617e-02 1.23867e-02
5.35000e+00 -3.18523e-02 9.64385e-03
5.40000e+00 -2.77981e-02 7.19804e-03
5.45000e+00 -2.65224e-02 6.46936e-03
5.50000e+00 -2.81547e-02 7.87905e-03
5.55000e+00 -3.12300e-02 1.00462e-02
5.60000e+00 -3.30789e-02 1.20854e-02
5.65000e+00 -3.03801e-02 1.37703e-02
5.70000e+00 -2.06595e-02 1.52192e-02
5.75000e+00 -2.75706e-03 1.65033e-02
5.80000e+00 2.23341e-02 1.75831e-02
5.85000e+00 5.12845e-02 1.83294e-02
5.90000e+00 7.89570e-02 1.87397e-02
5.95000e+00 9.97358e-02 1.88699e-02
6.00000e+00 1.08828e-01 1.87829e-02
6.05000e+00 1.03003e-01 1.83034e-02
6.10000e+00 8.31051e-02 1.73923e-02
6.15000e+00 5.26246e-02 1.60269e-02
6.20000e+00 1.72645e-02 1.45899e-02
6.25000e+00 -1.64545e-02 1.40050e-02
6.30000e+00 -4.27970e-02 1.51213e-02
6.35000e+00 -5.81780e-02 1.76381e-02
6.40000e+00 -6.19047e-02 2.04103e-02
6.45000e+00 -5.60999e-02 2.24161e-02
6.50000e+00 -4.48533e-02 2.30957e-02
6.55000e+00 -3.28036e-02 2.22570e-02
6.60000e+00 -2.40671e-02 2.02836e-02
6.65000e+00 -2.06171e-02 1.77624e-02
6.70000e+00 -2.21166e-02 1.53581e-02
6.75000e+00 -2.63200e-02 1.35823e-02
6.80000e+00 -3.00486e-02 1.25660e-02
6.85000e+00 -3.03790e-02 1.20464e-02
6.90000e+00 -2.56408e-02 1.16547e-02
6.95000e+00 -1.59059e-02 1.12372e-02
7.00000e+00 -2.84400e-03 1.10255e-02
7.05000e+00 1.11721e-02 1.15676e-02
7.10000e+00 2.32075e-02 1.33434e-02
7.15000e+00 3.15167e-02 1.61529e-02
7.20000e+00 3.57239e-02 1.93420e-02
7.25000e+00 3.67197e-02 2.22222e-02
7.30000e+00 3.60793e-02 2.42465e-02
7.35000e+00 3.52550e-02 2.50443e-02
7.40000e+00 3.48744e-02 2.44214e-02
7.45000e+00 3.44254e-02 2.23628e-02
7.50000e+00 3.24571e-02 1.90595e-02
7.55000e+00 2.71550e-02 1.49907e-02
7.60000e+00 1.74386e-02 1.12395e-02
7.65000e+00 3.37551e-03 9.80628e-03
7.70000e+00 -1.34175e-02 1.19051e-02
7.75000e+00 -3.00523e-02 1.57459e-02
7.80000e+00 -4.31441e-02 1.95508e-02
7.85000e+00 -4.98319e-02 2.24738e-02
7.90000e+00 -4.86961e-02 2.41426e-02
7.95000e+00 -4.02537e-02 2.44918e-02
8.00000e+00 -2.68522e-02 2.37302e-02
8.05000e+00 -1.19047e-02 2.22223e-02
8.10000e+00 8.69502e-04 2.04855e-02
8.15000e+00 8.82246e-03 1.88056e-02
8.20000e+00 1.10128e-02 1.71092e-02
8.25000e+00 8.39112e-03 1.51219e-02
8.30000e+00 3.36233e-03 1.27613e-02
8.35000e+00 -1.11364e-03 1.05652e-02
8.40000e+00 -2.56062e-03 9.95150e-03
8.45000e+00 1.93792e-04 1.19815e-02
8.50000e+00 6.68017e-03 1.57405e-02
8.55000e+00 1.50133e-02 1.98971e-02
8.60000e+00 2.26175e-02 2.35195e-02
8.65000e+00 2.69548e-02 2.60144e-02
8.70000e+00 2.64284e-02 2.70053e-02
8.75000e+00 2.09129e-02 2.63370e-02
8.80000e+00 1.17772e-02 2.40927e-02
8.85000e+00 1.39677e-03 2.05725e-02
8.90000e+00 -7.65832e-03 1.62484e-02
8.95000e+00 -1.34582e-02 1.18079e-02
9.00000e+00 -1.52721e-02 8.56563e-03
9.05000e+00 -1.36296e-02 8.69726e-03
9.10000e+00 -1.00591e-02 1.18546e-02
9.15000e+00 -6.51576e-03 1.56696e-02
9.20000e+00 -4.64117e-03 1.88786e-02
9.25000e+00 -5.18594e-03 2.09894e-02
9.30000e+00 -7.77006e-03 2.19486e-02
9.35000e+00 -1.10557e-02 2.20068e-02
9.40000e+00 -1.32612e-02 2.15205e-02
9.45000e+00 -1.28291e-02 2.06881e-02
9.50000e+00 -9.01080e-03 1.94067e-02
9.55000e+00 -2.13367e-03 1.74033e-02
9.60000e+00 6.40861e-03 1.45368e-02
9.65000e+00 1.45782e-02 1.11765e-02
9.70000e+00 2.03403e-02 8.62820e-03
9.75000e+00 2.22906e-02 8.87156e-03
9.80000e+00 2.00733e-02 1.14589e-02
9.85000e+00 1.44585e-02 1.43510e-02
9.90000e+00 7.06313e-03 1.66149e-02
9.95000e+00 -1.82548e-04 1.82162e-02
1.00000e+01 -5.63828e-03 1.94975e-02
1.00500e+01 -8.44178e-03 2.07020e-02
1.01000e+01 -8.64714e-03 2.16192e-02
1.01500e+01 -7.17490e-03 2.17211e-02
1.02000e+01 -5.36278e-03 2.04901e-02
1.02500e+01 -4.43100e-03 1.77229e-02
1.03000e+01 -5.02066e-03 1.37222e-02
1.03500e+01 -6.96535e-03 9.59085e-03
1.04000e+01 -9.37113e-03 7.96849e-03
1.04500e+01 -1.09699e-02 1.04596e-02
1.05000e+01 -1.06155e-02 1.42439e-02
1.05500e+01 -7.74351e-03 1.73249e-02
1.06000e+01 -2.62878e-03 1.90516e-02
1.06500e+01 3.65253e-03 1.93424e-02
1.07000e+01 9.54681e-03 1.84248e-02
1.07500e+01 1.35235e-02 1.67040e-02
1.08000e+01 1.45818e-02 1.46547e-02
1.08500e+01 1.25895e-02 1.27138e-02
1.09000e+01 8.33832e-03 1.11564e-02
1.09500e+01 3.29330e-03 1.00019e-02
1.10000e+01 -8.82576e-04 9.08423e-03
1.10500e+01 -2.81195e-03 8.32096e-03
1.11000e+01 -2.05697e-03 7.97835e-03
1.11500e+01 9.40534e-04 8.56153e-03
1.12000e+01 4.92835e-03 1.01584e-02
1.12500e+01 8.24334e-03 1.22729e-02
1.13000e+01 9.34532e-03 1.43285e-02
1.13500e+01 7.31564e-03 1.59546e-02
1.14000e+01 2.16451e-03 1.69905e-02
1.14500e+01 -5.14584e-03 1.73930e-02
1.15000e+01 -1.29644e-02 1.71345e-02
1.15500e+01 -1.94146e-02 1.61645e-02
1.16000e+01 -2.29131e-02 1.44741e-02
1.16500e+01 -2.25887e-02 1.22451e-02
1.17000e+01 -1.84853e-02 1.00517e-02
1.17500e+01 -1.15022e-02 8.96283e-03
1.18000e+01 -3.10961e-03 9.74200e-03
1.18500e+01 5.06124e-03 1.16901e-02
1.19000e+01 1.16242e-02 1.36446e-02
1.19500e+01 1.57276e-02 1.49164e-02
1.20000e+01 1.71594e-02 1.52480e-02
1.20500e+01 1.62969e-02 1.46888e-02
1.21000e+01 1.37654e-02 1.33866e-02
1.21500e+01 1.03736e-02 1.16378e-02
1.22000e+01 6.83719e-03 9.79251e-03
1.22500e+01 3.65134e-03 8.20714e-03
1.23000e+01 1.06843e-03 7.16065e-03
1.23500e+01 -8.42673e-04 6.71978e-03
1.24000e+01 -2.10478e-03 6.70314e-03
1.24500e+01 -2.76029e-03 6.86146e-03
1.25000e+01 -2.85176e-03 7.05651e-03
1.25500e+01 -2.45627e-03 7.30275e-03
1.26000e+01 -1.74453e-03 7.73942e-03
1.26500e+01 -1.01956e-03 8.54145e-03
1.27000e+01 -6.95084e-04 9.75204e-03
1.27500e+01 -1.19892e-03 1.11653e-02
1.28000e+01 -2.82118e-03 1.23827e-02
1.28500e+01 -5.55810e-03 1.29723e-02
1.29000e+01 -9.01564e-03 1.26363e-02
1.29500e+01 -1.24257e-02 1.13612e-02
1.30000e+01 -1.47946e-02 9.56472e-03
1.30500e+01 -1.51848e-02 8.22670e-03
1.31000e+01 -1.29491e-02 8.39031e-03
1.31500e+01 -7.97285e-03 9.83371e-03
1.32000e+01 -8.04708e-04 1.13941e-02
1.32500e+01 7.39498e-03 1.22818e-02
1.33000e+01 1.50863e-02 1.22588e-02
1.33500e+01 2.07106e-02 1.14643e-02
1.34000e+01 2.30848e-02 1.02451e-02
1.34500e+01 2.17172e-02 8.99520e-03
1.35000e+01 1.69492e-02 8.01813e-03
1.35500e+01 9.87797e-03 7.44159e-03
1.36000e+01 2.07667e-03 7.20931e-03
1.36500e+01 -4.80994e-03 7.14020e-03
1.37000e+01 -9.47959e-03 7.02232e-03
1.37500e+01 -1.12801e-02 6.71741e-03
1.38000e+01 -1.03273e-02 6.25477e-03
1.38500e+01 -7.40926e-03 5.87295e-03
1.39000e+01 -3.71558e-03 5.90483e-03
1.39500e+01 -4.79905e-04 6.46411e-03
1.40000e+01 1.35567e-03 7.32495e-03
1.40500e+01 1.36704e-03 8.19648e-03
1.41000e+01 -3.03680e-04 8.85108e-03
1.41500e+01 -3.07210e-03 9.18488e-03
1.42000e+01 -6.09676e-03 9.15193e-03
1.42500e+01 -8.53049e-03 8.74647e-03
1.43000e+01 -9.73521e-03 8.03462e-03
1.43500e+01 -9.40409e-03 7.21525e-03
1.44000e+01 -7.57315e-03 6.64132e-03
1.44500e+01 -4.54348e-03 6.64932e-03
1.45000e+01 -7.60537e-04 7.21404e-03
1.45500e+01 3.29839e-03 7.94709e-03
1.46000e+01 7.19332e-03 8.44154e-03
1.46500e+01 1.05401e-02 8.46368e-03
1.47000e+01 1.29977e-02 7.97835e-03
1.47500e+01 1.42572e-02 7.13348e-03
1.48000e+01 1.40633e-02 6.22884e-03
1.48500e+01 1.22750e-02 5.61935e-03
1.49000e+01 8.95114e-03 5.48497e-03
1.49500e+01 4.41887e-03 5.66913e-03
1.50000e+01 -7.15404e-04 5.88206e-03
1.50500e+01 -5.63935e-03 5.96783e-03
1.51000e+01 -9.54450e-03 5.87508e-03
1.51500e+01 -1.17386e-02 5.63849e-03
1.52000e+01 -1.18730e-02 5.29327e-03
1.52500e+01 -1.00601e-02 4.90337e-03
1.53000e+01 -6.86505e-03 4.65568e-03
1.53500e+01 -3.16607e-03 4.83429e-03
1.54000e+01 8.15540e-05 5.51101e-03
1.54500e+01 2.10819e-03 6.38872e-03
1.55000e+01 2.53847e-03 7.07144e-03
1.55500e+01 1.48219e-03 7.29891e-03
1.56000e+01 -5.18902e-04 7.02106e-03
1.56500e+01 -2.66879e-03 6.40209e-03
1.57000e+01 -4.16140e-03 5.76806e-03
1.57500e+01 -4.41479e-03 5.44955e-03
1.58000e+01 -3.22579e-03 5.53619e-03
1.58500e+01 -8.04223e-04 5.83387e-03
1.59000e+01 2.31398e-03 6.09941e-03
1.59500e+01 5.43785e-03 6.19263e-03
1.60000e+01 7.91692e-03 6.06827e-03
1.60500e+01 9.33293e-03 5.75015e-03
1.61000e+01 9.43236e-03 5.28126e-03
1.61500e+01 8.32180e-03 4.77525e-03
1.62000e+01 6.30585e-03 4.37920e-03
1.62500e+01 3.76445e-03 4.19824e-03
1.63000e+01 1.04615e-03 4.22426e-03
1.63500e+01 -1.58823e-03 4.36046e-03
1.64000e+01 -3.96403e-03 4.49845e-03
1.64500e+01 -5.95202e-03 4.55031e-03
1.65000e+01 -7.42253e-03 4.45121e-03
1.65500e+01 -8.22710e-03 4.18342e-03
1.66000e+01 -8.22321e-03 3.82512e-03
1.66500e+01 -7.33417e-03 3.57610e-03
1.67000e+01 -5.61584e-03 3.65232e-03
1.67500e+01 -3.29465e-03 4.05224e-03
1.68000e+01 -7.50122e-04 4.55256e-03
1.68500e+01 1.56293e-03 4.92761e-03
1.69000e+01 3.23229e-03 5.05371e-03
1.69500e+01 4.00710e-03 4.90053e-03
1.70000e+01 3.87453e-03 4.50306e-03
1.70500e+01 3.03630e-03 3.94982e-03
1.71000e+01 1.92167e-03 3.42021e-03
1.71500e+01 9.90869e-04 3.20214e-03
1.72000e+01 6.06540e-04 3.43119e-03
1.72500e+01 9.18612e-04 3.89156e-03
1.73000e+01 1.81883e-03 4.26847e-03
1.73500e+01 2.98062e-03 4.37875e-03
1.74000e+01 3.97041e-03 4.20119e-03
1.74500e+01 4.39145e-03 3.84913e-03
1.75000e+01 4.01057e-03 3.51321e-03
1.75500e+01 2.82587e-03 3.35042e-03
1.76000e+01 1.05582e-03 3.36781e-03
1.76500e+01 -9.40841e-04 3.44918e-03
1.77000e+01 -2.78143e-03 3.48559e-03
1.77500e+01 -4.16879e-03 3.43491e-03
1.78000e+01 -4.95741e-03 3.30171e-03
1.78500e+01 -5.15953e-03 3.10895e-03
1.79000e+01 -4.89832e-03 2.90135e-03
1.79500e+01 -4.33429e-03 2.76871e-03
1.80000e+01 -3.59757e-03 2.82479e-03
1.80500e+01 -2.73200e-03 3.10403e-03
1.81000e+01 -1.73969e-03 3.51406e-03
1.81500e+01 -6.25511e-04 3.89691e-03
1.82000e+01 5.80327e-04 4.11509e-03
1.82500e+01 1.79480e-03 4.09305e-03
1.83000e+01 2.88249e-03 3.82902e-03
1.83500e+01 3.68650e-03 3.39685e-03
1.84000e+01 4.07845e-03 2.94230e-03
1.84500e+01 4.00687e-03 2.65238e-03
1.85000e+01 3.52272e-03 2.64187e-03
1.85500e+01 2.76935e-03 2.83626e-03
1.86000e+01 1.93841e-03 3.06260e-03
1.86500e+01 1.20701e-03 3.19820e-03
1.87000e+01 6.79737e-04 3.20560e-03
1.87500e+01 3.57731e-04 3.11019e-03
1.88000e+01 1.47090e-04 2.96710e-03
1.88500e+01 -9.62596e-05 2.82935e-03
1.89000e+01 -5.02165e-04 2.72832e-03
1.89500e+01 -1.12687e-03 2.67344e-03
1.90000e+01 -1.92144e-03 2.66043e-03
1.90500e+01 -2.72995e-03 2.67474e-03
1.91000e+01 -3.38678e-03 2.69002e-03
1.91500e+01 -3.71193e-03 2.67671e-03
1.92000e+01 -3.59143e-03 2.63036e-03
1.92500e+01 -3.01582e-03 2.59065e-03
1.93000e+01 -2.08396e-03 2.62621e-03
1.93500e+01 -9.71754e-04 2.77771e-03
1.94000e+01 1.21994e-04 3.01064e-03
1.94500e+01 1.03293e-03 3.23612e-03
1.95000e+01 1.67201e-03 3.36453e-03
1.95500e+01 2.03713e-03 3.33980e-03
1.96000e+01 2.19433e-03 3.15274e-03
1.96500e+01 2.23804e-03 2.84771e-03
1.97000e+01 2.24719e-03 2.52735e-03
1.97500e+01 2.25371e-03 2.33386e-03
1.98000e+01 2.23433e-03 2.35883e-03
1.98500e+01 2.12677e-03 2.54395e-03
1.99000e+01 1.86204e-03 2.74315e-03
1.99500e+01 1.39915e-03 2.84423e-03
2.00000e+01 7.48442e-04 2.80912e-03
