# 		k		<chi>		std
0.00000e+00 -7.28576e-02 3.85784e-01
5.00000e-02 -7.77981e-02 3.78835e-01
1.00000e-01 -8.45132e-02 3.72218e-01
1.50000e-01 -1.04642e-01 3.51880e-01
2.00000e-01 -1.24863e-01 3.31161e-01
2.50000e-01 -1.58123e-01 2.95381e-01
3.00000e-01 -1.90977e-01 2.59082e-01
3.50000e-01 -2.34789e-01 2.07535e-01
4.00000e-01 -2.76165e-01 1.57497e-01
4.50000e-01 -3.23720e-01 1.00264e-01
5.00000e-01 -3.64777e-01 6.82925e-02
5.50000e-01 -4.04590e-01 9.32436e-02
6.00000e-01 -4.32476e-01 1.45391e-01
6.50000e-01 -4.50557e-01 2.02344e-01
7.00000e-01 -4.52097e-01 2.48333e-01
7.50000e-01 -4.37136e-01 2.83377e-01
8.00000e-01 -4.05095e-01 3.01814e-01
8.50000e-01 -3.55644e-01 3.02485e-01
9.00000e-01 -2.95347e-01 2.86432e-01
9.50000e-01 -2.25094e-01 2.51518e-01
1.00000e+00 -1.56889e-01 2.04503e-01
1.05000e+00 -9.29646e-02 1.44328e-01
1.10000e+00 -4.56997e-02 8.36848e-02
1.15000e+00 -1.70977e-02 4.33611e-02
1.20000e+00 -1.28708e-02 7.40445e-02
1.25000e+00 -3.18204e-02 1.20767e-01
1.30000e+00 -6.83144e-02 1.55287e-01
1.35000e+00 -1.16385e-01 1.73263e-01
1.40000e+00 -1.61594e-01 1.75177e-01
1.45000e+00 -1.96087e-01 1.62691e-01
1.50000e+00 -2.07013e-01 1.42772e-01
1.55000e+00 -1.91311e-01 1.19646e-01
1.60000e+00 -1.48670e-01 9.90416e-02
1.65000e+00 -8.50155e-02 8.32923e-02
1.70000e+00 -1.34008e-02 7.17256e-02
1.75000e+00 5.57826e-02 6.39346e-02
1.80000e+00 1.07762e-01 5.53820e-02
1.85000e+00 1.38297e-01 4.47753e-02
1.90000e+00 1.43200e-01 2.96131e-02
1.95000e+00 1.29013e-01 1.56900e-02
2.00000e+00 1.02221e-01 2.34814e-02
2.05000e+00 7.35793e-02 4.26657e-02
2.10000e+00 5.06789e-02 5.55058e-02
2.15000e+00 3.77865e-02 5.78786e-02
2.20000e+00 3.34655e-02 5.09686e-02
2.25000e+00 3.22905e-02 4.34392e-02
2.30000e+00 3.11117e-02 3.35144e-02
2.35000e+00 2.74239e-02 2.35491e-02
2.40000e+00 2.05219e-02 1.55402e-02
2.45000e+00 1.47262e-02 9.41183e-03
2.50000e+00 8.12648e-03 5.35364e-03
2.55000e+00 1.66047e-03 3.41157e-03
2.60000e+00 -3.70200e-03 2.93271e-03
2.65000e+00 -8.59307e-03 3.42378e-03
2.70000e+00 -1.21264e-02 4.59160e-03
2.75000e+00 -1.39520e-02 6.06097e-03
2.80000e+00 -1.40378e-02 7.41059e-03
2.85000e+00 -1.36304e-02 8.43347e-03
2.90000e+00 -1.16422e-02 8.73081e-03
2.95000e+00 -8.52914e-03 8.37187e-03
3.00000e+00 -4.84632e-03 7.59744e-03
3.05000e+00 -1.31391e-03 5.91346e-03
3.10000e+00 1.66467e-03 4.62168e-03
3.15000e+00 3.76461e-03 4.12759e-03
3.20000e+00 4.90912e-03 4.18962e-03
3.25000e+00 4.58317e-03 4.33269e-03
3.30000e+00 3.85153e-03 4.45996e-03
3.35000e+00 3.26999e-03 4.53700e-03
3.40000e+00 3.23622e-03 4.77104e-03
3.45000e+00 3.53170e-03 5.52869e-03
3.50000e+00 4.62848e-03 6.22048e-03
3.55000e+00 6.26181e-03 6.37236e-03
3.60000e+00 8.02603e-03 5.71561e-03
3.65000e+00 9.47201e-03 4.43659e-03
3.70000e+00 1.03606e-02 3.95675e-03
3.75000e+00 1.04421e-02 5.96427e-03
3.80000e+00 9.56821e-03 8.79670e-03
3.85000e+00 7.80728e-03 1.11814e-02
3.90000e+00 4.96446e-03 1.19670e-02
3.95000e+00 1.11090e-03 1.07698e-02
4.00000e+00 -3.52443e-03 7.77750e-03
4.05000e+00 -8.64520e-03 3.96775e-03
4.10000e+00 -1.36921e-02 3.03364e-03
4.15000e+00 -1.78656e-02 6.73366e-03
4.20000e+00 -2.03774e-02 9.96774e-03
4.25000e+00 -2.09509e-02 1.17571e-02
4.30000e+00 -1.91040e-02 1.21121e-02
4.35000e+00 -1.50533e-02 1.13662e-02
4.40000e+00 -9.48478e-03 1.01130e-02
4.45000e+00 -3.60990e-03 9.00089e-03
4.50000e+00 1.84057e-03 8.51237e-03
4.55000e+00 6.08178e-03 8.91193e-03
4.60000e+00 8.74386e-03 1.02000e-02
4.65000e+00 9.89489e-03 1.20553e-02
4.70000e+00 1.01081e-02 1.38097e-02
4.75000e+00 1.00490e-02 1.46031e-02
4.80000e+00 1.02973e-02 1.36740e-02
4.85000e+00 1.10617e-02 1.08218e-02
4.90000e+00 1.23005e-02 6.62352e-03
4.95000e+00 1.35829e-02 6.56332e-03
5.00000e+00 1.43168e-02 1.33814e-02
5.05000e+00 1.39665e-02 2.12482e-02
5.10000e+00 1.23613e-02 2.80228e-02
5.15000e+00 9.60434e-03 3.25512e-02
5.20000e+00 6.10151e-03 3.42798e-02
5.25000e+00 2.43437e-03 3.32055e-02
5.30000e+00 -9.24926e-04 2.99556e-02
5.35000e+00 -3.70237e-03 2.54293e-02
5.40000e+00 -5.89235e-03 2.05370e-02
5.45000e+00 -7.64897e-03 1.58151e-02
5.50000e+00 -9.23503e-03 1.17026e-02
5.55000e+00 -1.08000e-02 8.51226e-03
5.60000e+00 -1.22812e-02 7.62442e-03
5.65000e+00 -1.33378e-02 1.04891e-02
5.70000e+00 -1.36531e-02 1.56212e-02
5.75000e+00 -1.29542e-02 2.12259e-02
5.80000e+00 -1.12096e-02 2.60084e-02
5.85000e+00 -8.64868e-03 2.88437e-02
5.90000e+00 -5.88927e-03 2.92090e-02
5.95000e+00 -3.55689e-03 2.71612e-02
6.00000e+00 -2.12512e-03 2.34689e-02
6.05000e+00 -1.69769e-03 1.93306e-02
6.10000e+00 -2.02975e-03 1.60782e-02
6.15000e+00 -2.49080e-03 1.43614e-02
6.20000e+00 -2.33173e-03 1.41859e-02
6.25000e+00 -9.56922e-04 1.51721e-02
6.30000e+00 1.84665e-03 1.63376e-02
6.35000e+00 5.80678e-03 1.61843e-02
6.40000e+00 1.02276e-02 1.35719e-02
6.45000e+00 1.41933e-02 9.46707e-03
6.50000e+00 1.68405e-02 1.12364e-02
6.55000e+00 1.75755e-02 2.07259e-02
6.60000e+00 1.62658e-02 3.11888e-02
6.65000e+00 1.32314e-02 3.91885e-02
6.70000e+00 9.08771e-03 4.29043e-02
6.75000e+00 4.53457e-03 4.17839e-02
6.80000e+00 1.60167e-04 3.65025e-02
6.85000e+00 -3.67152e-03 2.86838e-02
6.90000e+00 -6.82326e-03 2.04246e-02
6.95000e+00 -9.29760e-03 1.38064e-02
7.00000e+00 -1.11160e-02 1.04185e-02
7.05000e+00 -1.22283e-02 1.03631e-02
7.10000e+00 -1.24886e-02 1.23939e-02
7.15000e+00 -1.17368e-02 1.54765e-02
7.20000e+00 -9.89278e-03 1.88052e-02
7.25000e+00 -7.05630e-03 2.15553e-02
7.30000e+00 -3.54771e-03 2.31569e-02
7.35000e+00 1.37420e-04 2.35284e-02
7.40000e+00 3.44674e-03 2.31046e-02
7.45000e+00 5.91746e-03 2.26049e-02
7.50000e+00 7.29290e-03 2.25309e-02
7.55000e+00 7.53181e-03 2.26934e-02
7.60000e+00 6.86223e-03 2.24775e-02
7.65000e+00 5.58809e-03 2.12216e-02
7.70000e+00 3.99420e-03 1.86563e-02
7.75000e+00 2.27345e-03 1.50000e-02
7.80000e+00 5.27246e-04 1.10361e-02
7.85000e+00 -1.16974e-03 8.51943e-03
7.90000e+00 -2.68391e-03 9.49272e-03
7.95000e+00 -3.77413e-03 1.26973e-02
8.00000e+00 -4.12376e-03 1.59394e-02
8.05000e+00 -3.45499e-03 1.82671e-02
8.10000e+00 -1.71449e-03 1.95465e-02
8.15000e+00 8.16834e-04 2.00569e-02
8.20000e+00 3.49468e-03 2.02447e-02
8.25000e+00 5.43899e-03 2.04490e-02
8.30000e+00 5.79391e-03 2.07100e-02
8.35000e+00 4.04208e-03 2.07374e-02
8.40000e+00 2.59287e-04 2.00074e-02
8.45000e+00 -4.79774e-03 1.79702e-02
8.50000e+00 -9.82837e-03 1.44170e-02
8.55000e+00 -1.33030e-02 1.02078e-02
8.60000e+00 -1.39697e-02 9.09692e-03
8.65000e+00 -1.12540e-02 1.34514e-02
8.70000e+00 -5.48909e-03 1.90400e-02
8.75000e+00 2.12855e-03 2.30636e-02
8.80000e+00 9.85627e-03 2.44825e-02
8.85000e+00 1.58985e-02 2.32722e-02
8.90000e+00 1.89179e-02 2.01986e-02
8.95000e+00 1.83987e-02 1.66372e-02
9.00000e+00 1.47487e-02 1.43120e-02
9.05000e+00 9.10371e-03 1.43028e-02
9.10000e+00 2.94143e-03 1.56607e-02
9.15000e+00 -2.37457e-03 1.65235e-02
9.20000e+00 -5.99109e-03 1.56116e-02
9.25000e+00 -7.73873e-03 1.27183e-02
9.30000e+00 -8.05378e-03 9.56000e-03
9.35000e+00 -7.69945e-03 1.05903e-02
9.40000e+00 -7.40606e-03 1.56120e-02
9.45000e+00 -7.57067e-03 2.03199e-02
9.50000e+00 -8.12519e-03 2.24991e-02
9.55000e+00 -8.61246e-03 2.15648e-02
9.60000e+00 -8.41139e-03 1.81499e-02
9.65000e+00 -7.06159e-03 1.38885e-02
9.70000e+00 -4.48915e-03 1.08217e-02
9.75000e+00 -1.08442e-03 9.78508e-03
9.80000e+00 2.40983e-03 9.42675e-03
9.85000e+00 5.15612e-03 8.58927e-03
9.90000e+00 6.52607e-03 7.54315e-03
9.95000e+00 6.33378e-03 7.07064e-03
1.00000e+01 4.90975e-03 7.23971e-03
1.00500e+01 2.99685e-03 7.66129e-03
1.01000e+01 1.47196e-03 8.39162e-03
1.01500e+01 1.03501e-03 9.57161e-03
1.02000e+01 1.95603e-03 1.07567e-02
1.02500e+01 3.97630e-03 1.12408e-02
1.03000e+01 6.39605e-03 1.06584e-02
1.03500e+01 8.31542e-03 9.22915e-03
1.04000e+01 8.94248e-03 7.78256e-03
1.04500e+01 7.86151e-03 7.57593e-03
1.05000e+01 5.17140e-03 9.14570e-03
1.05500e+01 1.45162e-03 1.16148e-02
1.06000e+01 -2.42737e-03 1.38079e-02
1.06500e+01 -5.58124e-03 1.47215e-02
1.07000e+01 -7.38259e-03 1.36507e-02
1.07500e+01 -7.63827e-03 1.05511e-02
1.08000e+01 -6.62105e-03 7.06398e-03
1.08500e+01 -4.95298e-03 8.32245e-03
1.09000e+01 -3.38533e-03 1.36633e-02
1.09500e+01 -2.54959e-03 1.85413e-02
1.10000e+01 -2.75866e-03 2.10764e-02
1.10500e+01 -3.93148e-03 2.06730e-02
1.11000e+01 -5.58957e-03 1.75623e-02
1.11500e+01 -7.04554e-03 1.28655e-02
1.12000e+01 -7.60899e-03 8.83753e-03
1.12500e+01 -6.79733e-03 8.68388e-03
1.13000e+01 -4.48242e-03 1.13727e-02
1.13500e+01 -9.34725e-04 1.36546e-02
1.14000e+01 3.24289e-03 1.43984e-02
1.14500e+01 7.26953e-03 1.36245e-02
1.15000e+01 1.03840e-02 1.18822e-02
1.15500e+01 1.20318e-02 9.97237e-03
1.16000e+01 1.19929e-02 8.64262e-03
1.16500e+01 1.04191e-02 8.13942e-03
1.17000e+01 7.77576e-03 8.10310e-03
1.17500e+01 4.70747e-03 8.11290e-03
1.18000e+01 1.86664e-03 8.03762e-03
1.18500e+01 -2.48249e-04 7.91552e-03
1.19000e+01 -1.40276e-03 7.75426e-03
1.19500e+01 -1.65909e-03 7.48999e-03
1.20000e+01 -1.32703e-03 7.06727e-03
1.20500e+01 -8.79732e-04 6.49631e-03
1.21000e+01 -7.15393e-04 5.84027e-03
1.21500e+01 -1.12863e-03 5.30426e-03
1.22000e+01 -2.20018e-03 5.26173e-03
1.22500e+01 -3.77946e-03 5.94894e-03
1.23000e+01 -5.53391e-03 7.05467e-03
1.23500e+01 -7.04841e-03 7.99703e-03
1.24000e+01 -7.94444e-03 8.35377e-03
1.24500e+01 -7.98359e-03 8.05434e-03
1.25000e+01 -7.12603e-03 7.44167e-03
1.25500e+01 -5.52834e-03 7.10832e-03
1.26000e+01 -3.48484e-03 7.32098e-03
1.26500e+01 -1.33395e-03 7.66586e-03
1.27000e+01 6.37881e-04 7.58572e-03
1.27500e+01 2.26314e-03 6.94500e-03
1.28000e+01 3.51115e-03 6.20192e-03
1.28500e+01 4.45566e-03 6.16604e-03
1.29000e+01 5.20917e-03 7.01794e-03
1.29500e+01 5.85242e-03 8.03488e-03
1.30000e+01 6.38679e-03 8.54543e-03
1.30500e+01 6.73919e-03 8.34533e-03
1.31000e+01 6.75173e-03 7.61287e-03
1.31500e+01 6.29440e-03 6.78328e-03
1.32000e+01 5.30101e-03 6.29808e-03
1.32500e+01 3.80562e-03 6.26706e-03
1.33000e+01 1.94668e-03 6.42001e-03
1.33500e+01 -6.02487e-05 6.44362e-03
1.34000e+01 -1.97042e-03 6.20599e-03
1.34500e+01 -3.56264e-03 5.76527e-03
1.35000e+01 -4.68242e-03 5.31039e-03
1.35500e+01 -5.26585e-03 5.05772e-03
1.36000e+01 -5.34072e-03 5.09590e-03
1.36500e+01 -5.00687e-03 5.32365e-03
1.37000e+01 -4.40260e-03 5.57736e-03
1.37500e+01 -3.66715e-03 5.75886e-03
1.38000e+01 -2.91019e-03 5.84320e-03
1.38500e+01 -2.19718e-03 5.83057e-03
1.39000e+01 -1.55355e-03 5.71819e-03
1.39500e+01 -9.82968e-04 5.51061e-03
1.40000e+01 -4.88083e-04 5.24579e-03
1.40500e+01 -7.98647e-05 5.02007e-03
1.41000e+01 2.32947e-04 4.94792e-03
1.41500e+01 4.53664e-04 5.10968e-03
1.42000e+01 6.10701e-04 5.42899e-03
1.42500e+01 7.65214e-04 5.69537e-03
1.43000e+01 1.00325e-03 5.69952e-03
1.43500e+01 1.40930e-03 5.36921e-03
1.44000e+01 2.02804e-03 4.87099e-03
1.44500e+01 2.82955e-03 4.62542e-03
1.45000e+01 3.69565e-03 4.99088e-03
1.45500e+01 4.43823e-03 5.79182e-03
1.46000e+01 4.84749e-03 6.54675e-03
1.46500e+01 4.75442e-03 6.89618e-03
1.47000e+01 4.08489e-03 6.70451e-03
1.47500e+01 2.88578e-03 6.04103e-03
1.48000e+01 1.31478e-03 5.14414e-03
1.48500e+01 -4.00282e-04 4.35366e-03
1.49000e+01 -2.01696e-03 3.93886e-03
1.49500e+01 -3.33060e-03 3.86955e-03
1.50000e+01 -4.21058e-03 3.90279e-03
1.50500e+01 -4.60745e-03 3.91518e-03
1.51000e+01 -4.56761e-03 3.94852e-03
1.51500e+01 -4.20870e-03 4.11551e-03
1.52000e+01 -3.66607e-03 4.41779e-03
1.52500e+01 -3.04911e-03 4.71861e-03
1.53000e+01 -2.41414e-03 4.86581e-03
1.53500e+01 -1.76151e-03 4.79665e-03
1.54000e+01 -1.05621e-03 4.56326e-03
1.54500e+01 -2.62617e-04 4.29727e-03
1.55000e+01 6.20514e-04 4.12855e-03
1.55500e+01 1.53871e-03 4.09550e-03
1.56000e+01 2.38308e-03 4.12792e-03
1.56500e+01 3.01513e-03 4.11960e-03
1.57000e+01 3.30778e-03 4.00830e-03
1.57500e+01 3.18894e-03 3.81709e-03
1.58000e+01 2.67271e-03 3.65465e-03
1.58500e+01 1.86665e-03 3.64737e-03
1.59000e+01 9.50749e-04 3.81262e-03
1.59500e+01 1.32793e-04 4.02414e-03
1.60000e+01 -4.07304e-04 4.12799e-03
1.60500e+01 -5.55263e-04 4.06966e-03
1.61000e+01 -3.53946e-04 3.90903e-03
1.61500e+01 7.72238e-05 3.82387e-03
1.62000e+01 5.56517e-04 3.98127e-03
1.62500e+01 8.93692e-04 4.37160e-03
1.63000e+01 9.44608e-04 4.79575e-03
1.63500e+01 6.50767e-04 5.00672e-03
1.64000e+01 5.30576e-05 4.83828e-03
1.64500e+01 -7.23003e-04 4.31019e-03
1.65000e+01 -1.50478e-03 3.75563e-03
1.65500e+01 -2.12080e-03 3.79122e-03
1.66000e+01 -2.44555e-03 4.57661e-03
1.66500e+01 -2.42826e-03 5.52592e-03
1.67000e+01 -2.09903e-03 6.08082e-03
1.67500e+01 -1.55221e-03 5.99104e-03
1.68000e+01 -9.13887e-04 5.29246e-03
1.68500e+01 -3.04426e-04 4.26265e-03
1.69000e+01 1.92514e-04 3.35199e-03
1.69500e+01 5.45661e-04 2.96713e-03
1.70000e+01 7.73147e-04 3.04963e-03
1.70500e+01 9.22762e-04 3.22417e-03
1.71000e+01 1.05166e-03 3.32890e-03
1.71500e+01 1.18823e-03 3.38876e-03
1.72000e+01 1.32377e-03 3.41806e-03
1.72500e+01 1.41689e-03 3.37360e-03
1.73000e+01 1.41177e-03 3.24756e-03
1.73500e+01 1.26283e-03 3.12938e-03
1.74000e+01 9.56721e-04 3.13259e-03
1.74500e+01 5.23595e-04 3.25473e-03
1.75000e+01 3.33759e-05 3.37373e-03
1.75500e+01 -4.21976e-04 3.37586e-03
1.76000e+01 -7.54566e-04 3.23393e-03
1.76500e+01 -9.06510e-04 3.00650e-03
1.77000e+01 -8.67195e-04 2.80691e-03
1.77500e+01 -6.76163e-04 2.74829e-03
1.78000e+01 -4.10604e-04 2.85397e-03
1.78500e+01 -1.61480e-04 3.02380e-03
1.79000e+01 -5.97382e-06 3.12872e-03
1.79500e+01 1.49562e-05 3.13359e-03
1.80000e+01 -9.30905e-05 3.15615e-03
1.80500e+01 -2.90842e-04 3.39059e-03
1.81000e+01 -4.88990e-04 3.86445e-03
1.81500e+01 -6.15018e-04 4.37253e-03
1.82000e+01 -6.21908e-04 4.66396e-03
1.82500e+01 -5.00528e-04 4.59309e-03
1.83000e+01 -2.78940e-04 4.16759e-03
1.83500e+01 -1.00625e-05 3.54961e-03
1.84000e+01 2.47031e-04 3.02557e-03
1.84500e+01 4.45226e-04 2.86885e-03
1.85000e+01 5.60809e-04 3.07118e-03
1.85500e+01 5.95217e-04 3.37953e-03
1.86000e+01 5.67887e-04 3.58954e-03
1.86500e+01 5.04296e-04 3.62342e-03
1.87000e+01 4.24591e-04 3.48591e-03
1.87500e+01 3.37383e-04 3.22590e-03
1.88000e+01 2.40642e-04 2.91555e-03
1.88500e+01 1.28382e-04 2.63405e-03
1.89000e+01 -6.10288e-07 2.44388e-03
1.89500e+01 -1.36510e-04 2.36211e-03
1.90000e+01 -2.57918e-04 2.35322e-03
1.90500e+01 -3.36415e-04 2.36228e-03
1.91000e+01 -3.49781e-04 2.34601e-03
1.91500e+01 -2.90841e-04 2.30399e-03
1.92000e+01 -1.72665e-04 2.27250e-03
1.92500e+01 -2.67194e-05 2.28877e-03
1.93000e+01 1.05873e-04 2.34758e-03
1.93500e+01 1.86942e-04 2.40548e-03
1.94000e+01 1.93240e-04 2.43534e-03
1.94500e+01 1.23525e-04 2.46901e-03
1.95000e+01 -1.55778e-06 2.57476e-03
1.95500e+01 -1.46431e-04 2.77353e-03
1.96000e+01 -2.71576e-04 2.99254e-03
1.96500e+01 -3.44648e-04 3.11914e-03
1.97000e+01 -3.48182e-04 3.07928e-03
1.97500e+01 -2.82100e-04 2.87921e-03
1.98000e+01 -1.61274e-04 2.61156e-03
1.98500e+01 -1.00799e-05 2.42446e-03
1.99000e+01 1.43646e-04 2.43084e-03
1.99500e+01 2.73433e-04 2.61181e-03
2.00000e+01 3.57247e-04 2.85550e-03
