# k	<chi>	std	chi_median	chi_max	chi_min
0.000000e+00	4.895305e-02	2.940705e-01	0.000000e+00	7.914819e-01	-9.377624e-01
5.000000e-02	7.707287e-02	4.079609e-01	-1.400627e-01	7.731614e-01	-9.448068e-01
1.000000e-01	6.271988e-02	4.024185e-01	-1.557440e-01	7.544285e-01	-9.517571e-01
1.500000e-01	1.887796e-02	3.853412e-01	-2.029699e-01	6.958645e-01	-9.719325e-01
2.000000e-01	-2.627073e-02	3.675701e-01	-2.381672e-01	6.340535e-01	-9.911296e-01
2.500000e-01	-1.027747e-01	3.369534e-01	-2.968867e-01	5.256871e-01	-1.020316e+00
3.000000e-01	-1.810600e-01	3.050554e-01	-3.557257e-01	4.108682e-01	-1.046141e+00
3.500000e-01	-2.890010e-01	2.599613e-01	-4.198688e-01	2.453680e-01	-1.075027e+00
4.000000e-01	-3.956032e-01	2.143658e-01	-4.776744e-01	7.920774e-02	-1.095963e+00
4.500000e-01	-5.222362e-01	1.592694e-01	-5.707834e-01	-1.180883e-01	-1.108938e+00
5.000000e-01	-6.383265e-01	1.116311e-01	-6.585686e-01	-3.061488e-01	-1.107508e+00
5.500000e-01	-7.552683e-01	8.404375e-02	-7.561355e-01	-5.050618e-01	-1.085164e+00
6.000000e-01	-8.466459e-01	1.058076e-01	-8.285807e-01	-5.360217e-01	-1.203621e+00
6.500000e-01	-9.132474e-01	1.571652e-01	-9.157190e-01	-5.298085e-01	-1.302294e+00
7.000000e-01	-9.386290e-01	2.092205e-01	-9.702203e-01	-5.018278e-01	-1.340191e+00
7.500000e-01	-9.168092e-01	2.566022e-01	-9.375372e-01	-4.504631e-01	-1.310016e+00
8.000000e-01	-8.475525e-01	2.899974e-01	-8.331378e-01	-3.803184e-01	-1.251286e+00
8.500000e-01	-7.254518e-01	3.081874e-01	-6.819066e-01	-2.687858e-01	-1.173703e+00
9.000000e-01	-5.691870e-01	3.087399e-01	-5.153322e-01	-1.303286e-01	-1.040690e+00
9.500000e-01	-3.805677e-01	2.912679e-01	-3.291335e-01	2.264634e-02	-8.396362e-01
1.000000e+00	-1.915509e-01	2.599592e-01	-1.530898e-01	1.893663e-01	-6.096035e-01
1.050000e+00	-1.109662e-02	2.169021e-01	1.256714e-02	3.220375e-01	-3.780458e-01
1.100000e+00	1.299884e-01	1.706273e-01	1.343674e-01	3.995036e-01	-1.716395e-01
1.150000e+00	2.234908e-01	1.252438e-01	2.218336e-01	4.209340e-01	-4.189942e-02
1.200000e+00	2.563929e-01	8.854814e-02	2.573002e-01	4.185910e-01	1.826803e-02
1.250000e+00	2.311998e-01	6.361296e-02	2.373055e-01	3.596055e-01	3.186447e-02
1.300000e+00	1.600297e-01	5.118529e-02	1.723523e-01	2.945276e-01	-7.353484e-03
1.350000e+00	5.824164e-02	4.753650e-02	6.618221e-02	2.236585e-01	-7.977076e-02
1.400000e+00	-4.621951e-02	4.624591e-02	-4.051040e-02	1.449359e-01	-1.691928e-01
1.450000e+00	-1.351151e-01	4.293348e-02	-1.325238e-01	6.156889e-02	-2.479479e-01
1.500000e+00	-1.857635e-01	3.374373e-02	-1.855437e-01	-8.006689e-03	-2.758686e-01
1.550000e+00	-1.917209e-01	2.097759e-02	-1.917109e-01	-4.571572e-02	-2.522763e-01
1.600000e+00	-1.523532e-01	2.966955e-02	-1.543014e-01	1.940722e-03	-2.223466e-01
1.650000e+00	-7.839653e-02	5.983288e-02	-6.989473e-02	7.001258e-02	-1.901384e-01
1.700000e+00	1.080548e-02	8.965664e-02	2.969155e-02	1.590866e-01	-1.396644e-01
1.750000e+00	9.811575e-02	1.116743e-01	1.095359e-01	2.561756e-01	-7.601026e-02
1.800000e+00	1.629552e-01	1.172458e-01	1.621295e-01	3.151651e-01	-1.256547e-02
1.850000e+00	1.987992e-01	1.054326e-01	1.932975e-01	3.392313e-01	4.350519e-02
1.900000e+00	2.004507e-01	7.715737e-02	1.998133e-01	3.136121e-01	8.653713e-02
1.950000e+00	1.773916e-01	3.877195e-02	1.791693e-01	2.489331e-01	1.129901e-01
2.000000e+00	1.382609e-01	9.962035e-03	1.389357e-01	1.966566e-01	9.610379e-02
2.050000e+00	9.722363e-02	3.993771e-02	1.041272e-01	1.813579e-01	2.622011e-02
2.100000e+00	6.267882e-02	5.911577e-02	8.113531e-02	1.551449e-01	-2.122138e-02
2.150000e+00	4.023081e-02	6.008902e-02	5.904894e-02	1.240589e-01	-4.325967e-02
2.200000e+00	2.916548e-02	4.685355e-02	4.037339e-02	9.808340e-02	-3.624399e-02
2.250000e+00	1.969162e-02	2.604734e-02	2.067019e-02	6.558408e-02	-2.616794e-02
2.300000e+00	1.146255e-02	8.603187e-03	1.228672e-02	3.387741e-02	-1.469965e-02
2.350000e+00	2.914039e-03	4.680509e-03	2.503170e-03	1.914697e-02	-2.124779e-02
2.400000e+00	-6.068085e-03	5.410440e-03	-6.647554e-03	1.046430e-02	-3.103449e-02
2.450000e+00	-1.088015e-02	4.531011e-03	-1.129025e-02	5.429189e-03	-3.743943e-02
2.500000e+00	-1.414582e-02	3.905845e-03	-1.382795e-02	-2.102582e-04	-4.312015e-02
2.550000e+00	-1.563417e-02	6.226377e-03	-1.478951e-02	-2.597465e-03	-4.455388e-02
2.600000e+00	-1.521934e-02	8.744086e-03	-1.649600e-02	1.108574e-03	-4.289566e-02
2.650000e+00	-1.513188e-02	9.841419e-03	-1.873000e-02	2.524637e-03	-4.165783e-02
2.700000e+00	-1.392466e-02	9.713531e-03	-1.856807e-02	3.472807e-03	-3.942784e-02
2.750000e+00	-1.188375e-02	8.513633e-03	-1.626336e-02	4.791231e-03	-3.635816e-02
2.800000e+00	-9.374402e-03	6.789926e-03	-1.213490e-02	6.435226e-03	-3.174022e-02
2.850000e+00	-7.737696e-03	5.327295e-03	-9.337293e-03	7.015909e-03	-2.742599e-02
2.900000e+00	-5.375334e-03	4.329710e-03	-6.515212e-03	7.955242e-03	-2.261955e-02
2.950000e+00	-2.409951e-03	3.986097e-03	-3.485048e-03	9.595138e-03	-1.769870e-02
3.000000e+00	9.385094e-04	4.388096e-03	-2.385401e-04	1.273206e-02	-1.109768e-02
3.050000e+00	4.602581e-03	4.938894e-03	3.758788e-03	1.616384e-02	-4.999548e-03
3.100000e+00	7.907364e-03	5.908181e-03	8.330884e-03	1.927256e-02	-3.840096e-03
3.150000e+00	1.010904e-02	6.707386e-03	1.150980e-02	2.128159e-02	-2.775666e-03
3.200000e+00	1.059662e-02	6.753705e-03	1.138077e-02	2.435933e-02	-2.331258e-03
3.250000e+00	8.651238e-03	5.613801e-03	8.802842e-03	2.694449e-02	-2.229359e-03
3.300000e+00	4.899048e-03	3.879854e-03	4.245988e-03	2.724284e-02	-2.365983e-03
3.350000e+00	4.252249e-05	2.670213e-03	-1.930014e-04	2.508320e-02	-5.623077e-03
3.400000e+00	-4.934219e-03	3.814972e-03	-5.077421e-03	2.041087e-02	-1.373500e-02
3.450000e+00	-9.170658e-03	5.980930e-03	-8.768934e-03	1.403871e-02	-2.002110e-02
3.500000e+00	-1.113348e-02	7.516401e-03	-8.928235e-03	8.594983e-03	-2.249937e-02
3.550000e+00	-1.031813e-02	8.010415e-03	-6.887748e-03	6.802301e-03	-2.203427e-02
3.600000e+00	-6.868253e-03	7.540836e-03	-3.080806e-03	7.627068e-03	-1.854884e-02
3.650000e+00	-1.306830e-03	6.552602e-03	1.624989e-03	1.020467e-02	-1.198414e-02
3.700000e+00	5.057380e-03	5.351412e-03	5.667925e-03	1.628743e-02	-5.330938e-03
3.750000e+00	1.069967e-02	4.426527e-03	1.005097e-02	2.208569e-02	1.414117e-03
3.800000e+00	1.422962e-02	3.956413e-03	1.360840e-02	2.460322e-02	1.457709e-03
3.850000e+00	1.481123e-02	3.795442e-03	1.435851e-02	2.518103e-02	-1.152490e-03
3.900000e+00	1.194026e-02	3.376315e-03	1.183564e-02	2.050696e-02	-5.710846e-03
3.950000e+00	6.118072e-03	2.680769e-03	6.274595e-03	1.321160e-02	-1.197443e-02
4.000000e+00	-1.427888e-03	2.759295e-03	-1.653657e-03	7.339630e-03	-1.869950e-02
4.050000e+00	-9.563524e-03	4.594252e-03	-1.004587e-02	1.425078e-03	-2.547985e-02
4.100000e+00	-1.631451e-02	7.361484e-03	-1.715375e-02	-3.620930e-03	-3.115398e-02
4.150000e+00	-2.038459e-02	9.846513e-03	-2.186432e-02	-6.339868e-03	-3.804088e-02
4.200000e+00	-2.110585e-02	1.102956e-02	-2.324792e-02	-6.440215e-03	-4.021078e-02
4.250000e+00	-1.874645e-02	1.075836e-02	-2.017958e-02	-4.554236e-03	-3.630608e-02
4.300000e+00	-1.374027e-02	8.413493e-03	-1.409325e-02	-1.440740e-03	-2.779155e-02
4.350000e+00	-7.382392e-03	4.281483e-03	-7.095996e-03	1.228565e-03	-1.664465e-02
4.400000e+00	-9.931687e-04	2.724548e-03	-1.085531e-03	7.412934e-03	-8.357867e-03
4.450000e+00	4.304345e-03	7.612179e-03	5.115648e-03	2.024027e-02	-9.545000e-03
4.500000e+00	7.948282e-03	1.232493e-02	1.174586e-02	2.962150e-02	-1.162152e-02
4.550000e+00	9.884240e-03	1.567718e-02	1.593192e-02	3.460551e-02	-1.382749e-02
4.600000e+00	1.054412e-02	1.732601e-02	1.803553e-02	3.640874e-02	-1.625047e-02
4.650000e+00	1.060762e-02	1.746632e-02	1.730025e-02	3.503750e-02	-1.765728e-02
4.700000e+00	1.069132e-02	1.660693e-02	1.645266e-02	3.420623e-02	-1.806818e-02
4.750000e+00	1.103345e-02	1.527283e-02	1.526963e-02	3.326575e-02	-1.727829e-02
4.800000e+00	1.143945e-02	1.381272e-02	1.366379e-02	3.051067e-02	-1.542485e-02
4.850000e+00	1.151417e-02	1.220964e-02	1.284200e-02	2.836357e-02	-1.274945e-02
4.900000e+00	1.062162e-02	1.019992e-02	1.068592e-02	2.775631e-02	-1.037952e-02
4.950000e+00	8.437887e-03	7.499014e-03	6.820477e-03	2.570925e-02	-1.024339e-02
5.000000e+00	5.126485e-03	4.567100e-03	3.997352e-03	2.182068e-02	-8.977100e-03
5.050000e+00	1.465955e-03	5.309254e-03	2.984072e-03	1.762002e-02	-1.832572e-02
5.100000e+00	-1.583098e-03	1.028302e-02	1.919462e-03	1.694256e-02	-2.868608e-02
5.150000e+00	-3.002304e-03	1.574614e-02	-2.059597e-03	2.348558e-02	-3.707648e-02
5.200000e+00	-2.191133e-03	2.016498e-02	-2.215689e-03	3.118469e-02	-3.947016e-02
5.250000e+00	7.069436e-04	2.270035e-02	-3.297549e-03	3.929978e-02	-3.513449e-02
5.300000e+00	4.720638e-03	2.300437e-02	1.000066e-03	4.613370e-02	-3.215778e-02
5.350000e+00	8.303231e-03	2.137389e-02	5.986899e-03	5.076656e-02	-2.828860e-02
5.400000e+00	9.753788e-03	1.853743e-02	7.268933e-03	5.236525e-02	-2.534628e-02
5.450000e+00	7.790675e-03	1.523374e-02	6.618248e-03	4.811217e-02	-2.567523e-02
5.500000e+00	2.040933e-03	1.215112e-02	1.102883e-03	3.987471e-02	-2.658924e-02
5.550000e+00	-6.794413e-03	9.673164e-03	-8.374321e-03	2.859500e-02	-3.021650e-02
5.600000e+00	-1.702952e-02	8.230491e-03	-1.845496e-02	1.451432e-02	-3.449930e-02
5.650000e+00	-2.633812e-02	8.059455e-03	-2.480575e-02	-7.843810e-05	-4.712602e-02
5.700000e+00	-3.259612e-02	8.626536e-03	-2.855314e-02	-1.273313e-02	-5.965124e-02
5.750000e+00	-3.430539e-02	8.890190e-03	-3.089370e-02	-1.554521e-02	-6.381277e-02
5.800000e+00	-3.104205e-02	8.343613e-03	-2.973168e-02	-8.981709e-03	-5.846643e-02
5.850000e+00	-2.348176e-02	7.317807e-03	-2.366289e-02	9.705496e-04	-4.462055e-02
5.900000e+00	-1.338564e-02	7.201209e-03	-1.348314e-02	9.882641e-03	-3.531085e-02
5.950000e+00	-2.833735e-03	9.068711e-03	-1.546676e-03	1.892320e-02	-2.980794e-02
6.000000e+00	6.246730e-03	1.239286e-02	8.643016e-03	3.157065e-02	-2.700869e-02
6.050000e+00	1.258700e-02	1.641044e-02	1.583754e-02	4.186239e-02	-2.551148e-02
6.100000e+00	1.559456e-02	2.086675e-02	2.055668e-02	5.024738e-02	-2.829123e-02
6.150000e+00	1.562675e-02	2.563065e-02	1.976244e-02	5.695291e-02	-3.538265e-02
6.200000e+00	1.359964e-02	3.037181e-02	1.644864e-02	6.103085e-02	-4.304726e-02
6.250000e+00	1.062640e-02	3.441101e-02	1.200403e-02	5.909326e-02	-4.922669e-02
6.300000e+00	7.688720e-03	3.678002e-02	7.442400e-03	5.618825e-02	-5.200938e-02
6.350000e+00	5.438827e-03	3.646256e-02	3.769900e-03	5.452965e-02	-5.007628e-02
6.400000e+00	4.164453e-03	3.273561e-02	3.595370e-03	5.021733e-02	-4.409829e-02
6.450000e+00	3.881364e-03	2.549707e-02	3.375317e-03	4.369798e-02	-3.643399e-02
6.500000e+00	4.475422e-03	1.555934e-02	3.825264e-03	3.633488e-02	-2.574902e-02
6.550000e+00	5.821278e-03	6.574613e-03	5.414769e-03	2.700270e-02	-1.385086e-02
6.600000e+00	7.726437e-03	1.278562e-02	8.507272e-03	4.270468e-02	-2.406109e-02
6.650000e+00	9.993823e-03	2.362788e-02	7.274208e-03	5.512492e-02	-3.176159e-02
6.700000e+00	1.232418e-02	3.288409e-02	6.015526e-03	6.763957e-02	-3.858125e-02
6.750000e+00	1.427243e-02	3.971065e-02	6.159730e-03	7.876184e-02	-4.253355e-02
6.800000e+00	1.527882e-02	4.411819e-02	6.092254e-03	8.628453e-02	-4.462041e-02
6.850000e+00	1.478537e-02	4.643765e-02	4.710320e-03	8.987950e-02	-4.549131e-02
6.900000e+00	1.240416e-02	4.696169e-02	4.336160e-03	9.147493e-02	-4.970290e-02
6.950000e+00	8.073898e-03	4.566824e-02	3.410255e-03	8.754292e-02	-5.406210e-02
7.000000e+00	2.138659e-03	4.213166e-02	4.299650e-04	7.636314e-02	-5.993594e-02
7.050000e+00	-4.716604e-03	3.559031e-02	-4.706018e-03	5.788638e-02	-6.178474e-02
7.100000e+00	-1.150131e-02	2.593187e-02	-1.151594e-02	3.699736e-02	-5.581215e-02
7.150000e+00	-1.730029e-02	1.417131e-02	-1.921755e-02	2.024103e-02	-4.521669e-02
7.200000e+00	-2.141083e-02	9.173686e-03	-2.092675e-02	4.588332e-03	-5.486487e-02
7.250000e+00	-2.347362e-02	2.028083e-02	-2.141100e-02	1.561327e-02	-6.913414e-02
7.300000e+00	-2.349959e-02	3.192024e-02	-2.760521e-02	3.350883e-02	-7.690613e-02
7.350000e+00	-2.180034e-02	3.961311e-02	-2.841804e-02	4.591255e-02	-8.289800e-02
7.400000e+00	-1.886274e-02	4.216689e-02	-2.427911e-02	5.093750e-02	-8.308991e-02
7.450000e+00	-1.521979e-02	3.999939e-02	-1.527861e-02	4.906737e-02	-7.480707e-02
7.500000e+00	-1.135810e-02	3.481969e-02	-7.662511e-03	4.314196e-02	-6.585013e-02
7.550000e+00	-7.693634e-03	2.895314e-02	-5.379487e-03	4.147369e-02	-5.734893e-02
7.600000e+00	-4.507621e-03	2.460652e-02	-2.121532e-03	3.925493e-02	-4.930153e-02
7.650000e+00	-1.975377e-03	2.285236e-02	-5.759765e-04	4.066483e-02	-4.521313e-02
7.700000e+00	-1.343324e-04	2.348938e-02	-2.502855e-04	4.240231e-02	-4.635042e-02
7.750000e+00	1.158870e-03	2.531393e-02	-2.220250e-05	4.408976e-02	-4.750008e-02
7.800000e+00	2.260080e-03	2.643987e-02	1.399883e-03	4.770468e-02	-4.657358e-02
7.850000e+00	3.715172e-03	2.492139e-02	4.120306e-03	5.119999e-02	-4.580802e-02
7.900000e+00	6.150223e-03	1.964496e-02	6.802786e-03	5.169539e-02	-3.921324e-02
7.950000e+00	1.007494e-02	1.167773e-02	9.745758e-03	4.749604e-02	-2.380923e-02
8.000000e+00	1.564515e-02	1.087737e-02	1.518016e-02	5.645560e-02	-1.743201e-02
8.050000e+00	2.241007e-02	2.236328e-02	2.084539e-02	7.530148e-02	-2.009391e-02
8.100000e+00	2.940828e-02	3.498197e-02	2.553255e-02	9.225958e-02	-2.761971e-02
8.150000e+00	3.513425e-02	4.500313e-02	3.324265e-02	1.056703e-01	-3.880677e-02
8.200000e+00	3.793483e-02	5.095889e-02	3.796114e-02	1.125373e-01	-4.654754e-02
8.250000e+00	3.646241e-02	5.249577e-02	3.711370e-02	1.149079e-01	-5.305859e-02
8.300000e+00	3.010876e-02	5.011994e-02	3.099761e-02	1.116912e-01	-5.554210e-02
8.350000e+00	1.927438e-02	4.491710e-02	1.358170e-02	9.746075e-02	-5.527739e-02
8.400000e+00	5.371358e-03	3.819244e-02	-2.731212e-03	7.652793e-02	-5.083247e-02
8.450000e+00	-9.460584e-03	3.104658e-02	-1.224363e-02	5.308698e-02	-7.269286e-02
8.500000e+00	-2.285241e-02	2.411402e-02	-2.043908e-02	3.169853e-02	-8.806096e-02
8.550000e+00	-3.277476e-02	1.804768e-02	-3.041070e-02	1.318927e-02	-9.268102e-02
8.600000e+00	-3.793292e-02	1.565543e-02	-3.935480e-02	9.735826e-03	-8.237506e-02
8.650000e+00	-3.819979e-02	2.002231e-02	-4.145867e-02	1.876086e-02	-8.002216e-02
8.700000e+00	-3.445932e-02	2.817252e-02	-3.325435e-02	2.508102e-02	-8.427949e-02
8.750000e+00	-2.824523e-02	3.600096e-02	-3.097421e-02	3.118826e-02	-8.437048e-02
8.800000e+00	-2.124689e-02	4.113360e-02	-3.155033e-02	5.358904e-02	-7.857869e-02
8.850000e+00	-1.485119e-02	4.255036e-02	-2.454625e-02	6.991732e-02	-7.033856e-02
8.900000e+00	-9.854597e-03	4.044036e-02	-1.615446e-02	7.304543e-02	-6.593077e-02
8.950000e+00	-6.402802e-03	3.593920e-02	-7.569564e-03	6.566795e-02	-6.428440e-02
9.000000e+00	-4.131501e-03	3.060551e-02	-4.229882e-03	5.269298e-02	-6.017720e-02
9.050000e+00	-2.378903e-03	2.579002e-02	-2.095910e-03	4.875807e-02	-5.356377e-02
9.100000e+00	-5.235969e-04	2.212256e-02	-5.535717e-04	4.533232e-02	-4.519970e-02
9.150000e+00	1.818354e-03	1.941070e-02	2.729179e-03	3.852053e-02	-4.093135e-02
9.200000e+00	4.744954e-03	1.680552e-02	7.699579e-03	3.862597e-02	-3.591827e-02
9.250000e+00	8.146878e-03	1.348564e-02	1.103670e-02	3.516899e-02	-3.016705e-02
9.300000e+00	1.183901e-02	1.039005e-02	1.284144e-02	4.274441e-02	-2.290187e-02
9.350000e+00	1.565828e-02	1.261993e-02	1.523808e-02	5.371745e-02	-2.289525e-02
9.400000e+00	1.947307e-02	2.086768e-02	2.001621e-02	6.378204e-02	-3.565949e-02
9.450000e+00	2.310649e-02	3.046136e-02	2.752763e-02	7.520259e-02	-4.576954e-02
9.500000e+00	2.622896e-02	3.835603e-02	2.882329e-02	8.076193e-02	-5.073821e-02
9.550000e+00	2.831994e-02	4.281158e-02	2.869009e-02	8.901348e-02	-4.612914e-02
9.600000e+00	2.865302e-02	4.308969e-02	2.715086e-02	9.487287e-02	-3.759954e-02
9.650000e+00	2.652569e-02	3.963262e-02	2.453852e-02	9.199289e-02	-3.909404e-02
9.700000e+00	2.149000e-02	3.367688e-02	2.512262e-02	8.514398e-02	-4.213307e-02
9.750000e+00	1.359795e-02	2.667536e-02	1.619034e-02	6.922071e-02	-4.166698e-02
9.800000e+00	3.532958e-03	1.975803e-02	5.023004e-03	5.024743e-02	-4.197312e-02
9.850000e+00	-7.446930e-03	1.365076e-02	-6.989124e-03	3.263447e-02	-4.252762e-02
9.900000e+00	-1.776212e-02	9.366175e-03	-1.748465e-02	1.459507e-02	-4.154131e-02
9.950000e+00	-2.589365e-02	8.780571e-03	-2.606900e-02	2.270244e-04	-5.436121e-02
1.000000e+01	-3.077317e-02	1.139317e-02	-3.197967e-02	4.591010e-03	-6.085446e-02
1.005000e+01	-3.208812e-02	1.489288e-02	-3.618260e-02	7.987198e-03	-6.673905e-02
1.010000e+01	-3.019455e-02	1.856368e-02	-3.752231e-02	1.284325e-02	-6.305533e-02
1.015000e+01	-2.609337e-02	2.250090e-02	-3.627321e-02	2.056245e-02	-5.995302e-02
1.020000e+01	-2.102724e-02	2.646445e-02	-2.864216e-02	2.790460e-02	-5.627427e-02
1.025000e+01	-1.608248e-02	2.965201e-02	-1.967101e-02	3.498477e-02	-5.867838e-02
1.030000e+01	-1.188228e-02	3.113865e-02	-1.185052e-02	3.691769e-02	-5.796787e-02
1.035000e+01	-8.472201e-03	3.036657e-02	-7.531935e-03	4.248906e-02	-5.353324e-02
1.040000e+01	-5.425350e-03	2.736177e-02	-3.849970e-03	4.588642e-02	-5.018493e-02
1.045000e+01	-2.114079e-03	2.267544e-02	5.094798e-04	4.308177e-02	-4.699242e-02
1.050000e+01	1.963348e-03	1.718205e-02	5.327242e-03	3.666556e-02	-4.094673e-02
1.055000e+01	6.926592e-03	1.195553e-02	9.238312e-03	3.438422e-02	-3.144924e-02
1.060000e+01	1.241977e-02	8.576697e-03	1.299917e-02	3.907097e-02	-2.043820e-02
1.065000e+01	1.770702e-02	8.993405e-03	1.644065e-02	4.654069e-02	-8.775018e-03
1.070000e+01	2.191140e-02	1.230812e-02	1.872640e-02	5.188527e-02	-2.238241e-03
1.075000e+01	2.430110e-02	1.645070e-02	1.988600e-02	5.751821e-02	-2.521273e-03
1.080000e+01	2.451568e-02	2.046256e-02	2.200039e-02	6.035683e-02	-8.465337e-03
1.085000e+01	2.265480e-02	2.379438e-02	2.319321e-02	5.867377e-02	-1.607593e-02
1.090000e+01	1.920875e-02	2.597842e-02	2.035444e-02	5.769733e-02	-2.237742e-02
1.095000e+01	1.486971e-02	2.664314e-02	1.513804e-02	5.618711e-02	-2.714726e-02
1.100000e+01	1.030351e-02	2.560886e-02	9.432442e-03	5.637216e-02	-2.813983e-02
1.105000e+01	5.972158e-03	2.300019e-02	3.313336e-03	5.179670e-02	-3.068900e-02
1.110000e+01	2.028024e-03	1.909817e-02	-2.321061e-03	4.527772e-02	-3.104155e-02
1.115000e+01	-1.593489e-03	1.449108e-02	-5.206853e-03	3.648130e-02	-2.868862e-02
1.120000e+01	-5.062580e-03	9.996390e-03	-6.864936e-03	2.475757e-02	-2.719423e-02
1.125000e+01	-8.502581e-03	6.880618e-03	-9.237687e-03	1.482076e-02	-2.632890e-02
1.130000e+01	-1.188063e-02	6.727687e-03	-1.148719e-02	7.295339e-03	-3.246577e-02
1.135000e+01	-1.498210e-02	8.834455e-03	-1.388249e-02	5.380718e-03	-4.309297e-02
1.140000e+01	-1.747106e-02	1.151364e-02	-1.601467e-02	6.512544e-03	-4.960171e-02
1.145000e+01	-1.900369e-02	1.421819e-02	-1.854695e-02	9.499229e-03	-5.088529e-02
1.150000e+01	-1.934324e-02	1.678287e-02	-2.084106e-02	1.239682e-02	-4.733694e-02
1.155000e+01	-1.842969e-02	1.894938e-02	-2.449314e-02	1.748848e-02	-4.669008e-02
1.160000e+01	-1.638101e-02	2.032856e-02	-2.051386e-02	2.093754e-02	-4.699043e-02
1.165000e+01	-1.343397e-02	2.054985e-02	-1.412382e-02	2.155714e-02	-4.941420e-02
1.170000e+01	-9.857324e-03	1.942278e-02	-7.880940e-03	2.132160e-02	-4.796118e-02
1.175000e+01	-5.878573e-03	1.702291e-02	-2.145428e-03	2.099920e-02	-4.167498e-02
1.180000e+01	-1.655643e-03	1.369880e-02	1.867219e-03	2.268399e-02	-3.686365e-02
1.185000e+01	2.698674e-03	1.006574e-02	4.783083e-03	2.548391e-02	-3.076956e-02
1.190000e+01	7.056904e-03	7.132846e-03	7.949044e-03	2.512639e-02	-2.304563e-02
1.195000e+01	1.121579e-02	6.357040e-03	1.081217e-02	3.347698e-02	-1.387433e-02
1.200000e+01	1.486898e-02	7.790724e-03	1.369495e-02	4.036544e-02	-4.391555e-03
1.205000e+01	1.766356e-02	9.870981e-03	1.567115e-02	4.452694e-02	-6.325837e-03
1.210000e+01	1.917442e-02	1.171726e-02	1.685420e-02	4.566672e-02	-8.142998e-03
1.215000e+01	1.913575e-02	1.312483e-02	1.685927e-02	4.589000e-02	-8.703351e-03
1.220000e+01	1.748790e-02	1.404804e-02	1.618130e-02	4.534805e-02	-9.624518e-03
1.225000e+01	1.441530e-02	1.441012e-02	1.488317e-02	4.312078e-02	-1.462414e-02
1.230000e+01	1.031912e-02	1.412234e-02	1.077551e-02	4.023063e-02	-1.847856e-02
1.235000e+01	5.732367e-03	1.320209e-02	5.650663e-03	3.649489e-02	-2.056834e-02
1.240000e+01	1.204903e-03	1.184244e-02	1.044801e-04	3.014092e-02	-2.243919e-02
1.245000e+01	-2.806631e-03	1.033160e-02	-3.168789e-03	2.450954e-02	-2.451618e-02
1.250000e+01	-6.012910e-03	8.858284e-03	-6.207064e-03	1.851839e-02	-2.912327e-02
1.255000e+01	-8.313811e-03	7.427788e-03	-8.540438e-03	1.247228e-02	-3.047851e-02
1.260000e+01	-9.769856e-03	6.103240e-03	-9.636218e-03	7.546907e-03	-2.936197e-02
1.265000e+01	-1.054009e-02	5.390848e-03	-1.055042e-02	8.207327e-03	-2.809133e-02
1.270000e+01	-1.081035e-02	5.920170e-03	-1.086860e-02	1.049617e-02	-2.813992e-02
1.275000e+01	-1.073407e-02	7.343902e-03	-1.140715e-02	1.164173e-02	-3.572776e-02
1.280000e+01	-1.039917e-02	8.906783e-03	-1.240390e-02	1.256435e-02	-3.716374e-02
1.285000e+01	-9.823613e-03	1.030631e-02	-1.275023e-02	1.448200e-02	-3.136785e-02
1.290000e+01	-8.973617e-03	1.157620e-02	-1.094539e-02	1.680606e-02	-3.101868e-02
1.295000e+01	-7.793784e-03	1.269738e-02	-6.878176e-03	1.861658e-02	-3.251286e-02
1.300000e+01	-6.238881e-03	1.338221e-02	-5.333543e-03	2.029899e-02	-3.511201e-02
1.305000e+01	-4.282154e-03	1.323190e-02	-3.560637e-03	3.110461e-02	-3.505149e-02
1.310000e+01	-1.988994e-03	1.197109e-02	-1.062868e-03	3.573182e-02	-3.087999e-02
1.315000e+01	5.351813e-04	9.698031e-03	1.113686e-03	3.396441e-02	-2.530662e-02
1.320000e+01	3.135855e-03	6.967375e-03	3.428622e-03	2.731503e-02	-2.180212e-02
1.325000e+01	5.620076e-03	4.961902e-03	5.671014e-03	2.562015e-02	-1.626879e-02
1.330000e+01	7.777527e-03	5.107473e-03	7.659405e-03	2.959874e-02	-9.296668e-03
1.335000e+01	9.411379e-03	6.605629e-03	8.820003e-03	3.062177e-02	-8.179663e-03
1.340000e+01	1.037323e-02	7.977504e-03	9.023065e-03	3.251085e-02	-8.132334e-03
1.345000e+01	1.059190e-02	8.735629e-03	8.877732e-03	3.630928e-02	-7.185298e-03
1.350000e+01	1.008531e-02	8.873130e-03	8.058084e-03	3.620484e-02	-9.385161e-03
1.355000e+01	8.949290e-03	8.581348e-03	7.325521e-03	3.492541e-02	-1.131652e-02
1.360000e+01	7.326305e-03	8.122300e-03	6.565660e-03	3.083068e-02	-1.414699e-02
1.365000e+01	5.365717e-03	7.674379e-03	5.441126e-03	2.577697e-02	-1.663692e-02
1.370000e+01	3.192360e-03	7.195193e-03	3.262402e-03	2.580351e-02	-1.743172e-02
1.375000e+01	8.971726e-04	6.494595e-03	7.973469e-04	2.331342e-02	-1.779925e-02
1.380000e+01	-1.446084e-03	5.508480e-03	-1.841982e-03	1.830235e-02	-1.819731e-02
1.385000e+01	-3.747005e-03	4.549484e-03	-3.882497e-03	1.162914e-02	-1.626106e-02
1.390000e+01	-5.866676e-03	4.235497e-03	-5.945415e-03	1.005760e-02	-1.839105e-02
1.395000e+01	-7.608765e-03	4.653466e-03	-7.802596e-03	1.318638e-02	-2.035162e-02
1.400000e+01	-8.746387e-03	5.115867e-03	-9.011195e-03	1.476960e-02	-2.302751e-02
1.405000e+01	-9.106051e-03	5.145547e-03	-9.392460e-03	1.239152e-02	-2.382484e-02
1.410000e+01	-8.597525e-03	4.793659e-03	-8.631402e-03	6.953323e-03	-2.218756e-02
1.415000e+01	-7.265592e-03	4.501248e-03	-7.441318e-03	8.285165e-03	-2.038418e-02
1.420000e+01	-5.317144e-03	4.608198e-03	-5.466849e-03	8.966240e-03	-1.888340e-02
1.425000e+01	-3.091651e-03	4.933113e-03	-2.968486e-03	1.000224e-02	-2.256793e-02
1.430000e+01	-9.811461e-04	5.155319e-03	-7.502952e-04	1.208857e-02	-2.151709e-02
1.435000e+01	6.783524e-04	5.273461e-03	1.028341e-03	1.403385e-02	-1.618792e-02
1.440000e+01	1.707253e-03	5.511238e-03	2.141504e-03	1.803033e-02	-1.518505e-02
1.445000e+01	2.136355e-03	5.900954e-03	2.441579e-03	1.997734e-02	-1.530545e-02
1.450000e+01	2.189986e-03	6.136941e-03	2.117517e-03	1.911016e-02	-1.550667e-02
1.455000e+01	2.198991e-03	5.882926e-03	1.721198e-03	1.691361e-02	-1.386687e-02
1.460000e+01	2.471324e-03	5.083388e-03	2.111999e-03	1.719290e-02	-1.173468e-02
1.465000e+01	3.166181e-03	4.136636e-03	3.248984e-03	1.683120e-02	-9.284889e-03
1.470000e+01	4.219184e-03	3.881284e-03	4.233703e-03	2.087742e-02	-6.986475e-03
1.475000e+01	5.349345e-03	4.619081e-03	4.818132e-03	2.264342e-02	-6.261016e-03
1.480000e+01	6.149121e-03	5.577191e-03	5.265744e-03	2.395334e-02	-8.452879e-03
1.485000e+01	6.227635e-03	6.093889e-03	5.276836e-03	2.587659e-02	-9.091951e-03
1.490000e+01	5.356252e-03	5.947015e-03	4.289553e-03	2.437423e-02	-8.953405e-03
1.495000e+01	3.563409e-03	5.229871e-03	2.688686e-03	2.282379e-02	-8.190415e-03
1.500000e+01	1.143261e-03	4.261521e-03	5.640397e-04	1.957222e-02	-8.545996e-03
1.505000e+01	-1.442994e-03	3.498653e-03	-1.717577e-03	1.370272e-02	-1.159739e-02
1.510000e+01	-3.690691e-03	3.236960e-03	-3.698255e-03	9.253255e-03	-1.487417e-02
1.515000e+01	-5.177525e-03	3.318097e-03	-5.143318e-03	6.475503e-03	-1.659222e-02
1.520000e+01	-5.697953e-03	3.372587e-03	-5.764873e-03	6.245372e-03	-1.638043e-02
1.525000e+01	-5.306120e-03	3.266694e-03	-5.311228e-03	7.916673e-03	-1.862373e-02
1.530000e+01	-4.272920e-03	3.130293e-03	-4.220176e-03	8.357615e-03	-1.779333e-02
1.535000e+01	-2.977182e-03	3.165497e-03	-2.920755e-03	8.432242e-03	-1.610822e-02
1.540000e+01	-1.773442e-03	3.396366e-03	-1.827518e-03	1.217712e-02	-1.323667e-02
1.545000e+01	-8.846159e-04	3.655794e-03	-1.085896e-03	1.348435e-02	-1.185391e-02
1.550000e+01	-3.555162e-04	3.789437e-03	-5.619323e-04	1.316108e-02	-1.137996e-02
1.555000e+01	-7.795397e-05	3.760885e-03	-2.772013e-04	1.325807e-02	-1.071658e-02
1.560000e+01	1.296564e-04	3.629746e-03	4.243896e-05	1.262756e-02	-1.140220e-02
1.565000e+01	4.249233e-04	3.479694e-03	4.010211e-04	1.245720e-02	-1.195470e-02
1.570000e+01	8.672862e-04	3.346218e-03	8.438707e-04	1.456269e-02	-1.150463e-02
1.575000e+01	1.395773e-03	3.198574e-03	1.403655e-03	1.536497e-02	-1.016960e-02
1.580000e+01	1.864401e-03	3.001052e-03	1.867849e-03	1.421891e-02	-8.314863e-03
1.585000e+01	2.116589e-03	2.811924e-03	2.065071e-03	1.098904e-02	-6.499049e-03
1.590000e+01	2.064123e-03	2.824060e-03	1.948691e-03	1.033359e-02	-6.438663e-03
1.595000e+01	1.735169e-03	3.183388e-03	1.746780e-03	9.951028e-03	-8.522134e-03
1.600000e+01	1.269437e-03	3.744760e-03	1.560746e-03	1.068485e-02	-1.084296e-02
1.605000e+01	8.663721e-04	4.212360e-03	1.376941e-03	1.186447e-02	-1.294024e-02
1.610000e+01	6.857491e-04	4.341692e-03	1.290395e-03	1.199821e-02	-1.397927e-02
1.615000e+01	7.835129e-04	4.074857e-03	1.291735e-03	1.124491e-02	-1.421683e-02
1.620000e+01	1.068487e-03	3.573905e-03	1.340458e-03	1.170236e-02	-1.364160e-02
1.625000e+01	1.323347e-03	3.171893e-03	1.355342e-03	1.242592e-02	-1.114533e-02
1.630000e+01	1.281084e-03	3.084303e-03	1.168863e-03	1.200090e-02	-1.107265e-02
1.635000e+01	7.310896e-04	3.115208e-03	5.143391e-04	1.150603e-02	-1.119219e-02
1.640000e+01	-3.840299e-04	2.955121e-03	-5.534342e-04	1.045698e-02	-1.033266e-02
1.645000e+01	-1.918463e-03	2.589471e-03	-1.973087e-03	8.898515e-03	-1.052497e-02
1.650000e+01	-3.542250e-03	2.377819e-03	-3.482867e-03	5.244004e-03	-1.186557e-02
1.655000e+01	-4.827560e-03	2.617888e-03	-4.784157e-03	3.212848e-03	-1.335035e-02
1.660000e+01	-5.376287e-03	2.989251e-03	-5.303973e-03	3.781718e-03	-1.569005e-02
1.665000e+01	-4.947607e-03	3.089640e-03	-4.830744e-03	4.352527e-03	-1.572427e-02
1.670000e+01	-3.542887e-03	2.979961e-03	-3.576335e-03	6.525378e-03	-1.583153e-02
1.675000e+01	-1.418716e-03	3.245787e-03	-1.664327e-03	9.058289e-03	-1.296738e-02
1.680000e+01	9.776392e-04	4.209882e-03	3.835814e-04	1.427850e-02	-9.047496e-03
1.685000e+01	3.130692e-03	5.344918e-03	2.076352e-03	1.858822e-02	-9.100208e-03
1.690000e+01	4.598698e-03	6.014351e-03	3.270246e-03	2.024040e-02	-8.504149e-03
1.695000e+01	5.130967e-03	5.868565e-03	4.036675e-03	1.849024e-02	-8.030301e-03
1.700000e+01	4.725165e-03	4.911041e-03	4.006117e-03	1.885234e-02	-7.939023e-03
1.705000e+01	3.615628e-03	3.554068e-03	3.150178e-03	1.727554e-02	-6.246570e-03
1.710000e+01	2.174639e-03	2.783889e-03	2.186058e-03	1.375572e-02	-7.165324e-03
1.715000e+01	7.974702e-04	3.307187e-03	1.284735e-03	9.260209e-03	-1.028362e-02
1.720000e+01	-2.101224e-04	4.143717e-03	2.927716e-04	9.990223e-03	-1.161378e-02
1.725000e+01	-7.091690e-04	4.517833e-03	-2.822185e-04	1.188824e-02	-1.207420e-02
1.730000e+01	-7.453121e-04	4.332827e-03	-3.303625e-04	1.243443e-02	-1.274084e-02
1.735000e+01	-5.065320e-04	3.838398e-03	1.910249e-05	1.150640e-02	-1.215685e-02
1.740000e+01	-2.397267e-04	3.391565e-03	2.328776e-04	8.937281e-03	-1.074549e-02
1.745000e+01	-1.572942e-04	3.177910e-03	1.880784e-04	1.034948e-02	-1.034186e-02
1.750000e+01	-3.658883e-04	3.097412e-03	-1.029263e-04	1.017855e-02	-1.125400e-02
1.755000e+01	-8.395922e-04	3.004224e-03	-6.049578e-04	8.738659e-03	-1.318048e-02
1.760000e+01	-1.442794e-03	2.883857e-03	-1.165960e-03	6.550918e-03	-1.405009e-02
1.765000e+01	-1.990263e-03	2.772516e-03	-1.745763e-03	6.031958e-03	-1.326292e-02
1.770000e+01	-2.319593e-03	2.648025e-03	-2.105310e-03	5.241543e-03	-1.258634e-02
1.775000e+01	-2.348377e-03	2.467997e-03	-2.149626e-03	4.805646e-03	-1.152348e-02
1.780000e+01	-2.095875e-03	2.273058e-03	-1.980798e-03	5.231993e-03	-1.101160e-02
1.785000e+01	-1.663433e-03	2.186588e-03	-1.635700e-03	7.444856e-03	-9.744589e-03
1.790000e+01	-1.183921e-03	2.273206e-03	-1.283862e-03	8.592458e-03	-7.965910e-03
1.795000e+01	-7.621318e-04	2.458262e-03	-9.277645e-04	8.645920e-03	-9.286743e-03
1.800000e+01	-4.309398e-04	2.645778e-03	-5.792198e-04	8.618663e-03	-9.535889e-03
1.805000e+01	-1.311582e-04	2.816747e-03	-3.031570e-04	9.569689e-03	-8.567789e-03
1.810000e+01	2.286633e-04	2.981818e-03	4.673087e-05	9.106093e-03	-8.600463e-03
1.815000e+01	7.451306e-04	3.172850e-03	5.972988e-04	9.915092e-03	-8.873213e-03
1.820000e+01	1.455991e-03	3.425026e-03	1.348293e-03	1.120298e-02	-7.984332e-03
1.825000e+01	2.301467e-03	3.738756e-03	2.115333e-03	1.317801e-02	-7.526628e-03
1.830000e+01	3.122837e-03	4.020871e-03	2.783558e-03	1.397685e-02	-6.848840e-03
1.835000e+01	3.702346e-03	4.094771e-03	3.086773e-03	1.442433e-02	-5.567255e-03
1.840000e+01	3.832613e-03	3.802209e-03	3.211338e-03	1.612488e-02	-5.693580e-03
1.845000e+01	3.391623e-03	3.148915e-03	2.948577e-03	1.574219e-02	-5.673477e-03
1.850000e+01	2.395870e-03	2.515034e-03	2.255944e-03	1.294954e-02	-6.047698e-03
1.855000e+01	1.010802e-03	2.705674e-03	1.345226e-03	8.174184e-03	-9.022563e-03
1.860000e+01	-4.877900e-04	3.709439e-03	1.888071e-04	7.531055e-03	-1.258250e-02
1.865000e+01	-1.790447e-03	4.731265e-03	-9.785335e-04	7.380368e-03	-1.432808e-02
1.870000e+01	-2.644055e-03	5.289052e-03	-1.718334e-03	7.909284e-03	-1.507062e-02
1.875000e+01	-2.925188e-03	5.220242e-03	-1.989370e-03	8.079644e-03	-1.591198e-02
1.880000e+01	-2.672180e-03	4.593246e-03	-1.944555e-03	7.844623e-03	-1.433487e-02
1.885000e+01	-2.065365e-03	3.652132e-03	-1.516616e-03	7.770455e-03	-1.220225e-02
1.890000e+01	-1.362690e-03	2.750645e-03	-1.111841e-03	6.935011e-03	-1.010529e-02
1.895000e+01	-8.130385e-04	2.223262e-03	-7.658802e-04	6.451975e-03	-9.120077e-03
1.900000e+01	-5.767136e-04	2.102182e-03	-5.753818e-04	7.377073e-03	-8.276196e-03
1.905000e+01	-6.826618e-04	2.106391e-03	-7.945152e-04	6.634333e-03	-7.099708e-03
1.910000e+01	-1.024073e-03	2.060763e-03	-1.230098e-03	6.641783e-03	-7.493967e-03
1.915000e+01	-1.400808e-03	1.994707e-03	-1.559924e-03	5.738817e-03	-7.395935e-03
1.920000e+01	-1.595767e-03	1.992034e-03	-1.718532e-03	6.244125e-03	-7.627448e-03
1.925000e+01	-1.450856e-03	2.080038e-03	-1.505736e-03	6.828489e-03	-7.634672e-03
1.930000e+01	-9.188316e-04	2.245042e-03	-9.665238e-04	7.434481e-03	-8.493264e-03
1.935000e+01	-7.504890e-05	2.483646e-03	-1.659065e-04	7.766304e-03	-8.416355e-03
1.940000e+01	9.119749e-04	2.783252e-03	7.666160e-04	8.648233e-03	-6.975206e-03
1.945000e+01	1.837978e-03	3.083362e-03	1.639142e-03	9.890576e-03	-5.366375e-03
1.950000e+01	2.526491e-03	3.290406e-03	2.449524e-03	1.037866e-02	-5.193566e-03
1.955000e+01	2.876407e-03	3.326078e-03	2.738643e-03	1.091463e-02	-5.804149e-03
1.960000e+01	2.879121e-03	3.164880e-03	2.720207e-03	1.079330e-02	-6.324736e-03
1.965000e+01	2.603043e-03	2.847409e-03	2.232665e-03	1.083879e-02	-5.832432e-03
1.970000e+01	2.155192e-03	2.473193e-03	1.778660e-03	9.942367e-03	-4.393553e-03
1.975000e+01	1.636939e-03	2.174753e-03	1.397837e-03	8.411604e-03	-4.871342e-03
1.980000e+01	1.111273e-03	2.062841e-03	1.085457e-03	7.611895e-03	-6.298354e-03
1.985000e+01	5.927434e-04	2.161497e-03	8.313072e-04	6.430073e-03	-7.506595e-03
1.990000e+01	6.125411e-05	2.420281e-03	4.561128e-04	5.424710e-03	-8.408607e-03
1.995000e+01	-5.087143e-04	2.780985e-03	-1.384731e-05	5.867229e-03	-8.948344e-03
2.000000e+01	-1.117543e-03	3.189965e-03	-4.634507e-04	5.591190e-03	-1.005595e-02
