# 		k		<chi>		std
0.00000e+00 6.12267e-02 3.71265e-01
5.00000e-02 5.55742e-02 3.74745e-01
1.00000e-01 4.47777e-02 3.72027e-01
1.50000e-01 1.14615e-02 3.63289e-01
2.00000e-01 -2.30178e-02 3.53950e-01
2.50000e-01 -8.20279e-02 3.37153e-01
3.00000e-01 -1.42461e-01 3.19330e-01
3.50000e-01 -2.25773e-01 2.93649e-01
4.00000e-01 -3.07339e-01 2.67393e-01
4.50000e-01 -4.02848e-01 2.34720e-01
5.00000e-01 -4.88439e-01 2.02874e-01
5.50000e-01 -5.71983e-01 1.67083e-01
6.00000e-01 -6.33913e-01 1.33894e-01
6.50000e-01 -6.75021e-01 1.00143e-01
7.00000e-01 -6.84439e-01 7.43043e-02
7.50000e-01 -6.59273e-01 6.44062e-02
8.00000e-01 -6.01172e-01 7.95074e-02
8.50000e-01 -5.07908e-01 1.10497e-01
9.00000e-01 -3.94261e-01 1.43926e-01
9.50000e-01 -2.61781e-01 1.75071e-01
1.00000e+00 -1.33133e-01 1.98219e-01
1.05000e+00 -1.25503e-02 2.10044e-01
1.10000e+00 7.94970e-02 2.08924e-01
1.15000e+00 1.40368e-01 1.93305e-01
1.20000e+00 1.62012e-01 1.65957e-01
1.25000e+00 1.47724e-01 1.29004e-01
1.30000e+00 1.05596e-01 8.78026e-02
1.35000e+00 4.48884e-02 4.79774e-02
1.40000e+00 -1.64638e-02 2.44239e-02
1.45000e+00 -6.87592e-02 4.06394e-02
1.50000e+00 -9.74430e-02 6.37627e-02
1.55000e+00 -9.97661e-02 8.17826e-02
1.60000e+00 -7.51212e-02 9.21269e-02
1.65000e+00 -3.02216e-02 9.61002e-02
1.70000e+00 2.26424e-02 9.14572e-02
1.75000e+00 7.36793e-02 7.99736e-02
1.80000e+00 1.09730e-01 6.04083e-02
1.85000e+00 1.27986e-01 3.57403e-02
1.90000e+00 1.25292e-01 1.39805e-02
1.95000e+00 1.08513e-01 2.91348e-02
2.00000e+00 8.31822e-02 5.17800e-02
2.05000e+00 5.91498e-02 6.91334e-02
2.10000e+00 4.00173e-02 7.29987e-02
2.15000e+00 2.86514e-02 6.37868e-02
2.20000e+00 2.36339e-02 4.60916e-02
2.25000e+00 1.56845e-02 2.56856e-02
2.30000e+00 1.00898e-02 7.92597e-03
2.35000e+00 6.33043e-03 7.58522e-03
2.40000e+00 3.45151e-03 1.26685e-02
2.45000e+00 3.00283e-03 1.42835e-02
2.50000e+00 2.47754e-03 1.26680e-02
2.55000e+00 1.56898e-03 9.12613e-03
2.60000e+00 2.76343e-04 5.42581e-03
2.65000e+00 -2.72420e-03 4.12357e-03
2.70000e+00 -5.75931e-03 5.48212e-03
2.75000e+00 -8.32505e-03 7.19703e-03
2.80000e+00 -1.00042e-02 8.15125e-03
2.85000e+00 -1.15126e-02 8.34722e-03
2.90000e+00 -1.11459e-02 8.06403e-03
2.95000e+00 -9.00130e-03 7.77585e-03
3.00000e+00 -5.52516e-03 7.88248e-03
3.05000e+00 -1.37868e-03 8.09243e-03
3.10000e+00 2.73686e-03 8.84231e-03
3.15000e+00 5.94386e-03 9.58000e-03
3.20000e+00 7.64466e-03 9.54083e-03
3.25000e+00 7.38162e-03 7.84259e-03
3.30000e+00 5.84122e-03 4.78562e-03
3.35000e+00 3.62273e-03 2.89148e-03
3.40000e+00 1.38577e-03 7.11877e-03
3.45000e+00 -4.48774e-04 1.24879e-02
3.50000e+00 -1.18987e-03 1.63092e-02
3.55000e+00 -8.51062e-04 1.75226e-02
3.60000e+00 2.43396e-04 1.57760e-02
3.65000e+00 1.60496e-03 1.13450e-02
3.70000e+00 2.76250e-03 5.20340e-03
3.75000e+00 3.30985e-03 2.58275e-03
3.80000e+00 3.03554e-03 7.62519e-03
3.85000e+00 1.75954e-03 1.10434e-02
3.90000e+00 -1.38737e-04 1.18575e-02
3.95000e+00 -2.28098e-03 1.03018e-02
4.00000e+00 -4.24177e-03 7.26412e-03
4.05000e+00 -6.12520e-03 3.86546e-03
4.10000e+00 -7.15635e-03 2.23914e-03
4.15000e+00 -7.27851e-03 3.05318e-03
4.20000e+00 -6.60922e-03 3.73870e-03
4.25000e+00 -5.35374e-03 3.60179e-03
4.30000e+00 -3.64505e-03 3.29126e-03
4.35000e+00 -1.91166e-03 3.48226e-03
4.40000e+00 -4.00300e-04 4.54086e-03
4.45000e+00 8.29376e-04 6.18588e-03
4.50000e+00 1.69613e-03 8.30249e-03
4.55000e+00 2.35595e-03 1.03570e-02
4.60000e+00 3.04352e-03 1.18555e-02
4.65000e+00 3.92173e-03 1.24919e-02
4.70000e+00 5.08017e-03 1.22646e-02
4.75000e+00 6.34089e-03 1.13206e-02
4.80000e+00 7.30971e-03 9.87644e-03
4.85000e+00 7.63061e-03 8.06995e-03
4.90000e+00 6.86658e-03 5.96170e-03
4.95000e+00 4.88547e-03 3.79543e-03
5.00000e+00 1.93451e-03 3.73015e-03
5.05000e+00 -1.27141e-03 7.44105e-03
5.10000e+00 -4.01573e-03 1.26763e-02
5.15000e+00 -5.52489e-03 1.82881e-02
5.20000e+00 -5.32272e-03 2.33840e-02
5.25000e+00 -3.38218e-03 2.70369e-02
5.30000e+00 -3.64232e-04 2.85671e-02
5.35000e+00 2.75498e-03 2.76457e-02
5.40000e+00 4.88968e-03 2.43797e-02
5.45000e+00 5.20987e-03 1.91739e-02
5.50000e+00 3.38654e-03 1.30410e-02
5.55000e+00 -2.37083e-04 7.46508e-03
5.60000e+00 -4.74592e-03 6.18407e-03
5.65000e+00 -8.89840e-03 9.83316e-03
5.70000e+00 -1.15749e-02 1.38303e-02
5.75000e+00 -1.20640e-02 1.67292e-02
5.80000e+00 -1.02946e-02 1.81780e-02
5.85000e+00 -6.84840e-03 1.81291e-02
5.90000e+00 -2.77899e-03 1.68322e-02
5.95000e+00 7.69559e-04 1.47821e-02
6.00000e+00 2.89210e-03 1.26871e-02
6.05000e+00 3.22876e-03 1.12242e-02
6.10000e+00 1.89050e-03 1.11012e-02
6.15000e+00 -4.54723e-04 1.28087e-02
6.20000e+00 -2.89286e-03 1.64362e-02
6.25000e+00 -4.56030e-03 2.12341e-02
6.30000e+00 -4.89734e-03 2.57514e-02
6.35000e+00 -3.78269e-03 2.82984e-02
6.40000e+00 -1.51860e-03 2.74274e-02
6.45000e+00 1.31276e-03 2.23745e-02
6.50000e+00 4.06164e-03 1.35145e-02
6.55000e+00 6.21487e-03 6.14399e-03
6.60000e+00 7.48844e-03 1.64521e-02
6.65000e+00 7.92094e-03 2.99939e-02
6.70000e+00 7.78363e-03 4.17812e-02
6.75000e+00 7.44693e-03 5.03090e-02
6.80000e+00 7.22990e-03 5.49055e-02
6.85000e+00 7.28310e-03 5.54932e-02
6.90000e+00 7.53985e-03 5.23651e-02
6.95000e+00 7.74623e-03 4.59626e-02
7.00000e+00 7.55549e-03 3.67611e-02
7.05000e+00 6.60574e-03 2.53097e-02
7.10000e+00 4.79279e-03 1.40315e-02
7.15000e+00 2.16671e-03 1.37497e-02
7.20000e+00 -9.97872e-04 2.59603e-02
7.25000e+00 -4.26472e-03 3.89493e-02
7.30000e+00 -7.15645e-03 4.89478e-02
7.35000e+00 -9.29812e-03 5.41681e-02
7.40000e+00 -1.05388e-02 5.39119e-02
7.45000e+00 -1.10078e-02 4.86507e-02
7.50000e+00 -1.10792e-02 3.99373e-02
7.55000e+00 -1.12737e-02 2.99534e-02
7.60000e+00 -1.19383e-02 2.11570e-02
7.65000e+00 -1.32041e-02 1.51581e-02
7.70000e+00 -1.48114e-02 1.19867e-02
7.75000e+00 -1.61003e-02 1.03357e-02
7.80000e+00 -1.61429e-02 9.04790e-03
7.85000e+00 -1.39992e-02 7.58571e-03
7.90000e+00 -9.03042e-03 6.86206e-03
7.95000e+00 -1.17957e-03 1.05249e-02
8.00000e+00 8.87817e-03 1.86746e-02
8.05000e+00 1.97370e-02 2.88070e-02
8.10000e+00 2.96077e-02 3.88597e-02
8.15000e+00 3.66497e-02 4.70071e-02
8.20000e+00 3.94357e-02 5.18596e-02
8.25000e+00 3.73141e-02 5.26547e-02
8.30000e+00 3.05825e-02 4.92924e-02
8.35000e+00 2.04209e-02 4.22304e-02
8.40000e+00 8.60430e-03 3.23385e-02
8.45000e+00 -2.91947e-03 2.09141e-02
8.50000e+00 -1.24658e-02 1.10193e-02
8.55000e+00 -1.89453e-02 1.29601e-02
8.60000e+00 -2.19597e-02 2.32814e-02
8.65000e+00 -2.19127e-02 3.33652e-02
8.70000e+00 -1.97282e-02 4.12446e-02
8.75000e+00 -1.65289e-02 4.61503e-02
8.80000e+00 -1.33315e-02 4.77838e-02
8.85000e+00 -1.08449e-02 4.62599e-02
8.90000e+00 -9.39905e-03 4.20790e-02
8.95000e+00 -8.98242e-03 3.60250e-02
9.00000e+00 -9.33172e-03 2.89933e-02
9.05000e+00 -1.00056e-02 2.17789e-02
9.10000e+00 -1.04660e-02 1.50338e-02
9.15000e+00 -1.01955e-02 9.58141e-03
9.20000e+00 -8.74397e-03 7.65689e-03
9.25000e+00 -5.78767e-03 1.10283e-02
9.30000e+00 -1.20310e-03 1.69787e-02
9.35000e+00 4.84846e-03 2.37674e-02
9.40000e+00 1.18585e-02 3.05027e-02
9.45000e+00 1.89753e-02 3.62840e-02
9.50000e+00 2.51087e-02 4.02060e-02
9.55000e+00 2.91674e-02 4.15977e-02
9.60000e+00 3.02165e-02 4.00963e-02
9.65000e+00 2.78395e-02 3.58467e-02
9.70000e+00 2.22492e-02 2.94142e-02
9.75000e+00 1.42832e-02 2.16818e-02
9.80000e+00 5.22922e-03 1.38671e-02
9.85000e+00 -3.47713e-03 8.46267e-03
9.90000e+00 -1.05959e-02 9.97590e-03
9.95000e+00 -1.53663e-02 1.54530e-02
1.00000e+01 -1.76430e-02 2.10443e-02
1.00500e+01 -1.78934e-02 2.58647e-02
1.01000e+01 -1.68522e-02 2.95407e-02
1.01500e+01 -1.53685e-02 3.18867e-02
1.02000e+01 -1.40799e-02 3.27762e-02
1.02500e+01 -1.32364e-02 3.21618e-02
1.03000e+01 -1.26771e-02 3.00951e-02
1.03500e+01 -1.19524e-02 2.67201e-02
1.04000e+01 -1.05378e-02 2.22527e-02
1.04500e+01 -8.05669e-03 1.69912e-02
1.05000e+01 -4.43561e-03 1.14933e-02
1.05500e+01 5.41104e-05 7.57862e-03
1.06000e+01 4.87174e-03 9.29291e-03
1.06500e+01 9.36243e-03 1.49147e-02
1.07000e+01 1.29331e-02 2.10479e-02
1.07500e+01 1.51908e-02 2.63910e-02
1.08000e+01 1.60064e-02 3.02073e-02
1.08500e+01 1.54975e-02 3.20230e-02
1.09000e+01 1.39515e-02 3.16560e-02
1.09500e+01 1.17263e-02 2.92502e-02
1.10000e+01 9.16191e-03 2.52373e-02
1.10500e+01 6.54053e-03 2.02559e-02
1.11000e+01 4.01005e-03 1.48883e-02
1.11500e+01 1.67488e-03 9.85513e-03
1.12000e+01 -4.17740e-04 6.67767e-03
1.12500e+01 -2.26690e-03 7.93414e-03
1.13000e+01 -3.91147e-03 1.20505e-02
1.13500e+01 -5.42002e-03 1.65846e-02
1.14000e+01 -6.86838e-03 2.05889e-02
1.14500e+01 -8.30292e-03 2.35569e-02
1.15000e+01 -9.69841e-03 2.51687e-02
1.15500e+01 -1.09281e-02 2.52715e-02
1.16000e+01 -1.17649e-02 2.38827e-02
1.16500e+01 -1.19236e-02 2.11809e-02
1.17000e+01 -1.11388e-02 1.74891e-02
1.17500e+01 -9.25799e-03 1.32650e-02
1.18000e+01 -6.31691e-03 9.16890e-03
1.18500e+01 -2.57022e-03 6.42524e-03
1.19000e+01 1.53954e-03 6.72868e-03
1.19500e+01 5.46895e-03 9.24463e-03
1.20000e+01 8.69267e-03 1.22096e-02
1.20500e+01 1.08413e-02 1.50059e-02
1.21000e+01 1.16978e-02 1.73324e-02
1.21500e+01 1.13162e-02 1.89639e-02
1.22000e+01 9.95099e-03 1.96420e-02
1.22500e+01 7.96755e-03 1.91426e-02
1.23000e+01 5.74049e-03 1.73856e-02
1.23500e+01 3.57135e-03 1.45180e-02
1.24000e+01 1.64763e-03 1.09518e-02
1.24500e+01 4.54901e-05 7.42061e-03
1.25000e+01 -1.23752e-03 5.25476e-03
1.25500e+01 -2.24102e-03 5.74013e-03
1.26000e+01 -3.01075e-03 7.53793e-03
1.26500e+01 -3.58613e-03 9.20462e-03
1.27000e+01 -4.00298e-03 1.04035e-02
1.27500e+01 -4.29944e-03 1.12264e-02
1.28000e+01 -4.51391e-03 1.18687e-02
1.28500e+01 -4.67061e-03 1.24447e-02
1.29000e+01 -4.75893e-03 1.28845e-02
1.29500e+01 -4.71945e-03 1.29618e-02
1.30000e+01 -4.45013e-03 1.24224e-02
1.30500e+01 -3.83024e-03 1.11292e-02
1.31000e+01 -2.80012e-03 9.13498e-03
1.31500e+01 -1.36706e-03 6.76950e-03
1.32000e+01 3.53830e-04 4.86216e-03
1.32500e+01 2.14374e-03 4.88852e-03
1.33000e+01 3.72501e-03 6.74835e-03
1.33500e+01 4.83570e-03 8.97465e-03
1.34000e+01 5.30773e-03 1.08307e-02
1.34500e+01 5.11839e-03 1.20321e-02
1.35000e+01 4.39299e-03 1.24866e-02
1.35500e+01 3.35574e-03 1.22135e-02
1.36000e+01 2.24749e-03 1.12972e-02
1.36500e+01 1.24347e-03 9.84876e-03
1.37000e+01 4.04884e-04 8.00548e-03
1.37500e+01 -3.15712e-04 6.00516e-03
1.38000e+01 -1.01859e-03 4.40460e-03
1.38500e+01 -1.77630e-03 4.19889e-03
1.39000e+01 -2.56571e-03 5.38246e-03
1.39500e+01 -3.24597e-03 6.80436e-03
1.40000e+01 -3.59666e-03 7.78020e-03
1.40500e+01 -3.39846e-03 8.10766e-03
1.41000e+01 -2.57569e-03 7.86280e-03
1.41500e+01 -1.20616e-03 7.27003e-03
1.42000e+01 4.45408e-04 6.58639e-03
1.42500e+01 1.98469e-03 5.97879e-03
1.43000e+01 3.00311e-03 5.46981e-03
1.43500e+01 3.21363e-03 5.00166e-03
1.44000e+01 2.55776e-03 4.53453e-03
1.44500e+01 1.24167e-03 4.07065e-03
1.45000e+01 -3.17233e-04 3.62877e-03
1.45500e+01 -1.61988e-03 3.28155e-03
1.46000e+01 -2.24922e-03 3.27039e-03
1.46500e+01 -2.01164e-03 3.88084e-03
1.47000e+01 -1.00570e-03 5.01586e-03
1.47500e+01 4.07747e-04 6.27079e-03
1.48000e+01 1.72538e-03 7.23675e-03
1.48500e+01 2.47033e-03 7.61170e-03
1.49000e+01 2.35184e-03 7.25179e-03
1.49500e+01 1.36066e-03 6.21519e-03
1.50000e+01 -2.31426e-04 4.80151e-03
1.50500e+01 -1.96913e-03 3.61697e-03
1.51000e+01 -3.37998e-03 3.37925e-03
1.51500e+01 -4.07580e-03 3.96029e-03
1.52000e+01 -3.88456e-03 4.53564e-03
1.52500e+01 -2.88529e-03 4.69772e-03
1.53000e+01 -1.36177e-03 4.44905e-03
1.53500e+01 3.02907e-04 4.00752e-03
1.54000e+01 1.75035e-03 3.63911e-03
1.54500e+01 2.74627e-03 3.47753e-03
1.55000e+01 3.22474e-03 3.46235e-03
1.55500e+01 3.26919e-03 3.47416e-03
1.56000e+01 3.04534e-03 3.44584e-03
1.56500e+01 2.71719e-03 3.35099e-03
1.57000e+01 2.38010e-03 3.17751e-03
1.57500e+01 2.03535e-03 2.94430e-03
1.58000e+01 1.61183e-03 2.72267e-03
1.58500e+01 1.02174e-03 2.61055e-03
1.59000e+01 2.23660e-04 2.66279e-03
1.59500e+01 -7.35075e-04 2.85202e-03
1.60000e+01 -1.71584e-03 3.09558e-03
1.60500e+01 -2.55721e-03 3.29896e-03
1.61000e+01 -3.05372e-03 3.38847e-03
1.61500e+01 -3.09778e-03 3.38483e-03
1.62000e+01 -2.71156e-03 3.41800e-03
1.62500e+01 -2.05012e-03 3.58597e-03
1.63000e+01 -1.35540e-03 3.76593e-03
1.63500e+01 -8.74506e-04 3.69702e-03
1.64000e+01 -7.69967e-04 3.26561e-03
1.64500e+01 -1.05364e-03 2.80833e-03
1.65000e+01 -1.56949e-03 3.10988e-03
1.65500e+01 -2.03469e-03 4.13673e-03
1.66000e+01 -2.12882e-03 5.03383e-03
1.66500e+01 -1.60374e-03 5.21224e-03
1.67000e+01 -3.78472e-04 4.52641e-03
1.67500e+01 1.41365e-03 3.39658e-03
1.68000e+01 3.44373e-03 3.08740e-03
1.68500e+01 5.26935e-03 4.17935e-03
1.69000e+01 6.45633e-03 5.35364e-03
1.69500e+01 6.70293e-03 5.74816e-03
1.70000e+01 5.92760e-03 5.17452e-03
1.70500e+01 4.30139e-03 3.91246e-03
1.71000e+01 2.17462e-03 2.77411e-03
1.71500e+01 -1.06527e-05 2.73364e-03
1.72000e+01 -1.84613e-03 3.32478e-03
1.72500e+01 -3.06507e-03 3.59396e-03
1.73000e+01 -3.60014e-03 3.34772e-03
1.73500e+01 -3.57526e-03 2.86099e-03
1.74000e+01 -3.23798e-03 2.55590e-03
1.74500e+01 -2.85849e-03 2.56007e-03
1.75000e+01 -2.63208e-03 2.62255e-03
1.75500e+01 -2.61853e-03 2.58362e-03
1.76000e+01 -2.73742e-03 2.52019e-03
1.76500e+01 -2.81710e-03 2.53500e-03
1.77000e+01 -2.67539e-03 2.57301e-03
1.77500e+01 -2.19936e-03 2.51596e-03
1.78000e+01 -1.39320e-03 2.35271e-03
1.78500e+01 -3.76918e-04 2.19252e-03
1.79000e+01 6.61707e-04 2.13416e-03
1.79500e+01 1.54080e-03 2.15043e-03
1.80000e+01 2.15302e-03 2.15619e-03
1.80500e+01 2.52064e-03 2.11491e-03
1.81000e+01 2.72017e-03 2.05055e-03
1.81500e+01 2.88552e-03 2.03237e-03
1.82000e+01 3.12377e-03 2.20230e-03
1.82500e+01 3.45344e-03 2.67603e-03
1.83000e+01 3.77894e-03 3.34405e-03
1.83500e+01 3.91454e-03 3.92366e-03
1.84000e+01 3.65123e-03 4.13608e-03
1.84500e+01 2.84245e-03 3.83174e-03
1.85000e+01 1.47619e-03 3.09663e-03
1.85500e+01 -2.95436e-04 2.41157e-03
1.86000e+01 -2.18292e-03 2.56992e-03
1.86500e+01 -3.83564e-03 3.38294e-03
1.87000e+01 -4.94260e-03 4.04500e-03
1.87500e+01 -5.32324e-03 4.16878e-03
1.88000e+01 -4.97728e-03 3.71964e-03
1.88500e+01 -4.07693e-03 2.91984e-03
1.89000e+01 -2.90543e-03 2.20027e-03
1.89500e+01 -1.76414e-03 1.98721e-03
1.90000e+01 -8.80719e-04 2.12717e-03
1.90500e+01 -3.52600e-04 2.17510e-03
1.91000e+01 -1.29274e-04 2.01667e-03
1.91500e+01 -4.99994e-05 1.84145e-03
1.92000e+01 8.19174e-05 1.86783e-03
1.92500e+01 4.20490e-04 2.02128e-03
1.93000e+01 1.02066e-03 2.07311e-03
1.93500e+01 1.82192e-03 1.94387e-03
1.94000e+01 2.67408e-03 1.77919e-03
1.94500e+01 3.39207e-03 1.84202e-03
1.95000e+01 3.81762e-03 2.16891e-03
1.95500e+01 3.86555e-03 2.52950e-03
1.96000e+01 3.53999e-03 2.73296e-03
1.96500e+01 2.91892e-03 2.72199e-03
1.97000e+01 2.11681e-03 2.54153e-03
1.97500e+01 1.24244e-03 2.29012e-03
1.98000e+01 3.68692e-04 2.06754e-03
1.98500e+01 -4.75674e-04 1.93081e-03
1.99000e+01 -1.29185e-03 1.88567e-03
1.99500e+01 -2.08344e-03 1.92060e-03
2.00000e+01 -2.82931e-03 2.03724e-03
