# 		k		<chi>		std
0.00000e+00 3.60296e-02 3.13762e-01
5.00000e-02 3.76650e-02 3.10773e-01
1.00000e-01 3.10502e-02 3.05873e-01
1.50000e-01 1.14901e-02 2.90455e-01
2.00000e-01 -8.28199e-03 2.74136e-01
2.50000e-01 -3.95099e-02 2.44856e-01
3.00000e-01 -6.99022e-02 2.14706e-01
3.50000e-01 -1.07141e-01 1.70899e-01
4.00000e-01 -1.43192e-01 1.26135e-01
4.50000e-01 -1.81411e-01 7.34804e-02
5.00000e-01 -2.15595e-01 4.04793e-02
5.50000e-01 -2.48906e-01 7.10165e-02
6.00000e-01 -2.74796e-01 1.21435e-01
6.50000e-01 -2.95648e-01 1.71660e-01
7.00000e-01 -3.05400e-01 2.09719e-01
7.50000e-01 -3.05152e-01 2.34967e-01
8.00000e-01 -2.91751e-01 2.42737e-01
8.50000e-01 -2.65771e-01 2.32348e-01
9.00000e-01 -2.29169e-01 2.05754e-01
9.50000e-01 -1.83649e-01 1.63884e-01
1.00000e+00 -1.36001e-01 1.14237e-01
1.05000e+00 -8.95570e-02 6.06854e-02
1.10000e+00 -5.24232e-02 2.55189e-02
1.15000e+00 -2.79065e-02 5.22473e-02
1.20000e+00 -1.99623e-02 8.52829e-02
1.25000e+00 -2.87912e-02 1.08088e-01
1.30000e+00 -5.06485e-02 1.18104e-01
1.35000e+00 -8.11893e-02 1.17287e-01
1.40000e+00 -1.10969e-01 1.08229e-01
1.45000e+00 -1.33898e-01 9.39413e-02
1.50000e+00 -1.42050e-01 7.79126e-02
1.55000e+00 -1.32923e-01 6.16593e-02
1.60000e+00 -1.06938e-01 4.69752e-02
1.65000e+00 -6.75399e-02 3.36884e-02
1.70000e+00 -2.30638e-02 2.24945e-02
1.75000e+00 2.05846e-02 1.50241e-02
1.80000e+00 5.46871e-02 1.61410e-02
1.85000e+00 7.72731e-02 2.44292e-02
1.90000e+00 8.56327e-02 3.42226e-02
1.95000e+00 8.37393e-02 4.36011e-02
2.00000e+00 7.40315e-02 5.03689e-02
2.05000e+00 6.22894e-02 5.44833e-02
2.10000e+00 5.08294e-02 5.32691e-02
2.15000e+00 4.24093e-02 4.69875e-02
2.20000e+00 3.73826e-02 3.70981e-02
2.25000e+00 3.57985e-02 2.63899e-02
2.30000e+00 3.37613e-02 1.66277e-02
2.35000e+00 2.93554e-02 9.55299e-03
2.40000e+00 2.19968e-02 6.25382e-03
2.45000e+00 1.49915e-02 6.38424e-03
2.50000e+00 7.13061e-03 7.11686e-03
2.55000e+00 -6.80976e-04 6.99084e-03
2.60000e+00 -7.47754e-03 5.98261e-03
2.65000e+00 -1.37663e-02 5.03403e-03
2.70000e+00 -1.83973e-02 4.18058e-03
2.75000e+00 -2.08897e-02 3.77679e-03
2.80000e+00 -2.10796e-02 3.81086e-03
2.85000e+00 -2.00635e-02 4.42177e-03
2.90000e+00 -1.72352e-02 5.09249e-03
2.95000e+00 -1.31956e-02 5.57854e-03
3.00000e+00 -8.61080e-03 5.62889e-03
3.05000e+00 -4.31704e-03 5.19330e-03
3.10000e+00 -4.56659e-04 4.21015e-03
3.15000e+00 2.80609e-03 3.20857e-03
3.20000e+00 5.53764e-03 3.02038e-03
3.25000e+00 7.92837e-03 3.63168e-03
3.30000e+00 1.03151e-02 4.14787e-03
3.35000e+00 1.27560e-02 4.09019e-03
3.40000e+00 1.50877e-02 3.45828e-03
3.45000e+00 1.70435e-02 2.68726e-03
3.50000e+00 1.81075e-02 2.35297e-03
3.55000e+00 1.78630e-02 2.64448e-03
3.60000e+00 1.61184e-02 3.11408e-03
3.65000e+00 1.29654e-02 3.49318e-03
3.70000e+00 8.78962e-03 3.75424e-03
3.75000e+00 4.19425e-03 3.89738e-03
3.80000e+00 -2.06468e-04 3.88233e-03
3.85000e+00 -3.97265e-03 3.82219e-03
3.90000e+00 -6.90458e-03 4.09259e-03
3.95000e+00 -9.04001e-03 4.97248e-03
4.00000e+00 -1.06275e-02 6.15511e-03
4.05000e+00 -1.20305e-02 7.11968e-03
4.10000e+00 -1.34861e-02 7.36605e-03
4.15000e+00 -1.50177e-02 6.71301e-03
4.20000e+00 -1.64415e-02 5.29111e-03
4.25000e+00 -1.75518e-02 3.65791e-03
4.30000e+00 -1.78953e-02 2.74461e-03
4.35000e+00 -1.71522e-02 3.46332e-03
4.40000e+00 -1.51837e-02 4.73328e-03
4.45000e+00 -1.22036e-02 5.71299e-03
4.50000e+00 -8.35364e-03 6.29099e-03
4.55000e+00 -3.96917e-03 6.55291e-03
4.60000e+00 6.11195e-04 6.65234e-03
4.65000e+00 5.07681e-03 6.73700e-03
4.70000e+00 9.40536e-03 6.93244e-03
4.75000e+00 1.35466e-02 7.29541e-03
4.80000e+00 1.74692e-02 7.80265e-03
4.85000e+00 2.10956e-02 8.34877e-03
4.90000e+00 2.42460e-02 8.74283e-03
4.95000e+00 2.66236e-02 8.78167e-03
5.00000e+00 2.78795e-02 8.32467e-03
5.05000e+00 2.76346e-02 7.43901e-03
5.10000e+00 2.57307e-02 6.50464e-03
5.15000e+00 2.21345e-02 6.48853e-03
5.20000e+00 1.69977e-02 8.17216e-03
5.25000e+00 1.05765e-02 1.09953e-02
5.30000e+00 3.36993e-03 1.40650e-02
5.35000e+00 -4.17619e-03 1.66881e-02
5.40000e+00 -1.16382e-02 1.83844e-02
5.45000e+00 -1.85677e-02 1.88027e-02
5.50000e+00 -2.46049e-02 1.79566e-02
5.55000e+00 -2.94280e-02 1.59903e-02
5.60000e+00 -3.27346e-02 1.32371e-02
5.65000e+00 -3.41348e-02 1.01880e-02
5.70000e+00 -3.35879e-02 7.73342e-03
5.75000e+00 -3.10865e-02 6.89801e-03
5.80000e+00 -2.68015e-02 7.74662e-03
5.85000e+00 -2.10197e-02 9.16153e-03
5.90000e+00 -1.43295e-02 1.04813e-02
5.95000e+00 -7.26835e-03 1.17420e-02
6.00000e+00 -3.20718e-04 1.32925e-02
6.05000e+00 6.17385e-03 1.52566e-02
6.10000e+00 1.19702e-02 1.73318e-02
6.15000e+00 1.70079e-02 1.89458e-02
6.20000e+00 2.12820e-02 1.95974e-02
6.25000e+00 2.47546e-02 1.90602e-02
6.30000e+00 2.72900e-02 1.74537e-02
6.35000e+00 2.86435e-02 1.52229e-02
6.40000e+00 2.85136e-02 1.30491e-02
6.45000e+00 2.66427e-02 1.16366e-02
6.50000e+00 2.29343e-02 1.13148e-02
6.55000e+00 1.74966e-02 1.18097e-02
6.60000e+00 1.08104e-02 1.27759e-02
6.65000e+00 3.55545e-03 1.40519e-02
6.70000e+00 -3.47431e-03 1.56296e-02
6.75000e+00 -9.52658e-03 1.74046e-02
6.80000e+00 -1.40387e-02 1.91084e-02
6.85000e+00 -1.67367e-02 2.04444e-02
6.90000e+00 -1.76626e-02 2.12383e-02
6.95000e+00 -1.71270e-02 2.14585e-02
7.00000e+00 -1.56088e-02 2.10996e-02
7.05000e+00 -1.36061e-02 1.99998e-02
7.10000e+00 -1.16223e-02 1.80521e-02
7.15000e+00 -9.98524e-03 1.53055e-02
7.20000e+00 -8.84124e-03 1.24229e-02
7.25000e+00 -8.16389e-03 1.10263e-02
7.30000e+00 -7.79007e-03 1.24133e-02
7.35000e+00 -7.46844e-03 1.53877e-02
7.40000e+00 -6.90972e-03 1.81447e-02
7.45000e+00 -5.83537e-03 1.97898e-02
7.50000e+00 -4.02562e-03 2.01804e-02
7.55000e+00 -1.39665e-03 1.95440e-02
7.60000e+00 2.04346e-03 1.84133e-02
7.65000e+00 6.08526e-03 1.71112e-02
7.70000e+00 1.03452e-02 1.57274e-02
7.75000e+00 1.43092e-02 1.42328e-02
7.80000e+00 1.74165e-02 1.26718e-02
7.85000e+00 1.91708e-02 1.12732e-02
7.90000e+00 1.92528e-02 1.04266e-02
7.95000e+00 1.76031e-02 1.04877e-02
8.00000e+00 1.44488e-02 1.14912e-02
8.05000e+00 1.02472e-02 1.30956e-02
8.10000e+00 5.63584e-03 1.49061e-02
8.15000e+00 1.23660e-03 1.65248e-02
8.20000e+00 -2.46180e-03 1.76198e-02
8.25000e+00 -5.19918e-03 1.79572e-02
8.30000e+00 -6.97237e-03 1.74561e-02
8.35000e+00 -7.99181e-03 1.62427e-02
8.40000e+00 -8.58234e-03 1.46517e-02
8.45000e+00 -9.06113e-03 1.31182e-02
8.50000e+00 -9.63109e-03 1.19510e-02
8.55000e+00 -1.03466e-02 1.11335e-02
8.60000e+00 -1.10365e-02 1.05068e-02
8.65000e+00 -1.14312e-02 1.00393e-02
8.70000e+00 -1.12329e-02 9.97186e-03
8.75000e+00 -1.02132e-02 1.05644e-02
8.80000e+00 -8.28702e-03 1.17696e-02
8.85000e+00 -5.54360e-03 1.32879e-02
8.90000e+00 -2.23049e-03 1.48108e-02
8.95000e+00 1.30087e-03 1.60953e-02
9.00000e+00 4.66877e-03 1.69214e-02
9.05000e+00 7.55967e-03 1.71008e-02
9.10000e+00 9.70405e-03 1.64781e-02
9.15000e+00 1.09668e-02 1.50633e-02
9.20000e+00 1.13300e-02 1.30469e-02
9.25000e+00 1.08734e-02 1.08033e-02
9.30000e+00 9.74563e-03 8.92413e-03
9.35000e+00 8.13297e-03 8.20932e-03
9.40000e+00 6.23231e-03 9.09433e-03
9.45000e+00 4.23025e-03 1.10474e-02
9.50000e+00 2.28793e-03 1.32300e-02
9.55000e+00 5.24685e-04 1.50562e-02
9.60000e+00 -9.76987e-04 1.61258e-02
9.65000e+00 -2.18477e-03 1.62491e-02
9.70000e+00 -3.11426e-03 1.54154e-02
9.75000e+00 -3.81813e-03 1.38009e-02
9.80000e+00 -4.36647e-03 1.17928e-02
9.85000e+00 -4.82234e-03 9.99504e-03
9.90000e+00 -5.21870e-03 9.03744e-03
9.95000e+00 -5.54395e-03 9.04058e-03
1.00000e+01 -5.74140e-03 9.46429e-03
1.00500e+01 -5.73446e-03 9.77548e-03
1.01000e+01 -5.42508e-03 9.88830e-03
1.01500e+01 -4.74982e-03 1.00605e-02
1.02000e+01 -3.70496e-03 1.04976e-02
1.02500e+01 -2.36152e-03 1.10664e-02
1.03000e+01 -8.57969e-04 1.14246e-02
1.03500e+01 6.29161e-04 1.13242e-02
1.04000e+01 1.92892e-03 1.07519e-02
1.04500e+01 2.92022e-03 9.89323e-03
1.05000e+01 3.56206e-03 9.02656e-03
1.05500e+01 3.89858e-03 8.42194e-03
1.06000e+01 4.03609e-03 8.24277e-03
1.06500e+01 4.09860e-03 8.43634e-03
1.07000e+01 4.17649e-03 8.72947e-03
1.07500e+01 4.28628e-03 8.80304e-03
1.08000e+01 4.35681e-03 8.50980e-03
1.08500e+01 4.24891e-03 8.00776e-03
1.09000e+01 3.80424e-03 7.72263e-03
1.09500e+01 2.90840e-03 8.01406e-03
1.10000e+01 1.54719e-03 8.78689e-03
1.10500e+01 -1.70281e-04 9.65424e-03
1.11000e+01 -2.01949e-03 1.02636e-02
1.11500e+01 -3.69521e-03 1.04514e-02
1.12000e+01 -4.89800e-03 1.01587e-02
1.12500e+01 -5.41618e-03 9.39797e-03
1.13000e+01 -5.18572e-03 8.33302e-03
1.13500e+01 -4.30864e-03 7.40710e-03
1.14000e+01 -3.02340e-03 7.21565e-03
1.14500e+01 -1.63659e-03 7.84335e-03
1.15000e+01 -4.37601e-04 8.66132e-03
1.15500e+01 3.76898e-04 9.03566e-03
1.16000e+01 7.45806e-04 8.75583e-03
1.16500e+01 7.42378e-04 8.05931e-03
1.17000e+01 5.32593e-04 7.45998e-03
1.17500e+01 3.09698e-04 7.32826e-03
1.18000e+01 2.28255e-04 7.51785e-03
1.18500e+01 3.59271e-04 7.62366e-03
1.19000e+01 6.78970e-04 7.44623e-03
1.19500e+01 1.09101e-03 7.09111e-03
1.20000e+01 1.47038e-03 6.78221e-03
1.20500e+01 1.72012e-03 6.62909e-03
1.21000e+01 1.77887e-03 6.52295e-03
1.21500e+01 1.64944e-03 6.40038e-03
1.22000e+01 1.38311e-03 6.38794e-03
1.22500e+01 1.05142e-03 6.67500e-03
1.23000e+01 7.15435e-04 7.22511e-03
1.23500e+01 4.05342e-04 7.74798e-03
1.24000e+01 1.17613e-04 7.94957e-03
1.24500e+01 -1.70997e-04 7.72191e-03
1.25000e+01 -4.80517e-04 7.17645e-03
1.25500e+01 -8.07129e-04 6.56146e-03
1.26000e+01 -1.11454e-03 6.09655e-03
1.26500e+01 -1.34163e-03 5.82643e-03
1.27000e+01 -1.42348e-03 5.65510e-03
1.27500e+01 -1.31747e-03 5.50347e-03
1.28000e+01 -1.02386e-03 5.36812e-03
1.28500e+01 -5.92509e-04 5.25178e-03
1.29000e+01 -1.12785e-04 5.11501e-03
1.29500e+01 3.10117e-04 4.93737e-03
1.30000e+01 5.84502e-04 4.79608e-03
1.30500e+01 6.58891e-04 4.82529e-03
1.31000e+01 5.37924e-04 5.02300e-03
1.31500e+01 2.69019e-04 5.22125e-03
1.32000e+01 -6.58706e-05 5.24882e-03
1.32500e+01 -3.71722e-04 5.10053e-03
1.33000e+01 -5.63786e-04 4.95803e-03
1.33500e+01 -5.87344e-04 5.02308e-03
1.34000e+01 -4.30023e-04 5.27852e-03
1.34500e+01 -1.24729e-04 5.50030e-03
1.35000e+01 2.57097e-04 5.49203e-03
1.35500e+01 6.20771e-04 5.23644e-03
1.36000e+01 8.69807e-04 4.89994e-03
1.36500e+01 9.29714e-04 4.71882e-03
1.37000e+01 7.69114e-04 4.80095e-03
1.37500e+01 4.12561e-04 5.03922e-03
1.38000e+01 -5.97090e-05 5.25454e-03
1.38500e+01 -5.27274e-04 5.34158e-03
1.39000e+01 -8.58392e-04 5.28480e-03
1.39500e+01 -9.45863e-04 5.11111e-03
1.40000e+01 -7.40226e-04 4.85274e-03
1.40500e+01 -2.61853e-04 4.56191e-03
1.41000e+01 3.74147e-04 4.29924e-03
1.41500e+01 1.00306e-03 4.15900e-03
1.42000e+01 1.44946e-03 4.18383e-03
1.42500e+01 1.57765e-03 4.30628e-03
1.43000e+01 1.33311e-03 4.39761e-03
1.43500e+01 7.61259e-04 4.36682e-03
1.44000e+01 -3.53262e-06 4.21187e-03
1.44500e+01 -7.76066e-04 4.00501e-03
1.45000e+01 -1.37398e-03 3.83417e-03
1.45500e+01 -1.66983e-03 3.74215e-03
1.46000e+01 -1.62495e-03 3.71534e-03
1.46500e+01 -1.29449e-03 3.71842e-03
1.47000e+01 -8.03140e-04 3.71858e-03
1.47500e+01 -3.00489e-04 3.68527e-03
1.48000e+01 8.77504e-05 3.60103e-03
1.48500e+01 2.96170e-04 3.49399e-03
1.49000e+01 3.32049e-04 3.44769e-03
1.49500e+01 2.61222e-04 3.53561e-03
1.50000e+01 1.74594e-04 3.72633e-03
1.50500e+01 1.49226e-04 3.90647e-03
1.51000e+01 2.17583e-04 3.95885e-03
1.51500e+01 3.60611e-04 3.86741e-03
1.52000e+01 5.19112e-04 3.71143e-03
1.52500e+01 6.21828e-04 3.59466e-03
1.53000e+01 6.16913e-04 3.55121e-03
1.53500e+01 4.94150e-04 3.52598e-03
1.54000e+01 2.89488e-04 3.45000e-03
1.54500e+01 7.07618e-05 3.31144e-03
1.55000e+01 -8.91930e-05 3.16143e-03
1.55500e+01 -1.41184e-04 3.07021e-03
1.56000e+01 -7.89114e-05 3.07317e-03
1.56500e+01 5.84090e-05 3.14936e-03
1.57000e+01 2.00786e-04 3.24287e-03
1.57500e+01 2.73775e-04 3.29710e-03
1.58000e+01 2.26467e-04 3.28071e-03
1.58500e+01 5.08784e-05 3.20320e-03
1.59000e+01 -2.14110e-04 3.11175e-03
1.59500e+01 -4.95400e-04 3.05807e-03
1.60000e+01 -7.10132e-04 3.05183e-03
1.60500e+01 -7.94977e-04 3.05465e-03
1.61000e+01 -7.22161e-04 3.01834e-03
1.61500e+01 -5.13291e-04 2.93413e-03
1.62000e+01 -2.28526e-04 2.83757e-03
1.62500e+01 5.32226e-05 2.77197e-03
1.63000e+01 2.58681e-04 2.74716e-03
1.63500e+01 3.41389e-04 2.74094e-03
1.64000e+01 2.93653e-04 2.73802e-03
1.64500e+01 1.46689e-04 2.75265e-03
1.65000e+01 -4.00065e-05 2.80720e-03
1.65500e+01 -1.96235e-04 2.89399e-03
1.66000e+01 -2.60571e-04 2.96995e-03
1.66500e+01 -1.96817e-04 2.99106e-03
1.67000e+01 -3.79535e-06 2.94792e-03
1.67500e+01 2.83483e-04 2.87247e-03
1.68000e+01 6.01354e-04 2.81136e-03
1.68500e+01 8.72119e-04 2.78579e-03
1.69000e+01 1.02263e-03 2.77904e-03
1.69500e+01 1.00265e-03 2.76772e-03
1.70000e+01 7.98550e-04 2.75708e-03
1.70500e+01 4.36413e-04 2.77375e-03
1.71000e+01 -1.78547e-05 2.83206e-03
1.71500e+01 -4.77066e-04 2.89383e-03
1.72000e+01 -8.53659e-04 2.90195e-03
1.72500e+01 -1.08077e-03 2.83319e-03
1.73000e+01 -1.12754e-03 2.71830e-03
1.73500e+01 -1.00438e-03 2.61393e-03
1.74000e+01 -7.57039e-04 2.55154e-03
1.74500e+01 -4.51492e-04 2.51807e-03
1.75000e+01 -1.54860e-04 2.48974e-03
1.75500e+01 8.18014e-05 2.46540e-03
1.76000e+01 2.33669e-04 2.45459e-03
1.76500e+01 3.02975e-04 2.44505e-03
1.77000e+01 3.11480e-04 2.40345e-03
1.77500e+01 2.88421e-04 2.31383e-03
1.78000e+01 2.58926e-04 2.20706e-03
1.78500e+01 2.37059e-04 2.14302e-03
1.79000e+01 2.25265e-04 2.15139e-03
1.79500e+01 2.19103e-04 2.19919e-03
1.80000e+01 2.13952e-04 2.23160e-03
1.80500e+01 2.11145e-04 2.22818e-03
1.81000e+01 2.18045e-04 2.20044e-03
1.81500e+01 2.39831e-04 2.17182e-03
1.82000e+01 2.74552e-04 2.14655e-03
1.82500e+01 3.08795e-04 2.11589e-03
1.83000e+01 3.18710e-04 2.08509e-03
1.83500e+01 2.77252e-04 2.08112e-03
1.84000e+01 1.65436e-04 2.12727e-03
1.84500e+01 -1.68609e-05 2.21376e-03
1.85000e+01 -2.45525e-04 2.30196e-03
1.85500e+01 -4.75520e-04 2.35267e-03
1.86000e+01 -6.52807e-04 2.34532e-03
1.86500e+01 -7.31237e-04 2.28089e-03
1.87000e+01 -6.88422e-04 2.17891e-03
1.87500e+01 -5.34518e-04 2.07447e-03
1.88000e+01 -3.10253e-04 2.00849e-03
1.88500e+01 -7.44522e-05 2.00338e-03
1.89000e+01 1.14717e-04 2.04058e-03
1.89500e+01 2.18151e-04 2.07141e-03
1.90000e+01 2.27314e-04 2.05359e-03
1.90500e+01 1.64838e-04 1.98277e-03
1.91000e+01 7.35870e-05 1.88826e-03
1.91500e+01 2.47759e-06 1.82020e-03
1.92000e+01 -1.21704e-05 1.80525e-03
1.92500e+01 4.15290e-05 1.82505e-03
1.93000e+01 1.48869e-04 1.84079e-03
1.93500e+01 2.76109e-04 1.83017e-03
1.94000e+01 3.84125e-04 1.79847e-03
1.94500e+01 4.42503e-04 1.76488e-03
1.95000e+01 4.38755e-04 1.74381e-03
1.95500e+01 3.79719e-04 1.73785e-03
1.96000e+01 2.85564e-04 1.74304e-03
1.96500e+01 1.79706e-04 1.75412e-03
1.97000e+01 7.92591e-05 1.76577e-03
1.97500e+01 -1.00598e-05 1.77686e-03
1.98000e+01 -9.29576e-05 1.79732e-03
1.98500e+01 -1.78627e-04 1.84422e-03
1.99000e+01 -2.73041e-04 1.92041e-03
1.99500e+01 -3.73196e-04 1.99776e-03
2.00000e+01 -4.65903e-04 2.03028e-03
