# 		k		<chi>		std
0.00000e+00 -2.69694e-02 2.91869e-01
5.00000e-02 -3.67777e-02 2.83596e-01
1.00000e-01 -4.51979e-02 2.75853e-01
1.50000e-01 -7.06464e-02 2.52244e-01
2.00000e-01 -9.66276e-02 2.28308e-01
2.50000e-01 -1.40110e-01 1.87800e-01
3.00000e-01 -1.84288e-01 1.47845e-01
3.50000e-01 -2.44969e-01 9.74037e-02
4.00000e-01 -3.04865e-01 7.18138e-02
4.50000e-01 -3.76819e-01 1.06170e-01
5.00000e-01 -4.43441e-01 1.71514e-01
5.50000e-01 -5.12657e-01 2.51367e-01
6.00000e-01 -5.68381e-01 3.24169e-01
6.50000e-01 -6.12579e-01 3.91731e-01
7.00000e-01 -6.33481e-01 4.41072e-01
7.50000e-01 -6.28384e-01 4.69926e-01
8.00000e-01 -5.94154e-01 4.73739e-01
8.50000e-01 -5.27635e-01 4.48258e-01
9.00000e-01 -4.37590e-01 3.98894e-01
9.50000e-01 -3.25227e-01 3.23342e-01
1.00000e+00 -2.09716e-01 2.36005e-01
1.05000e+00 -9.79664e-02 1.41069e-01
1.10000e+00 -1.08445e-02 7.09950e-02
1.15000e+00 4.40542e-02 8.69566e-02
1.20000e+00 5.71616e-02 1.39074e-01
1.25000e+00 2.86171e-02 1.76047e-01
1.30000e+00 -3.17971e-02 1.89228e-01
1.35000e+00 -1.12578e-01 1.80145e-01
1.40000e+00 -1.90450e-01 1.56850e-01
1.45000e+00 -2.49946e-01 1.26696e-01
1.50000e+00 -2.72487e-01 1.00700e-01
1.55000e+00 -2.52331e-01 8.42781e-02
1.60000e+00 -1.91500e-01 7.96837e-02
1.65000e+00 -1.00163e-01 8.55819e-02
1.70000e+00 1.06981e-03 9.65707e-02
1.75000e+00 9.57971e-02 1.08298e-01
1.80000e+00 1.63681e-01 1.11621e-01
1.85000e+00 1.98894e-01 1.03659e-01
1.90000e+00 1.97646e-01 8.16652e-02
1.95000e+00 1.70066e-01 4.98497e-02
2.00000e+00 1.26714e-01 1.78582e-02
2.05000e+00 8.18934e-02 2.89671e-02
2.10000e+00 4.71580e-02 5.21865e-02
2.15000e+00 2.82666e-02 6.15416e-02
2.20000e+00 2.33851e-02 5.75322e-02
2.25000e+00 2.54172e-02 4.94218e-02
2.30000e+00 2.66298e-02 3.93973e-02
2.35000e+00 2.31400e-02 3.06169e-02
2.40000e+00 1.44747e-02 2.45534e-02
2.45000e+00 7.94308e-03 1.92737e-02
2.50000e+00 1.04461e-03 1.49926e-02
2.55000e+00 -5.01356e-03 1.16265e-02
2.60000e+00 -9.16311e-03 8.92824e-03
2.65000e+00 -1.26007e-02 7.29935e-03
2.70000e+00 -1.43441e-02 6.16616e-03
2.75000e+00 -1.43485e-02 5.38056e-03
2.80000e+00 -1.28879e-02 4.78576e-03
2.85000e+00 -1.14262e-02 4.34909e-03
2.90000e+00 -8.81059e-03 3.76570e-03
2.95000e+00 -5.47000e-03 3.25117e-03
3.00000e+00 -1.84556e-03 3.25675e-03
3.05000e+00 1.61930e-03 3.44585e-03
3.10000e+00 4.47694e-03 4.23777e-03
3.15000e+00 6.38372e-03 5.09934e-03
3.20000e+00 7.16196e-03 5.68824e-03
3.25000e+00 5.98923e-03 5.71533e-03
3.30000e+00 3.96871e-03 5.37466e-03
3.35000e+00 1.73276e-03 4.79503e-03
3.40000e+00 -9.79738e-05 4.15624e-03
3.45000e+00 -1.42932e-03 3.33343e-03
3.50000e+00 -1.24043e-03 3.18309e-03
3.55000e+00 5.40858e-04 4.04686e-03
3.60000e+00 3.62993e-03 5.29610e-03
3.65000e+00 7.59618e-03 6.37044e-03
3.70000e+00 1.15972e-02 6.62465e-03
3.75000e+00 1.46664e-02 5.81826e-03
3.80000e+00 1.59142e-02 4.10991e-03
3.85000e+00 1.49768e-02 2.55887e-03
3.90000e+00 1.11195e-02 4.07149e-03
3.95000e+00 4.59983e-03 6.95328e-03
4.00000e+00 -3.70025e-03 9.35460e-03
4.05000e+00 -1.26643e-02 1.08057e-02
4.10000e+00 -2.07558e-02 1.07440e-02
4.15000e+00 -2.63178e-02 9.13040e-03
4.20000e+00 -2.81200e-02 6.36195e-03
4.25000e+00 -2.62203e-02 4.13590e-03
4.30000e+00 -2.05172e-02 5.68628e-03
4.35000e+00 -1.21519e-02 9.53859e-03
4.40000e+00 -2.84724e-03 1.32956e-02
4.45000e+00 5.33681e-03 1.62129e-02
4.50000e+00 1.13263e-02 1.81803e-02
4.55000e+00 1.43635e-02 1.92436e-02
4.60000e+00 1.45513e-02 1.95838e-02
4.65000e+00 1.27437e-02 1.94893e-02
4.70000e+00 1.01673e-02 1.88666e-02
4.75000e+00 7.98602e-03 1.74698e-02
4.80000e+00 6.93991e-03 1.49319e-02
4.85000e+00 7.07010e-03 1.11501e-02
4.90000e+00 7.98030e-03 6.75137e-03
4.95000e+00 8.92930e-03 7.30844e-03
5.00000e+00 9.23921e-03 1.43382e-02
5.05000e+00 8.59900e-03 2.22703e-02
5.10000e+00 7.30776e-03 2.88284e-02
5.15000e+00 5.99714e-03 3.26029e-02
5.20000e+00 5.39260e-03 3.28718e-02
5.25000e+00 5.88562e-03 2.97738e-02
5.30000e+00 7.32001e-03 2.43634e-02
5.35000e+00 8.84175e-03 1.84115e-02
5.40000e+00 9.14610e-03 1.39093e-02
5.45000e+00 6.96305e-03 1.18096e-02
5.50000e+00 1.58520e-03 1.12596e-02
5.55000e+00 -6.80908e-03 1.09210e-02
5.60000e+00 -1.70076e-02 1.04199e-02
5.65000e+00 -2.69009e-02 9.64249e-03
5.70000e+00 -3.43077e-02 8.58324e-03
5.75000e+00 -3.74423e-02 8.08190e-03
5.80000e+00 -3.54878e-02 9.95939e-03
5.85000e+00 -2.87190e-02 1.39214e-02
5.90000e+00 -1.88041e-02 1.81205e-02
5.95000e+00 -7.85931e-03 2.12669e-02
6.00000e+00 2.03787e-03 2.29595e-02
6.05000e+00 9.43211e-03 2.34882e-02
6.10000e+00 1.37219e-02 2.36455e-02
6.15000e+00 1.53603e-02 2.41143e-02
6.20000e+00 1.54190e-02 2.50991e-02
6.25000e+00 1.51058e-02 2.61698e-02
6.30000e+00 1.53131e-02 2.63708e-02
6.35000e+00 1.63468e-02 2.45793e-02
6.40000e+00 1.79052e-02 2.00782e-02
6.45000e+00 1.92773e-02 1.34132e-02
6.50000e+00 1.96512e-02 9.29382e-03
6.55000e+00 1.83557e-02 1.51371e-02
6.60000e+00 1.51520e-02 2.38181e-02
6.65000e+00 1.01935e-02 3.04833e-02
6.70000e+00 3.92971e-03 3.38128e-02
6.75000e+00 -3.03952e-03 3.39690e-02
6.80000e+00 -1.00745e-02 3.20546e-02
6.85000e+00 -1.65368e-02 2.94611e-02
6.90000e+00 -2.17813e-02 2.71006e-02
6.95000e+00 -2.51565e-02 2.49698e-02
7.00000e+00 -2.60690e-02 2.24185e-02
7.05000e+00 -2.40626e-02 1.87520e-02
7.10000e+00 -1.92141e-02 1.44171e-02
7.15000e+00 -1.20864e-02 1.20629e-02
7.20000e+00 -3.77682e-03 1.52437e-02
7.25000e+00 4.26350e-03 2.14138e-02
7.30000e+00 1.05703e-02 2.66751e-02
7.35000e+00 1.40691e-02 2.90550e-02
7.40000e+00 1.43966e-02 2.80696e-02
7.45000e+00 1.20135e-02 2.45385e-02
7.50000e+00 8.05010e-03 2.02446e-02
7.55000e+00 3.90297e-03 1.70205e-02
7.60000e+00 8.54050e-04 1.54778e-02
7.65000e+00 -4.26481e-04 1.47356e-02
7.70000e+00 1.34603e-05 1.41845e-02
7.75000e+00 1.54011e-03 1.39313e-02
7.80000e+00 3.28220e-03 1.38651e-02
7.85000e+00 4.54115e-03 1.33974e-02
7.90000e+00 5.08303e-03 1.21873e-02
7.95000e+00 5.18299e-03 1.06180e-02
8.00000e+00 5.40190e-03 9.53928e-03
8.05000e+00 6.14792e-03 9.43119e-03
8.10000e+00 7.42492e-03 1.00574e-02
8.15000e+00 8.56806e-03 1.10828e-02
8.20000e+00 8.43490e-03 1.27961e-02
8.25000e+00 5.84716e-03 1.60342e-02
8.30000e+00 1.52820e-04 2.12163e-02
8.35000e+00 -8.32296e-03 2.74510e-02
8.40000e+00 -1.81456e-02 3.27770e-02
8.45000e+00 -2.70531e-02 3.49650e-02
8.50000e+00 -3.25890e-02 3.23921e-02
8.55000e+00 -3.27903e-02 2.47778e-02
8.60000e+00 -2.70994e-02 1.44171e-02
8.65000e+00 -1.64386e-02 1.08355e-02
8.70000e+00 -3.02561e-03 1.92609e-02
8.75000e+00 1.02761e-02 2.67756e-02
8.80000e+00 2.08042e-02 2.93848e-02
8.85000e+00 2.68475e-02 2.69904e-02
8.90000e+00 2.80418e-02 2.13759e-02
8.95000e+00 2.52966e-02 1.54059e-02
9.00000e+00 2.03074e-02 1.20686e-02
9.05000e+00 1.48703e-02 1.22762e-02
9.10000e+00 1.02402e-02 1.40608e-02
9.15000e+00 6.80573e-03 1.56155e-02
9.20000e+00 4.15912e-03 1.56550e-02
9.25000e+00 1.49798e-03 1.33818e-02
9.30000e+00 -1.83946e-03 9.77447e-03
9.35000e+00 -5.94877e-03 9.69996e-03
9.40000e+00 -1.02281e-02 1.45927e-02
9.45000e+00 -1.35951e-02 1.90008e-02
9.50000e+00 -1.49553e-02 2.00587e-02
9.55000e+00 -1.37241e-02 1.75094e-02
9.60000e+00 -1.01304e-02 1.33275e-02
9.65000e+00 -5.29144e-03 1.11585e-02
9.70000e+00 -8.37565e-04 1.17850e-02
9.75000e+00 1.66573e-03 1.17311e-02
9.80000e+00 1.30413e-03 9.95964e-03
9.85000e+00 -1.81705e-03 9.97975e-03
9.90000e+00 -6.56700e-03 1.40869e-02
9.95000e+00 -1.11529e-02 1.83216e-02
1.00000e+01 -1.37226e-02 1.96412e-02
1.00500e+01 -1.29459e-02 1.74161e-02
1.01000e+01 -8.55671e-03 1.32235e-02
1.01500e+01 -1.37125e-03 1.06982e-02
1.02000e+01 6.97695e-03 1.19407e-02
1.02500e+01 1.45618e-02 1.37344e-02
1.03000e+01 1.97447e-02 1.37564e-02
1.03500e+01 2.16158e-02 1.22179e-02
1.04000e+01 2.01688e-02 1.05046e-02
1.04500e+01 1.61844e-02 9.82472e-03
1.05000e+01 1.09003e-02 1.04392e-02
1.05500e+01 5.60059e-03 1.21667e-02
1.06000e+01 1.26875e-03 1.44052e-02
1.06500e+01 -1.60423e-03 1.58631e-02
1.07000e+01 -3.02975e-03 1.52241e-02
1.07500e+01 -3.39022e-03 1.20705e-02
1.08000e+01 -3.24215e-03 8.03246e-03
1.08500e+01 -3.12970e-03 8.64508e-03
1.09000e+01 -3.45721e-03 1.37101e-02
1.09500e+01 -4.43128e-03 1.79044e-02
1.10000e+01 -6.05533e-03 1.92342e-02
1.10500e+01 -8.17373e-03 1.75269e-02
1.11000e+01 -1.04333e-02 1.37523e-02
1.11500e+01 -1.23945e-02 9.83870e-03
1.12000e+01 -1.35648e-02 8.14314e-03
1.12500e+01 -1.34911e-02 8.84837e-03
1.13000e+01 -1.18804e-02 9.76565e-03
1.13500e+01 -8.71485e-03 9.88390e-03
1.14000e+01 -4.31541e-03 9.38047e-03
1.14500e+01 6.87306e-04 8.75454e-03
1.15000e+01 5.48695e-03 8.32794e-03
1.15500e+01 9.31020e-03 8.12118e-03
1.16000e+01 1.16344e-02 8.03088e-03
1.16500e+01 1.23357e-02 7.99618e-03
1.17000e+01 1.17082e-02 7.99073e-03
1.17500e+01 1.03410e-02 7.94601e-03
1.18000e+01 8.89341e-03 7.74968e-03
1.18500e+01 7.85291e-03 7.34319e-03
1.19000e+01 7.36604e-03 6.81609e-03
1.19500e+01 7.20830e-03 6.36862e-03
1.20000e+01 6.90295e-03 6.11587e-03
1.20500e+01 5.91420e-03 5.97062e-03
1.21000e+01 3.95544e-03 5.76502e-03
1.21500e+01 1.07013e-03 5.51663e-03
1.22000e+01 -2.34528e-03 5.43286e-03
1.22500e+01 -5.67603e-03 5.71253e-03
1.23000e+01 -8.31086e-03 6.32657e-03
1.23500e+01 -9.85974e-03 7.01310e-03
1.24000e+01 -1.02794e-02 7.40826e-03
1.24500e+01 -9.85743e-03 7.22076e-03
1.25000e+01 -9.06494e-03 6.53394e-03
1.25500e+01 -8.34149e-03 6.19421e-03
1.26000e+01 -7.90351e-03 7.25200e-03
1.26500e+01 -7.65624e-03 9.15507e-03
1.27000e+01 -7.24488e-03 1.04794e-02
1.27500e+01 -6.22269e-03 1.02897e-02
1.28000e+01 -4.26479e-03 8.49881e-03
1.28500e+01 -1.33833e-03 6.26836e-03
1.29000e+01 2.24205e-03 6.29528e-03
1.29500e+01 5.89642e-03 8.61734e-03
1.30000e+01 8.96638e-03 1.05211e-02
1.30500e+01 1.09692e-02 1.07826e-02
1.31000e+01 1.16397e-02 9.38173e-03
1.31500e+01 1.10934e-02 7.17439e-03
1.32000e+01 9.70834e-03 5.63916e-03
1.32500e+01 7.95562e-03 5.67485e-03
1.33000e+01 6.21705e-03 6.24013e-03
1.33500e+01 4.66555e-03 6.33919e-03
1.34000e+01 3.25199e-03 5.95567e-03
1.34500e+01 1.79520e-03 5.49607e-03
1.35000e+01 1.27378e-04 5.26091e-03
1.35500e+01 -1.77534e-03 5.28121e-03
1.36000e+01 -3.73854e-03 5.48238e-03
1.36500e+01 -5.43726e-03 5.72726e-03
1.37000e+01 -6.52529e-03 5.79451e-03
1.37500e+01 -6.78870e-03 5.56507e-03
1.38000e+01 -6.25453e-03 5.24045e-03
1.38500e+01 -5.20393e-03 5.22459e-03
1.39000e+01 -4.07937e-03 5.56505e-03
1.39500e+01 -3.32042e-03 5.82706e-03
1.40000e+01 -3.19328e-03 5.67396e-03
1.40500e+01 -3.67709e-03 5.23499e-03
1.41000e+01 -4.48095e-03 4.95777e-03
1.41500e+01 -5.13089e-03 5.09472e-03
1.42000e+01 -5.14219e-03 5.33812e-03
1.42500e+01 -4.19516e-03 5.36041e-03
1.43000e+01 -2.24938e-03 5.22812e-03
1.43500e+01 4.42645e-04 5.20504e-03
1.44000e+01 3.42144e-03 5.30412e-03
1.44500e+01 6.16766e-03 5.27031e-03
1.45000e+01 8.25197e-03 5.01359e-03
1.45500e+01 9.43475e-03 4.82404e-03
1.46000e+01 9.68752e-03 5.03275e-03
1.46500e+01 9.14253e-03 5.47532e-03
1.47000e+01 8.00370e-03 5.70603e-03
1.47500e+01 6.46268e-03 5.51719e-03
1.48000e+01 4.65376e-03 5.06523e-03
1.48500e+01 2.65852e-03 4.68362e-03
1.49000e+01 5.45875e-04 4.53500e-03
1.49500e+01 -1.58214e-03 4.48664e-03
1.50000e+01 -3.56842e-03 4.39597e-03
1.50500e+01 -5.23145e-03 4.30963e-03
1.51000e+01 -6.38062e-03 4.31381e-03
1.51500e+01 -6.90186e-03 4.37109e-03
1.52000e+01 -6.79772e-03 4.37771e-03
1.52500e+01 -6.19148e-03 4.34133e-03
1.53000e+01 -5.28538e-03 4.38630e-03
1.53500e+01 -4.28954e-03 4.56893e-03
1.54000e+01 -3.35181e-03 4.76680e-03
1.54500e+01 -2.51836e-03 4.80339e-03
1.55000e+01 -1.74118e-03 4.60606e-03
1.55500e+01 -9.27141e-04 4.24691e-03
1.56000e+01 -5.13137e-06 3.88732e-03
1.56500e+01 1.02037e-03 3.66604e-03
1.57000e+01 2.05417e-03 3.60150e-03
1.57500e+01 2.94091e-03 3.61978e-03
1.58000e+01 3.52805e-03 3.66878e-03
1.58500e+01 3.73275e-03 3.75981e-03
1.59000e+01 3.58267e-03 3.90090e-03
1.59500e+01 3.21129e-03 4.02894e-03
1.60000e+01 2.80834e-03 4.04815e-03
1.60500e+01 2.56496e-03 3.94711e-03
1.61000e+01 2.52734e-03 3.85099e-03
1.61500e+01 2.65411e-03 3.95556e-03
1.62000e+01 2.79643e-03 4.30413e-03
1.62500e+01 2.75351e-03 4.71911e-03
1.63000e+01 2.35011e-03 4.98282e-03
1.63500e+01 1.50575e-03 4.97489e-03
1.64000e+01 2.69330e-04 4.68217e-03
1.64500e+01 -1.19272e-03 4.16835e-03
1.65000e+01 -2.64813e-03 3.57489e-03
1.65500e+01 -3.86873e-03 3.15524e-03
1.66000e+01 -4.69186e-03 3.17353e-03
1.66500e+01 -5.05215e-03 3.57088e-03
1.67000e+01 -4.97649e-03 4.00695e-03
1.67500e+01 -4.55031e-03 4.21918e-03
1.68000e+01 -3.87383e-03 4.14119e-03
1.68500e+01 -3.02829e-03 3.86300e-03
1.69000e+01 -2.06475e-03 3.54010e-03
1.69500e+01 -1.01572e-03 3.29761e-03
1.70000e+01 8.10225e-05 3.19532e-03
1.70500e+01 1.14746e-03 3.25097e-03
1.71000e+01 2.11436e-03 3.41391e-03
1.71500e+01 2.88838e-03 3.54821e-03
1.72000e+01 3.38937e-03 3.50340e-03
1.72500e+01 3.57813e-03 3.23163e-03
1.73000e+01 3.47206e-03 2.86716e-03
1.73500e+01 3.14075e-03 2.69896e-03
1.74000e+01 2.68256e-03 2.90060e-03
1.74500e+01 2.19160e-03 3.30233e-03
1.75000e+01 1.72906e-03 3.65170e-03
1.75500e+01 1.31023e-03 3.83366e-03
1.76000e+01 9.11686e-04 3.85740e-03
1.76500e+01 4.93964e-04 3.79102e-03
1.77000e+01 2.85855e-05 3.70577e-03
1.77500e+01 -4.82998e-04 3.63042e-03
1.78000e+01 -1.00655e-03 3.52695e-03
1.78500e+01 -1.48848e-03 3.32457e-03
1.79000e+01 -1.87810e-03 3.01809e-03
1.79500e+01 -2.14741e-03 2.77457e-03
1.80000e+01 -2.29885e-03 2.87791e-03
1.80500e+01 -2.36699e-03 3.36041e-03
1.81000e+01 -2.36520e-03 3.90634e-03
1.81500e+01 -2.30305e-03 4.21551e-03
1.82000e+01 -2.16303e-03 4.17514e-03
1.82500e+01 -1.90540e-03 3.86220e-03
1.83000e+01 -1.48799e-03 3.47985e-03
1.83500e+01 -8.92551e-04 3.22201e-03
1.84000e+01 -1.45649e-04 3.12182e-03
1.84500e+01 6.76381e-04 3.06871e-03
1.85000e+01 1.46230e-03 2.96744e-03
1.85500e+01 2.09611e-03 2.80939e-03
1.86000e+01 2.49113e-03 2.63529e-03
1.86500e+01 2.61487e-03 2.48898e-03
1.87000e+01 2.49492e-03 2.40914e-03
1.87500e+01 2.20411e-03 2.42764e-03
1.88000e+01 1.83126e-03 2.54007e-03
1.88500e+01 1.44992e-03 2.69145e-03
1.89000e+01 1.09727e-03 2.81347e-03
1.89500e+01 7.70857e-04 2.86848e-03
1.90000e+01 4.42948e-04 2.86286e-03
1.90500e+01 8.81801e-05 2.83943e-03
1.91000e+01 -3.06426e-04 2.83856e-03
1.91500e+01 -7.20135e-04 2.87418e-03
1.92000e+01 -1.10593e-03 2.90744e-03
1.92500e+01 -1.40878e-03 2.86501e-03
1.93000e+01 -1.58855e-03 2.69704e-03
1.93500e+01 -1.63685e-03 2.44554e-03
1.94000e+01 -1.57979e-03 2.28460e-03
1.94500e+01 -1.46545e-03 2.41661e-03
1.95000e+01 -1.34146e-03 2.81462e-03
1.95500e+01 -1.23298e-03 3.25484e-03
1.96000e+01 -1.13095e-03 3.54960e-03
1.96500e+01 -9.96326e-04 3.62250e-03
1.97000e+01 -7.78868e-04 3.49178e-03
1.97500e+01 -4.42550e-04 3.23274e-03
1.98000e+01 1.30657e-05 2.93318e-03
1.98500e+01 5.44814e-04 2.65519e-03
1.99000e+01 1.07498e-03 2.42427e-03
1.99500e+01 1.51418e-03 2.25381e-03
2.00000e+01 1.78914e-03 2.17346e-03
