# k	<chi>	std	chi_median	chi_max	chi_min
0.000000e+00	5.632153e-02	2.950868e-01	0.000000e+00	7.086502e-01	-4.548669e-01
5.000000e-02	9.509249e-02	3.918684e-01	2.836299e-01	7.250815e-01	-4.498767e-01
1.000000e-01	8.709840e-02	3.829864e-01	2.681930e-01	7.038983e-01	-4.448578e-01
1.500000e-01	6.212462e-02	3.557879e-01	2.107717e-01	6.384691e-01	-4.340239e-01
2.000000e-01	3.584781e-02	3.278609e-01	1.519083e-01	5.701465e-01	-4.397130e-01
2.500000e-01	-1.007907e-02	2.805052e-01	5.268091e-02	4.513245e-01	-4.469954e-01
3.000000e-01	-5.826387e-02	2.326005e-01	-4.846231e-02	3.358415e-01	-4.520692e-01
3.500000e-01	-1.264932e-01	1.678347e-01	-1.380141e-01	1.974340e-01	-4.536293e-01
4.000000e-01	-1.954610e-01	1.101151e-01	-1.945988e-01	6.444007e-02	-4.500746e-01
4.500000e-01	-2.789716e-01	7.613474e-02	-2.680222e-01	-7.294182e-02	-5.032121e-01
5.000000e-01	-3.573116e-01	1.151903e-01	-3.559471e-01	-1.439238e-01	-6.570218e-01
5.500000e-01	-4.379653e-01	1.891792e-01	-4.584567e-01	-1.518652e-01	-8.105762e-01
6.000000e-01	-5.034803e-01	2.593157e-01	-5.151979e-01	-1.278111e-01	-9.509941e-01
6.500000e-01	-5.552098e-01	3.242982e-01	-6.126784e-01	-9.874241e-02	-1.074420e+00
7.000000e-01	-5.814668e-01	3.707116e-01	-7.094705e-01	-7.044523e-02	-1.164891e+00
7.500000e-01	-5.802450e-01	3.980136e-01	-7.620203e-01	-4.281892e-02	-1.197411e+00
8.000000e-01	-5.493758e-01	4.020089e-01	-7.492310e-01	-1.835306e-02	-1.162869e+00
8.500000e-01	-4.879058e-01	3.809768e-01	-6.878038e-01	1.528087e-02	-1.081373e+00
9.000000e-01	-4.050208e-01	3.400740e-01	-5.844486e-01	6.551555e-02	-9.645105e-01
9.500000e-01	-3.039250e-01	2.789849e-01	-4.365435e-01	9.588347e-02	-7.913048e-01
1.000000e+00	-2.024281e-01	2.097814e-01	-2.869034e-01	1.163330e-01	-5.834084e-01
1.050000e+00	-1.072675e-01	1.355052e-01	-1.267375e-01	1.501542e-01	-3.509228e-01
1.100000e+00	-3.620397e-02	7.426930e-02	-3.747294e-02	1.853894e-01	-1.755767e-01
1.150000e+00	5.485150e-03	5.415015e-02	3.507823e-04	1.823160e-01	-1.420372e-01
1.200000e+00	1.086250e-02	7.993153e-02	1.263724e-02	2.260122e-01	-2.007310e-01
1.250000e+00	-1.792711e-02	1.053040e-01	-6.203107e-03	2.340637e-01	-2.617494e-01
1.300000e+00	-7.164912e-02	1.173580e-01	-5.404566e-02	1.960785e-01	-3.180328e-01
1.350000e+00	-1.397562e-01	1.166691e-01	-1.246752e-01	1.195239e-01	-3.606085e-01
1.400000e+00	-2.027956e-01	1.087634e-01	-1.828949e-01	1.650245e-02	-3.897037e-01
1.450000e+00	-2.487980e-01	9.815292e-02	-2.455825e-01	-8.854360e-02	-4.277654e-01
1.500000e+00	-2.628566e-01	9.082944e-02	-2.603688e-01	-1.094694e-01	-4.430340e-01
1.550000e+00	-2.417884e-01	8.858492e-02	-2.246579e-01	-8.942433e-02	-4.129675e-01
1.600000e+00	-1.873017e-01	9.151111e-02	-1.617630e-01	-4.428431e-02	-3.408488e-01
1.650000e+00	-1.086952e-01	9.901930e-02	-7.747243e-02	4.282485e-02	-2.643861e-01
1.700000e+00	-2.221681e-02	1.067415e-01	2.837743e-02	1.518983e-01	-1.763092e-01
1.750000e+00	5.859334e-02	1.124129e-01	1.243599e-01	2.423360e-01	-1.012981e-01
1.800000e+00	1.178305e-01	1.095595e-01	1.740401e-01	2.955949e-01	-3.573778e-02
1.850000e+00	1.507740e-01	9.754510e-02	1.908413e-01	3.107329e-01	1.614956e-02
1.900000e+00	1.546156e-01	7.497545e-02	1.735105e-01	2.804358e-01	4.704393e-02
1.950000e+00	1.375547e-01	4.609593e-02	1.352764e-01	2.166185e-01	6.519087e-02
2.000000e+00	1.078338e-01	1.881640e-02	1.043057e-01	1.720365e-01	6.813621e-02
2.050000e+00	7.748883e-02	2.375460e-02	7.521650e-02	1.563571e-01	3.277921e-02
2.100000e+00	5.468035e-02	4.232436e-02	3.912450e-02	1.364449e-01	-1.444254e-02
2.150000e+00	4.326107e-02	5.084539e-02	1.385404e-02	1.164351e-01	-3.004836e-02
2.200000e+00	4.135898e-02	4.899223e-02	1.913424e-02	1.069406e-01	-2.475458e-02
2.250000e+00	4.437913e-02	4.317343e-02	2.609618e-02	1.085531e-01	-1.455478e-02
2.300000e+00	4.513817e-02	3.457480e-02	2.877633e-02	1.029624e-01	-5.125385e-03
2.350000e+00	4.049763e-02	2.614818e-02	2.994142e-02	8.858843e-02	-2.813902e-04
2.400000e+00	3.026827e-02	1.988163e-02	2.813667e-02	6.781236e-02	-3.905397e-03
2.450000e+00	2.142900e-02	1.552356e-02	2.477216e-02	5.130183e-02	-1.001409e-02
2.500000e+00	1.159421e-02	1.239824e-02	1.468198e-02	3.391839e-02	-1.696933e-02
2.550000e+00	2.223973e-03	1.031733e-02	3.997114e-03	2.092498e-02	-2.319645e-02
2.600000e+00	-5.325279e-03	8.895922e-03	-4.487012e-03	1.271825e-02	-2.667383e-02
2.650000e+00	-1.147361e-02	8.138718e-03	-1.199413e-02	6.675043e-03	-2.875917e-02
2.700000e+00	-1.534235e-02	7.667892e-03	-1.737090e-02	3.005907e-03	-2.857117e-02
2.750000e+00	-1.676399e-02	7.333037e-03	-1.975599e-02	1.495919e-03	-2.882805e-02
2.800000e+00	-1.601502e-02	6.977114e-03	-1.885426e-02	1.025176e-03	-2.644474e-02
2.850000e+00	-1.479183e-02	6.544700e-03	-1.663246e-02	1.369126e-03	-2.666914e-02
2.900000e+00	-1.222514e-02	5.814595e-03	-1.307333e-02	2.224714e-03	-2.471794e-02
2.950000e+00	-8.989391e-03	5.064605e-03	-8.825794e-03	2.558280e-03	-2.104257e-02
3.000000e+00	-5.690169e-03	4.810393e-03	-4.032039e-03	2.164616e-03	-1.667717e-02
3.050000e+00	-3.041092e-03	5.007456e-03	-2.632249e-03	7.507964e-03	-1.499723e-02
3.100000e+00	-9.762813e-04	5.897507e-03	-1.486641e-03	1.212070e-02	-1.603819e-02
3.150000e+00	4.695595e-04	6.807565e-03	-7.732417e-04	1.511516e-02	-1.593300e-02
3.200000e+00	1.415656e-03	7.221191e-03	-2.162244e-04	1.827564e-02	-1.443920e-02
3.250000e+00	1.592223e-03	6.638935e-03	-1.323808e-04	1.876725e-02	-1.233887e-02
3.300000e+00	1.776745e-03	5.317348e-03	6.208572e-04	1.692375e-02	-8.745214e-03
3.350000e+00	2.228133e-03	3.774885e-03	1.955645e-03	1.320488e-02	-6.437581e-03
3.400000e+00	3.022126e-03	3.452412e-03	2.861607e-03	1.143192e-02	-8.333792e-03
3.450000e+00	3.875414e-03	5.169268e-03	2.436212e-03	1.581921e-02	-1.010620e-02
3.500000e+00	4.883676e-03	7.060109e-03	4.184779e-03	1.851556e-02	-9.148677e-03
3.550000e+00	5.871708e-03	8.006814e-03	5.999373e-03	2.083673e-02	-1.082935e-02
3.600000e+00	6.713866e-03	7.651405e-03	7.398890e-03	2.093822e-02	-1.063724e-02
3.650000e+00	7.399872e-03	6.240199e-03	8.403237e-03	2.330458e-02	-8.633364e-03
3.700000e+00	7.868047e-03	4.841785e-03	7.810840e-03	2.436937e-02	-3.718514e-03
3.750000e+00	8.105147e-03	5.735583e-03	8.202254e-03	2.409810e-02	-3.344392e-03
3.800000e+00	8.028105e-03	8.306909e-03	1.121356e-02	2.244395e-02	-9.037077e-03
3.850000e+00	7.609668e-03	1.068266e-02	1.216622e-02	2.305877e-02	-1.351936e-02
3.900000e+00	6.307409e-03	1.170947e-02	9.769580e-03	2.583417e-02	-1.651167e-02
3.950000e+00	3.910686e-03	1.102463e-02	5.082209e-03	2.423637e-02	-1.669079e-02
4.000000e+00	4.266155e-04	8.853066e-03	-6.698762e-04	1.870551e-02	-1.528750e-02
4.050000e+00	-3.957610e-03	6.144376e-03	-5.707177e-03	1.113581e-02	-1.621935e-02
4.100000e+00	-8.785122e-03	4.677888e-03	-8.354758e-03	1.206065e-03	-2.610200e-02
4.150000e+00	-1.315567e-02	6.002736e-03	-1.389361e-02	-6.948893e-04	-3.215895e-02
4.200000e+00	-1.614389e-02	8.046756e-03	-1.856641e-02	1.768295e-03	-3.301975e-02
4.250000e+00	-1.742461e-02	9.332998e-03	-2.043507e-02	3.235585e-03	-3.433579e-02
4.300000e+00	-1.648408e-02	9.591759e-03	-1.886855e-02	3.883799e-03	-3.476183e-02
4.350000e+00	-1.354993e-02	9.084308e-03	-1.450673e-02	4.292822e-03	-3.257981e-02
4.400000e+00	-9.358528e-03	8.340388e-03	-9.381928e-03	5.483151e-03	-2.852096e-02
4.450000e+00	-5.178144e-03	7.907799e-03	-5.094542e-03	1.380704e-02	-2.382794e-02
4.500000e+00	-1.672707e-03	8.157006e-03	-1.583746e-03	2.172356e-02	-1.959536e-02
4.550000e+00	5.158152e-04	9.196839e-03	-1.307290e-04	2.666782e-02	-1.674872e-02
4.600000e+00	1.272197e-03	1.092116e-02	3.117124e-06	2.896953e-02	-1.720610e-02
4.650000e+00	9.788985e-04	1.303497e-02	-4.656148e-04	2.961657e-02	-1.961586e-02
4.700000e+00	5.336294e-04	1.512837e-02	-4.033229e-04	3.095349e-02	-2.276715e-02
4.750000e+00	8.647405e-04	1.661030e-02	-3.746215e-04	3.370456e-02	-2.388746e-02
4.800000e+00	2.675218e-03	1.690460e-02	-1.317945e-03	3.482414e-02	-2.351095e-02
4.850000e+00	6.061039e-03	1.574382e-02	3.142675e-03	3.415821e-02	-2.105107e-02
4.900000e+00	1.075500e-02	1.318772e-02	1.069190e-02	3.157889e-02	-1.523574e-02
4.950000e+00	1.592019e-02	1.032506e-02	1.781075e-02	3.700472e-02	-1.135446e-02
5.000000e+00	2.047725e-02	9.969104e-03	2.032340e-02	5.140273e-02	-5.673037e-03
5.050000e+00	2.337702e-02	1.354919e-02	2.192965e-02	6.222865e-02	-6.661536e-03
5.100000e+00	2.411994e-02	1.862981e-02	2.194224e-02	6.815471e-02	-1.632353e-02
5.150000e+00	2.262643e-02	2.321587e-02	2.055679e-02	6.940682e-02	-2.382073e-02
5.200000e+00	1.931293e-02	2.645417e-02	1.834186e-02	6.506507e-02	-3.001681e-02
5.250000e+00	1.487567e-02	2.813645e-02	1.602438e-02	5.509085e-02	-3.231883e-02
5.300000e+00	1.011472e-02	2.854400e-02	1.289596e-02	5.245437e-02	-3.675423e-02
5.350000e+00	5.552005e-03	2.807000e-02	9.354416e-03	4.810194e-02	-4.028563e-02
5.400000e+00	1.335970e-03	2.694491e-02	6.110964e-05	4.500490e-02	-4.011605e-02
5.450000e+00	-2.729256e-03	2.501793e-02	-6.324514e-03	3.951855e-02	-3.903485e-02
5.500000e+00	-6.981408e-03	2.217665e-02	-1.242085e-02	3.601504e-02	-4.014289e-02
5.550000e+00	-1.173095e-02	1.827775e-02	-1.622705e-02	2.907778e-02	-4.092529e-02
5.600000e+00	-1.698572e-02	1.355705e-02	-1.864656e-02	1.880064e-02	-4.222831e-02
5.650000e+00	-2.224609e-02	9.232922e-03	-2.260400e-02	5.894371e-03	-4.306463e-02
5.700000e+00	-2.674991e-02	8.859966e-03	-2.664444e-02	9.516448e-04	-4.757182e-02
5.750000e+00	-2.955664e-02	1.305381e-02	-2.905818e-02	3.064962e-03	-5.790681e-02
5.800000e+00	-2.985556e-02	1.806524e-02	-2.948337e-02	4.073994e-03	-6.641923e-02
5.850000e+00	-2.712781e-02	2.188957e-02	-2.476697e-02	1.066958e-02	-6.838281e-02
5.900000e+00	-2.169804e-02	2.383385e-02	-1.754250e-02	1.732820e-02	-6.282740e-02
5.950000e+00	-1.434842e-02	2.386457e-02	-7.177137e-03	2.259302e-02	-5.512496e-02
6.000000e+00	-6.251763e-03	2.249035e-02	-1.006361e-03	2.846213e-02	-4.457462e-02
6.050000e+00	1.348573e-03	2.046262e-02	1.266654e-03	3.532635e-02	-3.295355e-02
6.100000e+00	7.330280e-03	1.862199e-02	4.572951e-03	4.107067e-02	-2.435868e-02
6.150000e+00	1.113410e-02	1.737053e-02	9.996845e-03	4.475894e-02	-2.043604e-02
6.200000e+00	1.276304e-02	1.675452e-02	1.159275e-02	4.429259e-02	-1.857009e-02
6.250000e+00	1.270515e-02	1.661892e-02	1.064053e-02	4.687953e-02	-1.963041e-02
6.300000e+00	1.173059e-02	1.657731e-02	9.122217e-03	4.910609e-02	-1.997196e-02
6.350000e+00	1.063545e-02	1.604716e-02	5.995517e-03	4.856432e-02	-1.806778e-02
6.400000e+00	1.001334e-02	1.471456e-02	6.086579e-03	4.811025e-02	-1.374234e-02
6.450000e+00	1.011796e-02	1.329905e-02	8.285437e-03	4.493798e-02	-1.447911e-02
6.500000e+00	1.084370e-02	1.376998e-02	1.295279e-02	3.769567e-02	-2.114070e-02
6.550000e+00	1.182284e-02	1.694995e-02	1.410076e-02	4.912792e-02	-2.430012e-02
6.600000e+00	1.251768e-02	2.099225e-02	1.037759e-02	5.978390e-02	-2.832946e-02
6.650000e+00	1.245534e-02	2.383513e-02	8.543858e-03	6.499555e-02	-3.067329e-02
6.700000e+00	1.132915e-02	2.454800e-02	8.454963e-03	6.360392e-02	-3.551455e-02
6.750000e+00	9.056046e-03	2.343665e-02	6.948849e-03	6.691218e-02	-4.008733e-02
6.800000e+00	5.771113e-03	2.180287e-02	6.550172e-03	7.158295e-02	-4.062413e-02
6.850000e+00	1.778959e-03	2.101045e-02	2.106347e-03	7.164913e-02	-4.254211e-02
6.900000e+00	-2.512617e-03	2.107689e-02	-3.739708e-03	6.616540e-02	-4.704323e-02
6.950000e+00	-6.656878e-03	2.071204e-02	-1.142379e-02	5.465015e-02	-5.020211e-02
7.000000e+00	-1.022207e-02	1.887780e-02	-1.541908e-02	3.686366e-02	-5.076608e-02
7.050000e+00	-1.281607e-02	1.586851e-02	-1.565085e-02	2.824365e-02	-4.746854e-02
7.100000e+00	-1.417419e-02	1.398820e-02	-1.353760e-02	2.710961e-02	-4.160811e-02
7.150000e+00	-1.417922e-02	1.557878e-02	-1.328120e-02	2.351501e-02	-4.254569e-02
7.200000e+00	-1.288898e-02	1.923453e-02	-1.395299e-02	3.917871e-02	-6.102408e-02
7.250000e+00	-1.054601e-02	2.215138e-02	-1.417763e-02	5.264961e-02	-7.505682e-02
7.300000e+00	-7.550618e-03	2.289245e-02	-9.618769e-03	5.875970e-02	-7.950385e-02
7.350000e+00	-4.391086e-03	2.144012e-02	-4.018240e-03	5.589258e-02	-7.423592e-02
7.400000e+00	-1.540993e-03	1.903032e-02	1.915077e-03	4.496727e-02	-6.049560e-02
7.450000e+00	6.499027e-04	1.776404e-02	2.663555e-03	3.129069e-02	-4.874196e-02
7.500000e+00	2.036083e-03	1.890344e-02	1.898821e-04	3.986493e-02	-4.055162e-02
7.550000e+00	2.678737e-03	2.130646e-02	-1.974034e-03	4.876426e-02	-4.294988e-02
7.600000e+00	2.839055e-03	2.321869e-02	-1.332032e-03	5.293788e-02	-4.342100e-02
7.650000e+00	2.851902e-03	2.372188e-02	-2.967601e-04	5.237946e-02	-3.866474e-02
7.700000e+00	2.989533e-03	2.277938e-02	3.607244e-04	4.786947e-02	-3.331467e-02
7.750000e+00	3.358514e-03	2.078843e-02	4.324740e-04	4.253344e-02	-3.350986e-02
7.800000e+00	3.866497e-03	1.816700e-02	1.858539e-03	3.997464e-02	-3.072411e-02
7.850000e+00	4.274806e-03	1.519884e-02	5.123283e-03	3.644207e-02	-2.789781e-02
7.900000e+00	4.318677e-03	1.227421e-02	5.649731e-03	3.343047e-02	-2.521003e-02
7.950000e+00	3.847457e-03	1.038012e-02	5.167366e-03	3.180336e-02	-2.637754e-02
8.000000e+00	2.924870e-03	1.081650e-02	2.523934e-03	3.946382e-02	-2.818138e-02
8.050000e+00	1.824231e-03	1.324166e-02	1.813477e-03	4.392440e-02	-2.844991e-02
8.100000e+00	9.989603e-04	1.607359e-02	1.535540e-03	4.447311e-02	-2.896462e-02
8.150000e+00	8.350544e-04	1.820294e-02	1.294187e-03	4.211281e-02	-3.616731e-02
8.200000e+00	1.486140e-03	1.916310e-02	1.194607e-03	4.253546e-02	-4.060926e-02
8.250000e+00	2.754396e-03	1.892584e-02	2.893442e-03	4.295444e-02	-3.990698e-02
8.300000e+00	4.097780e-03	1.778590e-02	4.387127e-03	4.374065e-02	-3.464104e-02
8.350000e+00	4.778816e-03	1.625776e-02	4.042414e-03	4.192068e-02	-2.954999e-02
8.400000e+00	4.116341e-03	1.486648e-02	3.785920e-03	3.845575e-02	-4.112945e-02
8.450000e+00	1.757709e-03	1.382475e-02	2.651923e-03	3.244046e-02	-5.621801e-02
8.500000e+00	-2.127609e-03	1.291057e-02	-1.775405e-03	3.054962e-02	-6.500199e-02
8.550000e+00	-6.821700e-03	1.179743e-02	-7.713175e-03	2.348502e-02	-6.408202e-02
8.600000e+00	-1.116717e-02	1.060982e-02	-1.170715e-02	1.765079e-02	-5.413983e-02
8.650000e+00	-1.393023e-02	9.984620e-03	-1.330263e-02	1.389231e-02	-4.205233e-02
8.700000e+00	-1.416661e-02	1.041706e-02	-1.432133e-02	1.606023e-02	-4.124831e-02
8.750000e+00	-1.153512e-02	1.147174e-02	-1.224406e-02	1.986037e-02	-4.514990e-02
8.800000e+00	-6.440356e-03	1.225740e-02	-6.599754e-03	3.115350e-02	-4.310891e-02
8.850000e+00	4.899594e-05	1.222399e-02	-5.827467e-06	4.048592e-02	-3.621485e-02
8.900000e+00	6.486190e-03	1.142882e-02	6.026817e-03	4.243040e-02	-2.633943e-02
8.950000e+00	1.144907e-02	1.063197e-02	1.195818e-02	4.019474e-02	-1.564919e-02
9.000000e+00	1.393294e-02	1.106755e-02	1.473148e-02	4.011063e-02	-1.598377e-02
9.050000e+00	1.359561e-02	1.315973e-02	1.439745e-02	4.177275e-02	-2.580601e-02
9.100000e+00	1.083958e-02	1.583466e-02	1.260875e-02	4.690312e-02	-3.649220e-02
9.150000e+00	6.641182e-03	1.771743e-02	8.800021e-03	4.907283e-02	-4.802017e-02
9.200000e+00	2.209961e-03	1.787596e-02	4.431730e-03	4.645430e-02	-5.347890e-02
9.250000e+00	-1.385398e-03	1.605676e-02	-3.687726e-04	4.067660e-02	-4.903835e-02
9.300000e+00	-3.510387e-03	1.289782e-02	-4.387959e-03	3.258336e-02	-3.521278e-02
9.350000e+00	-4.089080e-03	1.021924e-02	-4.005398e-03	2.448103e-02	-2.637921e-02
9.400000e+00	-3.534255e-03	1.028854e-02	-3.514597e-03	2.269972e-02	-2.476014e-02
9.450000e+00	-2.525676e-03	1.240612e-02	-3.356993e-03	4.146192e-02	-2.569537e-02
9.500000e+00	-1.727771e-03	1.421343e-02	-3.021879e-03	5.570979e-02	-2.623245e-02
9.550000e+00	-1.563906e-03	1.475072e-02	-2.780753e-03	6.053901e-02	-3.054894e-02
9.600000e+00	-2.069370e-03	1.430654e-02	-3.344109e-03	5.586621e-02	-3.409014e-02
9.650000e+00	-2.952843e-03	1.375750e-02	-3.514917e-03	4.404352e-02	-4.037040e-02
9.700000e+00	-3.757526e-03	1.374434e-02	-3.465018e-03	2.894180e-02	-4.246406e-02
9.750000e+00	-4.076134e-03	1.416658e-02	-4.540359e-03	2.591101e-02	-4.005485e-02
9.800000e+00	-3.724987e-03	1.455498e-02	-4.914045e-03	3.019981e-02	-3.393348e-02
9.850000e+00	-2.810294e-03	1.457670e-02	-4.498908e-03	3.595006e-02	-3.240378e-02
9.900000e+00	-1.666505e-03	1.403663e-02	-1.672983e-03	3.716012e-02	-3.225179e-02
9.950000e+00	-6.987210e-04	1.274720e-02	-3.230683e-05	3.299202e-02	-3.110438e-02
1.000000e+01	-1.984066e-04	1.069266e-02	-3.124282e-04	2.335730e-02	-3.507925e-02
1.005000e+01	-1.981466e-04	8.545854e-03	4.424088e-04	2.186470e-02	-3.337603e-02
1.010000e+01	-4.686226e-04	8.118889e-03	-1.216487e-03	1.985483e-02	-2.669172e-02
1.015000e+01	-6.010333e-04	1.020287e-02	1.856949e-04	2.541658e-02	-2.441458e-02
1.020000e+01	-1.855511e-04	1.298939e-02	2.273905e-03	3.289464e-02	-3.259715e-02
1.025000e+01	1.001946e-03	1.492633e-02	3.939028e-03	3.684708e-02	-3.558403e-02
1.030000e+01	2.878681e-03	1.544157e-02	5.865994e-03	3.779146e-02	-3.323908e-02
1.035000e+01	5.049490e-03	1.461738e-02	7.685906e-03	4.073510e-02	-3.252612e-02
1.040000e+01	6.922808e-03	1.290616e-02	8.498777e-03	4.088377e-02	-2.888290e-02
1.045000e+01	7.907608e-03	1.090613e-02	8.693892e-03	3.729869e-02	-2.163791e-02
1.050000e+01	7.620124e-03	9.285145e-03	8.456193e-03	3.048352e-02	-1.818412e-02
1.055000e+01	6.025319e-03	8.720222e-03	6.563116e-03	2.668028e-02	-1.767148e-02
1.060000e+01	3.461775e-03	9.357424e-03	3.685120e-03	2.605806e-02	-1.635638e-02
1.065000e+01	5.407483e-04	1.045727e-02	2.584362e-04	2.410173e-02	-2.632765e-02
1.070000e+01	-2.045268e-03	1.111527e-02	-3.016396e-03	2.279546e-02	-3.072726e-02
1.075000e+01	-3.738117e-03	1.088897e-02	-4.895637e-03	2.170062e-02	-2.895573e-02
1.080000e+01	-4.280470e-03	9.986626e-03	-4.501018e-03	2.106336e-02	-2.813867e-02
1.085000e+01	-3.779031e-03	9.215462e-03	-3.732317e-03	1.969755e-02	-3.643759e-02
1.090000e+01	-2.647289e-03	9.356969e-03	-2.590175e-03	2.158956e-02	-4.125950e-02
1.095000e+01	-1.452111e-03	1.017386e-02	-1.973509e-03	2.600182e-02	-4.132246e-02
1.100000e+01	-7.196190e-04	1.073777e-02	-8.832473e-04	3.019489e-02	-3.619421e-02
1.105000e+01	-7.715862e-04	1.045786e-02	-1.868682e-04	2.742853e-02	-2.696228e-02
1.110000e+01	-1.624266e-03	9.402368e-03	-1.333023e-03	2.101652e-02	-2.629115e-02
1.115000e+01	-3.009258e-03	8.422122e-03	-3.256214e-03	1.976742e-02	-2.607668e-02
1.120000e+01	-4.474456e-03	8.739846e-03	-4.574501e-03	2.051631e-02	-2.234465e-02
1.125000e+01	-5.536860e-03	1.043385e-02	-5.883936e-03	2.189581e-02	-2.845964e-02
1.130000e+01	-5.831722e-03	1.230594e-02	-7.479153e-03	3.062514e-02	-3.154940e-02
1.135000e+01	-5.211473e-03	1.326490e-02	-7.709519e-03	3.496619e-02	-3.094205e-02
1.140000e+01	-3.769235e-03	1.276762e-02	-6.902019e-03	3.347628e-02	-2.715853e-02
1.145000e+01	-1.788852e-03	1.085636e-02	-3.696072e-03	2.666174e-02	-2.301200e-02
1.150000e+01	3.534480e-04	8.293824e-03	-3.428986e-04	1.972404e-02	-1.820229e-02
1.155000e+01	2.298844e-03	6.855150e-03	2.797752e-03	1.735198e-02	-1.485969e-02
1.160000e+01	3.792305e-03	7.975251e-03	4.379323e-03	2.449421e-02	-1.955809e-02
1.165000e+01	4.723806e-03	1.016027e-02	5.438691e-03	3.010291e-02	-2.244115e-02
1.170000e+01	5.120752e-03	1.177856e-02	7.167744e-03	3.157017e-02	-2.814101e-02
1.175000e+01	5.103988e-03	1.234614e-02	7.442015e-03	3.048840e-02	-2.928460e-02
1.180000e+01	4.828679e-03	1.203429e-02	6.482154e-03	3.043486e-02	-2.741723e-02
1.185000e+01	4.431389e-03	1.125911e-02	5.561664e-03	3.079342e-02	-2.426274e-02
1.190000e+01	3.997634e-03	1.034332e-02	4.761949e-03	2.827455e-02	-2.361200e-02
1.195000e+01	3.554190e-03	9.369797e-03	3.895163e-03	2.933496e-02	-2.275472e-02
1.200000e+01	3.081523e-03	8.322623e-03	3.632353e-03	2.872181e-02	-1.888974e-02
1.205000e+01	2.525073e-03	7.302860e-03	2.909406e-03	2.468236e-02	-1.772646e-02
1.210000e+01	1.850271e-03	6.517241e-03	1.873011e-03	1.769571e-02	-1.411313e-02
1.215000e+01	1.038810e-03	6.157207e-03	1.050512e-03	1.774521e-02	-1.300733e-02
1.220000e+01	1.013826e-04	6.297994e-03	-8.898613e-05	1.581115e-02	-1.464033e-02
1.225000e+01	-9.196055e-04	6.962884e-03	-7.893746e-04	1.789048e-02	-1.974893e-02
1.230000e+01	-1.953869e-03	8.050174e-03	-2.043704e-03	2.109280e-02	-2.231523e-02
1.235000e+01	-2.912786e-03	9.223630e-03	-3.553239e-03	2.134488e-02	-2.450645e-02
1.240000e+01	-3.703920e-03	1.004508e-02	-4.014774e-03	2.202744e-02	-3.016533e-02
1.245000e+01	-4.248885e-03	1.021133e-02	-4.398532e-03	2.289769e-02	-3.296558e-02
1.250000e+01	-4.501184e-03	9.711134e-03	-4.448951e-03	1.996369e-02	-3.156703e-02
1.255000e+01	-4.458844e-03	8.849331e-03	-4.548958e-03	1.781141e-02	-2.647718e-02
1.260000e+01	-4.166469e-03	8.097657e-03	-4.526872e-03	2.104144e-02	-2.310777e-02
1.265000e+01	-3.703541e-03	7.752350e-03	-4.306645e-03	2.315352e-02	-2.003306e-02
1.270000e+01	-3.160344e-03	7.680455e-03	-3.474255e-03	2.332202e-02	-2.142566e-02
1.275000e+01	-2.608219e-03	7.535345e-03	-2.535994e-03	2.430924e-02	-2.207973e-02
1.280000e+01	-2.074642e-03	7.117061e-03	-1.795346e-03	2.424958e-02	-2.106218e-02
1.285000e+01	-1.533673e-03	6.486434e-03	-1.376810e-03	2.087628e-02	-1.847197e-02
1.290000e+01	-9.178830e-04	5.916067e-03	-2.499335e-04	1.458499e-02	-1.919881e-02
1.295000e+01	-1.500957e-04	5.770274e-03	1.281064e-04	1.495240e-02	-1.916390e-02
1.300000e+01	8.150757e-04	6.257029e-03	1.173028e-03	1.561348e-02	-1.709839e-02
1.305000e+01	1.965720e-03	7.260001e-03	2.226658e-03	2.012507e-02	-2.023313e-02
1.310000e+01	3.186906e-03	8.424728e-03	2.853058e-03	2.218334e-02	-2.303428e-02
1.315000e+01	4.305660e-03	9.416586e-03	4.726246e-03	2.326450e-02	-2.418721e-02
1.320000e+01	5.122520e-03	9.991359e-03	6.114064e-03	2.667421e-02	-2.266389e-02
1.325000e+01	5.468427e-03	1.000494e-02	6.100253e-03	2.807629e-02	-2.113990e-02
1.330000e+01	5.258343e-03	9.417137e-03	4.740300e-03	2.760225e-02	-1.773502e-02
1.335000e+01	4.522192e-03	8.305284e-03	3.600930e-03	2.510045e-02	-1.402048e-02
1.340000e+01	3.400847e-03	6.884941e-03	2.400555e-03	2.030206e-02	-1.321868e-02
1.345000e+01	2.107169e-03	5.515277e-03	1.424292e-03	1.737104e-02	-1.075368e-02
1.350000e+01	8.648895e-04	4.612623e-03	5.527075e-04	1.619407e-02	-1.223659e-02
1.355000e+01	-1.535526e-04	4.349990e-03	-3.067332e-04	1.358476e-02	-1.207410e-02
1.360000e+01	-8.687248e-04	4.485860e-03	-9.722850e-04	1.240520e-02	-1.072631e-02
1.365000e+01	-1.301800e-03	4.777977e-03	-1.461030e-03	1.299928e-02	-1.317416e-02
1.370000e+01	-1.547389e-03	5.237547e-03	-1.432858e-03	1.325204e-02	-1.448166e-02
1.375000e+01	-1.724032e-03	5.903433e-03	-1.361971e-03	1.273763e-02	-1.784709e-02
1.380000e+01	-1.922683e-03	6.629649e-03	-1.305404e-03	1.222181e-02	-2.136997e-02
1.385000e+01	-2.173222e-03	7.172117e-03	-1.860993e-03	1.090575e-02	-2.279545e-02
1.390000e+01	-2.440786e-03	7.371475e-03	-2.368448e-03	1.153665e-02	-2.178377e-02
1.395000e+01	-2.650938e-03	7.231707e-03	-2.898889e-03	1.164924e-02	-2.084311e-02
1.400000e+01	-2.730855e-03	6.883346e-03	-2.664725e-03	1.228095e-02	-1.870448e-02
1.405000e+01	-2.661213e-03	6.506110e-03	-2.874449e-03	1.313004e-02	-1.866505e-02
1.410000e+01	-2.437896e-03	6.139170e-03	-2.428817e-03	1.289642e-02	-1.695572e-02
1.415000e+01	-2.132141e-03	5.762062e-03	-1.735437e-03	1.167833e-02	-1.701908e-02
1.420000e+01	-1.834952e-03	5.319652e-03	-1.292405e-03	1.178821e-02	-1.783324e-02
1.425000e+01	-1.612223e-03	4.803525e-03	-1.067954e-03	1.076332e-02	-1.724802e-02
1.430000e+01	-1.468034e-03	4.321195e-03	-1.395402e-03	1.083969e-02	-1.623210e-02
1.435000e+01	-1.333120e-03	4.124604e-03	-1.319669e-03	1.064918e-02	-1.380163e-02
1.440000e+01	-1.085676e-03	4.448696e-03	-7.817031e-04	1.275474e-02	-1.246208e-02
1.445000e+01	-5.986090e-04	5.212347e-03	-2.995133e-04	1.375376e-02	-1.263538e-02
1.450000e+01	2.037555e-04	6.095170e-03	5.208008e-04	1.440437e-02	-1.530375e-02
1.455000e+01	1.301318e-03	6.817781e-03	1.293889e-03	1.633962e-02	-1.580930e-02
1.460000e+01	2.564502e-03	7.244184e-03	2.641941e-03	1.710765e-02	-1.524994e-02
1.465000e+01	3.778839e-03	7.362996e-03	4.261894e-03	1.831222e-02	-1.363542e-02
1.470000e+01	4.701536e-03	7.224288e-03	5.559713e-03	1.837730e-02	-1.122592e-02
1.475000e+01	5.131708e-03	6.878228e-03	6.197712e-03	1.949041e-02	-1.067973e-02
1.480000e+01	4.970429e-03	6.363348e-03	5.817528e-03	1.926701e-02	-1.285407e-02
1.485000e+01	4.249913e-03	5.747864e-03	4.321851e-03	1.747405e-02	-1.373305e-02
1.490000e+01	3.121952e-03	5.161489e-03	3.071903e-03	1.581780e-02	-1.305781e-02
1.495000e+01	1.810195e-03	4.742476e-03	1.443558e-03	1.381664e-02	-1.084927e-02
1.500000e+01	5.434899e-04	4.520940e-03	1.954420e-04	1.249622e-02	-1.218117e-02
1.505000e+01	-4.993464e-04	4.418434e-03	-8.292090e-04	1.159596e-02	-1.282275e-02
1.510000e+01	-1.251052e-03	4.383371e-03	-1.220786e-03	9.721914e-03	-1.205072e-02
1.515000e+01	-1.731097e-03	4.521058e-03	-1.806226e-03	8.828583e-03	-1.268874e-02
1.520000e+01	-2.024013e-03	4.945346e-03	-2.245317e-03	1.004390e-02	-1.543849e-02
1.525000e+01	-2.231865e-03	5.567772e-03	-2.347182e-03	1.256704e-02	-1.636142e-02
1.530000e+01	-2.428349e-03	6.144714e-03	-2.635572e-03	1.456400e-02	-1.573236e-02
1.535000e+01	-2.631184e-03	6.470209e-03	-2.571908e-03	1.483336e-02	-1.635835e-02
1.540000e+01	-2.801182e-03	6.476831e-03	-2.927255e-03	1.275906e-02	-1.662984e-02
1.545000e+01	-2.865609e-03	6.225647e-03	-2.843719e-03	1.089995e-02	-1.597564e-02
1.550000e+01	-2.754535e-03	5.828994e-03	-3.082109e-03	1.031601e-02	-1.416121e-02
1.555000e+01	-2.434822e-03	5.359260e-03	-3.239412e-03	9.850749e-03	-1.242379e-02
1.560000e+01	-1.928544e-03	4.818359e-03	-2.577982e-03	1.146358e-02	-1.284229e-02
1.565000e+01	-1.309516e-03	4.206113e-03	-1.404839e-03	1.114496e-02	-1.220235e-02
1.570000e+01	-6.802950e-04	3.638486e-03	-5.824382e-04	9.807300e-03	-1.020609e-02
1.575000e+01	-1.391247e-04	3.398705e-03	3.527017e-05	7.709751e-03	-9.957184e-03
1.580000e+01	2.507347e-04	3.702638e-03	4.219813e-04	1.013571e-02	-1.060269e-02
1.585000e+01	4.786839e-04	4.374345e-03	5.767643e-04	1.204427e-02	-1.176645e-02
1.590000e+01	5.863108e-04	5.063037e-03	5.941638e-04	1.298496e-02	-1.261364e-02
1.595000e+01	6.502978e-04	5.522038e-03	6.935233e-04	1.270491e-02	-1.277932e-02
1.600000e+01	7.555792e-04	5.639603e-03	7.192177e-04	1.408832e-02	-1.349107e-02
1.605000e+01	9.806055e-04	5.425735e-03	8.689504e-04	1.409491e-02	-1.234848e-02
1.610000e+01	1.340992e-03	4.936022e-03	1.384150e-03	1.345665e-02	-1.003683e-02
1.615000e+01	1.810647e-03	4.313972e-03	1.992500e-03	1.337399e-02	-9.095438e-03
1.620000e+01	2.321782e-03	3.766478e-03	2.342895e-03	1.253478e-02	-7.025271e-03
1.625000e+01	2.780588e-03	3.489699e-03	2.843008e-03	1.130187e-02	-5.889332e-03
1.630000e+01	3.087485e-03	3.502932e-03	2.948194e-03	1.521404e-02	-4.762640e-03
1.635000e+01	3.157181e-03	3.620467e-03	2.929090e-03	1.680857e-02	-4.726965e-03
1.640000e+01	2.935104e-03	3.661228e-03	2.749931e-03	1.588666e-02	-5.767813e-03
1.645000e+01	2.408237e-03	3.608307e-03	2.200788e-03	1.297677e-02	-5.549570e-03
1.650000e+01	1.609378e-03	3.612646e-03	1.442470e-03	1.083453e-02	-7.109218e-03
1.655000e+01	6.143313e-04	3.846567e-03	5.119086e-04	1.039623e-02	-8.719556e-03
1.660000e+01	-4.680498e-04	4.297793e-03	-3.445068e-04	1.056751e-02	-1.024954e-02
1.665000e+01	-1.512283e-03	4.777123e-03	-1.290130e-03	8.897076e-03	-1.222833e-02
1.670000e+01	-2.397016e-03	5.092285e-03	-2.250598e-03	8.772151e-03	-1.432131e-02
1.675000e+01	-3.026343e-03	5.149388e-03	-2.906397e-03	7.951845e-03	-1.574055e-02
1.680000e+01	-3.346793e-03	4.966030e-03	-3.671086e-03	7.751532e-03	-1.623676e-02
1.685000e+01	-3.355309e-03	4.645293e-03	-3.674839e-03	9.076175e-03	-1.571045e-02
1.690000e+01	-3.095575e-03	4.323135e-03	-3.404615e-03	9.148050e-03	-1.421327e-02
1.695000e+01	-2.643385e-03	4.090022e-03	-3.000684e-03	7.874745e-03	-1.265929e-02
1.700000e+01	-2.085403e-03	3.929122e-03	-2.179439e-03	6.445316e-03	-1.209770e-02
1.705000e+01	-1.497540e-03	3.739111e-03	-1.441187e-03	7.549263e-03	-1.065555e-02
1.710000e+01	-9.360529e-04	3.462435e-03	-9.159660e-04	8.283812e-03	-1.071885e-02
1.715000e+01	-4.236320e-04	3.158996e-03	-3.085243e-04	7.826062e-03	-9.591277e-03
1.720000e+01	3.769667e-05	3.026979e-03	2.790707e-04	6.648034e-03	-8.974303e-03
1.725000e+01	4.521179e-04	3.229931e-03	6.079907e-04	8.032905e-03	-9.261102e-03
1.730000e+01	8.165370e-04	3.668292e-03	6.548135e-04	1.075498e-02	-1.066282e-02
1.735000e+01	1.114582e-03	4.089323e-03	6.776580e-04	1.227287e-02	-1.172861e-02
1.740000e+01	1.321153e-03	4.307793e-03	9.166307e-04	1.238144e-02	-1.077552e-02
1.745000e+01	1.415608e-03	4.268081e-03	1.050119e-03	1.176776e-02	-7.955666e-03
1.750000e+01	1.397341e-03	4.019140e-03	1.010183e-03	1.271261e-02	-7.776694e-03
1.755000e+01	1.295718e-03	3.662841e-03	9.827941e-04	1.288511e-02	-7.640180e-03
1.760000e+01	1.168059e-03	3.301868e-03	1.067486e-03	1.126759e-02	-7.242771e-03
1.765000e+01	1.084090e-03	3.011740e-03	1.052503e-03	9.903825e-03	-7.048899e-03
1.770000e+01	1.101167e-03	2.838242e-03	1.064267e-03	1.050149e-02	-5.762160e-03
1.775000e+01	1.239145e-03	2.787889e-03	8.032483e-04	1.007021e-02	-4.989242e-03
1.780000e+01	1.465119e-03	2.810195e-03	1.021994e-03	8.730166e-03	-5.269800e-03
1.785000e+01	1.695447e-03	2.825913e-03	1.470724e-03	9.726068e-03	-5.546609e-03
1.790000e+01	1.816527e-03	2.803432e-03	1.687364e-03	1.036332e-02	-6.017625e-03
1.795000e+01	1.718814e-03	2.815739e-03	1.777884e-03	1.054679e-02	-6.571707e-03
1.800000e+01	1.333277e-03	2.998587e-03	1.415679e-03	9.620661e-03	-7.467291e-03
1.805000e+01	6.490943e-04	3.401922e-03	8.628403e-04	1.008227e-02	-9.624243e-03
1.810000e+01	-2.569916e-04	3.894895e-03	1.463961e-04	1.032071e-02	-1.063986e-02
1.815000e+01	-1.247902e-03	4.283274e-03	-6.427135e-04	8.804611e-03	-1.392388e-02
1.820000e+01	-2.158304e-03	4.427101e-03	-1.301085e-03	7.597258e-03	-1.581765e-02
1.825000e+01	-2.836780e-03	4.287964e-03	-1.934026e-03	6.651282e-03	-1.557005e-02
1.830000e+01	-3.182765e-03	3.935667e-03	-2.419164e-03	6.952792e-03	-1.330523e-02
1.835000e+01	-3.167101e-03	3.526901e-03	-2.714530e-03	6.071711e-03	-1.178687e-02
1.840000e+01	-2.831103e-03	3.238923e-03	-2.650358e-03	5.873340e-03	-1.271763e-02
1.845000e+01	-2.266533e-03	3.152737e-03	-1.983859e-03	6.864020e-03	-1.297714e-02
1.850000e+01	-1.585014e-03	3.198587e-03	-1.439040e-03	6.734197e-03	-1.190043e-02
1.855000e+01	-8.880223e-04	3.261165e-03	-9.729139e-04	8.074403e-03	-9.685926e-03
1.860000e+01	-2.469194e-04	3.294292e-03	-4.844362e-04	9.333236e-03	-8.681128e-03
1.865000e+01	3.024149e-04	3.325981e-03	-3.863458e-05	9.985523e-03	-8.356166e-03
1.870000e+01	7.518606e-04	3.391030e-03	4.891191e-04	1.036530e-02	-7.260896e-03
1.875000e+01	1.106437e-03	3.469848e-03	9.045631e-04	9.902703e-03	-7.135833e-03
1.880000e+01	1.370638e-03	3.493953e-03	1.351852e-03	9.495789e-03	-7.596416e-03
1.885000e+01	1.541795e-03	3.399327e-03	1.387865e-03	9.861046e-03	-7.844066e-03
1.890000e+01	1.612445e-03	3.168896e-03	1.240891e-03	9.791834e-03	-7.092564e-03
1.895000e+01	1.579125e-03	2.841745e-03	1.178879e-03	9.235487e-03	-5.480764e-03
1.900000e+01	1.452048e-03	2.497294e-03	1.285337e-03	8.231698e-03	-5.386291e-03
1.905000e+01	1.263712e-03	2.226953e-03	1.308809e-03	7.121589e-03	-4.906824e-03
1.910000e+01	1.055589e-03	2.084717e-03	1.144759e-03	7.653702e-03	-5.458446e-03
1.915000e+01	8.728680e-04	2.067345e-03	9.471420e-04	7.757587e-03	-4.877408e-03
1.920000e+01	7.482882e-04	2.125461e-03	7.078427e-04	6.918829e-03	-4.615184e-03
1.925000e+01	6.893755e-04	2.205187e-03	6.654895e-04	7.218424e-03	-5.278457e-03
1.930000e+01	6.733208e-04	2.276666e-03	8.808037e-04	7.289640e-03	-6.863708e-03
1.935000e+01	6.522244e-04	2.340024e-03	7.412774e-04	7.232903e-03	-7.836002e-03
1.940000e+01	5.675976e-04	2.414146e-03	7.335195e-04	7.205207e-03	-8.193050e-03
1.945000e+01	3.695755e-04	2.514024e-03	5.314980e-04	6.348685e-03	-8.091569e-03
1.950000e+01	3.456962e-05	2.633880e-03	1.771897e-04	7.031287e-03	-7.879433e-03
1.955000e+01	-4.243528e-04	2.752574e-03	-2.112445e-04	6.584738e-03	-8.698285e-03
1.960000e+01	-9.575562e-04	2.852312e-03	-6.524095e-04	6.222853e-03	-9.028300e-03
1.965000e+01	-1.489136e-03	2.927326e-03	-1.022045e-03	5.850808e-03	-1.032561e-02
1.970000e+01	-1.934085e-03	2.974398e-03	-1.549028e-03	4.872321e-03	-1.051998e-02
1.975000e+01	-2.217246e-03	2.979442e-03	-1.904588e-03	5.788826e-03	-1.050370e-02
1.980000e+01	-2.289045e-03	2.920328e-03	-2.047488e-03	6.560328e-03	-1.037741e-02
1.985000e+01	-2.134496e-03	2.789652e-03	-2.093305e-03	6.091104e-03	-9.809718e-03
1.990000e+01	-1.774259e-03	2.621610e-03	-1.737814e-03	6.358193e-03	-9.652974e-03
1.995000e+01	-1.258655e-03	2.498302e-03	-1.153441e-03	7.120367e-03	-8.575218e-03
2.000000e+01	-6.569230e-04	2.507077e-03	-7.277064e-04	7.186028e-03	-6.994905e-03
