# # k	<chi>	std
0.000000000000000000e+00 -3.060751288006418602e-01 6.018353123534732341e-02
5.000000000000000278e-02 -3.034787434800005901e-01 5.883731156502813864e-02
1.000000000000000056e-01 -3.005671344200000483e-01 5.820611501442671948e-02
1.499999999999999944e-01 -2.919299566600001006e-01 5.630724153246857017e-02
2.000000000000000111e-01 -2.833270954399997876e-01 5.438602095058658881e-02
2.500000000000000000e-01 -2.694797560599992980e-01 5.125984093361390936e-02
2.999999999999999889e-01 -2.559222147400005976e-01 4.822111475693924981e-02
3.499999999999999778e-01 -2.383493805600002402e-01 4.439640787896659974e-02
4.000000000000000222e-01 -2.216682635319995875e-01 4.114552517256641478e-02
4.500000000000000111e-01 -2.028899066880004154e-01 3.816014398336541741e-02
5.000000000000000000e-01 -1.857245815699994362e-01 3.654910181620765752e-02
5.500000000000000444e-01 -1.683522840159996647e-01 3.619925801527874160e-02
5.999999999999999778e-01 -1.528964509400003446e-01 3.703645731154774773e-02
6.500000000000000222e-01 -1.381959230399999461e-01 3.843172408687282188e-02
6.999999999999999556e-01 -1.249117893889998138e-01 3.954272521142960378e-02
7.500000000000000000e-01 -1.120768185838000169e-01 3.983643839627992039e-02
8.000000000000000444e-01 -9.981415273007980538e-02 3.896240675345775950e-02
8.499999999999999778e-01 -8.744721839950428399e-02 3.687313957022041871e-02
9.000000000000000222e-01 -7.587809939912176782e-02 3.394625140210045383e-02
9.499999999999999556e-01 -6.524444003389195945e-02 3.047275453290256009e-02
1.000000000000000000e+00 -5.785232916247219637e-02 2.705709824444671799e-02
1.050000000000000044e+00 -5.476213952741212226e-02 2.391820790826083495e-02
1.100000000000000089e+00 -5.830261554072001251e-02 2.148610160199168617e-02
1.149999999999999911e+00 -6.943465539879978277e-02 1.999269489070262459e-02
1.199999999999999956e+00 -8.767536709599989264e-02 1.981884031196910409e-02
1.250000000000000000e+00 -1.121361409599997555e-01 2.103589096730569541e-02
1.300000000000000044e+00 -1.378620216720001512e-01 2.290478843880874513e-02
1.350000000000000089e+00 -1.616330641420000991e-01 2.482523155684976390e-02
1.399999999999999911e+00 -1.762104091800003880e-01 2.583697006125451959e-02
1.449999999999999956e+00 -1.781432350380001972e-01 2.582172217962686034e-02
1.500000000000000000e+00 -1.632300302099999878e-01 2.464677151516065853e-02
1.550000000000000044e+00 -1.311448712279997542e-01 2.279442401612712457e-02
1.600000000000000089e+00 -8.482129927399992275e-02 2.063868691427330967e-02
1.649999999999999911e+00 -2.821082287794458854e-02 1.863163509376378202e-02
1.699999999999999956e+00 2.984353319931438639e-02 1.677553053169937233e-02
1.750000000000000000e+00 8.404910890199997209e-02 1.507115110211413797e-02
1.800000000000000044e+00 1.255766782679999527e-01 1.324350165724055492e-02
1.850000000000000089e+00 1.526691072399997684e-01 1.146902547498660288e-02
1.899999999999999911e+00 1.616996038199999819e-01 9.864706586113715717e-03
1.949999999999999956e+00 1.564145930000002960e-01 8.867571660261851577e-03
2.000000000000000000e+00 1.385612263999995430e-01 8.454259975793913112e-03
2.049999999999999822e+00 1.148518121960001720e-01 8.684785970263769056e-03
2.100000000000000089e+00 8.818596060400001047e-02 8.926421550228160265e-03
2.149999999999999911e+00 6.342987256399994223e-02 8.935745535820131466e-03
2.200000000000000178e+00 4.348593738000008924e-02 8.686660103121003618e-03
2.250000000000000000e+00 2.966035559920011944e-02 8.568982863111399353e-03
2.299999999999999822e+00 2.029576470586594295e-02 8.170266440702407540e-03
2.350000000000000089e+00 1.350083688849497247e-02 7.401435059608467079e-03
2.399999999999999911e+00 7.554370635359586479e-03 6.310122485804397184e-03
2.450000000000000178e+00 2.642231089319395290e-03 5.405702553329838622e-03
2.500000000000000000e+00 -1.827467614998996544e-03 4.440220246999073903e-03
2.549999999999999822e+00 -5.751899721230710992e-03 3.557868838014390574e-03
2.600000000000000089e+00 -8.861109822863989446e-03 2.898823963583900629e-03
2.649999999999999911e+00 -1.209692771508001467e-02 2.655979601233939957e-03
2.700000000000000178e+00 -1.438141149540002502e-02 2.694534127012778064e-03
2.750000000000000000e+00 -1.554006575999998530e-02 2.893955445697282605e-03
2.799999999999999822e+00 -1.551676121859997363e-02 3.106198645302570612e-03
2.850000000000000089e+00 -1.532216984960000153e-02 3.357270130603170078e-03
2.899999999999999911e+00 -1.396093073340001420e-02 3.475710759203917092e-03
2.950000000000000178e+00 -1.181056528762001838e-02 3.422684168594697721e-03
3.000000000000000000e+00 -9.332331915940015807e-03 3.209483146843201615e-03
3.049999999999999822e+00 -6.917089320742012340e-03 2.895594506754884181e-03
3.100000000000000089e+00 -4.807575054188008810e-03 2.561870792474784091e-03
3.149999999999999911e+00 -3.311721566499598209e-03 2.367059572262202385e-03
3.200000000000000178e+00 -2.527032685555200952e-03 2.407787677104231399e-03
3.250000000000000000e+00 -2.043483293640437504e-03 2.556218235392726437e-03
3.299999999999999822e+00 -1.732051717351600940e-03 2.755233966752100843e-03
3.350000000000000089e+00 -1.341858421045002492e-03 2.888641575925744547e-03
3.399999999999999911e+00 -6.761959344447612472e-04 2.916722867080810428e-03
3.450000000000000178e+00 7.216142017979990803e-04 2.838927361643456704e-03
3.500000000000000000e+00 2.407122789281918290e-03 2.739641998775627866e-03
3.549999999999999822e+00 4.072681544064980438e-03 2.641908394922143702e-03
3.600000000000000089e+00 5.360131596177916680e-03 2.526435428884847394e-03
3.649999999999999911e+00 6.213982245475005613e-03 2.360399706603315793e-03
3.700000000000000178e+00 6.087364285920001707e-03 2.124336386153068829e-03
3.750000000000000000e+00 4.950702085625803724e-03 1.869694386617718829e-03
3.799999999999999822e+00 2.968953077004001136e-03 1.713558247574539220e-03
3.850000000000000089e+00 5.452330900556407898e-04 1.820404193476462575e-03
3.899999999999999911e+00 -2.118745697170396937e-03 2.160724400737135901e-03
3.950000000000000178e+00 -4.612389254610921481e-03 2.622361741808749546e-03
4.000000000000000000e+00 -6.617452160258005880e-03 3.110560577748835813e-03
4.049999999999999822e+00 -8.101873336780007415e-03 3.555419665377503730e-03
4.099999999999999645e+00 -9.046235348301798554e-03 3.894885997377528063e-03
4.150000000000000355e+00 -9.526385298795960258e-03 4.113037959457764049e-03
4.200000000000000178e+00 -9.674580699602362485e-03 4.234779607579621311e-03
4.250000000000000000e+00 -9.937763107604004331e-03 4.331434447988638699e-03
4.299999999999999822e+00 -9.998639743223389220e-03 4.495417920176723696e-03
4.349999999999999645e+00 -9.659683559926017515e-03 4.741636558141679170e-03
4.400000000000000355e+00 -8.589059138199586774e-03 4.982547900464109891e-03
4.450000000000000178e+00 -6.611880680665400446e-03 5.103766730984142172e-03
4.500000000000000000e+00 -3.176853274010796140e-03 4.979285720514412851e-03
4.549999999999999822e+00 1.859336031768004521e-03 4.620058316745460393e-03
4.599999999999999645e+00 8.315970985318063904e-03 4.218739037345628322e-03
4.650000000000000355e+00 1.551110599599998634e-02 4.134713690000129879e-03
4.700000000000000178e+00 2.283524514560001176e-02 4.561932318545076047e-03
4.750000000000000000e+00 2.924745831999992982e-02 5.361675404972016633e-03
4.799999999999999822e+00 3.369039158800003070e-02 6.196044661472586285e-03
4.849999999999999645e+00 3.544970893000005951e-02 6.775991690501830499e-03
4.900000000000000355e+00 3.404654137919990720e-02 6.998025284509902348e-03
4.950000000000000178e+00 2.948562655460006121e-02 6.854945582994855825e-03
5.000000000000000000e+00 2.225561675303605255e-02 6.453417014691200000e-03
5.049999999999999822e+00 1.327178437858521007e-02 5.987848055643910962e-03
5.099999999999999645e+00 3.489459936237616390e-03 5.664662340232093363e-03
5.150000000000000355e+00 -6.130787803914390308e-03 5.583687725971364126e-03
5.200000000000000178e+00 -1.485924254875302560e-02 5.701720991823149183e-03
5.250000000000000000e+00 -2.224675466120000500e-02 5.922314037183777462e-03
5.299999999999999822e+00 -2.823373574600003544e-02 6.247752604069467704e-03
5.349999999999999645e+00 -3.293054326999994563e-02 6.743190621630555659e-03
5.400000000000000355e+00 -3.648839418599992418e-02 7.410347848538317156e-03
5.450000000000000178e+00 -3.880132652559997036e-02 8.062124642321963353e-03
5.500000000000000000e+00 -3.983726532500003747e-02 8.459552105661004642e-03
5.549999999999999822e+00 -3.927478468920002352e-02 8.368367095664424118e-03
5.599999999999999645e+00 -3.671804898939996092e-02 7.725468779126646972e-03
5.650000000000000355e+00 -3.173764440160005418e-02 6.757369575260334209e-03
5.700000000000000178e+00 -2.445006987809996216e-02 6.170935893837074457e-03
5.750000000000000000e+00 -1.517356393367201399e-02 6.705138270893682730e-03
5.799999999999999822e+00 -4.572642109357591585e-03 8.185528744745236909e-03
5.849999999999999645e+00 6.477570122491090390e-03 9.780831819068967412e-03
5.900000000000000355e+00 1.692461069651740591e-02 1.086470730626563387e-02
5.950000000000000178e+00 2.593503051329767647e-02 1.111815864140452623e-02
6.000000000000000000e+00 3.294894619015999865e-02 1.049787158754052034e-02
6.049999999999999822e+00 3.762924344019991790e-02 9.169142963879987895e-03
6.099999999999999645e+00 4.004449279399986683e-02 7.703822690349742576e-03
6.150000000000000355e+00 4.041391614659997633e-02 6.905505178894301432e-03
6.200000000000000178e+00 3.898808620159997795e-02 7.323611847327617629e-03
6.250000000000000000e+00 3.595586530599996500e-02 8.534078550627575283e-03
6.299999999999999822e+00 3.142401642680007351e-02 9.743268445978397682e-03
6.349999999999999645e+00 2.546996600112403503e-02 1.047279773056090761e-02
6.400000000000000355e+00 1.823655377097543537e-02 1.060736401642010072e-02
6.450000000000000178e+00 1.001971752675604420e-02 1.031449975558618171e-02
6.500000000000000000e+00 1.302957137689195752e-03 9.947578719369380360e-03
6.549999999999999822e+00 -7.390153988850923020e-03 9.843653791447016382e-03
6.599999999999999645e+00 -1.521887024472176435e-02 1.020127440484548849e-02
6.650000000000000355e+00 -2.161589468521678617e-02 1.089673394461866326e-02
6.700000000000000178e+00 -2.625779736411220852e-02 1.166343515713377452e-02
6.750000000000000000e+00 -2.911485333425410313e-02 1.224003895170116228e-02
6.799999999999999822e+00 -3.040715589075002057e-02 1.241499024011834609e-02
6.849999999999999645e+00 -3.048240819375800520e-02 1.203811447254715152e-02
6.900000000000000355e+00 -2.966144556139999403e-02 1.106696074748036648e-02
6.950000000000000178e+00 -2.811072160327997282e-02 9.670891314301289024e-03
7.000000000000000000e+00 -2.579131380779997942e-02 8.392674589081532827e-03
7.049999999999999822e+00 -2.242935401694000699e-02 8.136562318279720249e-03
7.099999999999999645e+00 -1.786690115539199195e-02 9.371761956476381758e-03
7.150000000000000355e+00 -1.200411195243199745e-02 1.139710447462645784e-02
7.200000000000000178e+00 -5.000497045476007957e-03 1.328740495833825343e-02
7.250000000000000000e+00 2.676722670147993824e-03 1.447786929506183866e-02
7.299999999999999822e+00 1.031256424410759674e-02 1.476686226461575505e-02
7.349999999999999645e+00 1.709690681703597212e-02 1.423272796970686573e-02
7.400000000000000355e+00 2.232024338083594614e-02 1.312280534410841665e-02
7.450000000000000178e+00 2.554712000667004948e-02 1.171671260783746157e-02
7.500000000000000000e+00 2.670953292597800025e-02 1.022492884720381696e-02
7.549999999999999822e+00 2.601156101040599453e-02 8.784151687482045709e-03
7.599999999999999645e+00 2.405997374403198025e-02 7.663165963022348058e-03
7.650000000000000355e+00 2.144372096285400778e-02 7.293323125339951953e-03
7.700000000000000178e+00 1.862645528539606105e-02 8.015233072831313976e-03
7.750000000000000000e+00 1.583188006058167466e-02 9.671977570375193262e-03
7.799999999999999822e+00 1.302490486886537756e-02 1.178859490528783721e-02
7.849999999999999645e+00 9.987559673074653324e-03 1.385490260158064001e-02
7.900000000000000355e+00 6.456377463410370963e-03 1.535713726781783722e-02
7.950000000000000178e+00 2.269203152356595674e-03 1.582140588711336560e-02
8.000000000000000000e+00 -2.530385134789799127e-03 1.497177944832638226e-02
8.050000000000000711e+00 -7.666405628520803379e-03 1.293128757298182135e-02
8.099999999999999645e+00 -1.264143653456614724e-02 1.060495181047271980e-02
8.150000000000000355e+00 -1.693722262698195077e-02 9.590039147245366796e-03
8.199999999999999289e+00 -2.011475366949461163e-02 1.063716642275813751e-02
8.250000000000000000e+00 -2.191860803716200526e-02 1.233836939507570660e-02
8.300000000000000711e+00 -2.231847370375860881e-02 1.318580633034079769e-02
8.349999999999999645e+00 -2.147921965872201522e-02 1.264499854653507692e-02
8.400000000000000355e+00 -1.967636786015438191e-02 1.101616755601762115e-02
8.449999999999999289e+00 -1.719169649563553892e-02 9.185681779819394183e-03
8.500000000000000000e+00 -1.422808764319398456e-02 8.140973469630309600e-03
8.550000000000000711e+00 -1.084663891247716026e-02 8.068192793607254637e-03
8.599999999999999645e+00 -7.074669420333697112e-03 8.349121077551702186e-03
8.650000000000000355e+00 -2.877385305658506417e-03 8.623199042475005946e-03
8.699999999999999289e+00 1.721219496946604704e-03 9.037553260102233407e-03
8.750000000000000000e+00 6.564228265092397763e-03 9.662213026445305372e-03
8.800000000000000711e+00 1.133425142193719010e-02 1.014913085947938449e-02
8.849999999999999645e+00 1.558777200806960028e-02 1.005025413359128886e-02
8.900000000000000355e+00 1.884432031883367595e-02 9.244574281794881027e-03
8.949999999999999289e+00 2.070309716117346710e-02 8.100019904977698651e-03
9.000000000000000000e+00 2.094889439556994401e-02 7.314676087586849222e-03
9.050000000000000711e+00 1.962443310526199025e-02 7.311964247100957541e-03
9.099999999999999645e+00 1.697943969183805454e-02 7.773970348343550892e-03
9.150000000000000355e+00 1.344877176530521329e-02 8.233013316316983854e-03
9.199999999999999289e+00 9.523697858801586508e-03 8.587957899855757846e-03
9.250000000000000000e+00 5.629083167974695788e-03 8.927261732054244184e-03
9.300000000000000711e+00 2.031288033987191117e-03 9.190926254431054654e-03
9.349999999999999645e+00 -1.193069705180800633e-03 9.174593923736738127e-03
9.400000000000000355e+00 -4.117970303177591850e-03 8.852216728892510142e-03
9.449999999999999289e+00 -6.873853999779002723e-03 8.606557118836911588e-03
9.500000000000000000e+00 -9.534388614096020106e-03 8.951909624950651206e-03
9.550000000000000711e+00 -1.205216580118361608e-02 9.832528322140455038e-03
9.599999999999999645e+00 -1.416667331725461089e-02 1.054969344692037458e-02
9.650000000000000355e+00 -1.551371515515397731e-02 1.047668747810823545e-02
9.699999999999999289e+00 -1.571940055061399333e-02 9.505874151840463041e-03
9.750000000000000000e+00 -1.454263872033622305e-02 8.199146937157175685e-03
9.800000000000000711e+00 -1.199463271449599522e-02 7.626164068149763123e-03
9.849999999999999645e+00 -8.387929107480996890e-03 8.295447861354866836e-03
9.900000000000000355e+00 -4.289686201921806552e-03 9.416413511751516377e-03
9.949999999999999289e+00 -3.866506614072393543e-04 1.008326025045924029e-02
1.000000000000000000e+01 2.698655680305947751e-03 9.998136786064990358e-03
1.005000000000000071e+01 4.592396399053597783e-03 9.369267839617412622e-03
1.009999999999999964e+01 5.239311075453405644e-03 8.635654247808235290e-03
1.015000000000000036e+01 4.939186715311599807e-03 8.135352791378842874e-03
1.019999999999999929e+01 4.230856029495785008e-03 7.918636456624137537e-03
1.025000000000000000e+01 3.708622039662200567e-03 7.867663742323340384e-03
1.030000000000000071e+01 3.822936576697202448e-03 7.874597103682356644e-03
1.034999999999999964e+01 4.732105581978390298e-03 7.829155671018399668e-03
1.040000000000000036e+01 6.254452947915390033e-03 7.581575526044698372e-03
1.044999999999999929e+01 7.935552688978218458e-03 7.069165205928728581e-03
1.050000000000000000e+01 9.205328334566964879e-03 6.517432499595342613e-03
1.055000000000000071e+01 9.569386391679793671e-03 6.422777181416576379e-03
1.059999999999999964e+01 8.768760436761200566e-03 7.010919513966335642e-03
1.065000000000000036e+01 6.855604352536192464e-03 7.852995213358044541e-03
1.069999999999999929e+01 4.163857849172852670e-03 8.381670062275279470e-03
1.075000000000000000e+01 1.191506501768000142e-03 8.382657354173071035e-03
1.080000000000000071e+01 -1.559149801268801651e-03 8.073280597080022963e-03
1.084999999999999964e+01 -3.725367924811586514e-03 7.886970309319913525e-03
1.090000000000000036e+01 -5.164308986568813022e-03 8.011679404145943123e-03
1.094999999999999929e+01 -5.949020839367195716e-03 8.161457228281376874e-03
1.100000000000000000e+01 -6.291639259878047813e-03 7.936843231336997151e-03
1.105000000000000071e+01 -6.438263259560578385e-03 7.245772368848811887e-03
1.109999999999999964e+01 -6.547049779983606446e-03 6.409822079874033518e-03
1.115000000000000036e+01 -6.654873001828892458e-03 5.957717770685826315e-03
1.119999999999999929e+01 -6.674405859946596145e-03 6.036296256968809101e-03
1.125000000000000000e+01 -6.453527348318397264e-03 6.229928637632940400e-03
1.130000000000000071e+01 -5.855805203868050431e-03 6.163995913618808449e-03
1.134999999999999964e+01 -4.825657256255600630e-03 5.892198932536261285e-03
1.140000000000000036e+01 -3.412362760003599498e-03 5.773935534464999172e-03
1.144999999999999929e+01 -1.747701895375874080e-03 6.013206065979331480e-03
1.150000000000000000e+01 6.917904692460077751e-06 6.374327688511931440e-03
1.155000000000000071e+01 1.715666792909798823e-03 6.509685508593889523e-03
1.159999999999999964e+01 3.299044608667597335e-03 6.333249705888104909e-03
1.165000000000000036e+01 4.727211359832601476e-03 6.067646174408815839e-03
1.169999999999999929e+01 5.982399613817392971e-03 6.009722430463246105e-03
1.175000000000000000e+01 7.012902739802985910e-03 6.180600096650445095e-03
1.180000000000000071e+01 7.706243550736992243e-03 6.303099069281065635e-03
1.184999999999999964e+01 7.900905913046799359e-03 6.127339273578940627e-03
1.190000000000000036e+01 7.438030203458019518e-03 5.664234129129134231e-03
1.194999999999999929e+01 6.234721373952802244e-03 5.213619112827974460e-03
1.200000000000000000e+01 4.348005449104803098e-03 5.175454106668838164e-03
1.205000000000000071e+01 1.985334158297927341e-03 5.661200592167398363e-03
1.209999999999999964e+01 -4.939346323975394096e-04 6.356711392724958588e-03
1.215000000000000036e+01 -2.678019042602718027e-03 6.931249257580054078e-03
1.219999999999999929e+01 -4.217922313573204546e-03 7.227818177993034811e-03
1.225000000000000000e+01 -4.926618909869213622e-03 7.241616661858029519e-03
1.230000000000000071e+01 -4.828440621611023754e-03 7.042727465846482411e-03
1.234999999999999964e+01 -4.140373086792934962e-03 6.707635858010002443e-03
1.240000000000000036e+01 -3.192195786852329489e-03 6.285965854509721791e-03
1.244999999999999929e+01 -2.314954770041581424e-03 5.811958276693801433e-03
1.250000000000000000e+01 -1.738204024895582045e-03 5.344566559574282991e-03
1.255000000000000071e+01 -1.531627784597256337e-03 4.997581128936592378e-03
1.259999999999999964e+01 -1.608343790435199858e-03 4.905281739646794384e-03
1.265000000000000036e+01 -1.783045392526039262e-03 5.104127591949617765e-03
1.269999999999999929e+01 -1.857960673964001008e-03 5.458027991641040827e-03
1.275000000000000000e+01 -1.701227320917196931e-03 5.743109368760549588e-03
1.280000000000000071e+01 -1.288441527518396782e-03 5.780499635746420492e-03
1.284999999999999964e+01 -6.955170669582012334e-04 5.513541670125888215e-03
1.290000000000000036e+01 -5.182844636219994069e-05 5.031381941415955308e-03
1.294999999999999929e+01 5.218983406429996167e-04 4.539193730977216651e-03
1.300000000000000000e+01 9.624545804981994883e-04 4.244248544869970267e-03
1.305000000000000071e+01 1.287418599184398738e-03 4.202320837307098496e-03
1.309999999999999964e+01 1.549515112088699440e-03 4.272825251348521050e-03
1.315000000000000036e+01 1.817648744489682843e-03 4.329884270458133309e-03
1.319999999999999929e+01 2.122401311642859844e-03 4.356397061961860689e-03
1.325000000000000000e+01 2.431346259300621801e-03 4.398739955036742866e-03
1.330000000000000071e+01 2.658415579284968428e-03 4.480906192332887242e-03
1.334999999999999964e+01 2.702879355924001255e-03 4.582633834649974154e-03
1.340000000000000036e+01 2.499259160886598951e-03 4.681015645021405387e-03
1.344999999999999929e+01 2.054024946081203177e-03 4.776680708034971960e-03
1.350000000000000000e+01 1.450692874014155491e-03 4.874972363668774768e-03
1.355000000000000071e+01 8.193500735409197126e-04 4.965659843597433100e-03
1.359999999999999964e+01 2.831905528535596486e-04 5.032869798011075334e-03
1.365000000000000036e+01 -9.415337559019976111e-05 5.067046770759067210e-03
1.369999999999999929e+01 -3.360262089178005511e-04 5.047985087436090111e-03
1.375000000000000000e+01 -5.408667091398662759e-04 4.926947766076591149e-03
1.380000000000000071e+01 -8.341160043331441757e-04 4.657727762080201422e-03
1.384999999999999964e+01 -1.303451133526503181e-03 4.270488206012422634e-03
1.390000000000000036e+01 -1.945380057870002653e-03 3.919091006877590058e-03
1.394999999999999929e+01 -2.647838935970144719e-03 3.799276127638404488e-03
1.400000000000000000e+01 -3.219246579261189622e-03 3.931731397787779220e-03
1.405000000000000071e+01 -3.470994162903266213e-03 4.132622200364287519e-03
1.409999999999999964e+01 -3.243175837110001593e-03 4.200312184884624420e-03
1.415000000000000036e+01 -2.518757055562203650e-03 4.102650491332129716e-03
1.419999999999999929e+01 -1.428708912792799783e-03 3.945134794394267695e-03
1.425000000000000000e+01 -2.175104113106000230e-04 3.842218529575063598e-03
1.430000000000000071e+01 8.342330363419986176e-04 3.796285160133948140e-03
1.434999999999999964e+01 1.502041603977477373e-03 3.726222288878037331e-03
1.440000000000000036e+01 1.690657857219259258e-03 3.594664017965377469e-03
1.444999999999999929e+01 1.461177087596220343e-03 3.461965866422880931e-03
1.450000000000000000e+01 1.002889032967294990e-03 3.416005747491732743e-03
1.455000000000000071e+01 5.612849683438375170e-04 3.465980483824355595e-03
1.459999999999999964e+01 3.496064299808590505e-04 3.542068988572970225e-03
1.465000000000000036e+01 4.763768885018810988e-04 3.589293774024841094e-03
1.469999999999999929e+01 9.140097691986014301e-04 3.619466323415026967e-03
1.475000000000000000e+01 1.517174621756169376e-03 3.680749674557939107e-03
1.480000000000000071e+01 2.080854550008014864e-03 3.799062423271088503e-03
1.484999999999999964e+01 2.414234821917002251e-03 3.954155301330054655e-03
1.490000000000000036e+01 2.402687641309014712e-03 4.097921294581786077e-03
1.494999999999999929e+01 2.036961859928402251e-03 4.178151616974019357e-03
1.500000000000000000e+01 1.402828801309801343e-03 4.152740192599887678e-03
1.505000000000000071e+01 6.407820290534007495e-04 4.013134574532702462e-03
1.509999999999999964e+01 -1.115823644296001478e-04 3.775601195584979593e-03
1.515000000000000036e+01 -7.576355598831018955e-04 3.512623247361167447e-03
1.519999999999999929e+01 -1.261937616881518391e-03 3.316093710768329601e-03
1.525000000000000000e+01 -1.639992427792991625e-03 3.245095430709997106e-03
1.530000000000000071e+01 -1.928666101760476452e-03 3.290097951573658485e-03
1.534999999999999964e+01 -2.153431428875861395e-03 3.390555936980660552e-03
1.540000000000000036e+01 -2.308077743781981276e-03 3.476621002284826026e-03
1.544999999999999929e+01 -2.355280642798402574e-03 3.496331794197181635e-03
1.550000000000000000e+01 -2.246143222690181324e-03 3.432336016218445231e-03
1.555000000000000071e+01 -1.948212880921195746e-03 3.313621421624437721e-03
1.559999999999999964e+01 -1.468182794609196318e-03 3.204138414325770345e-03
1.565000000000000036e+01 -8.585690408696989000e-04 3.153265307121708855e-03
1.569999999999999929e+01 -2.053185684027192758e-04 3.145624935237402355e-03
1.575000000000000000e+01 3.981340824845995747e-04 3.118041992331841480e-03
1.580000000000000071e+01 8.792047761669203069e-04 3.029043915263374132e-03
1.584999999999999964e+01 1.205301503495402691e-03 2.902344086380101700e-03
1.590000000000000036e+01 1.386782891209697869e-03 2.806028182706980963e-03
1.594999999999999929e+01 1.464021174582098806e-03 2.787850789421142308e-03
1.600000000000000000e+01 1.485432161505799474e-03 2.837581580005682415e-03
1.605000000000000071e+01 1.492449188301994949e-03 2.922311038001289968e-03
1.610000000000000142e+01 1.489198331858194958e-03 3.022992031182106330e-03
1.614999999999999858e+01 1.462667215013180614e-03 3.129177266490434667e-03
1.619999999999999929e+01 1.386860507613258678e-03 3.208333555610126762e-03
1.625000000000000000e+01 1.238369340802196808e-03 3.216704011370293513e-03
1.630000000000000071e+01 1.008777540188479866e-03 3.145225298198336874e-03
1.635000000000000142e+01 7.086866836298404918e-04 3.047223932669291136e-03
1.639999999999999858e+01 3.626652758877997726e-04 3.003510019485972331e-03
1.644999999999999929e+01 -1.151509858380108874e-06 3.038428937348337973e-03
1.650000000000000000e+01 -3.608392136046001050e-04 3.087596019960581542e-03
1.655000000000000071e+01 -7.047241420494189910e-04 3.068699448334912417e-03
1.660000000000000142e+01 -1.027950996258783284e-03 2.963280235881088961e-03
1.664999999999999858e+01 -1.323982678838478942e-03 2.831616566255003731e-03
1.669999999999999929e+01 -1.576269569709197720e-03 2.756616392775270569e-03
1.675000000000000000e+01 -1.755460046025801579e-03 2.763785517907575272e-03
1.680000000000000071e+01 -1.824890238155095490e-03 2.808411058919660624e-03
1.685000000000000142e+01 -1.752951795609661257e-03 2.839527650665054498e-03
1.689999999999999858e+01 -1.527277878726122961e-03 2.843643289350406347e-03
1.694999999999999929e+01 -1.164286159267396417e-03 2.827525113948404535e-03
1.700000000000000000e+01 -7.092016237956395072e-04 2.785315830460279550e-03
1.705000000000000071e+01 -2.213102955368000905e-04 2.700050423976073713e-03
1.710000000000000142e+01 2.337796794829603072e-04 2.590838993738183577e-03
1.714999999999999858e+01 6.043174079166269575e-04 2.525248369856535058e-03
1.719999999999999929e+01 8.673864720131973464e-04 2.572679312685245776e-03
1.725000000000000000e+01 1.030596457685919922e-03 2.716152135597677941e-03
1.730000000000000071e+01 1.122652268710016719e-03 2.852248794665843915e-03
1.735000000000000142e+01 1.177315176678840137e-03 2.882491345640666742e-03
1.739999999999999858e+01 1.217741714270782327e-03 2.783925845060718045e-03
1.744999999999999929e+01 1.247578270261178943e-03 2.621933473950543211e-03
1.750000000000000000e+01 1.251881874405059254e-03 2.507639295946083920e-03
1.755000000000000071e+01 1.206492780590180582e-03 2.506373909528935781e-03
1.760000000000000142e+01 1.090913837468665808e-03 2.578699082602519278e-03
1.764999999999999858e+01 8.986029893898815190e-04 2.636671738865139798e-03
1.769999999999999929e+01 6.402552986769000001e-04 2.629717206495920355e-03
1.775000000000000000e+01 3.392444075133193063e-04 2.567630798728300946e-03
1.780000000000000071e+01 2.216281562679999842e-05 2.491558000240886358e-03
1.785000000000000142e+01 -2.904257713306009786e-04 2.433160309041929818e-03
1.789999999999999858e+01 -5.883078592646588190e-04 2.398355880217464906e-03
1.794999999999999929e+01 -8.690169921058004147e-04 2.382392006485124607e-03
1.800000000000000000e+01 -1.129988674176381344e-03 2.384529910334761815e-03
1.805000000000000071e+01 -1.364816834331140233e-03 2.402960621753854990e-03
1.810000000000000142e+01 -1.545638984828604304e-03 2.418473989951597670e-03
1.814999999999999858e+01 -1.637404980594602119e-03 2.412647614879337519e-03
1.819999999999999929e+01 -1.606222642800963314e-03 2.388937383040033550e-03
1.825000000000000000e+01 -1.433289356455796654e-03 2.374127396911306954e-03
1.830000000000000071e+01 -1.125673517521613015e-03 2.386519338365917023e-03
1.835000000000000142e+01 -7.186483425744612111e-04 2.405751622819872308e-03
1.839999999999999858e+01 -2.676742487413596755e-04 2.388696644003450442e-03
1.844999999999999929e+01 1.674036407519402449e-04 2.316590735212212173e-03
1.850000000000000000e+01 5.398263830522608952e-04 2.221954694095177544e-03
1.855000000000000071e+01 8.279643158932280689e-04 2.164943523155484547e-03
1.860000000000000142e+01 1.036960683764601761e-03 2.171996453662546154e-03
1.864999999999999858e+01 1.189389235454937563e-03 2.207979252093152881e-03
1.869999999999999929e+01 1.309104766884401855e-03 2.223145377835920693e-03
1.875000000000000000e+01 1.405515311519801250e-03 2.208357699176949612e-03
1.880000000000000071e+01 1.465451221227801479e-03 2.196179659854454857e-03
1.885000000000000142e+01 1.456602120099937791e-03 2.214242411176645196e-03
1.889999999999999858e+01 1.341468349649407692e-03 2.245913857684777790e-03
1.894999999999999929e+01 1.096081033232881126e-03 2.247273359759316240e-03
1.900000000000000000e+01 7.254256485421990306e-04 2.194665560143148602e-03
1.905000000000000071e+01 2.683552451239798312e-04 2.112577536388742482e-03
1.910000000000000142e+01 -2.105521391765002122e-04 2.046054622496269650e-03
1.914999999999999858e+01 -6.376363456904194510e-04 2.029862696430238030e-03
1.919999999999999929e+01 -9.538591767761811935e-04 2.054913055381377661e-03
1.925000000000000000e+01 -1.132553936745399467e-03 2.083487320126874414e-03
1.930000000000000071e+01 -1.185336634270236535e-03 2.083954985712390892e-03
1.935000000000000142e+01 -1.153910747468840474e-03 2.046854838446334791e-03
1.939999999999999858e+01 -1.091135750163200026e-03 1.981484362798704209e-03
1.944999999999999929e+01 -1.038983105371162367e-03 1.908056026392153425e-03
1.950000000000000000e+01 -1.012136866807056539e-03 1.851326717794769079e-03
1.955000000000000071e+01 -9.935776982245795447e-04 1.830924543532635833e-03
1.960000000000000142e+01 -9.435612730683372437e-04 1.848015653328831951e-03
1.964999999999999858e+01 -8.180175066293184517e-04 1.882443926897757469e-03
1.969999999999999929e+01 -5.887541729279594221e-04 1.908924308614992063e-03
1.975000000000000000e+01 -2.573752590387996418e-04 1.917454581614952674e-03
1.980000000000000071e+01 1.423888878337278613e-04 1.917965954040488745e-03
1.985000000000000142e+01 5.544437025975996244e-04 1.924312900024186543e-03
1.989999999999999858e+01 9.179008021577799012e-04 1.933511176559299903e-03
1.994999999999999929e+01 1.185336230166625067e-03 1.925519518351548852e-03
2.000000000000000000e+01 1.334787345585144742e-03 1.886774780760392669e-03
