# k	<chi>	std	chi_median	chi_max	chi_min
0.000000e+00	-1.330963e-01	3.533917e-01	0.000000e+00	5.354792e-01	-9.118480e-01
5.000000e-02	-2.602129e-01	4.507777e-01	-2.637743e-01	5.279029e-01	-9.134991e-01
1.000000e-01	-2.676586e-01	4.391347e-01	-2.711228e-01	5.097661e-01	-9.072533e-01
1.500000e-01	-2.897432e-01	4.037562e-01	-2.944693e-01	4.539872e-01	-8.873735e-01
2.000000e-01	-3.118796e-01	3.675533e-01	-3.179095e-01	3.957795e-01	-8.677287e-01
2.500000e-01	-3.476864e-01	3.067607e-01	-3.557339e-01	2.955607e-01	-8.337187e-01
3.000000e-01	-3.831375e-01	2.456026e-01	-3.929803e-01	1.905293e-01	-8.036754e-01
3.500000e-01	-4.298711e-01	1.640565e-01	-4.420460e-01	4.253123e-02	-8.177440e-01
4.000000e-01	-4.743965e-01	9.426951e-02	-4.743832e-01	-1.080648e-01	-8.238182e-01
4.500000e-01	-5.253334e-01	8.112796e-02	-5.219952e-01	-2.909787e-01	-8.315248e-01
5.000000e-01	-5.700437e-01	1.510790e-01	-5.134968e-01	-3.276448e-01	-8.744060e-01
5.500000e-01	-6.128252e-01	2.399322e-01	-6.611861e-01	-2.649980e-01	-1.002221e+00
6.000000e-01	-6.431959e-01	3.141610e-01	-7.537657e-01	-2.125067e-01	-1.093138e+00
6.500000e-01	-6.605170e-01	3.740356e-01	-8.140755e-01	-1.585772e-01	-1.158482e+00
7.000000e-01	-6.589597e-01	4.060965e-01	-8.096647e-01	-1.261761e-01	-1.197270e+00
7.500000e-01	-6.342959e-01	4.094857e-01	-7.702992e-01	-9.996183e-02	-1.220345e+00
8.000000e-01	-5.881938e-01	3.828522e-01	-7.012798e-01	-7.912837e-02	-1.171847e+00
8.500000e-01	-5.163007e-01	3.264954e-01	-5.972796e-01	-7.298019e-02	-1.047257e+00
9.000000e-01	-4.291943e-01	2.508821e-01	-4.885908e-01	-8.332648e-02	-8.664975e-01
9.500000e-01	-3.260240e-01	1.602546e-01	-3.712614e-01	-9.623915e-02	-6.508037e-01
1.000000e+00	-2.238895e-01	7.454028e-02	-2.151781e-01	-9.798674e-02	-4.367991e-01
1.050000e+00	-1.261954e-01	4.313732e-02	-1.227909e-01	-6.594784e-03	-2.682639e-01
1.100000e+00	-4.939989e-02	9.354674e-02	-7.182442e-02	1.262427e-01	-2.294824e-01
1.150000e+00	2.640283e-03	1.326146e-01	-1.616200e-02	2.148288e-01	-2.019552e-01
1.200000e+00	2.298074e-02	1.455307e-01	1.636953e-02	2.521143e-01	-2.021828e-01
1.250000e+00	1.305725e-02	1.352975e-01	1.518996e-02	2.466717e-01	-1.990799e-01
1.300000e+00	-2.019143e-02	1.075765e-01	-1.549756e-02	1.820870e-01	-1.956020e-01
1.350000e+00	-6.808944e-02	7.157313e-02	-7.074569e-02	7.936638e-02	-2.012115e-01
1.400000e+00	-1.147359e-01	3.839858e-02	-1.098377e-01	-2.299921e-02	-2.111712e-01
1.450000e+00	-1.493255e-01	1.931353e-02	-1.494517e-01	-6.185329e-02	-2.117676e-01
1.500000e+00	-1.592600e-01	1.766478e-02	-1.595943e-01	-3.845800e-02	-2.174928e-01
1.550000e+00	-1.400371e-01	1.690085e-02	-1.400276e-01	-8.845751e-03	-1.979063e-01
1.600000e+00	-9.253727e-02	2.266589e-02	-9.260775e-02	3.992367e-02	-1.455241e-01
1.650000e+00	-2.263039e-02	3.970881e-02	-2.006317e-02	8.925849e-02	-1.085823e-01
1.700000e+00	5.591382e-02	5.603265e-02	7.239094e-02	1.494320e-01	-5.331846e-02
1.750000e+00	1.322788e-01	6.414323e-02	1.631351e-01	2.294296e-01	1.109144e-02
1.800000e+00	1.908263e-01	5.883837e-02	2.089760e-01	2.791981e-01	8.099255e-02
1.850000e+00	2.262672e-01	4.112800e-02	2.291083e-01	2.934544e-01	1.477607e-01
1.900000e+00	2.323550e-01	1.612822e-02	2.314048e-01	2.758965e-01	1.952973e-01
1.950000e+00	2.146634e-01	2.087043e-02	2.149715e-01	2.600636e-01	1.730144e-01
2.000000e+00	1.775465e-01	4.510369e-02	1.751187e-01	2.575903e-01	1.130800e-01
2.050000e+00	1.325058e-01	6.212253e-02	1.248178e-01	2.330963e-01	5.085059e-02
2.100000e+00	8.644808e-02	6.548353e-02	7.985261e-02	1.848451e-01	2.249331e-03
2.150000e+00	4.706190e-02	5.613824e-02	4.376632e-02	1.295972e-01	-2.703809e-02
2.200000e+00	1.798327e-02	3.883539e-02	1.560447e-02	8.631965e-02	-3.567747e-02
2.250000e+00	-1.131656e-03	2.119486e-02	-4.481519e-03	4.732429e-02	-3.538305e-02
2.300000e+00	-1.387309e-02	7.993765e-03	-1.441994e-02	1.541322e-02	-3.192808e-02
2.350000e+00	-2.192030e-02	4.772280e-03	-2.179863e-02	-8.747160e-03	-3.776695e-02
2.400000e+00	-2.637196e-02	4.546491e-03	-2.646251e-02	-1.410732e-02	-4.128139e-02
2.450000e+00	-2.832292e-02	3.997996e-03	-2.830075e-02	-1.743498e-02	-4.683983e-02
2.500000e+00	-2.769062e-02	3.273942e-03	-2.770495e-02	-1.744253e-02	-4.948414e-02
2.550000e+00	-2.475763e-02	4.414491e-03	-2.450022e-02	-1.294307e-02	-4.834935e-02
2.600000e+00	-1.990465e-02	6.286993e-03	-1.944424e-02	-4.808494e-03	-4.324391e-02
2.650000e+00	-1.604467e-02	7.743187e-03	-1.745918e-02	-4.658691e-05	-3.809689e-02
2.700000e+00	-1.150291e-02	8.320662e-03	-1.439143e-02	3.237219e-03	-3.092384e-02
2.750000e+00	-6.726307e-03	7.919257e-03	-9.981221e-03	6.914530e-03	-2.286801e-02
2.800000e+00	-2.202449e-03	6.742045e-03	-4.007366e-03	1.072691e-02	-1.497951e-02
2.850000e+00	6.654942e-04	5.150412e-03	-2.708659e-04	1.308660e-02	-1.054468e-02
2.900000e+00	2.679389e-03	3.521028e-03	2.054086e-03	1.455744e-02	-9.620611e-03
2.950000e+00	3.657503e-03	2.669035e-03	3.576767e-03	1.372406e-02	-9.608903e-03
3.000000e+00	3.625602e-03	3.114876e-03	4.309180e-03	1.245594e-02	-9.843576e-03
3.050000e+00	2.632611e-03	4.369026e-03	3.675487e-03	1.192867e-02	-9.933164e-03
3.100000e+00	1.250578e-03	5.549382e-03	1.607245e-03	1.267168e-02	-1.077174e-02
3.150000e+00	-2.646612e-05	6.422761e-03	-1.559466e-04	1.258171e-02	-1.185103e-02
3.200000e+00	-7.157681e-04	6.985836e-03	-9.378833e-04	1.195925e-02	-1.237488e-02
3.250000e+00	-5.321822e-04	7.255627e-03	1.171442e-03	1.152179e-02	-1.281094e-02
3.300000e+00	9.478453e-04	7.127188e-03	3.491266e-03	1.171381e-02	-1.219995e-02
3.350000e+00	3.579681e-03	6.661619e-03	6.433023e-03	1.482607e-02	-1.047992e-02
3.400000e+00	6.899164e-03	5.939938e-03	8.371257e-03	1.989574e-02	-6.242275e-03
3.450000e+00	1.048580e-02	5.012652e-03	1.068686e-02	2.378146e-02	-6.765696e-04
3.500000e+00	1.340897e-02	4.146960e-03	1.329927e-02	2.554648e-02	3.385693e-03
3.550000e+00	1.488036e-02	3.690772e-03	1.500838e-02	2.847587e-02	1.661827e-03
3.600000e+00	1.437200e-02	3.828791e-03	1.436349e-02	2.930392e-02	-7.691743e-04
3.650000e+00	1.198736e-02	4.364170e-03	1.174130e-02	2.729855e-02	-3.009534e-03
3.700000e+00	7.534384e-03	4.864958e-03	7.193392e-03	2.261908e-02	-4.997785e-03
3.750000e+00	1.529872e-03	4.965860e-03	1.010157e-03	1.710499e-02	-8.519254e-03
3.800000e+00	-5.205104e-03	4.561402e-03	-5.670726e-03	8.959466e-03	-1.533160e-02
3.850000e+00	-1.179880e-02	3.832447e-03	-1.191933e-02	-4.195721e-04	-2.101243e-02
3.900000e+00	-1.764804e-02	2.887832e-03	-1.732814e-02	-9.972731e-03	-2.615193e-02
3.950000e+00	-2.206122e-02	2.131788e-03	-2.186577e-02	-1.192706e-02	-2.897168e-02
4.000000e+00	-2.456904e-02	1.920190e-03	-2.465212e-02	-1.421218e-02	-3.371900e-02
4.050000e+00	-2.527613e-02	2.133089e-03	-2.544034e-02	-1.666965e-02	-3.570040e-02
4.100000e+00	-2.402351e-02	2.449663e-03	-2.414398e-02	-1.595790e-02	-3.596649e-02
4.150000e+00	-2.096913e-02	2.751102e-03	-2.106173e-02	-1.197828e-02	-3.324034e-02
4.200000e+00	-1.645723e-02	2.944211e-03	-1.647079e-02	-7.328673e-03	-2.807387e-02
4.250000e+00	-1.134131e-02	3.030043e-03	-1.133720e-02	-2.318801e-03	-2.155617e-02
4.300000e+00	-5.728268e-03	3.417342e-03	-5.525981e-03	3.255453e-03	-1.685630e-02
4.350000e+00	-1.529825e-04	4.695770e-03	2.611183e-04	1.074568e-02	-1.346045e-02
4.400000e+00	4.883738e-03	6.715781e-03	5.193342e-03	1.747654e-02	-1.072295e-02
4.450000e+00	8.951958e-03	8.802532e-03	9.599082e-03	2.312122e-02	-8.727064e-03
4.500000e+00	1.205394e-02	1.029254e-02	1.245251e-02	2.757957e-02	-7.291981e-03
4.550000e+00	1.423924e-02	1.066358e-02	1.491973e-02	3.099969e-02	-5.962809e-03
4.600000e+00	1.576043e-02	9.679035e-03	1.652643e-02	3.182871e-02	-4.069305e-03
4.650000e+00	1.701171e-02	7.553317e-03	1.757922e-02	3.074983e-02	-8.734161e-04
4.700000e+00	1.834938e-02	4.770745e-03	1.891201e-02	2.894876e-02	4.129107e-03
4.750000e+00	2.001386e-02	3.273613e-03	1.983177e-02	3.067591e-02	1.121432e-02
4.800000e+00	2.204537e-02	5.521809e-03	2.212723e-02	3.569921e-02	1.021627e-02
4.850000e+00	2.416654e-02	8.857337e-03	2.437983e-02	4.064186e-02	7.886557e-03
4.900000e+00	2.600923e-02	1.205441e-02	2.608120e-02	4.486254e-02	6.303542e-03
4.950000e+00	2.701390e-02	1.482781e-02	2.561431e-02	5.157369e-02	4.504157e-03
5.000000e+00	2.658561e-02	1.705280e-02	2.408831e-02	5.724786e-02	-1.861564e-03
5.050000e+00	2.418755e-02	1.855531e-02	2.047919e-02	6.040948e-02	-9.586520e-03
5.100000e+00	1.961133e-02	1.919610e-02	1.559646e-02	5.901417e-02	-1.745932e-02
5.150000e+00	1.281961e-02	1.876896e-02	9.401847e-03	5.419881e-02	-2.447166e-02
5.200000e+00	4.058096e-03	1.713803e-02	1.684306e-03	4.440532e-02	-2.925311e-02
5.250000e+00	-6.087905e-03	1.431117e-02	-7.018473e-03	2.985347e-02	-3.546325e-02
5.300000e+00	-1.686225e-02	1.075475e-02	-1.730819e-02	1.184668e-02	-4.155031e-02
5.350000e+00	-2.737323e-02	7.400168e-03	-2.824324e-02	-3.605575e-03	-4.519175e-02
5.400000e+00	-3.666738e-02	5.937089e-03	-3.690749e-02	-1.487411e-02	-5.442912e-02
5.450000e+00	-4.367201e-02	6.971955e-03	-4.318390e-02	-2.501588e-02	-6.315883e-02
5.500000e+00	-4.779333e-02	8.596601e-03	-4.716638e-02	-2.597209e-02	-6.911780e-02
5.550000e+00	-4.859900e-02	9.725447e-03	-4.829659e-02	-2.526555e-02	-7.084929e-02
5.600000e+00	-4.601490e-02	1.043358e-02	-4.585037e-02	-2.278093e-02	-7.002580e-02
5.650000e+00	-4.021188e-02	1.120838e-02	-3.933919e-02	-1.288924e-02	-6.443426e-02
5.700000e+00	-3.204305e-02	1.258934e-02	-3.059590e-02	-1.655210e-03	-5.888569e-02
5.750000e+00	-2.242023e-02	1.485489e-02	-2.038370e-02	1.048478e-02	-5.760902e-02
5.800000e+00	-1.232402e-02	1.796333e-02	-8.335268e-03	2.290850e-02	-5.577892e-02
5.850000e+00	-2.586359e-03	2.143466e-02	3.284531e-03	3.466970e-02	-5.116097e-02
5.900000e+00	6.077483e-03	2.452250e-02	1.135344e-02	4.429788e-02	-4.381060e-02
5.950000e+00	1.335904e-02	2.629077e-02	1.735684e-02	5.340273e-02	-3.421788e-02
6.000000e+00	1.924197e-02	2.596178e-02	2.237033e-02	5.782698e-02	-2.607343e-02
6.050000e+00	2.389246e-02	2.301667e-02	2.626308e-02	5.971673e-02	-1.930101e-02
6.100000e+00	2.753295e-02	1.785734e-02	2.792705e-02	5.657481e-02	-1.062712e-02
6.150000e+00	3.033925e-02	1.143386e-02	3.089663e-02	5.239489e-02	-1.515494e-04
6.200000e+00	3.234907e-02	6.349177e-03	3.267515e-02	4.883315e-02	1.174621e-02
6.250000e+00	3.346209e-02	8.537183e-03	3.318551e-02	5.488662e-02	7.374748e-03
6.300000e+00	3.349902e-02	1.431893e-02	3.441814e-02	6.148774e-02	-1.678528e-03
6.350000e+00	3.228795e-02	1.979594e-02	3.333931e-02	6.536019e-02	-8.323229e-03
6.400000e+00	2.973932e-02	2.437120e-02	2.938449e-02	7.315543e-02	-1.223791e-02
6.450000e+00	2.588086e-02	2.803518e-02	2.264837e-02	7.643613e-02	-2.135191e-02
6.500000e+00	2.084581e-02	3.080186e-02	1.717573e-02	7.546910e-02	-2.862810e-02
6.550000e+00	1.471126e-02	3.243962e-02	1.100531e-02	6.975040e-02	-3.507725e-02
6.600000e+00	7.810631e-03	3.268557e-02	5.548952e-03	6.394907e-02	-4.316647e-02
6.650000e+00	3.869146e-04	3.117112e-02	-5.414400e-04	5.416076e-02	-4.762695e-02
6.700000e+00	-7.276612e-03	2.768126e-02	-1.037526e-02	4.430735e-02	-5.292403e-02
6.750000e+00	-1.480741e-02	2.234420e-02	-1.845087e-02	3.375385e-02	-5.438900e-02
6.800000e+00	-2.171331e-02	1.582059e-02	-2.202856e-02	2.048476e-02	-5.141328e-02
6.850000e+00	-2.740858e-02	9.890181e-03	-2.843889e-02	7.384762e-03	-4.952377e-02
6.900000e+00	-3.131247e-02	9.091153e-03	-3.121188e-02	-9.502096e-04	-6.015658e-02
6.950000e+00	-3.300154e-02	1.388378e-02	-3.281569e-02	5.107415e-03	-6.885421e-02
7.000000e+00	-3.236344e-02	1.942972e-02	-3.513542e-02	8.029710e-03	-7.158334e-02
7.050000e+00	-2.965744e-02	2.403188e-02	-3.328949e-02	1.765313e-02	-6.837365e-02
7.100000e+00	-2.554363e-02	2.737481e-02	-2.816817e-02	2.441818e-02	-6.561744e-02
7.150000e+00	-2.088635e-02	2.960602e-02	-1.886000e-02	2.738439e-02	-6.626398e-02
7.200000e+00	-1.648147e-02	3.094301e-02	-1.102970e-02	3.317405e-02	-6.330943e-02
7.250000e+00	-1.278792e-02	3.143001e-02	-4.520965e-03	3.602672e-02	-6.438887e-02
7.300000e+00	-9.761400e-03	3.083652e-02	-3.453731e-03	4.196555e-02	-6.458255e-02
7.350000e+00	-6.868784e-03	2.876136e-02	-2.428822e-03	4.441240e-02	-6.156414e-02
7.400000e+00	-3.299725e-03	2.489804e-02	9.201308e-04	4.492353e-02	-5.482238e-02
7.450000e+00	1.684467e-03	1.934866e-02	3.895340e-03	4.310985e-02	-4.233810e-02
7.500000e+00	8.385801e-03	1.300836e-02	9.571120e-03	4.271708e-02	-2.640637e-02
7.550000e+00	1.647881e-02	8.680502e-03	1.682562e-02	4.034716e-02	-1.135361e-02
7.600000e+00	2.478960e-02	1.073662e-02	2.407058e-02	5.164793e-02	-5.528897e-03
7.650000e+00	3.180298e-02	1.558901e-02	2.932065e-02	6.595094e-02	-6.496860e-03
7.700000e+00	3.603012e-02	1.956552e-02	3.285319e-02	7.527813e-02	-6.069896e-03
7.750000e+00	3.648986e-02	2.186231e-02	3.399619e-02	7.869642e-02	-4.782521e-03
7.800000e+00	3.305085e-02	2.272909e-02	3.349710e-02	7.340401e-02	-9.806501e-03
7.850000e+00	2.650351e-02	2.284390e-02	2.774442e-02	6.502315e-02	-1.623739e-02
7.900000e+00	1.832448e-02	2.288941e-02	1.816445e-02	5.883665e-02	-2.179388e-02
7.950000e+00	1.020762e-02	2.320687e-02	1.265526e-02	5.294565e-02	-2.690241e-02
8.000000e+00	3.524739e-03	2.365973e-02	5.978837e-03	4.752777e-02	-3.590298e-02
8.050000e+00	-1.060078e-03	2.370164e-02	-1.640926e-03	4.150748e-02	-4.165297e-02
8.100000e+00	-3.804162e-03	2.275054e-02	-5.784630e-03	4.019950e-02	-4.238033e-02
8.150000e+00	-5.654472e-03	2.034481e-02	-7.434062e-03	3.828884e-02	-4.398198e-02
8.200000e+00	-7.790741e-03	1.647943e-02	-8.051134e-03	3.339629e-02	-4.358810e-02
8.250000e+00	-1.109931e-02	1.201555e-02	-1.164193e-02	2.492030e-02	-4.141373e-02
8.300000e+00	-1.576780e-02	9.530530e-03	-1.561601e-02	1.296253e-02	-4.135693e-02
8.350000e+00	-2.115558e-02	1.168418e-02	-2.194456e-02	1.247732e-02	-4.818249e-02
8.400000e+00	-2.599129e-02	1.604846e-02	-2.778567e-02	1.098646e-02	-6.067414e-02
8.450000e+00	-2.882534e-02	1.997738e-02	-3.184089e-02	1.095286e-02	-6.770140e-02
8.500000e+00	-2.856872e-02	2.263121e-02	-3.264159e-02	1.083570e-02	-6.760836e-02
8.550000e+00	-2.488459e-02	2.402721e-02	-2.742001e-02	1.426098e-02	-6.369764e-02
8.600000e+00	-1.843203e-02	2.459485e-02	-1.707526e-02	2.176875e-02	-5.676561e-02
8.650000e+00	-1.060368e-02	2.472513e-02	-8.014727e-03	2.866614e-02	-4.962042e-02
8.700000e+00	-3.074967e-03	2.451671e-02	-6.811732e-04	4.292712e-02	-4.392213e-02
8.750000e+00	2.752512e-03	2.375033e-02	3.361599e-03	5.124493e-02	-3.893831e-02
8.800000e+00	6.198894e-03	2.206045e-02	6.347369e-03	5.164097e-02	-3.567430e-02
8.850000e+00	7.482340e-03	1.915795e-02	9.565564e-03	4.750447e-02	-3.328837e-02
8.900000e+00	7.562860e-03	1.504827e-02	9.512407e-03	4.015270e-02	-2.976959e-02
8.950000e+00	7.717152e-03	1.040714e-02	8.812546e-03	3.458782e-02	-2.408120e-02
9.000000e+00	9.007522e-03	7.821974e-03	8.597049e-03	3.424196e-02	-1.553167e-02
9.050000e+00	1.188588e-02	1.061926e-02	1.105295e-02	4.041987e-02	-1.547483e-02
9.100000e+00	1.589073e-02	1.579909e-02	1.523012e-02	4.708701e-02	-1.947550e-02
9.150000e+00	1.988799e-02	2.048219e-02	2.136149e-02	5.393111e-02	-2.089042e-02
9.200000e+00	2.244776e-02	2.362256e-02	2.466561e-02	6.072492e-02	-1.921617e-02
9.250000e+00	2.236418e-02	2.490959e-02	1.951865e-02	6.433358e-02	-1.926158e-02
9.300000e+00	1.909965e-02	2.448108e-02	1.275537e-02	6.012431e-02	-2.196025e-02
9.350000e+00	1.299712e-02	2.277174e-02	8.075983e-03	5.157900e-02	-2.693874e-02
9.400000e+00	5.192021e-03	2.034786e-02	3.312798e-03	4.431927e-02	-3.044976e-02
9.450000e+00	-2.735829e-03	1.772357e-02	-2.510352e-03	3.442154e-02	-3.597448e-02
9.500000e+00	-9.241537e-03	1.519271e-02	-8.762647e-03	2.680174e-02	-4.225483e-02
9.550000e+00	-1.329536e-02	1.275876e-02	-1.363575e-02	2.188630e-02	-4.363111e-02
9.600000e+00	-1.452235e-02	1.036872e-02	-1.414164e-02	1.906192e-02	-3.980164e-02
9.650000e+00	-1.334609e-02	8.382871e-03	-1.329938e-02	1.593189e-02	-3.617336e-02
9.700000e+00	-1.072378e-02	8.112299e-03	-1.115981e-02	1.293199e-02	-3.444322e-02
9.750000e+00	-7.783578e-03	1.038883e-02	-8.149741e-03	2.108978e-02	-3.414941e-02
9.800000e+00	-5.459124e-03	1.395203e-02	-7.465064e-03	2.540184e-02	-3.512455e-02
9.850000e+00	-4.242103e-03	1.736887e-02	-7.428440e-03	3.303089e-02	-3.567711e-02
9.900000e+00	-4.118481e-03	1.978191e-02	-8.669362e-03	3.654333e-02	-3.966733e-02
9.950000e+00	-4.681825e-03	2.077940e-02	-9.872209e-03	3.481042e-02	-4.152060e-02
1.000000e+01	-5.356344e-03	2.031353e-02	-8.850050e-03	3.326627e-02	-4.298364e-02
1.005000e+01	-5.626093e-03	1.859950e-02	-4.615794e-03	3.278082e-02	-4.038113e-02
1.010000e+01	-5.211980e-03	1.609456e-02	-3.946603e-03	2.886707e-02	-3.572896e-02
1.015000e+01	-4.125489e-03	1.333082e-02	-3.936123e-03	2.470954e-02	-3.373267e-02
1.020000e+01	-2.588739e-03	1.086560e-02	-2.539606e-03	2.477099e-02	-3.072811e-02
1.025000e+01	-8.998694e-04	9.208476e-03	-9.885315e-04	2.318298e-02	-2.863673e-02
1.030000e+01	6.997350e-04	8.589074e-03	1.345564e-04	2.411771e-02	-2.493162e-02
1.035000e+01	2.102910e-03	8.734385e-03	2.239025e-03	2.783939e-02	-2.287157e-02
1.040000e+01	3.336964e-03	9.150569e-03	4.058994e-03	2.822303e-02	-2.130809e-02
1.045000e+01	4.500312e-03	9.528524e-03	5.614594e-03	2.882092e-02	-2.202675e-02
1.050000e+01	5.673487e-03	9.785073e-03	6.443905e-03	2.837101e-02	-2.148254e-02
1.055000e+01	6.847667e-03	9.930444e-03	7.361269e-03	3.089872e-02	-2.170204e-02
1.060000e+01	7.900367e-03	9.994641e-03	7.809743e-03	3.268270e-02	-1.889634e-02
1.065000e+01	8.624367e-03	1.006112e-02	7.455074e-03	3.327173e-02	-1.370003e-02
1.070000e+01	8.793537e-03	1.029311e-02	7.049589e-03	3.431835e-02	-1.221355e-02
1.075000e+01	8.237127e-03	1.081363e-02	7.620226e-03	3.428222e-02	-1.468025e-02
1.080000e+01	6.895522e-03	1.151761e-02	8.017527e-03	3.267968e-02	-2.021638e-02
1.085000e+01	4.842338e-03	1.207170e-02	6.892350e-03	3.179168e-02	-2.406758e-02
1.090000e+01	2.272787e-03	1.211537e-02	4.157519e-03	3.042487e-02	-2.660773e-02
1.095000e+01	-5.307243e-04	1.145618e-02	5.679669e-04	2.838664e-02	-2.973947e-02
1.100000e+01	-3.241943e-03	1.016502e-02	-3.104943e-03	2.385512e-02	-2.899462e-02
1.105000e+01	-5.541988e-03	8.621276e-03	-5.742843e-03	2.157064e-02	-2.652566e-02
1.110000e+01	-7.116029e-03	7.479607e-03	-7.282375e-03	1.771026e-02	-2.593833e-02
1.115000e+01	-7.763875e-03	7.497792e-03	-7.657314e-03	1.412114e-02	-2.890660e-02
1.120000e+01	-7.408472e-03	8.761122e-03	-6.632043e-03	1.486984e-02	-3.214663e-02
1.125000e+01	-6.122957e-03	1.060444e-02	-5.717198e-03	1.715664e-02	-3.221798e-02
1.130000e+01	-4.141498e-03	1.234334e-02	-4.174047e-03	2.083349e-02	-2.946017e-02
1.135000e+01	-1.841128e-03	1.350945e-02	-2.176956e-03	2.399897e-02	-2.811938e-02
1.140000e+01	3.148200e-04	1.383188e-02	2.641881e-04	2.869591e-02	-3.026674e-02
1.145000e+01	1.869738e-03	1.324642e-02	1.700737e-03	2.937229e-02	-3.074841e-02
1.150000e+01	2.485455e-03	1.191280e-02	3.018070e-03	2.597137e-02	-2.793132e-02
1.155000e+01	2.041446e-03	1.019254e-02	2.555537e-03	2.462349e-02	-2.328293e-02
1.160000e+01	6.865350e-04	8.553737e-03	1.176184e-03	2.117263e-02	-2.009046e-02
1.165000e+01	-1.182178e-03	7.367297e-03	-8.242701e-04	1.797991e-02	-1.849437e-02
1.170000e+01	-3.016554e-03	6.669626e-03	-2.842091e-03	1.546384e-02	-2.003111e-02
1.175000e+01	-4.267550e-03	6.223189e-03	-4.142046e-03	1.270201e-02	-2.234497e-02
1.180000e+01	-4.543644e-03	5.920912e-03	-4.561567e-03	1.473333e-02	-2.203771e-02
1.185000e+01	-3.726143e-03	6.025472e-03	-4.027380e-03	1.554285e-02	-2.068060e-02
1.190000e+01	-2.001793e-03	6.860494e-03	-1.965865e-03	1.532345e-02	-1.997682e-02
1.195000e+01	1.998441e-04	8.280251e-03	3.787713e-04	1.812916e-02	-2.016548e-02
1.200000e+01	2.343927e-03	9.775587e-03	2.246576e-03	2.559875e-02	-1.934065e-02
1.205000e+01	3.976203e-03	1.089593e-02	3.128104e-03	3.244296e-02	-1.739745e-02
1.210000e+01	4.803128e-03	1.130833e-02	3.563514e-03	3.390983e-02	-1.644686e-02
1.215000e+01	4.798394e-03	1.093643e-02	3.371559e-03	2.997042e-02	-1.597838e-02
1.220000e+01	4.177589e-03	9.922100e-03	3.430950e-03	2.939436e-02	-1.658679e-02
1.225000e+01	3.302628e-03	8.568874e-03	3.016349e-03	2.846708e-02	-1.899296e-02
1.230000e+01	2.545128e-03	7.235670e-03	2.943599e-03	2.435990e-02	-1.839013e-02
1.235000e+01	2.157503e-03	6.202415e-03	2.640325e-03	2.048400e-02	-1.627847e-02
1.240000e+01	2.195184e-03	5.578010e-03	2.748914e-03	1.669311e-02	-1.355545e-02
1.245000e+01	2.513016e-03	5.329675e-03	2.616375e-03	1.847593e-02	-1.365748e-02
1.250000e+01	2.831695e-03	5.368206e-03	2.675048e-03	1.823847e-02	-1.400577e-02
1.255000e+01	2.846245e-03	5.575991e-03	3.210825e-03	1.615613e-02	-1.447104e-02
1.260000e+01	2.336258e-03	5.850318e-03	3.041772e-03	1.697474e-02	-1.886237e-02
1.265000e+01	1.240468e-03	6.205053e-03	1.657871e-03	1.712340e-02	-2.121301e-02
1.270000e+01	-3.261153e-04	6.780729e-03	-6.165150e-05	1.499294e-02	-2.125817e-02
1.275000e+01	-2.112565e-03	7.651932e-03	-2.236015e-03	1.520138e-02	-1.987430e-02
1.280000e+01	-3.810619e-03	8.638480e-03	-3.681179e-03	1.451053e-02	-2.405106e-02
1.285000e+01	-5.141772e-03	9.379610e-03	-3.617029e-03	1.270979e-02	-2.874449e-02
1.290000e+01	-5.924436e-03	9.544351e-03	-3.761926e-03	1.364053e-02	-3.053709e-02
1.295000e+01	-6.103498e-03	8.979985e-03	-4.212509e-03	1.367255e-02	-3.042356e-02
1.300000e+01	-5.739861e-03	7.766072e-03	-4.720889e-03	1.242851e-02	-2.818536e-02
1.305000e+01	-4.993018e-03	6.223940e-03	-4.487102e-03	1.082634e-02	-2.322121e-02
1.310000e+01	-3.993530e-03	4.831752e-03	-3.995339e-03	9.109264e-03	-2.286054e-02
1.315000e+01	-2.880958e-03	4.173976e-03	-2.939091e-03	9.470170e-03	-2.104925e-02
1.320000e+01	-1.757047e-03	4.410678e-03	-1.771452e-03	1.174033e-02	-1.804945e-02
1.325000e+01	-6.800386e-04	5.053440e-03	-1.144206e-03	1.474715e-02	-1.438141e-02
1.330000e+01	3.272094e-04	5.672682e-03	-4.958994e-04	1.565629e-02	-1.417430e-02
1.335000e+01	1.262270e-03	6.155962e-03	4.607744e-04	1.804691e-02	-1.534401e-02
1.340000e+01	2.127650e-03	6.573398e-03	9.818884e-04	1.894962e-02	-1.489752e-02
1.345000e+01	2.918543e-03	7.021999e-03	2.075710e-03	2.187385e-02	-1.360783e-02
1.350000e+01	3.615347e-03	7.491708e-03	2.559696e-03	2.318178e-02	-1.199695e-02
1.355000e+01	4.181340e-03	7.827112e-03	3.474398e-03	2.253559e-02	-1.062608e-02
1.360000e+01	4.565960e-03	7.814391e-03	4.725164e-03	1.993179e-02	-1.225403e-02
1.365000e+01	4.714172e-03	7.313047e-03	5.525047e-03	1.996750e-02	-1.328154e-02
1.370000e+01	4.581399e-03	6.358000e-03	4.888738e-03	1.989733e-02	-1.345423e-02
1.375000e+01	4.151151e-03	5.220136e-03	4.433258e-03	1.821411e-02	-1.151980e-02
1.380000e+01	3.449777e-03	4.408391e-03	3.642298e-03	1.537959e-02	-1.188355e-02
1.385000e+01	2.551408e-03	4.372894e-03	2.612482e-03	1.268903e-02	-1.226783e-02
1.390000e+01	1.567676e-03	4.930466e-03	1.788097e-03	1.176357e-02	-1.470123e-02
1.395000e+01	6.217021e-04	5.562776e-03	8.331657e-04	1.321871e-02	-1.523089e-02
1.400000e+01	-1.874737e-04	5.984227e-03	1.780847e-04	1.352540e-02	-1.564220e-02
1.405000e+01	-8.383343e-04	6.182649e-03	-5.698392e-04	1.213037e-02	-1.555872e-02
1.410000e+01	-1.336469e-03	6.199756e-03	-1.157999e-03	1.380256e-02	-1.659800e-02
1.415000e+01	-1.770359e-03	6.134242e-03	-1.926747e-03	1.534586e-02	-1.647121e-02
1.420000e+01	-2.259670e-03	6.052087e-03	-2.622872e-03	1.508370e-02	-1.607262e-02
1.425000e+01	-2.901889e-03	5.966896e-03	-3.730103e-03	1.290701e-02	-1.668428e-02
1.430000e+01	-3.718286e-03	5.841692e-03	-4.544919e-03	1.079148e-02	-1.839962e-02
1.435000e+01	-4.620669e-03	5.602657e-03	-5.259133e-03	7.788900e-03	-1.858088e-02
1.440000e+01	-5.415524e-03	5.176514e-03	-5.660896e-03	6.076789e-03	-1.830202e-02
1.445000e+01	-5.849980e-03	4.562966e-03	-5.763323e-03	5.772321e-03	-1.852489e-02
1.450000e+01	-5.688440e-03	3.940275e-03	-5.513288e-03	5.262275e-03	-2.073333e-02
1.455000e+01	-4.795808e-03	3.727590e-03	-4.862666e-03	7.156378e-03	-2.106747e-02
1.460000e+01	-3.198125e-03	4.244761e-03	-3.230111e-03	1.038766e-02	-1.906922e-02
1.465000e+01	-1.097016e-03	5.228518e-03	-1.346609e-03	1.334102e-02	-1.484338e-02
1.470000e+01	1.170884e-03	6.199499e-03	6.230115e-04	1.699787e-02	-1.333387e-02
1.475000e+01	3.219331e-03	6.837041e-03	2.538571e-03	1.892473e-02	-1.159803e-02
1.480000e+01	4.716204e-03	7.005073e-03	4.071539e-03	1.971380e-02	-9.725025e-03
1.485000e+01	5.471800e-03	6.716234e-03	5.172631e-03	1.976378e-02	-8.947638e-03
1.490000e+01	5.482544e-03	6.090613e-03	5.329813e-03	1.870259e-02	-8.376298e-03
1.495000e+01	4.916182e-03	5.303136e-03	4.856879e-03	1.704941e-02	-7.757550e-03
1.500000e+01	4.044842e-03	4.523997e-03	3.997250e-03	1.755750e-02	-9.274193e-03
1.505000e+01	3.171514e-03	3.882314e-03	3.143227e-03	1.671380e-02	-9.281700e-03
1.510000e+01	2.462201e-03	3.426520e-03	2.378749e-03	1.497889e-02	-7.187963e-03
1.515000e+01	1.979772e-03	3.211905e-03	1.916781e-03	1.260501e-02	-7.067804e-03
1.520000e+01	1.658148e-03	3.302486e-03	1.735779e-03	1.222771e-02	-7.873860e-03
1.525000e+01	1.350111e-03	3.691418e-03	1.628230e-03	1.077055e-02	-8.879214e-03
1.530000e+01	9.014125e-04	4.253200e-03	1.196973e-03	1.153560e-02	-1.147176e-02
1.535000e+01	2.216382e-04	4.814749e-03	5.079354e-04	1.244108e-02	-1.310524e-02
1.540000e+01	-6.748776e-04	5.232143e-03	-7.695476e-04	1.243050e-02	-1.368574e-02
1.545000e+01	-1.672041e-03	5.419992e-03	-1.864310e-03	1.164559e-02	-1.501749e-02
1.550000e+01	-2.595334e-03	5.352939e-03	-3.136646e-03	1.121729e-02	-1.546631e-02
1.555000e+01	-3.276599e-03	5.054615e-03	-3.858295e-03	1.166953e-02	-1.482061e-02
1.560000e+01	-3.613990e-03	4.583921e-03	-4.002053e-03	1.153626e-02	-1.315031e-02
1.565000e+01	-3.603903e-03	4.027746e-03	-3.805777e-03	1.190254e-02	-1.387653e-02
1.570000e+01	-3.333642e-03	3.501274e-03	-3.377495e-03	1.089778e-02	-1.283946e-02
1.575000e+01	-2.939459e-03	3.136325e-03	-2.897626e-03	8.224193e-03	-1.216609e-02
1.580000e+01	-2.547991e-03	3.021663e-03	-2.566968e-03	8.536431e-03	-1.154890e-02
1.585000e+01	-2.225037e-03	3.128594e-03	-2.427195e-03	9.607001e-03	-1.043072e-02
1.590000e+01	-1.951977e-03	3.344602e-03	-2.191309e-03	9.379025e-03	-1.018631e-02
1.595000e+01	-1.638664e-03	3.574178e-03	-1.920027e-03	9.647615e-03	-1.113800e-02
1.600000e+01	-1.167141e-03	3.774914e-03	-1.330501e-03	1.033486e-02	-1.153024e-02
1.605000e+01	-4.423260e-04	3.946496e-03	-4.225683e-04	1.010979e-02	-1.052661e-02
1.610000e+01	5.467131e-04	4.061951e-03	6.445160e-04	1.106541e-02	-9.754135e-03
1.615000e+01	1.713144e-03	4.111869e-03	1.655227e-03	1.318312e-02	-9.895167e-03
1.620000e+01	2.887356e-03	4.088796e-03	2.947138e-03	1.407196e-02	-8.385878e-03
1.625000e+01	3.862573e-03	3.987891e-03	3.865070e-03	1.401262e-02	-7.492621e-03
1.630000e+01	4.454326e-03	3.809398e-03	4.566369e-03	1.462473e-02	-7.698310e-03
1.635000e+01	4.553035e-03	3.570637e-03	4.775672e-03	1.328940e-02	-6.880770e-03
1.640000e+01	4.152369e-03	3.324227e-03	4.375715e-03	1.376006e-02	-5.553960e-03
1.645000e+01	3.345482e-03	3.158176e-03	3.371619e-03	1.365073e-02	-6.652909e-03
1.650000e+01	2.292759e-03	3.147676e-03	2.249164e-03	1.322723e-02	-7.017549e-03
1.655000e+01	1.174120e-03	3.287006e-03	1.146898e-03	1.273136e-02	-9.379083e-03
1.660000e+01	1.427257e-04	3.496264e-03	9.157591e-05	1.019528e-02	-1.157208e-02
1.665000e+01	-7.054334e-04	3.695405e-03	-7.147100e-04	1.008675e-02	-1.206287e-02
1.670000e+01	-1.338950e-03	3.845591e-03	-1.399971e-03	9.979342e-03	-1.182249e-02
1.675000e+01	-1.777184e-03	3.932425e-03	-1.654245e-03	1.102400e-02	-1.110439e-02
1.680000e+01	-2.064140e-03	3.931796e-03	-1.909821e-03	1.108016e-02	-1.215019e-02
1.685000e+01	-2.241873e-03	3.802019e-03	-2.132089e-03	9.219073e-03	-1.217819e-02
1.690000e+01	-2.333359e-03	3.513204e-03	-2.376662e-03	7.022202e-03	-1.211293e-02
1.695000e+01	-2.339455e-03	3.092444e-03	-2.512831e-03	5.348996e-03	-1.167671e-02
1.700000e+01	-2.248206e-03	2.659671e-03	-2.218842e-03	4.062769e-03	-1.018517e-02
1.705000e+01	-2.053698e-03	2.415823e-03	-1.929715e-03	5.261033e-03	-1.003114e-02
1.710000e+01	-1.757699e-03	2.490750e-03	-1.768575e-03	6.373005e-03	-1.055031e-02
1.715000e+01	-1.386480e-03	2.783261e-03	-1.498933e-03	7.308813e-03	-9.547789e-03
1.720000e+01	-9.820573e-04	3.086521e-03	-1.005005e-03	8.169736e-03	-8.627027e-03
1.725000e+01	-5.889512e-04	3.264908e-03	-6.781161e-04	9.253677e-03	-9.106365e-03
1.730000e+01	-2.390882e-04	3.276786e-03	-2.623809e-04	9.351720e-03	-9.469857e-03
1.735000e+01	5.845673e-05	3.146841e-03	1.521021e-04	9.002405e-03	-9.322105e-03
1.740000e+01	3.184242e-04	2.938953e-03	4.303043e-04	8.079075e-03	-7.731209e-03
1.745000e+01	5.705337e-04	2.731701e-03	5.142956e-04	8.600898e-03	-7.073264e-03
1.750000e+01	8.443188e-04	2.590107e-03	7.693908e-04	9.041613e-03	-6.309532e-03
1.755000e+01	1.153551e-03	2.535260e-03	1.109631e-03	1.000648e-02	-6.709013e-03
1.760000e+01	1.486224e-03	2.536054e-03	1.429670e-03	1.026632e-02	-7.180890e-03
1.765000e+01	1.803883e-03	2.540704e-03	1.774989e-03	1.018794e-02	-6.637067e-03
1.770000e+01	2.050589e-03	2.522250e-03	2.081561e-03	9.675463e-03	-5.455876e-03
1.775000e+01	2.168464e-03	2.501283e-03	2.230698e-03	9.629908e-03	-5.320886e-03
1.780000e+01	2.114592e-03	2.526769e-03	2.076698e-03	9.018783e-03	-5.180110e-03
1.785000e+01	1.873926e-03	2.621920e-03	1.829071e-03	9.228577e-03	-5.231035e-03
1.790000e+01	1.464387e-03	2.750800e-03	1.371170e-03	8.920965e-03	-6.600326e-03
1.795000e+01	9.330704e-04	2.850312e-03	9.181929e-04	8.598874e-03	-9.216954e-03
1.800000e+01	3.452096e-04	2.885150e-03	2.337285e-04	8.300015e-03	-1.056990e-02
1.805000e+01	-2.314878e-04	2.869117e-03	-3.137335e-04	7.858776e-03	-1.064499e-02
1.810000e+01	-7.401217e-04	2.837560e-03	-8.535677e-04	7.308270e-03	-9.641216e-03
1.815000e+01	-1.141232e-03	2.799679e-03	-1.196013e-03	7.545739e-03	-1.020066e-02
1.820000e+01	-1.418853e-03	2.725323e-03	-1.407478e-03	8.437307e-03	-1.104445e-02
1.825000e+01	-1.577988e-03	2.581215e-03	-1.614310e-03	7.538259e-03	-1.106913e-02
1.830000e+01	-1.637362e-03	2.378085e-03	-1.564315e-03	5.997851e-03	-1.144442e-02
1.835000e+01	-1.620288e-03	2.188825e-03	-1.561454e-03	6.602334e-03	-1.032780e-02
1.840000e+01	-1.546702e-03	2.116701e-03	-1.547949e-03	6.302394e-03	-8.161392e-03
1.845000e+01	-1.428644e-03	2.212064e-03	-1.543766e-03	6.588751e-03	-7.179041e-03
1.850000e+01	-1.270058e-03	2.421878e-03	-1.327337e-03	7.830773e-03	-8.359963e-03
1.855000e+01	-1.070180e-03	2.641678e-03	-1.149172e-03	8.105908e-03	-8.610755e-03
1.860000e+01	-8.286470e-04	2.779150e-03	-8.788689e-04	1.007582e-02	-8.587835e-03
1.865000e+01	-5.499561e-04	2.777504e-03	-5.046335e-04	1.053295e-02	-8.230409e-03
1.870000e+01	-2.454132e-04	2.626244e-03	-2.241528e-04	9.529408e-03	-6.935297e-03
1.875000e+01	6.814844e-05	2.372114e-03	2.849980e-05	7.410635e-03	-5.976827e-03
1.880000e+01	3.721796e-04	2.119022e-03	3.368435e-04	6.627485e-03	-6.164143e-03
1.885000e+01	6.509489e-04	1.987333e-03	6.550348e-04	6.872699e-03	-6.860196e-03
1.890000e+01	8.946604e-04	2.018436e-03	9.254157e-04	7.630400e-03	-6.574376e-03
1.895000e+01	1.099623e-03	2.135049e-03	1.114634e-03	7.506595e-03	-7.132171e-03
1.900000e+01	1.265274e-03	2.229805e-03	1.256060e-03	7.261242e-03	-8.033212e-03
1.905000e+01	1.391444e-03	2.243427e-03	1.389855e-03	7.405984e-03	-7.814792e-03
1.910000e+01	1.468188e-03	2.166480e-03	1.530979e-03	7.550830e-03	-6.618779e-03
1.915000e+01	1.480431e-03	2.038271e-03	1.545324e-03	7.488177e-03	-5.234158e-03
1.920000e+01	1.408862e-03	1.929190e-03	1.471043e-03	6.854466e-03	-5.205402e-03
1.925000e+01	1.236835e-03	1.902288e-03	1.239326e-03	7.592080e-03	-5.061803e-03
1.930000e+01	9.592128e-04	1.957614e-03	9.440874e-04	7.167706e-03	-5.674925e-03
1.935000e+01	5.896547e-04	2.032315e-03	5.644390e-04	7.019428e-03	-7.717938e-03
1.940000e+01	1.628857e-04	2.068269e-03	1.896462e-04	6.436102e-03	-8.867946e-03
1.945000e+01	-2.700736e-04	2.064090e-03	-2.515892e-04	6.235268e-03	-8.874802e-03
1.950000e+01	-6.531800e-04	2.067031e-03	-6.657260e-04	6.994979e-03	-7.718413e-03
1.955000e+01	-9.399534e-04	2.113010e-03	-1.020714e-03	6.583332e-03	-7.838919e-03
1.960000e+01	-1.106468e-03	2.176084e-03	-1.226747e-03	6.150463e-03	-8.139865e-03
1.965000e+01	-1.157898e-03	2.193453e-03	-1.232357e-03	5.852959e-03	-8.031747e-03
1.970000e+01	-1.125736e-03	2.129027e-03	-1.221287e-03	5.287176e-03	-7.906918e-03
1.975000e+01	-1.056069e-03	2.005949e-03	-1.204126e-03	5.524088e-03	-8.081624e-03
1.980000e+01	-9.926968e-04	1.891262e-03	-1.088073e-03	5.736684e-03	-7.096457e-03
1.985000e+01	-9.610084e-04	1.844998e-03	-1.010340e-03	5.556998e-03	-5.939574e-03
1.990000e+01	-9.585674e-04	1.874182e-03	-1.020172e-03	5.162183e-03	-6.745192e-03
1.995000e+01	-9.560688e-04	1.941323e-03	-9.733598e-04	6.859385e-03	-7.180798e-03
2.000000e+01	-9.085764e-04	2.003036e-03	-9.762383e-04	7.906999e-03	-7.230439e-03
