# #         k        <chi>
0.000000000000000000e+00 -6.512619999999999520e-02
5.000000000000000278e-02 -7.224935000000000385e-02
1.000000000000000056e-01 -8.023645000000000083e-02
1.499999999999999944e-01 -1.043097000000000052e-01
2.000000000000000111e-01 -1.287777999999999978e-01
2.500000000000000000e-01 -1.695285000000000264e-01
2.999999999999999889e-01 -2.106574999999999975e-01
3.499999999999999778e-01 -2.667884999999999840e-01
4.000000000000000222e-01 -3.217305000000000303e-01
4.500000000000000111e-01 -3.871980000000000421e-01
5.000000000000000000e-01 -4.471334999999999615e-01
5.500000000000000444e-01 -5.086195000000000022e-01
5.999999999999999778e-01 -5.570680000000000076e-01
6.500000000000000222e-01 -5.940190000000000747e-01
6.999999999999999556e-01 -6.091564999999999896e-01
7.500000000000000000e-01 -5.996950000000000891e-01
8.000000000000000444e-01 -5.635584999999999622e-01
8.499999999999999778e-01 -4.975644999999999651e-01
9.000000000000000222e-01 -4.107394999999999796e-01
9.499999999999999556e-01 -3.039899999999999824e-01
1.000000000000000000e+00 -1.958100000000000118e-01
1.050000000000000044e+00 -9.242975000000000496e-02
1.100000000000000089e+00 -1.342174999999999965e-02
1.149999999999999911e+00 3.428805000000000047e-02
1.199999999999999956e+00 4.232670000000000182e-02
1.250000000000000000e+00 1.098354999999999991e-02
1.300000000000000044e+00 -4.955075000000000451e-02
1.350000000000000089e+00 -1.283725000000000005e-01
1.399999999999999911e+00 -2.026810000000000000e-01
1.449999999999999956e+00 -2.579859999999999931e-01
1.500000000000000000e+00 -2.765039999999999720e-01
1.550000000000000044e+00 -2.531134999999999913e-01
1.600000000000000089e+00 -1.902424999999999811e-01
1.649999999999999911e+00 -9.794164999999999122e-02
1.699999999999999956e+00 3.371064999999999912e-03
1.750000000000000000e+00 9.788299999999999779e-02
1.800000000000000044e+00 1.655880000000000130e-01
1.850000000000000089e+00 2.010774999999999924e-01
1.899999999999999911e+00 2.005365000000000064e-01
1.949999999999999956e+00 1.740530000000000133e-01
2.000000000000000000e+00 1.318259999999999987e-01
2.049999999999999822e+00 8.811255000000001170e-02
2.100000000000000089e+00 5.395864999999999689e-02
2.149999999999999911e+00 3.496889999999999721e-02
2.200000000000000178e+00 2.929984999999999881e-02
2.250000000000000000e+00 2.987584999999999893e-02
2.299999999999999822e+00 2.949829999999999813e-02
2.350000000000000089e+00 2.459410000000000068e-02
2.399999999999999911e+00 1.486370000000000052e-02
2.450000000000000178e+00 7.301634999999999896e-03
2.500000000000000000e+00 -4.188150000000000076e-04
2.549999999999999822e+00 -7.045469999999999858e-03
2.600000000000000089e+00 -1.149840499999999974e-02
2.649999999999999911e+00 -1.510470000000000042e-02
2.700000000000000178e+00 -1.679479999999999862e-02
2.750000000000000000e+00 -1.654105000000000159e-02
2.799999999999999822e+00 -1.464829999999999952e-02
2.850000000000000089e+00 -1.268545000000000089e-02
2.899999999999999911e+00 -9.451344999999999885e-03
2.950000000000000178e+00 -5.435310000000000488e-03
3.000000000000000000e+00 -1.154916499999999926e-03
3.049999999999999822e+00 2.892099999999999879e-03
3.100000000000000089e+00 6.171794999999999885e-03
3.149999999999999911e+00 8.262109999999999593e-03
3.200000000000000178e+00 8.939179999999999696e-03
3.250000000000000000e+00 7.433615000000000188e-03
3.299999999999999822e+00 4.846164999999999501e-03
3.350000000000000089e+00 1.882314999999999856e-03
3.399999999999999911e+00 -7.330018999999999250e-04
3.450000000000000178e+00 -2.744009999999999852e-03
3.500000000000000000e+00 -3.053794999999999774e-03
3.549999999999999822e+00 -1.529245999999999947e-03
3.600000000000000089e+00 1.558693500000000055e-03
3.649999999999999911e+00 5.795345000000000357e-03
3.700000000000000178e+00 1.023029500000000036e-02
3.750000000000000000e+00 1.379624999999999949e-02
3.799999999999999822e+00 1.550949999999999898e-02
3.850000000000000089e+00 1.498715000000000117e-02
3.899999999999999911e+00 1.140309999999999935e-02
3.950000000000000178e+00 5.015804999999999916e-03
4.000000000000000000e+00 -3.256409999999999947e-03
4.049999999999999822e+00 -1.222845000000000008e-02
4.099999999999999645e+00 -2.033839999999999953e-02
4.150000000000000355e+00 -2.589620000000000116e-02
4.200000000000000178e+00 -2.766774999999999790e-02
4.250000000000000000e+00 -2.572569999999999718e-02
4.299999999999999822e+00 -2.002075000000000035e-02
4.349999999999999645e+00 -1.175055000000000023e-02
4.400000000000000355e+00 -2.681440000000000212e-03
4.450000000000000178e+00 5.114984999999999844e-03
4.500000000000000000e+00 1.058615499999999987e-02
4.549999999999999822e+00 1.304429999999999999e-02
4.599999999999999645e+00 1.270229999999999970e-02
4.650000000000000355e+00 1.053056999999999951e-02
4.700000000000000178e+00 7.879695000000000796e-03
4.750000000000000000e+00 6.007659999999999736e-03
4.799999999999999822e+00 5.690624999999999503e-03
4.849999999999999645e+00 6.909015000000000122e-03
4.900000000000000355e+00 9.177950000000000691e-03
4.950000000000000178e+00 1.158375000000000030e-02
5.000000000000000000e+00 1.323575499999999835e-02
5.049999999999999822e+00 1.361110000000000098e-02
5.099999999999999645e+00 1.283368000000000009e-02
5.150000000000000355e+00 1.141932000000000016e-02
5.200000000000000178e+00 1.006869999999999987e-02
5.250000000000000000e+00 9.244560000000000624e-03
5.299999999999999822e+00 8.960405000000001147e-03
5.349999999999999645e+00 8.595885000000001025e-03
5.400000000000000355e+00 7.108390000000000888e-03
5.450000000000000178e+00 3.471408950000000153e-03
5.500000000000000000e+00 -2.835265000000000007e-03
5.549999999999999822e+00 -1.154434000000000016e-02
5.599999999999999645e+00 -2.146614999999999981e-02
5.650000000000000355e+00 -3.060774999999999954e-02
5.700000000000000178e+00 -3.700420000000000098e-02
5.750000000000000000e+00 -3.910614999999999924e-02
5.799999999999999822e+00 -3.631075000000000275e-02
5.849999999999999645e+00 -2.903665000000000065e-02
5.900000000000000355e+00 -1.900090000000000112e-02
5.950000000000000178e+00 -8.257765000000000244e-03
6.000000000000000000e+00 1.260245999999999806e-03
6.049999999999999822e+00 8.287450000000000025e-03
6.099999999999999645e+00 1.239890000000000089e-02
6.150000000000000355e+00 1.415614999999999929e-02
6.200000000000000178e+00 1.464725000000000055e-02
6.250000000000000000e+00 1.500285000000000160e-02
6.299999999999999822e+00 1.597020000000000037e-02
6.349999999999999645e+00 1.768834999999999852e-02
6.400000000000000355e+00 1.972000000000000142e-02
6.450000000000000178e+00 2.129414999999999780e-02
6.500000000000000000e+00 2.163595000000000101e-02
6.549999999999999822e+00 2.019610000000000155e-02
6.599999999999999645e+00 1.690770000000000120e-02
6.650000000000000355e+00 1.208259999999999890e-02
6.700000000000000178e+00 6.253855000000000872e-03
6.750000000000000000e+00 -1.351499999999996801e-05
6.799999999999999822e+00 -6.242585000000000148e-03
6.849999999999999645e+00 -1.205556500000000072e-02
6.900000000000000355e+00 -1.710069999999999993e-02
6.950000000000000178e+00 -2.096869999999999984e-02
7.000000000000000000e+00 -2.317765000000000103e-02
7.049999999999999822e+00 -2.321669999999999984e-02
7.099999999999999645e+00 -2.088020000000000154e-02
7.150000000000000355e+00 -1.632729999999999945e-02
7.200000000000000178e+00 -1.020356000000000041e-02
7.250000000000000000e+00 -3.568349999999999647e-03
7.299999999999999822e+00 2.349839999999999741e-03
7.349999999999999645e+00 6.499589999999999534e-03
7.400000000000000355e+00 8.326804999999999624e-03
7.450000000000000178e+00 7.942424999999999485e-03
7.500000000000000000e+00 6.062919999999999421e-03
7.549999999999999822e+00 3.726095000000000015e-03
7.599999999999999645e+00 1.949634999999999910e-03
7.650000000000000355e+00 1.349994500000000148e-03
7.700000000000000178e+00 1.996420150000000320e-03
7.750000000000000000e+00 3.481334999999999898e-03
7.799999999999999822e+00 5.180075000000000131e-03
7.849999999999999645e+00 6.575330000000000757e-03
7.900000000000000355e+00 7.493039999999999423e-03
7.950000000000000178e+00 8.136194999999998845e-03
8.000000000000000000e+00 8.896299999999999347e-03
8.050000000000000711e+00 9.970410000000000730e-03
8.099999999999999645e+00 1.120811000000000029e-02
8.150000000000000355e+00 1.188368000000000063e-02
8.199999999999999289e+00 1.090990000000000015e-02
8.250000000000000000e+00 7.259939999999999449e-03
8.300000000000000711e+00 4.821439999999999971e-04
8.349999999999999645e+00 -8.905244999999999134e-03
8.400000000000000355e+00 -1.932895000000000099e-02
8.449999999999999289e+00 -2.846809999999999966e-02
8.500000000000000000e+00 -3.388834999999999764e-02
8.550000000000000711e+00 -3.371375000000000066e-02
8.599999999999999645e+00 -2.751034999999999939e-02
8.650000000000000355e+00 -1.634205000000000033e-02
8.699999999999999289e+00 -2.566875000000000146e-03
8.750000000000000000e+00 1.082469999999999960e-02
8.800000000000000711e+00 2.106910000000000033e-02
8.849999999999999645e+00 2.639870000000000064e-02
8.900000000000000355e+00 2.646369999999999972e-02
8.949999999999999289e+00 2.228379999999999944e-02
9.000000000000000000e+00 1.577169999999999961e-02
9.050000000000000711e+00 9.026305000000000092e-03
9.099999999999999645e+00 3.658029999999999615e-03
9.150000000000000355e+00 3.547900000000002267e-04
9.199999999999999289e+00 -1.130100000000000202e-03
9.250000000000000000e+00 -1.646084999999999823e-03
9.300000000000000711e+00 -2.132310000000000108e-03
9.349999999999999645e+00 -3.150443000000000167e-03
9.400000000000000355e+00 -4.652518999999999925e-03
9.449999999999999289e+00 -6.062435000000000566e-03
9.500000000000000000e+00 -6.613489999999999647e-03
9.550000000000000711e+00 -5.787360000000000074e-03
9.599999999999999645e+00 -3.602649999999999776e-03
9.650000000000000355e+00 -7.519549999999998978e-04
9.699999999999999289e+00 1.638677500000000013e-03
9.750000000000000000e+00 2.439784999999999870e-03
9.800000000000000711e+00 9.859170000000000000e-04
9.849999999999999645e+00 -2.608595000000000011e-03
9.900000000000000355e+00 -7.415340000000000299e-03
9.949999999999999289e+00 -1.195885000000000004e-02
1.000000000000000000e+01 -1.468989999999999879e-02
1.005000000000000071e+01 -1.446030000000000058e-02
1.009999999999999964e+01 -1.097475499999999923e-02
1.015000000000000036e+01 -4.841045000000000417e-03
1.019999999999999929e+01 2.622779999999999903e-03
1.025000000000000000e+01 9.797929999999999834e-03
1.030000000000000071e+01 1.523500000000000028e-02
1.034999999999999964e+01 1.802825000000000261e-02
1.040000000000000036e+01 1.798750000000000002e-02
1.044999999999999929e+01 1.558110000000000051e-02
1.050000000000000000e+01 1.170314999999999897e-02
1.055000000000000071e+01 7.364795000000000369e-03
1.059999999999999964e+01 3.418264999999999759e-03
1.065000000000000036e+01 3.867000000000000211e-04
1.069999999999999929e+01 -1.575875000000000019e-03
1.075000000000000000e+01 -2.618394999999999924e-03
1.080000000000000071e+01 -3.070429999999999861e-03
1.084999999999999964e+01 -3.314624999999999863e-03
1.090000000000000036e+01 -3.686634999999999739e-03
1.094999999999999929e+01 -4.411659999999999540e-03
1.100000000000000000e+01 -5.570685000000000567e-03
1.105000000000000071e+01 -7.104145000000000078e-03
1.109999999999999964e+01 -8.763895000000000712e-03
1.115000000000000036e+01 -1.019614999999999931e-02
1.119999999999999929e+01 -1.098185999999999954e-02
1.125000000000000000e+01 -1.073427500000000145e-02
1.130000000000000071e+01 -9.218429999999999680e-03
1.134999999999999964e+01 -6.454895000000000424e-03
1.140000000000000036e+01 -2.764395000000000220e-03
1.144999999999999929e+01 1.278557999999999951e-03
1.150000000000000000e+01 4.983619999999999370e-03
1.155000000000000071e+01 7.737044999999999687e-03
1.159999999999999964e+01 9.183770000000000822e-03
1.165000000000000036e+01 9.330794999999999367e-03
1.169999999999999929e+01 8.528239999999999432e-03
1.175000000000000000e+01 7.329940000000000067e-03
1.180000000000000071e+01 6.282394999999999646e-03
1.184999999999999964e+01 5.722639999999999325e-03
1.190000000000000036e+01 5.662539999999999761e-03
1.194999999999999929e+01 5.805475000000000045e-03
1.200000000000000000e+01 5.687845000000000401e-03
1.205000000000000071e+01 4.862759999999999826e-03
1.209999999999999964e+01 3.166505000000000014e-03
1.215000000000000036e+01 7.453545000000001090e-04
1.219999999999999929e+01 -1.969590000000000229e-03
1.225000000000000000e+01 -4.421814999999999947e-03
1.230000000000000071e+01 -6.141650000000000234e-03
1.234999999999999964e+01 -6.923445000000000293e-03
1.240000000000000036e+01 -6.894120000000000109e-03
1.244999999999999929e+01 -6.444280000000000147e-03
1.250000000000000000e+01 -6.050119999999999977e-03
1.255000000000000071e+01 -6.059504999999999753e-03
1.259999999999999964e+01 -6.531040000000000109e-03
1.265000000000000036e+01 -7.193694999999999951e-03
1.269999999999999929e+01 -7.545524999999999975e-03
1.275000000000000000e+01 -7.053824999999999679e-03
1.280000000000000071e+01 -5.377754999999999688e-03
1.284999999999999964e+01 -2.525295000000000317e-03
1.290000000000000036e+01 1.117518855000000123e-03
1.294999999999999929e+01 4.896390000000000464e-03
1.300000000000000000e+01 8.094779999999999337e-03
1.305000000000000071e+01 1.019191499999999931e-02
1.309999999999999964e+01 1.091299999999999909e-02
1.315000000000000036e+01 1.036691999999999995e-02
1.319999999999999929e+01 8.930524999999999922e-03
1.325000000000000000e+01 7.080885000000000304e-03
1.330000000000000071e+01 5.219424999999999759e-03
1.334999999999999964e+01 3.557344999999999952e-03
1.340000000000000036e+01 2.100418499999999900e-03
1.344999999999999929e+01 7.266940000000000595e-04
1.350000000000000000e+01 -6.886109999999999974e-04
1.355000000000000071e+01 -2.164060000000000202e-03
1.359999999999999964e+01 -3.570610000000000103e-03
1.365000000000000036e+01 -4.675864999999999536e-03
1.369999999999999929e+01 -5.251360000000000056e-03
1.375000000000000000e+01 -5.191069999999999886e-03
1.380000000000000071e+01 -4.583830000000000543e-03
1.384999999999999964e+01 -3.703094999999999998e-03
1.390000000000000036e+01 -2.914014999999999835e-03
1.394999999999999929e+01 -2.534595000000000164e-03
1.400000000000000000e+01 -2.708045000000000070e-03
1.405000000000000071e+01 -3.339545000000000187e-03
1.409999999999999964e+01 -4.128885000000000541e-03
1.415000000000000036e+01 -4.663114999999999795e-03
1.419999999999999929e+01 -4.566914999999999517e-03
1.425000000000000000e+01 -3.635435000000000229e-03
1.430000000000000071e+01 -1.902339999999999977e-03
1.434999999999999964e+01 3.784945000000000063e-04
1.440000000000000036e+01 2.824064999999999735e-03
1.444999999999999929e+01 5.045229999999999507e-03
1.450000000000000000e+01 6.751935000000000575e-03
1.455000000000000071e+01 7.804130000000000268e-03
1.459999999999999964e+01 8.198544999999999791e-03
1.465000000000000036e+01 8.010365000000000194e-03
1.469999999999999929e+01 7.325800000000000367e-03
1.475000000000000000e+01 6.200719999999999843e-03
1.480000000000000071e+01 4.663234999999999950e-03
1.484999999999999964e+01 2.753354999999999865e-03
1.490000000000000036e+01 5.731654999999999996e-04
1.494999999999999929e+01 -1.685019999999999964e-03
1.500000000000000000e+01 -3.754514999999999936e-03
1.505000000000000071e+01 -5.363640000000000248e-03
1.509999999999999964e+01 -6.295625000000000006e-03
1.515000000000000036e+01 -6.474455000000000487e-03
1.519999999999999929e+01 -5.992299999999999884e-03
1.525000000000000000e+01 -5.079999999999999447e-03
1.530000000000000071e+01 -4.026720000000000126e-03
1.534999999999999964e+01 -3.079809999999999666e-03
1.540000000000000036e+01 -2.365115000000000099e-03
1.544999999999999929e+01 -1.859774999999999926e-03
1.550000000000000000e+01 -1.427459999999999970e-03
1.555000000000000071e+01 -8.993370000000000530e-04
1.559999999999999964e+01 -1.650591849999999991e-04
1.565000000000000036e+01 7.658650000000000136e-04
1.569999999999999929e+01 1.758685000000000066e-03
1.575000000000000000e+01 2.605899999999999970e-03
1.580000000000000071e+01 3.114770000000000212e-03
1.584999999999999964e+01 3.191760000000000083e-03
1.590000000000000036e+01 2.887599999999999716e-03
1.594999999999999929e+01 2.382999999999999702e-03
1.600000000000000000e+01 1.920159999999999966e-03
1.605000000000000071e+01 1.727531499999999985e-03
1.610000000000000142e+01 1.860740000000000050e-03
1.614999999999999858e+01 2.251180000000000195e-03
1.619999999999999929e+01 2.698825000000000182e-03
1.625000000000000000e+01 2.944599999999999908e-03
1.630000000000000071e+01 2.765425000000000175e-03
1.635000000000000142e+01 2.055415000000000107e-03
1.639999999999999858e+01 8.635550000000000084e-04
1.644999999999999929e+01 -6.237858000000000205e-04
1.650000000000000000e+01 -2.145379999999999683e-03
1.655000000000000071e+01 -3.446374999999999786e-03
1.660000000000000142e+01 -4.347174999999999997e-03
1.664999999999999858e+01 -4.776985000000000085e-03
1.669999999999999929e+01 -4.765395000000000394e-03
1.675000000000000000e+01 -4.402795000000000146e-03
1.680000000000000071e+01 -3.791389999999999951e-03
1.685000000000000142e+01 -3.009149999999999932e-03
1.689999999999999858e+01 -2.099895000000000060e-03
1.694999999999999929e+01 -1.088664999999999945e-03
1.700000000000000000e+01 -9.593249999999998317e-06
1.705000000000000071e+01 1.057911500000000091e-03
1.710000000000000142e+01 2.033749999999999968e-03
1.714999999999999858e+01 2.812929999999999944e-03
1.719999999999999929e+01 3.304185000000000282e-03
1.725000000000000000e+01 3.461465000000000375e-03
1.730000000000000071e+01 3.301740000000000057e-03
1.735000000000000142e+01 2.900564999999999914e-03
1.739999999999999858e+01 2.366840000000000263e-03
1.744999999999999929e+01 1.807330000000000221e-03
1.750000000000000000e+01 1.295859500000000070e-03
1.755000000000000071e+01 8.590694999999999104e-04
1.760000000000000142e+01 4.830664999999999937e-04
1.764999999999999858e+01 1.355124999999999667e-04
1.769999999999999929e+01 -2.086247500000000120e-04
1.775000000000000000e+01 -5.502600000000000069e-04
1.780000000000000071e+01 -8.657159999999999899e-04
1.785000000000000142e+01 -1.121533999999999986e-03
1.789999999999999858e+01 -1.295827500000000000e-03
1.794999999999999929e+01 -1.394189500000000059e-03
1.800000000000000000e+01 -1.450900499999999930e-03
1.805000000000000071e+01 -1.522302499999999854e-03
1.810000000000000142e+01 -1.628740500000000003e-03
1.814999999999999858e+01 -1.767635000000000040e-03
1.819999999999999929e+01 -1.891624999999999860e-03
1.825000000000000000e+01 -1.919169999999999991e-03
1.830000000000000071e+01 -1.763289999999999823e-03
1.835000000000000142e+01 -1.367595500000000049e-03
1.839999999999999858e+01 -7.350594999999999915e-04
1.844999999999999929e+01 6.314500000000001969e-05
1.850000000000000000e+01 9.033129999999999892e-04
1.855000000000000071e+01 1.644295000000000045e-03
1.860000000000000142e+01 2.168970000000000099e-03
1.864999999999999858e+01 2.416645000000000251e-03
1.869999999999999929e+01 2.394745000000000207e-03
1.875000000000000000e+01 2.166699999999999703e-03
1.880000000000000071e+01 1.822419999999999943e-03
1.885000000000000142e+01 1.444234999999999877e-03
1.889999999999999858e+01 1.081979999999999964e-03
1.894999999999999929e+01 7.460419999999999292e-04
1.900000000000000000e+01 4.189744999999999711e-04
1.905000000000000071e+01 8.106365000000001118e-05
1.910000000000000142e+01 -2.773955000000000040e-04
1.914999999999999858e+01 -6.371344999999999830e-04
1.919999999999999929e+01 -9.559524999999999923e-04
1.925000000000000000e+01 -1.186460000000000075e-03
1.930000000000000071e+01 -1.298354999999999952e-03
1.935000000000000142e+01 -1.294238000000000072e-03
1.939999999999999858e+01 -1.210911999999999969e-03
1.944999999999999929e+01 -1.104854500000000119e-03
1.950000000000000000e+01 -1.027778000000000025e-03
1.955000000000000071e+01 -1.002968500000000086e-03
1.960000000000000142e+01 -1.012941999999999966e-03
1.964999999999999858e+01 -1.004443000000000046e-03
1.969999999999999929e+01 -9.094290000000000099e-04
1.975000000000000000e+01 -6.738480000000000034e-04
1.980000000000000071e+01 -2.827451500000000418e-04
1.985000000000000142e+01 2.283929500000000034e-04
1.989999999999999858e+01 7.807349999999999577e-04
1.994999999999999929e+01 1.274969999999999836e-03
2.000000000000000000e+01 1.621244999999999891e-03
