# 		k		<chi>		std
0.00000e+00 -3.79194e-01 6.77814e-02
5.00000e-02 -3.74018e-01 6.64198e-02
1.00000e-01 -3.71356e-01 6.67296e-02
1.50000e-01 -3.64083e-01 6.75119e-02
2.00000e-01 -3.57929e-01 6.81165e-02
2.50000e-01 -3.50238e-01 6.86319e-02
3.00000e-01 -3.45764e-01 6.86458e-02
3.50000e-01 -3.44755e-01 6.78132e-02
4.00000e-01 -3.49444e-01 6.62167e-02
4.50000e-01 -3.62209e-01 6.33759e-02
5.00000e-01 -3.81332e-01 6.00611e-02
5.50000e-01 -4.08733e-01 5.62008e-02
6.00000e-01 -4.38523e-01 5.29521e-02
6.50000e-01 -4.69471e-01 5.04858e-02
7.00000e-01 -4.93110e-01 4.91485e-02
7.50000e-01 -5.04109e-01 4.82663e-02
8.00000e-01 -4.96038e-01 4.71996e-02
8.50000e-01 -4.62280e-01 4.51869e-02
9.00000e-01 -4.04092e-01 4.24476e-02
9.50000e-01 -3.19199e-01 3.94165e-02
1.00000e+00 -2.19117e-01 3.72122e-02
1.05000e+00 -1.08773e-01 3.59015e-02
1.10000e+00 -6.33018e-03 3.48509e-02
1.15000e+00 7.91168e-02 3.24937e-02
1.20000e+00 1.32806e-01 2.82325e-02
1.25000e+00 1.49746e-01 2.22439e-02
1.30000e+00 1.28567e-01 1.73678e-02
1.35000e+00 7.48218e-02 1.79276e-02
1.40000e+00 2.57787e-03 2.32149e-02
1.45000e+00 -7.40250e-02 2.87470e-02
1.50000e+00 -1.34695e-01 3.17536e-02
1.55000e+00 -1.66846e-01 3.15781e-02
1.60000e+00 -1.58893e-01 2.86217e-02
1.65000e+00 -1.10408e-01 2.42663e-02
1.70000e+00 -2.78793e-02 2.01490e-02
1.75000e+00 7.58867e-02 1.75433e-02
1.80000e+00 1.80702e-01 1.59632e-02
1.85000e+00 2.71176e-01 1.42882e-02
1.90000e+00 3.28390e-01 1.16941e-02
1.95000e+00 3.48127e-01 9.03025e-03
2.00000e+00 3.25294e-01 8.26916e-03
2.05000e+00 2.71449e-01 1.02313e-02
2.10000e+00 1.93591e-01 1.22776e-02
2.15000e+00 1.08384e-01 1.25621e-02
2.20000e+00 3.15520e-02 1.06792e-02
2.25000e+00 -2.68653e-02 7.20130e-03
2.30000e+00 -6.04527e-02 4.11704e-03
2.35000e+00 -6.98185e-02 4.72121e-03
2.40000e+00 -6.20779e-02 6.49587e-03
2.45000e+00 -5.14420e-02 7.60336e-03
2.50000e+00 -3.70397e-02 7.71577e-03
2.55000e+00 -2.31634e-02 6.93426e-03
2.60000e+00 -1.27351e-02 5.61521e-03
2.65000e+00 -8.51064e-03 4.35067e-03
2.70000e+00 -8.22644e-03 3.44775e-03
2.75000e+00 -1.09783e-02 3.30856e-03
2.80000e+00 -1.51954e-02 3.63084e-03
2.85000e+00 -2.04619e-02 3.96154e-03
2.90000e+00 -2.31439e-02 3.91145e-03
2.95000e+00 -2.22335e-02 3.45723e-03
3.00000e+00 -1.76913e-02 2.75989e-03
3.05000e+00 -9.52725e-03 2.08565e-03
3.10000e+00 1.00645e-04 1.78244e-03
3.15000e+00 8.92410e-03 2.00410e-03
3.20000e+00 1.48402e-02 2.46643e-03
3.25000e+00 1.72292e-02 2.99118e-03
3.30000e+00 1.45899e-02 3.45998e-03
3.35000e+00 7.52269e-03 3.79112e-03
3.40000e+00 -2.32973e-03 3.89941e-03
3.45000e+00 -1.22596e-02 3.73337e-03
3.50000e+00 -2.04416e-02 3.24474e-03
3.55000e+00 -2.51802e-02 2.54920e-03
3.60000e+00 -2.57696e-02 1.89199e-03
3.65000e+00 -2.12521e-02 1.63730e-03
3.70000e+00 -1.47029e-02 1.85695e-03
3.75000e+00 -8.05771e-03 2.20684e-03
3.80000e+00 -3.01948e-03 2.50713e-03
3.85000e+00 -2.81155e-04 2.71116e-03
3.90000e+00 -1.01974e-03 2.83999e-03
3.95000e+00 -4.15072e-03 2.91902e-03
4.00000e+00 -7.85199e-03 2.93100e-03
4.05000e+00 -1.13173e-02 2.86063e-03
4.10000e+00 -1.21391e-02 2.72104e-03
4.15000e+00 -9.21882e-03 2.51180e-03
4.20000e+00 -2.56271e-03 2.20998e-03
4.25000e+00 6.06311e-03 1.79686e-03
4.30000e+00 1.60499e-02 1.38673e-03
4.35000e+00 2.56428e-02 1.31380e-03
4.40000e+00 3.33059e-02 1.75941e-03
4.45000e+00 3.78828e-02 2.41828e-03
4.50000e+00 3.95333e-02 3.03054e-03
4.55000e+00 3.85948e-02 3.53498e-03
4.60000e+00 3.57614e-02 3.96325e-03
4.65000e+00 3.17643e-02 4.35169e-03
4.70000e+00 2.70769e-02 4.67845e-03
4.75000e+00 2.16919e-02 4.85458e-03
4.80000e+00 1.52684e-02 4.78805e-03
4.85000e+00 7.57383e-03 4.47353e-03
4.90000e+00 -1.75806e-03 3.99882e-03
4.95000e+00 -1.24704e-02 3.58617e-03
5.00000e+00 -2.37023e-02 3.51737e-03
5.05000e+00 -3.38857e-02 3.88509e-03
5.10000e+00 -4.17453e-02 4.51033e-03
5.15000e+00 -4.60679e-02 5.13539e-03
5.20000e+00 -4.63311e-02 5.57320e-03
5.25000e+00 -4.28608e-02 5.71539e-03
5.30000e+00 -3.71628e-02 5.57469e-03
5.35000e+00 -3.11770e-02 5.26067e-03
5.40000e+00 -2.68201e-02 4.97724e-03
5.45000e+00 -2.51535e-02 4.90125e-03
5.50000e+00 -2.62902e-02 5.06826e-03
5.55000e+00 -2.87912e-02 5.33734e-03
5.60000e+00 -3.00627e-02 5.59604e-03
5.65000e+00 -2.69029e-02 5.86087e-03
5.70000e+00 -1.70055e-02 6.28770e-03
5.75000e+00 6.23109e-04 6.93644e-03
5.80000e+00 2.48613e-02 7.70197e-03
5.85000e+00 5.23557e-02 8.39882e-03
5.90000e+00 7.80424e-02 8.97023e-03
5.95000e+00 9.65298e-02 9.48136e-03
6.00000e+00 1.03371e-01 1.00464e-02
6.05000e+00 9.57877e-02 1.06167e-02
6.10000e+00 7.49702e-02 1.10541e-02
6.15000e+00 4.46709e-02 1.10984e-02
6.20000e+00 1.06570e-02 1.05624e-02
6.25000e+00 -2.07154e-02 9.44390e-03
6.30000e+00 -4.40813e-02 7.97831e-03
6.35000e+00 -5.63530e-02 6.64397e-03
6.40000e+00 -5.73486e-02 6.02498e-03
6.45000e+00 -4.95978e-02 6.31365e-03
6.50000e+00 -3.74041e-02 7.08591e-03
6.55000e+00 -2.54448e-02 7.87061e-03
6.60000e+00 -1.75579e-02 8.50873e-03
6.65000e+00 -1.53598e-02 9.02832e-03
6.70000e+00 -1.81495e-02 9.48577e-03
6.75000e+00 -2.34139e-02 9.84907e-03
6.80000e+00 -2.78675e-02 9.98013e-03
6.85000e+00 -2.86512e-02 9.70647e-03
6.90000e+00 -2.42865e-02 8.92984e-03
6.95000e+00 -1.50844e-02 7.74439e-03
7.00000e+00 -2.91043e-03 6.58110e-03
7.05000e+00 9.78207e-03 6.23699e-03
7.10000e+00 2.01341e-02 7.24721e-03
7.15000e+00 2.66169e-02 9.02648e-03
7.20000e+00 2.91564e-02 1.07697e-02
7.25000e+00 2.89491e-02 1.19932e-02
7.30000e+00 2.78005e-02 1.24873e-02
7.35000e+00 2.72609e-02 1.22355e-02
7.40000e+00 2.79043e-02 1.13639e-02
7.45000e+00 2.90364e-02 1.01092e-02
7.50000e+00 2.89491e-02 8.78734e-03
7.55000e+00 2.55423e-02 7.70941e-03
7.60000e+00 1.75688e-02 7.08246e-03
7.65000e+00 5.01631e-03 6.82761e-03
7.70000e+00 -1.04781e-02 6.70610e-03
7.75000e+00 -2.59315e-02 6.56980e-03
7.80000e+00 -3.78388e-02 6.48777e-03
7.85000e+00 -4.32507e-02 6.69510e-03
7.90000e+00 -4.07442e-02 7.41257e-03
7.95000e+00 -3.09495e-02 8.67317e-03
8.00000e+00 -1.64434e-02 1.03111e-02
8.05000e+00 -9.69110e-04 1.20025e-02
8.10000e+00 1.14258e-02 1.33722e-02
8.15000e+00 1.78705e-02 1.40224e-02
8.20000e+00 1.73714e-02 1.36389e-02
8.25000e+00 1.10340e-02 1.21092e-02
8.30000e+00 1.62327e-03 9.66547e-03
8.35000e+00 -7.37880e-03 7.17085e-03
8.40000e+00 -1.28964e-02 6.51828e-03
8.45000e+00 -1.31934e-02 8.49253e-03
8.50000e+00 -8.32827e-03 1.12013e-02
8.55000e+00 2.89115e-06 1.32438e-02
8.60000e+00 9.09574e-03 1.40654e-02
8.65000e+00 1.61017e-02 1.35954e-02
8.70000e+00 1.89701e-02 1.21029e-02
8.75000e+00 1.70660e-02 1.01247e-02
8.80000e+00 1.12824e-02 8.34803e-03
8.85000e+00 3.62857e-03 7.28948e-03
8.90000e+00 -3.53146e-03 6.84155e-03
8.95000e+00 -8.29404e-03 6.45150e-03
9.00000e+00 -9.78912e-03 5.82773e-03
9.05000e+00 -8.26816e-03 5.24692e-03
9.10000e+00 -4.96182e-03 5.27048e-03
9.15000e+00 -1.51182e-03 5.94811e-03
9.20000e+00 6.76093e-04 6.77568e-03
9.25000e+00 9.48338e-04 7.46238e-03
9.30000e+00 -3.97999e-04 8.18884e-03
9.35000e+00 -2.29558e-03 9.30057e-03
9.40000e+00 -3.38498e-03 1.07889e-02
9.45000e+00 -2.60016e-03 1.21879e-02
9.50000e+00 3.64748e-04 1.29198e-02
9.55000e+00 4.89938e-03 1.26128e-02
9.60000e+00 9.64559e-03 1.12355e-02
9.65000e+00 1.29258e-02 9.22830e-03
9.70000e+00 1.33574e-02 7.58940e-03
9.75000e+00 1.03630e-02 7.53625e-03
9.80000e+00 4.41380e-03 8.96934e-03
9.85000e+00 -3.08120e-03 1.06714e-02
9.90000e+00 -1.02067e-02 1.18177e-02
9.95000e+00 -1.51463e-02 1.21113e-02
1.00000e+01 -1.67563e-02 1.15707e-02
1.00500e+01 -1.49135e-02 1.04036e-02
1.01000e+01 -1.05061e-02 8.91100e-03
1.01500e+01 -5.14980e-03 7.45478e-03
1.02000e+01 -6.03519e-04 6.34740e-03
1.02500e+01 1.82765e-03 5.69443e-03
1.03000e+01 1.71895e-03 5.33303e-03
1.03500e+01 -3.58878e-04 5.03577e-03
1.04000e+01 -3.07031e-03 4.76043e-03
1.04500e+01 -4.80753e-03 4.70209e-03
1.05000e+01 -4.27362e-03 5.09279e-03
1.05500e+01 -9.56898e-04 5.90114e-03
1.06000e+01 4.66300e-03 6.85635e-03
1.06500e+01 1.12446e-02 7.68501e-03
1.07000e+01 1.70031e-02 8.23210e-03
1.07500e+01 2.02771e-02 8.48101e-03
1.08000e+01 2.00551e-02 8.52451e-03
1.08500e+01 1.62911e-02 8.48532e-03
1.09000e+01 9.91230e-03 8.41279e-03
1.09500e+01 2.52169e-03 8.24652e-03
1.10000e+01 -4.10147e-03 7.90814e-03
1.10500e+01 -8.52598e-03 7.45989e-03
1.11000e+01 -1.01530e-02 7.19070e-03
1.11500e+01 -9.24829e-03 7.43828e-03
1.12000e+01 -6.83049e-03 8.18459e-03
1.12500e+01 -4.29500e-03 9.02382e-03
1.13000e+01 -2.93772e-03 9.52280e-03
1.13500e+01 -3.53427e-03 9.45746e-03
1.14000e+01 -6.10357e-03 8.85369e-03
1.14500e+01 -9.92024e-03 7.93448e-03
1.15000e+01 -1.37588e-02 7.00810e-03
1.15500e+01 -1.62816e-02 6.31424e-03
1.16000e+01 -1.64432e-02 5.90694e-03
1.16500e+01 -1.37880e-02 5.69746e-03
1.17000e+01 -8.56073e-03 5.60243e-03
1.17500e+01 -1.61157e-03 5.60674e-03
1.18000e+01 5.85667e-03 5.71499e-03
1.18500e+01 1.26092e-02 5.89915e-03
1.19000e+01 1.76677e-02 6.10165e-03
1.19500e+01 2.04888e-02 6.26286e-03
1.20000e+01 2.09986e-02 6.33667e-03
1.20500e+01 1.95407e-02 6.31771e-03
1.21000e+01 1.65490e-02 6.19988e-03
1.21500e+01 1.25843e-02 6.04225e-03
1.22000e+01 8.14678e-03 5.92422e-03
1.22500e+01 3.62490e-03 5.88465e-03
1.23000e+01 -6.90485e-04 5.88638e-03
1.23500e+01 -4.55845e-03 5.85560e-03
1.24000e+01 -7.74722e-03 5.75837e-03
1.24500e+01 -1.00320e-02 5.64059e-03
1.25000e+01 -1.12404e-02 5.59621e-03
1.25500e+01 -1.13264e-02 5.68318e-03
1.26000e+01 -1.04371e-02 5.86429e-03
1.26500e+01 -8.92934e-03 6.03441e-03
1.27000e+01 -7.31191e-03 6.09020e-03
1.27500e+01 -6.11612e-03 5.97249e-03
1.28000e+01 -5.72739e-03 5.67466e-03
1.28500e+01 -6.23363e-03 5.24492e-03
1.29000e+01 -7.34852e-03 4.79917e-03
1.29500e+01 -8.44903e-03 4.52095e-03
1.30000e+01 -8.73155e-03 4.57291e-03
1.30500e+01 -7.45575e-03 4.94385e-03
1.31000e+01 -4.19827e-03 5.41311e-03
1.31500e+01 1.00035e-03 5.74838e-03
1.32000e+01 7.54619e-03 5.82069e-03
1.32500e+01 1.43738e-02 5.64565e-03
1.33000e+01 2.01723e-02 5.37382e-03
1.33500e+01 2.37005e-02 5.21338e-03
1.34000e+01 2.41071e-02 5.27613e-03
1.34500e+01 2.11636e-02 5.48088e-03
1.35000e+01 1.53417e-02 5.65163e-03
1.35500e+01 7.70953e-03 5.67523e-03
1.36000e+01 -3.26029e-04 5.56357e-03
1.36500e+01 -7.36018e-03 5.41668e-03
1.37000e+01 -1.23184e-02 5.32889e-03
1.37500e+01 -1.46833e-02 5.30918e-03
1.38000e+01 -1.45626e-02 5.29352e-03
1.38500e+01 -1.25903e-02 5.22531e-03
1.39000e+01 -9.70020e-03 5.10642e-03
1.39500e+01 -6.84643e-03 4.97645e-03
1.40000e+01 -4.75343e-03 4.85433e-03
1.40500e+01 -3.76640e-03 4.73070e-03
1.41000e+01 -3.79658e-03 4.53718e-03
1.41500e+01 -4.46793e-03 4.27373e-03
1.42000e+01 -5.23815e-03 4.01014e-03
1.42500e+01 -5.57551e-03 3.84653e-03
1.43000e+01 -5.10132e-03 3.83310e-03
1.43500e+01 -3.66290e-03 3.92895e-03
1.44000e+01 -1.33095e-03 4.04757e-03
1.44500e+01 1.65853e-03 4.11998e-03
1.45000e+01 4.98289e-03 4.11523e-03
1.45500e+01 8.29844e-03 4.03436e-03
1.46000e+01 1.12744e-02 3.90792e-03
1.46500e+01 1.35975e-02 3.80011e-03
1.47000e+01 1.49666e-02 3.79578e-03
1.47500e+01 1.51028e-02 3.94784e-03
1.48000e+01 1.37908e-02 4.22167e-03
1.48500e+01 1.09507e-02 4.50697e-03
1.49000e+01 6.71659e-03 4.68474e-03
1.49500e+01 1.48632e-03 4.68936e-03
1.50000e+01 -4.09192e-03 4.54360e-03
1.50500e+01 -9.22697e-03 4.36513e-03
1.51000e+01 -1.31328e-02 4.28103e-03
1.51500e+01 -1.51941e-02 4.34272e-03
1.52000e+01 -1.51409e-02 4.45986e-03
1.52500e+01 -1.31320e-02 4.48048e-03
1.53000e+01 -9.72694e-03 4.31324e-03
1.53500e+01 -5.74536e-03 3.99003e-03
1.54000e+01 -2.05430e-03 3.65437e-03
1.54500e+01 6.55854e-04 3.46560e-03
1.55000e+01 2.03944e-03 3.45359e-03
1.55500e+01 2.15935e-03 3.50031e-03
1.56000e+01 1.43147e-03 3.48494e-03
1.56500e+01 4.71916e-04 3.38710e-03
1.57000e+01 -1.02219e-04 3.27020e-03
1.57500e+01 1.43510e-04 3.19834e-03
1.58000e+01 1.34568e-03 3.17031e-03
1.58500e+01 3.32426e-03 3.13927e-03
1.59000e+01 5.65647e-03 3.08037e-03
1.59500e+01 7.81171e-03 3.02198e-03
1.60000e+01 9.30055e-03 3.01899e-03
1.60500e+01 9.82608e-03 3.10684e-03
1.61000e+01 9.19087e-03 3.26609e-03
1.61500e+01 7.49432e-03 3.44053e-03
1.62000e+01 4.99092e-03 3.57360e-03
1.62500e+01 2.00286e-03 3.63309e-03
1.63000e+01 -1.15275e-03 3.61973e-03
1.63500e+01 -4.20076e-03 3.56325e-03
1.64000e+01 -6.90807e-03 3.50462e-03
1.64500e+01 -9.06399e-03 3.47043e-03
1.65000e+01 -1.04664e-02 3.45963e-03
1.65500e+01 -1.09333e-02 3.45548e-03
1.66000e+01 -1.03446e-02 3.44593e-03
1.66500e+01 -8.69930e-03 3.42727e-03
1.67000e+01 -6.16207e-03 3.39087e-03
1.67500e+01 -3.07088e-03 3.31610e-03
1.68000e+01 1.09833e-04 3.18409e-03
1.68500e+01 2.88550e-03 2.99928e-03
1.69000e+01 4.85131e-03 2.79445e-03
1.69500e+01 5.79748e-03 2.60849e-03
1.70000e+01 5.76319e-03 2.45475e-03
1.70500e+01 4.99946e-03 2.31314e-03
1.71000e+01 3.94164e-03 2.17740e-03
1.71500e+01 3.03151e-03 2.07261e-03
1.72000e+01 2.59270e-03 2.03306e-03
1.72500e+01 2.73282e-03 2.06172e-03
1.73000e+01 3.31666e-03 2.12535e-03
1.73500e+01 4.01924e-03 2.19311e-03
1.74000e+01 4.44031e-03 2.26416e-03
1.74500e+01 4.24068e-03 2.35538e-03
1.75000e+01 3.25440e-03 2.46911e-03
1.75500e+01 1.54019e-03 2.57956e-03
1.76000e+01 -6.41452e-04 2.65123e-03
1.76500e+01 -2.91257e-03 2.66586e-03
1.77000e+01 -4.89046e-03 2.63415e-03
1.77500e+01 -6.28860e-03 2.58637e-03
1.78000e+01 -6.97398e-03 2.55023e-03
1.78500e+01 -6.96805e-03 2.53376e-03
1.79000e+01 -6.40050e-03 2.52818e-03
1.79500e+01 -5.44070e-03 2.52404e-03
1.80000e+01 -4.23657e-03 2.51991e-03
1.80500e+01 -2.86274e-03 2.52437e-03
1.81000e+01 -1.37071e-03 2.51537e-03
1.81500e+01 1.88755e-04 2.47765e-03
1.82000e+01 1.74582e-03 2.39781e-03
1.82500e+01 3.19247e-03 2.27797e-03
1.83000e+01 4.38801e-03 2.14276e-03
1.83500e+01 5.18987e-03 2.03258e-03
1.84000e+01 5.49825e-03 1.98187e-03
1.84500e+01 5.29541e-03 1.99503e-03
1.85000e+01 4.66130e-03 2.04429e-03
1.85500e+01 3.75591e-03 2.09185e-03
1.86000e+01 2.77217e-03 2.11263e-03
1.86500e+01 1.87551e-03 2.10318e-03
1.87000e+01 1.15274e-03 2.07750e-03
1.87500e+01 5.89923e-04 2.05390e-03
1.88000e+01 8.87606e-05 2.04108e-03
1.88500e+01 -4.84085e-04 2.03590e-03
1.89000e+01 -1.23287e-03 2.03572e-03
1.89500e+01 -2.17814e-03 2.04989e-03
1.90000e+01 -3.23278e-03 2.09340e-03
1.90500e+01 -4.21491e-03 2.16986e-03
1.91000e+01 -4.93032e-03 2.25293e-03
1.91500e+01 -5.18957e-03 2.31382e-03
1.92000e+01 -4.88603e-03 2.33920e-03
1.92500e+01 -4.03272e-03 2.33679e-03
1.93000e+01 -2.76163e-03 2.32137e-03
1.93500e+01 -1.28638e-03 2.29476e-03
1.94000e+01 1.58199e-04 2.24098e-03
1.94500e+01 1.37864e-03 2.14236e-03
1.95000e+01 2.26689e-03 2.00061e-03
1.95500e+01 2.81282e-03 1.84536e-03
1.96000e+01 3.08417e-03 1.72368e-03
1.96500e+01 3.18401e-03 1.67420e-03
1.97000e+01 3.20342e-03 1.70346e-03
1.97500e+01 3.18660e-03 1.78686e-03
1.98000e+01 3.12015e-03 1.88816e-03
1.98500e+01 2.94767e-03 1.97424e-03
1.99000e+01 2.60183e-03 2.02195e-03
1.99500e+01 2.03978e-03 2.02271e-03
2.00000e+01 1.26803e-03 1.98415e-03
