# 		k		<chi>		std
0.00000e+00 -4.32512e-01 3.66832e-02
5.00000e-02 -4.30182e-01 3.52727e-02
1.00000e-01 -4.28182e-01 3.47745e-02
1.50000e-01 -4.21618e-01 3.32885e-02
2.00000e-01 -4.14564e-01 3.18232e-02
2.50000e-01 -4.01056e-01 2.95442e-02
3.00000e-01 -3.86178e-01 2.76012e-02
3.50000e-01 -3.62544e-01 2.58528e-02
4.00000e-01 -3.36703e-01 2.55506e-02
4.50000e-01 -3.01269e-01 2.73310e-02
5.00000e-01 -2.63824e-01 3.09492e-02
5.50000e-01 -2.18781e-01 3.62593e-02
6.00000e-01 -1.73456e-01 4.15643e-02
6.50000e-01 -1.24844e-01 4.64713e-02
7.00000e-01 -7.88808e-02 4.95860e-02
7.50000e-01 -3.49567e-02 5.04974e-02
8.00000e-01 2.45628e-03 4.87246e-02
8.50000e-01 3.18758e-02 4.40907e-02
9.00000e-01 5.02329e-02 3.74840e-02
9.50000e-01 5.46249e-02 2.97530e-02
1.00000e+00 4.38785e-02 2.37186e-02
1.05000e+00 1.52339e-02 2.19331e-02
1.10000e+00 -2.87310e-02 2.44887e-02
1.15000e+00 -8.85067e-02 2.81710e-02
1.20000e+00 -1.56139e-01 3.01554e-02
1.25000e+00 -2.28430e-01 2.96359e-02
1.30000e+00 -2.93465e-01 2.65254e-02
1.35000e+00 -3.45826e-01 2.17709e-02
1.40000e+00 -3.75159e-01 1.67792e-02
1.45000e+00 -3.78274e-01 1.33233e-02
1.50000e+00 -3.52834e-01 1.24192e-02
1.55000e+00 -3.01660e-01 1.31421e-02
1.60000e+00 -2.32143e-01 1.40006e-02
1.65000e+00 -1.52119e-01 1.47038e-02
1.70000e+00 -7.30777e-02 1.54148e-02
1.75000e+00 -2.01533e-03 1.62731e-02
1.80000e+00 5.36610e-02 1.68062e-02
1.85000e+00 9.32030e-02 1.67565e-02
1.90000e+00 1.16000e-01 1.57402e-02
1.95000e+00 1.27100e-01 1.43167e-02
2.00000e+00 1.28483e-01 1.27418e-02
2.05000e+00 1.27681e-01 1.17815e-02
2.10000e+00 1.22980e-01 1.11045e-02
2.15000e+00 1.15187e-01 1.05263e-02
2.20000e+00 1.04195e-01 9.76909e-03
2.25000e+00 9.39918e-02 8.86481e-03
2.30000e+00 7.94532e-02 7.71250e-03
2.35000e+00 6.10769e-02 6.33117e-03
2.40000e+00 4.09614e-02 4.84687e-03
2.45000e+00 2.43298e-02 3.59718e-03
2.50000e+00 9.14081e-03 2.67164e-03
2.55000e+00 -3.21380e-03 2.43598e-03
2.60000e+00 -1.18084e-02 2.78957e-03
2.65000e+00 -1.80077e-02 3.37117e-03
2.70000e+00 -2.09727e-02 3.77005e-03
2.75000e+00 -2.08389e-02 3.87873e-03
2.80000e+00 -1.80534e-02 3.69067e-03
2.85000e+00 -1.44757e-02 3.37737e-03
2.90000e+00 -9.26275e-03 2.90920e-03
2.95000e+00 -3.16096e-03 2.52135e-03
3.00000e+00 3.07878e-03 2.48055e-03
3.05000e+00 7.96250e-03 2.84149e-03
3.10000e+00 1.17422e-02 3.37221e-03
3.15000e+00 1.40473e-02 3.80668e-03
3.20000e+00 1.46713e-02 3.96515e-03
3.25000e+00 1.26277e-02 3.78973e-03
3.30000e+00 9.36467e-03 3.22532e-03
3.35000e+00 5.46177e-03 2.36635e-03
3.40000e+00 1.52069e-03 1.58774e-03
3.45000e+00 -2.53363e-03 1.79291e-03
3.50000e+00 -5.21335e-03 2.82644e-03
3.55000e+00 -6.05165e-03 3.84002e-03
3.60000e+00 -4.89137e-03 4.47277e-03
3.65000e+00 -1.85032e-03 4.57194e-03
3.70000e+00 2.76018e-03 4.09344e-03
3.75000e+00 7.94307e-03 3.15856e-03
3.80000e+00 1.24746e-02 2.09144e-03
3.85000e+00 1.57572e-02 1.68698e-03
3.90000e+00 1.61416e-02 2.45610e-03
3.95000e+00 1.31186e-02 3.44742e-03
4.00000e+00 6.96669e-03 4.17040e-03
4.05000e+00 -1.24090e-03 4.50778e-03
4.10000e+00 -1.03952e-02 4.46083e-03
4.15000e+00 -1.86614e-02 4.12230e-03
4.20000e+00 -2.44231e-02 3.62846e-03
4.25000e+00 -2.69580e-02 3.11810e-03
4.30000e+00 -2.59490e-02 2.75181e-03
4.35000e+00 -2.20762e-02 2.64525e-03
4.40000e+00 -1.67253e-02 2.82850e-03
4.45000e+00 -1.17844e-02 3.23568e-03
4.50000e+00 -8.41180e-03 3.80184e-03
4.55000e+00 -7.37422e-03 4.43696e-03
4.60000e+00 -8.51834e-03 5.01860e-03
4.65000e+00 -1.09394e-02 5.41465e-03
4.70000e+00 -1.29314e-02 5.51080e-03
4.75000e+00 -1.27115e-02 5.29784e-03
4.80000e+00 -8.90415e-03 4.97979e-03
4.85000e+00 -1.28480e-03 5.02290e-03
4.90000e+00 9.86802e-03 5.83989e-03
4.95000e+00 2.30661e-02 7.28979e-03
5.00000e+00 3.61635e-02 8.86276e-03
5.05000e+00 4.68473e-02 1.00713e-02
5.10000e+00 5.34562e-02 1.05930e-02
5.15000e+00 5.49910e-02 1.02521e-02
5.20000e+00 5.14537e-02 9.09298e-03
5.25000e+00 4.36871e-02 7.47519e-03
5.30000e+00 3.31610e-02 6.26744e-03
5.35000e+00 2.14271e-02 6.57053e-03
5.40000e+00 9.76583e-03 8.21971e-03
5.45000e+00 -1.11232e-03 1.00545e-02
5.50000e+00 -1.07780e-02 1.13093e-02
5.55000e+00 -1.92684e-02 1.16389e-02
5.60000e+00 -2.66827e-02 1.10325e-02
5.65000e+00 -3.28257e-02 9.73792e-03
5.70000e+00 -3.73747e-02 8.33180e-03
5.75000e+00 -3.98379e-02 7.46457e-03
5.80000e+00 -3.97797e-02 7.44177e-03
5.85000e+00 -3.69594e-02 7.86805e-03
5.90000e+00 -3.20136e-02 8.18486e-03
5.95000e+00 -2.59356e-02 8.09707e-03
6.00000e+00 -2.00181e-02 7.62933e-03
6.05000e+00 -1.54092e-02 6.97303e-03
6.10000e+00 -1.28804e-02 6.38562e-03
6.15000e+00 -1.23263e-02 5.95201e-03
6.20000e+00 -1.28373e-02 5.64295e-03
6.25000e+00 -1.29583e-02 5.50378e-03
6.30000e+00 -1.11548e-02 5.74641e-03
6.35000e+00 -6.33470e-03 6.54454e-03
6.40000e+00 1.75420e-03 7.79761e-03
6.45000e+00 1.23903e-02 9.22975e-03
6.50000e+00 2.40571e-02 1.05714e-02
6.55000e+00 3.49051e-02 1.15732e-02
6.60000e+00 4.30589e-02 1.20796e-02
6.65000e+00 4.74241e-02 1.20489e-02
6.70000e+00 4.77515e-02 1.17051e-02
6.75000e+00 4.45471e-02 1.16245e-02
6.80000e+00 3.87534e-02 1.23972e-02
6.85000e+00 3.13438e-02 1.39002e-02
6.90000e+00 2.30007e-02 1.52547e-02
6.95000e+00 1.40012e-02 1.55041e-02
7.00000e+00 4.33973e-03 1.41647e-02
7.05000e+00 -6.07226e-03 1.16105e-02
7.10000e+00 -1.67578e-02 9.90104e-03
7.15000e+00 -2.68974e-02 1.15928e-02
7.20000e+00 -3.52740e-02 1.54468e-02
7.25000e+00 -4.05842e-02 1.87725e-02
7.30000e+00 -4.18701e-02 2.01266e-02
7.35000e+00 -3.89036e-02 1.91290e-02
7.40000e+00 -3.23602e-02 1.62551e-02
7.45000e+00 -2.36976e-02 1.26986e-02
7.50000e+00 -1.47646e-02 1.00726e-02
7.55000e+00 -7.23887e-03 9.26077e-03
7.60000e+00 -2.31946e-03 9.33038e-03
7.65000e+00 -1.48797e-04 9.04876e-03
7.70000e+00 -1.00066e-06 8.36986e-03
7.75000e+00 -6.16417e-04 8.06340e-03
7.80000e+00 -6.79568e-04 8.61461e-03
7.85000e+00 7.38568e-04 9.59815e-03
7.90000e+00 3.92502e-03 1.04447e-02
7.95000e+00 8.52241e-03 1.10123e-02
8.00000e+00 1.37422e-02 1.14149e-02
8.05000e+00 1.86365e-02 1.16625e-02
8.10000e+00 2.24620e-02 1.16663e-02
8.15000e+00 2.47644e-02 1.13698e-02
8.20000e+00 2.53507e-02 1.09624e-02
8.25000e+00 2.41595e-02 1.07538e-02
8.30000e+00 2.11486e-02 1.08061e-02
8.35000e+00 1.62899e-02 1.07917e-02
8.40000e+00 9.69671e-03 1.03001e-02
8.45000e+00 1.81854e-03 9.20953e-03
8.50000e+00 -6.42034e-03 7.88862e-03
8.55000e+00 -1.36503e-02 7.20266e-03
8.60000e+00 -1.83574e-02 7.82427e-03
8.65000e+00 -1.93639e-02 9.28312e-03
8.70000e+00 -1.63231e-02 1.06756e-02
8.75000e+00 -1.00320e-02 1.14525e-02
8.80000e+00 -2.38270e-03 1.14658e-02
8.85000e+00 4.10145e-03 1.09126e-02
8.90000e+00 7.03651e-03 1.03275e-02
8.95000e+00 5.00871e-03 1.04501e-02
9.00000e+00 -1.83525e-03 1.16630e-02
9.05000e+00 -1.17247e-02 1.35321e-02
9.10000e+00 -2.15813e-02 1.51527e-02
9.15000e+00 -2.80767e-02 1.57021e-02
9.20000e+00 -2.86847e-02 1.47100e-02
9.25000e+00 -2.25508e-02 1.23134e-02
9.30000e+00 -1.08339e-02 9.75222e-03
9.35000e+00 3.61618e-03 9.69820e-03
9.40000e+00 1.71468e-02 1.27935e-02
9.45000e+00 2.64562e-02 1.64465e-02
9.50000e+00 2.96141e-02 1.87863e-02
9.55000e+00 2.65915e-02 1.90985e-02
9.60000e+00 1.91554e-02 1.74750e-02
9.65000e+00 1.01741e-02 1.46475e-02
9.70000e+00 2.54515e-03 1.17206e-02
9.75000e+00 -1.79128e-03 9.70509e-03
9.80000e+00 -2.42529e-03 8.79327e-03
9.85000e+00 -4.47466e-04 8.32103e-03
9.90000e+00 2.13851e-03 7.76739e-03
9.95000e+00 3.31052e-03 7.23130e-03
1.00000e+01 1.87365e-03 7.13850e-03
1.00500e+01 -2.06766e-03 7.75482e-03
1.01000e+01 -7.14860e-03 8.94226e-03
1.01500e+01 -1.13714e-02 1.03695e-02
1.02000e+01 -1.29251e-02 1.16492e-02
1.02500e+01 -1.09435e-02 1.23840e-02
1.03000e+01 -5.88840e-03 1.22753e-02
1.03500e+01 5.89102e-04 1.12806e-02
1.04000e+01 6.24982e-03 9.75906e-03
1.04500e+01 9.09549e-03 8.51882e-03
1.05000e+01 8.10907e-03 8.36910e-03
1.05500e+01 3.62999e-03 9.09779e-03
1.06000e+01 -2.76890e-03 9.69585e-03
1.06500e+01 -8.84722e-03 9.45082e-03
1.07000e+01 -1.24887e-02 8.34187e-03
1.07500e+01 -1.24271e-02 7.15455e-03
1.08000e+01 -8.65033e-03 7.20681e-03
1.08500e+01 -2.35487e-03 8.63635e-03
1.09000e+01 4.51009e-03 1.01462e-02
1.09500e+01 9.92480e-03 1.07309e-02
1.10000e+01 1.24561e-02 1.01364e-02
1.10500e+01 1.16877e-02 8.86112e-03
1.11000e+01 8.18358e-03 8.07863e-03
1.11500e+01 3.26358e-03 8.73297e-03
1.12000e+01 -1.52857e-03 1.01915e-02
1.12500e+01 -4.94002e-03 1.12154e-02
1.13000e+01 -6.35192e-03 1.10903e-02
1.13500e+01 -5.85684e-03 9.71165e-03
1.14000e+01 -4.08335e-03 7.53512e-03
1.14500e+01 -1.87097e-03 5.70308e-03
1.15000e+01 6.22821e-05 5.75021e-03
1.15500e+01 1.33616e-03 7.26245e-03
1.16000e+01 1.94847e-03 8.68620e-03
1.16500e+01 2.15708e-03 9.37310e-03
1.17000e+01 2.28117e-03 9.36658e-03
1.17500e+01 2.51908e-03 9.02411e-03
1.18000e+01 2.85847e-03 8.66979e-03
1.18500e+01 3.10404e-03 8.35325e-03
1.19000e+01 2.99440e-03 7.94969e-03
1.19500e+01 2.34484e-03 7.43494e-03
1.20000e+01 1.14916e-03 6.93059e-03
1.20500e+01 -4.41091e-04 6.47225e-03
1.21000e+01 -2.06763e-03 5.87227e-03
1.21500e+01 -3.36619e-03 5.14699e-03
1.22000e+01 -4.06776e-03 5.10171e-03
1.22500e+01 -4.07124e-03 6.62581e-03
1.23000e+01 -3.45001e-03 9.01448e-03
1.23500e+01 -2.40274e-03 1.10723e-02
1.24000e+01 -1.17904e-03 1.20119e-02
1.24500e+01 -1.45179e-05 1.15365e-02
1.25000e+01 9.04288e-04 9.87401e-03
1.25500e+01 1.44509e-03 7.79507e-03
1.26000e+01 1.52266e-03 6.50013e-03
1.26500e+01 1.10026e-03 6.63748e-03
1.27000e+01 2.10409e-04 7.31185e-03
1.27500e+01 -1.01335e-03 7.50515e-03
1.28000e+01 -2.31758e-03 6.93992e-03
1.28500e+01 -3.35000e-03 5.89619e-03
1.29000e+01 -3.73388e-03 4.98690e-03
1.29500e+01 -3.18381e-03 4.78321e-03
1.30000e+01 -1.62572e-03 5.19994e-03
1.30500e+01 7.36573e-04 5.71841e-03
1.31000e+01 3.41025e-03 5.99387e-03
1.31500e+01 5.75545e-03 5.99065e-03
1.32000e+01 7.15787e-03 5.83509e-03
1.32500e+01 7.22558e-03 5.67764e-03
1.33000e+01 5.92900e-03 5.58337e-03
1.33500e+01 3.62795e-03 5.50734e-03
1.34000e+01 9.67542e-04 5.35875e-03
1.34500e+01 -1.32677e-03 5.07680e-03
1.35000e+01 -2.68565e-03 4.67482e-03
1.35500e+01 -2.87994e-03 4.26562e-03
1.36000e+01 -2.08543e-03 4.04758e-03
1.36500e+01 -8.04466e-04 4.16369e-03
1.37000e+01 3.26443e-04 4.52482e-03
1.37500e+01 7.71560e-04 4.89758e-03
1.38000e+01 2.86459e-04 5.12387e-03
1.38500e+01 -1.00518e-03 5.20008e-03
1.39000e+01 -2.67384e-03 5.20945e-03
1.39500e+01 -4.15768e-03 5.19697e-03
1.40000e+01 -4.97788e-03 5.12966e-03
1.40500e+01 -4.92476e-03 5.00827e-03
1.41000e+01 -4.07703e-03 4.91678e-03
1.41500e+01 -2.79595e-03 4.96412e-03
1.42000e+01 -1.54565e-03 5.05542e-03
1.42500e+01 -6.95481e-04 4.92607e-03
1.43000e+01 -3.67648e-04 4.44168e-03
1.43500e+01 -3.91516e-04 3.92058e-03
1.44000e+01 -3.82733e-04 4.15078e-03
1.44500e+01 8.44188e-05 5.29904e-03
1.45000e+01 1.28015e-03 6.59189e-03
1.45500e+01 3.17663e-03 7.36890e-03
1.46000e+01 5.41810e-03 7.36886e-03
1.46500e+01 7.41881e-03 6.69282e-03
1.47000e+01 8.55535e-03 5.73203e-03
1.47500e+01 8.38363e-03 4.99845e-03
1.48000e+01 6.80154e-03 4.76194e-03
1.48500e+01 4.09793e-03 4.81516e-03
1.49000e+01 8.70075e-04 4.82419e-03
1.49500e+01 -2.16053e-03 4.66699e-03
1.50000e+01 -4.36912e-03 4.41052e-03
1.50500e+01 -5.40171e-03 4.18765e-03
1.51000e+01 -5.26794e-03 4.08610e-03
1.51500e+01 -4.30658e-03 4.13789e-03
1.52000e+01 -3.04004e-03 4.29307e-03
1.52500e+01 -1.98394e-03 4.43436e-03
1.53000e+01 -1.47697e-03 4.44464e-03
1.53500e+01 -1.58737e-03 4.27810e-03
1.54000e+01 -2.12231e-03 3.98389e-03
1.54500e+01 -2.72813e-03 3.67130e-03
1.55000e+01 -3.03889e-03 3.43846e-03
1.55500e+01 -2.81674e-03 3.31841e-03
1.56000e+01 -2.03503e-03 3.28647e-03
1.56500e+01 -8.78577e-04 3.29782e-03
1.57000e+01 3.33378e-04 3.31087e-03
1.57500e+01 1.26927e-03 3.31175e-03
1.58000e+01 1.70686e-03 3.34264e-03
1.58500e+01 1.61169e-03 3.47753e-03
1.59000e+01 1.14722e-03 3.72285e-03
1.59500e+01 6.15793e-04 3.96219e-03
1.60000e+01 3.52847e-04 4.03418e-03
1.60500e+01 6.37732e-04 3.84679e-03
1.61000e+01 1.50189e-03 3.47556e-03
1.61500e+01 2.81035e-03 3.18005e-03
1.62000e+01 4.26107e-03 3.25736e-03
1.62500e+01 5.46762e-03 3.69156e-03
1.63000e+01 6.06566e-03 4.17100e-03
1.63500e+01 5.81167e-03 4.42098e-03
1.64000e+01 4.64702e-03 4.33739e-03
1.64500e+01 2.71186e-03 4.00568e-03
1.65000e+01 3.08564e-04 3.69829e-03
1.65500e+01 -2.17244e-03 3.74089e-03
1.66000e+01 -4.34260e-03 4.17036e-03
1.66500e+01 -5.89724e-03 4.68882e-03
1.67000e+01 -6.67032e-03 4.99303e-03
1.67500e+01 -6.65158e-03 4.94353e-03
1.68000e+01 -5.96616e-03 4.56955e-03
1.68500e+01 -4.82667e-03 4.02911e-03
1.69000e+01 -3.47314e-03 3.54096e-03
1.69500e+01 -2.11791e-03 3.27372e-03
1.70000e+01 -9.08637e-04 3.23797e-03
1.70500e+01 6.35576e-05 3.30650e-03
1.71000e+01 8.14975e-04 3.37804e-03
1.71500e+01 1.39598e-03 3.40169e-03
1.72000e+01 1.85882e-03 3.37521e-03
1.72500e+01 2.23043e-03 3.32664e-03
1.73000e+01 2.50347e-03 3.29607e-03
1.73500e+01 2.64670e-03 3.30495e-03
1.74000e+01 2.62837e-03 3.33147e-03
1.74500e+01 2.44176e-03 3.32389e-03
1.75000e+01 2.12129e-03 3.24153e-03
1.75500e+01 1.74145e-03 3.08519e-03
1.76000e+01 1.39759e-03 2.89816e-03
1.76500e+01 1.17464e-03 2.74230e-03
1.77000e+01 1.11514e-03 2.66411e-03
1.77500e+01 1.19854e-03 2.67432e-03
1.78000e+01 1.34047e-03 2.75590e-03
1.78500e+01 1.41396e-03 2.88561e-03
1.79000e+01 1.28676e-03 3.04312e-03
1.79500e+01 8.63427e-04 3.20375e-03
1.80000e+01 1.18951e-04 3.33017e-03
1.80500e+01 -9.02588e-04 3.37468e-03
1.81000e+01 -2.04142e-03 3.31662e-03
1.81500e+01 -3.11367e-03 3.17523e-03
1.82000e+01 -3.93467e-03 3.02313e-03
1.82500e+01 -4.36084e-03 2.95712e-03
1.83000e+01 -4.31976e-03 3.02178e-03
1.83500e+01 -3.82166e-03 3.16276e-03
1.84000e+01 -2.95116e-03 3.27964e-03
1.84500e+01 -1.84378e-03 3.30622e-03
1.85000e+01 -6.55212e-04 3.24336e-03
1.85500e+01 4.68342e-04 3.14523e-03
1.86000e+01 1.41228e-03 3.07759e-03
1.86500e+01 2.10518e-03 3.07043e-03
1.87000e+01 2.52033e-03 3.10051e-03
1.87500e+01 2.67003e-03 3.11739e-03
1.88000e+01 2.59608e-03 3.08296e-03
1.88500e+01 2.35928e-03 2.99320e-03
1.89000e+01 2.02931e-03 2.87485e-03
1.89500e+01 1.67517e-03 2.75987e-03
1.90000e+01 1.35609e-03 2.65480e-03
1.90500e+01 1.11626e-03 2.53730e-03
1.91000e+01 9.69651e-04 2.38908e-03
1.91500e+01 9.00507e-04 2.24264e-03
1.92000e+01 8.65132e-04 2.17926e-03
1.92500e+01 8.00541e-04 2.25597e-03
1.93000e+01 6.38737e-04 2.43516e-03
1.93500e+01 3.24120e-04 2.62631e-03
1.94000e+01 -1.69805e-04 2.76685e-03
1.94500e+01 -8.28563e-04 2.84344e-03
1.95000e+01 -1.59303e-03 2.86553e-03
1.95500e+01 -2.36559e-03 2.83652e-03
1.96000e+01 -3.02553e-03 2.75516e-03
1.96500e+01 -3.45107e-03 2.64388e-03
1.97000e+01 -3.54383e-03 2.56570e-03
1.97500e+01 -3.25083e-03 2.59006e-03
1.98000e+01 -2.57925e-03 2.72306e-03
1.98500e+01 -1.60044e-03 2.89366e-03
1.99000e+01 -4.41334e-04 3.01644e-03
1.99500e+01 7.35984e-04 3.04761e-03
2.00000e+01 1.76343e-03 2.99657e-03
