# 		k		<chi>		std
0.00000e+00 2.31535e-01 1.06436e-01
5.00000e-02 2.14741e-01 1.05477e-01
1.00000e-01 1.97631e-01 1.04826e-01
1.50000e-01 1.45672e-01 1.02650e-01
2.00000e-01 9.27082e-02 1.00132e-01
2.50000e-01 3.16304e-03 9.54944e-02
3.00000e-01 -8.78760e-02 9.03508e-02
3.50000e-01 -2.14672e-01 8.32445e-02
4.00000e-01 -3.40490e-01 7.64751e-02
4.50000e-01 -4.93884e-01 6.97484e-02
5.00000e-01 -6.37828e-01 6.55276e-02
5.50000e-01 -7.90383e-01 6.37136e-02
6.00000e-01 -9.18054e-01 6.40160e-02
6.50000e-01 -1.02607e+00 6.40429e-02
7.00000e-01 -1.09078e+00 6.19802e-02
7.50000e-01 -1.10706e+00 5.61549e-02
8.00000e-01 -1.06838e+00 4.76898e-02
8.50000e-01 -9.66864e-01 3.95616e-02
9.00000e-01 -8.18010e-01 3.76240e-02
9.50000e-01 -6.20131e-01 4.36802e-02
1.00000e+00 -4.07686e-01 5.17197e-02
1.05000e+00 -1.89020e-01 5.61327e-02
1.10000e+00 -3.26697e-03 5.45180e-02
1.15000e+00 1.37550e-01 4.64678e-02
1.20000e+00 2.11123e-01 3.49488e-02
1.25000e+00 2.15130e-01 2.47926e-02
1.30000e+00 1.58856e-01 2.27961e-02
1.35000e+00 5.74915e-02 2.68581e-02
1.40000e+00 -5.46655e-02 2.98003e-02
1.45000e+00 -1.53779e-01 2.89753e-02
1.50000e+00 -2.08207e-01 2.56290e-02
1.55000e+00 -2.06132e-01 2.20967e-02
1.60000e+00 -1.45827e-01 2.02400e-02
1.65000e+00 -3.93215e-02 1.94062e-02
1.70000e+00 8.44223e-02 1.81006e-02
1.75000e+00 2.01953e-01 1.60326e-02
1.80000e+00 2.81329e-01 1.41116e-02
1.85000e+00 3.13320e-01 1.32784e-02
1.90000e+00 2.90854e-01 1.28236e-02
1.95000e+00 2.28980e-01 1.21723e-02
2.00000e+00 1.45393e-01 1.09975e-02
2.05000e+00 6.09821e-02 1.03127e-02
2.10000e+00 -1.46123e-03 9.61131e-03
2.15000e+00 -3.18445e-02 8.46290e-03
2.20000e+00 -3.37658e-02 7.06951e-03
2.25000e+00 -2.53228e-02 6.97877e-03
2.30000e+00 -1.47196e-02 7.38467e-03
2.35000e+00 -8.98051e-03 6.83623e-03
2.40000e+00 -1.04560e-02 5.18216e-03
2.45000e+00 -1.10094e-02 4.17462e-03
2.50000e+00 -1.29053e-02 3.73304e-03
2.55000e+00 -1.49409e-02 3.64114e-03
2.60000e+00 -1.58589e-02 3.48052e-03
2.65000e+00 -1.72096e-02 3.10191e-03
2.70000e+00 -1.75183e-02 2.49507e-03
2.75000e+00 -1.66283e-02 1.98128e-03
2.80000e+00 -1.47639e-02 1.84807e-03
2.85000e+00 -1.34137e-02 1.98811e-03
2.90000e+00 -1.09214e-02 2.01542e-03
2.95000e+00 -7.64028e-03 1.87429e-03
3.00000e+00 -4.00733e-03 1.85525e-03
3.05000e+00 3.67298e-04 2.30724e-03
3.10000e+00 3.99113e-03 2.93818e-03
3.15000e+00 6.23372e-03 3.33744e-03
3.20000e+00 6.76153e-03 3.31740e-03
3.25000e+00 5.12834e-03 2.81455e-03
3.30000e+00 2.08256e-03 2.15897e-03
3.35000e+00 -1.39803e-03 1.76922e-03
3.40000e+00 -4.25675e-03 1.83306e-03
3.45000e+00 -5.58377e-03 2.06233e-03
3.50000e+00 -4.52097e-03 2.24713e-03
3.55000e+00 -1.14705e-03 2.39658e-03
3.60000e+00 3.86629e-03 2.52753e-03
3.65000e+00 9.83933e-03 2.56120e-03
3.70000e+00 1.49666e-02 2.43259e-03
3.75000e+00 1.79091e-02 2.21525e-03
3.80000e+00 1.77351e-02 2.08874e-03
3.85000e+00 1.42377e-02 2.18879e-03
3.90000e+00 7.23178e-03 2.33646e-03
3.95000e+00 -2.25503e-03 2.43827e-03
4.00000e+00 -1.25918e-02 2.60891e-03
4.05000e+00 -2.23443e-02 2.96549e-03
4.10000e+00 -2.94468e-02 3.42208e-03
4.15000e+00 -3.22878e-02 3.76130e-03
4.20000e+00 -3.00079e-02 3.81065e-03
4.25000e+00 -2.35043e-02 3.52462e-03
4.30000e+00 -1.30996e-02 3.05556e-03
4.35000e+00 -6.22210e-04 2.66970e-03
4.40000e+00 1.16940e-02 2.62476e-03
4.45000e+00 2.15707e-02 2.92049e-03
4.50000e+00 2.81038e-02 3.30716e-03
4.55000e+00 3.08244e-02 3.57710e-03
4.60000e+00 3.02249e-02 3.63636e-03
4.65000e+00 2.75743e-02 3.50170e-03
4.70000e+00 2.41156e-02 3.21164e-03
4.75000e+00 2.07701e-02 2.94059e-03
4.80000e+00 1.77868e-02 2.92573e-03
4.85000e+00 1.47807e-02 3.26375e-03
4.90000e+00 1.08832e-02 3.82114e-03
4.95000e+00 5.41034e-03 4.39735e-03
5.00000e+00 -1.69895e-03 4.86648e-03
5.05000e+00 -9.60085e-03 5.17467e-03
5.10000e+00 -1.67370e-02 5.31042e-03
5.15000e+00 -2.13080e-02 5.28252e-03
5.20000e+00 -2.19641e-02 5.14180e-03
5.25000e+00 -1.84802e-02 4.98961e-03
5.30000e+00 -1.19594e-02 4.97613e-03
5.35000e+00 -4.72709e-03 5.10257e-03
5.40000e+00 3.75526e-04 5.19218e-03
5.45000e+00 1.07186e-03 5.04867e-03
5.50000e+00 -3.73344e-03 4.69704e-03
5.55000e+00 -1.32909e-02 4.42422e-03
5.60000e+00 -2.51667e-02 4.60048e-03
5.65000e+00 -3.58034e-02 5.20613e-03
5.70000e+00 -4.20267e-02 5.91838e-03
5.75000e+00 -4.17021e-02 6.50149e-03
5.80000e+00 -3.44877e-02 6.93277e-03
5.85000e+00 -2.17491e-02 7.22691e-03
5.90000e+00 -6.38174e-03 7.33690e-03
5.95000e+00 8.62316e-03 7.12205e-03
6.00000e+00 2.09834e-02 6.57034e-03
6.05000e+00 2.96948e-02 5.97389e-03
6.10000e+00 3.50322e-02 5.99419e-03
6.15000e+00 3.82303e-02 6.84213e-03
6.20000e+00 4.05882e-02 7.98181e-03
6.25000e+00 4.27580e-02 8.77945e-03
6.30000e+00 4.44095e-02 8.90777e-03
6.35000e+00 4.43944e-02 8.41343e-03
6.40000e+00 4.13153e-02 7.74826e-03
6.45000e+00 3.42317e-02 7.65095e-03
6.50000e+00 2.31844e-02 8.49466e-03
6.55000e+00 9.16793e-03 9.76986e-03
6.60000e+00 -5.73207e-03 1.07243e-02
6.65000e+00 -1.94806e-02 1.08640e-02
6.70000e+00 -3.05954e-02 1.00653e-02
6.75000e+00 -3.85221e-02 8.54808e-03
6.80000e+00 -4.35747e-02 6.86767e-03
6.85000e+00 -4.64925e-02 5.92203e-03
6.90000e+00 -4.78410e-02 6.37452e-03
6.95000e+00 -4.75630e-02 7.68214e-03
7.00000e+00 -4.49124e-02 8.90211e-03
7.05000e+00 -3.86694e-02 9.48322e-03
7.10000e+00 -2.83348e-02 9.33549e-03
7.15000e+00 -1.42391e-02 8.79318e-03
7.20000e+00 2.01341e-03 8.45014e-03
7.25000e+00 1.77837e-02 8.62368e-03
7.30000e+00 3.01289e-02 8.97587e-03
7.35000e+00 3.67637e-02 8.97503e-03
7.40000e+00 3.68742e-02 8.47230e-03
7.45000e+00 3.14403e-02 7.80489e-03
7.50000e+00 2.29161e-02 7.45359e-03
7.55000e+00 1.43373e-02 7.46275e-03
7.60000e+00 8.40991e-03 7.48182e-03
7.65000e+00 6.40175e-03 7.28653e-03
7.70000e+00 7.95976e-03 7.06023e-03
7.75000e+00 1.14615e-02 7.11240e-03
7.80000e+00 1.48355e-02 7.43649e-03
7.85000e+00 1.64805e-02 7.73036e-03
7.90000e+00 1.58811e-02 7.77441e-03
7.95000e+00 1.36565e-02 7.61750e-03
8.00000e+00 1.10392e-02 7.51820e-03
8.05000e+00 8.94928e-03 7.72049e-03
8.10000e+00 7.52061e-03 8.25264e-03
8.15000e+00 5.63424e-03 8.77528e-03
8.20000e+00 1.41923e-03 8.83229e-03
8.25000e+00 -6.81406e-03 8.20701e-03
8.30000e+00 -1.95257e-02 7.28816e-03
8.35000e+00 -3.52649e-02 7.18554e-03
8.40000e+00 -5.07214e-02 8.50010e-03
8.45000e+00 -6.15848e-02 1.02694e-02
8.50000e+00 -6.39551e-02 1.13985e-02
8.55000e+00 -5.56241e-02 1.15331e-02
8.60000e+00 -3.74851e-02 1.11364e-02
8.65000e+00 -1.31271e-02 1.09915e-02
8.70000e+00 1.21068e-02 1.13131e-02
8.75000e+00 3.27785e-02 1.14704e-02
8.80000e+00 4.50508e-02 1.07888e-02
8.85000e+00 4.77983e-02 9.20648e-03
8.90000e+00 4.27346e-02 7.40446e-03
8.95000e+00 3.35333e-02 6.52185e-03
9.00000e+00 2.43073e-02 6.94836e-03
9.05000e+00 1.80893e-02 7.77653e-03
9.10000e+00 1.57330e-02 8.20370e-03
9.15000e+00 1.58844e-02 8.03788e-03
9.20000e+00 1.58461e-02 7.50520e-03
9.25000e+00 1.29705e-02 7.20219e-03
9.30000e+00 5.98355e-03 7.80221e-03
9.35000e+00 -4.32041e-03 9.17941e-03
9.40000e+00 -1.53007e-02 1.04171e-02
9.45000e+00 -2.35157e-02 1.06644e-02
9.50000e+00 -2.61574e-02 9.63142e-03
9.55000e+00 -2.22927e-02 7.87254e-03
9.60000e+00 -1.33052e-02 6.94788e-03
9.65000e+00 -2.59899e-03 7.94623e-03
9.70000e+00 5.68469e-03 9.54905e-03
9.75000e+00 8.21896e-03 1.03154e-02
9.80000e+00 3.76070e-03 9.90372e-03
9.85000e+00 -6.35281e-03 8.86297e-03
9.90000e+00 -1.86659e-02 8.21531e-03
9.95000e+00 -2.88400e-02 8.52285e-03
1.00000e+01 -3.31880e-02 9.30664e-03
1.00500e+01 -2.98818e-02 9.89892e-03
1.01000e+01 -1.96371e-02 1.00791e-02
1.01500e+01 -5.25023e-03 9.88828e-03
1.02000e+01 9.46231e-03 9.37030e-03
1.02500e+01 2.10116e-02 8.53261e-03
1.03000e+01 2.73390e-02 7.49033e-03
1.03500e+01 2.82922e-02 6.56055e-03
1.04000e+01 2.53626e-02 6.09822e-03
1.04500e+01 2.08602e-02 6.12281e-03
1.05000e+01 1.69030e-02 6.30052e-03
1.05500e+01 1.46280e-02 6.34022e-03
1.06000e+01 1.39045e-02 6.18504e-03
1.06500e+01 1.36025e-02 5.95616e-03
1.07000e+01 1.22447e-02 5.84340e-03
1.07500e+01 8.73395e-03 5.98721e-03
1.08000e+01 2.85291e-03 6.36749e-03
1.08500e+01 -4.64423e-03 6.79634e-03
1.09000e+01 -1.23422e-02 7.03214e-03
1.09500e+01 -1.87089e-02 6.90723e-03
1.10000e+01 -2.26282e-02 6.41663e-03
1.10500e+01 -2.37569e-02 5.78445e-03
1.11000e+01 -2.23726e-02 5.43078e-03
1.11500e+01 -1.92592e-02 5.68207e-03
1.12000e+01 -1.52693e-02 6.35587e-03
1.12500e+01 -1.10149e-02 6.98285e-03
1.13000e+01 -6.76100e-03 7.25328e-03
1.13500e+01 -2.53304e-03 7.15515e-03
1.14000e+01 1.65659e-03 6.90332e-03
1.14500e+01 5.61059e-03 6.72531e-03
1.15000e+01 8.89829e-03 6.64008e-03
1.15500e+01 1.09916e-02 6.50110e-03
1.16000e+01 1.15178e-02 6.24380e-03
1.16500e+01 1.04947e-02 5.98833e-03
1.17000e+01 8.41539e-03 5.86967e-03
1.17500e+01 6.11869e-03 5.82565e-03
1.18000e+01 4.48430e-03 5.68119e-03
1.18500e+01 4.08070e-03 5.40410e-03
1.19000e+01 4.92367e-03 5.16589e-03
1.19500e+01 6.46047e-03 5.11378e-03
1.20000e+01 7.79632e-03 5.14901e-03
1.20500e+01 8.06374e-03 5.08410e-03
1.21000e+01 6.82276e-03 4.88945e-03
1.21500e+01 4.20735e-03 4.72918e-03
1.22000e+01 8.79963e-04 4.71328e-03
1.22500e+01 -2.26397e-03 4.75485e-03
1.23000e+01 -4.49487e-03 4.74006e-03
1.23500e+01 -5.57156e-03 4.68822e-03
1.24000e+01 -5.83864e-03 4.65287e-03
1.24500e+01 -6.04775e-03 4.58287e-03
1.25000e+01 -6.97490e-03 4.45837e-03
1.25500e+01 -9.00014e-03 4.54755e-03
1.26000e+01 -1.18398e-02 5.20399e-03
1.26500e+01 -1.45626e-02 6.24682e-03
1.27000e+01 -1.59027e-02 7.08985e-03
1.27500e+01 -1.47566e-02 7.29476e-03
1.28000e+01 -1.06639e-02 6.83839e-03
1.28500e+01 -4.07452e-03 6.16403e-03
1.29000e+01 3.71985e-03 5.91320e-03
1.29500e+01 1.09765e-02 6.20248e-03
1.30000e+01 1.60721e-02 6.47952e-03
1.30500e+01 1.80927e-02 6.28728e-03
1.31000e+01 1.69623e-02 5.60445e-03
1.31500e+01 1.35254e-02 4.81054e-03
1.32000e+01 9.14755e-03 4.35827e-03
1.32500e+01 5.18673e-03 4.30851e-03
1.33000e+01 2.51460e-03 4.34809e-03
1.33500e+01 1.27033e-03 4.28289e-03
1.34000e+01 9.30151e-04 4.18770e-03
1.34500e+01 6.43144e-04 4.22810e-03
1.35000e+01 -3.23541e-04 4.45203e-03
1.35500e+01 -2.22561e-03 4.74097e-03
1.36000e+01 -4.71993e-03 4.89665e-03
1.36500e+01 -7.02448e-03 4.74179e-03
1.37000e+01 -8.28131e-03 4.23756e-03
1.37500e+01 -7.95844e-03 3.64391e-03
1.38000e+01 -6.11272e-03 3.54945e-03
1.38500e+01 -3.39933e-03 4.17173e-03
1.39000e+01 -8.23480e-04 4.93021e-03
1.39500e+01 6.60138e-04 5.26125e-03
1.40000e+01 5.32263e-04 4.99622e-03
1.40500e+01 -1.07924e-03 4.38606e-03
1.41000e+01 -3.47661e-03 3.97490e-03
1.41500e+01 -5.59473e-03 4.18584e-03
1.42000e+01 -6.43762e-03 4.72714e-03
1.42500e+01 -5.45594e-03 5.09475e-03
1.43000e+01 -2.74294e-03 5.08995e-03
1.43500e+01 1.02020e-03 4.79644e-03
1.44000e+01 4.83611e-03 4.41616e-03
1.44500e+01 7.76118e-03 4.10625e-03
1.45000e+01 9.22366e-03 3.90532e-03
1.45500e+01 9.17040e-03 3.78778e-03
1.46000e+01 8.00104e-03 3.73467e-03
1.46500e+01 6.33759e-03 3.73148e-03
1.47000e+01 4.74044e-03 3.74716e-03
1.47500e+01 3.49390e-03 3.74660e-03
1.48000e+01 2.54387e-03 3.70860e-03
1.48500e+01 1.59844e-03 3.62624e-03
1.49000e+01 3.30837e-04 3.51188e-03
1.49500e+01 -1.41527e-03 3.41497e-03
1.50000e+01 -3.51210e-03 3.40669e-03
1.50500e+01 -5.58995e-03 3.50749e-03
1.51000e+01 -7.15333e-03 3.62051e-03
1.51500e+01 -7.78752e-03 3.61598e-03
1.52000e+01 -7.33372e-03 3.43846e-03
1.52500e+01 -5.95309e-03 3.17497e-03
1.53000e+01 -4.05916e-03 3.02607e-03
1.53500e+01 -2.15279e-03 3.12163e-03
1.54000e+01 -6.34523e-04 3.34918e-03
1.54500e+01 3.25757e-04 3.48561e-03
1.55000e+01 8.11401e-04 3.40188e-03
1.55500e+01 1.07367e-03 3.12690e-03
1.56000e+01 1.38506e-03 2.81989e-03
1.56500e+01 1.90130e-03 2.65952e-03
1.57000e+01 2.59302e-03 2.67213e-03
1.57500e+01 3.27251e-03 2.72200e-03
1.58000e+01 3.69611e-03 2.69406e-03
1.58500e+01 3.68984e-03 2.59599e-03
1.59000e+01 3.23785e-03 2.51553e-03
1.59500e+01 2.49363e-03 2.50653e-03
1.60000e+01 1.71111e-03 2.52761e-03
1.60500e+01 1.14247e-03 2.51434e-03
1.61000e+01 8.86388e-04 2.46309e-03
1.61500e+01 8.86147e-04 2.42991e-03
1.62000e+01 9.41360e-04 2.44707e-03
1.62500e+01 8.03751e-04 2.47558e-03
1.63000e+01 2.95813e-04 2.45578e-03
1.63500e+01 -6.01516e-04 2.37567e-03
1.64000e+01 -1.73146e-03 2.27601e-03
1.64500e+01 -2.82156e-03 2.20111e-03
1.65000e+01 -3.59383e-03 2.15726e-03
1.65500e+01 -3.87560e-03 2.12986e-03
1.66000e+01 -3.66239e-03 2.12374e-03
1.66500e+01 -3.10641e-03 2.16140e-03
1.67000e+01 -2.43828e-03 2.24615e-03
1.67500e+01 -1.85898e-03 2.35027e-03
1.68000e+01 -1.45173e-03 2.44124e-03
1.68500e+01 -1.15336e-03 2.50128e-03
1.69000e+01 -7.96952e-04 2.52195e-03
1.69500e+01 -2.05311e-04 2.49843e-03
1.70000e+01 7.08218e-04 2.44237e-03
1.70500e+01 1.87317e-03 2.39893e-03
1.71000e+01 3.09131e-03 2.41353e-03
1.71500e+01 4.07897e-03 2.49661e-03
1.72000e+01 4.57917e-03 2.59096e-03
1.72500e+01 4.45916e-03 2.61698e-03
1.73000e+01 3.75937e-03 2.53773e-03
1.73500e+01 2.67406e-03 2.38663e-03
1.74000e+01 1.47387e-03 2.24688e-03
1.74500e+01 4.04372e-04 2.18938e-03
1.75000e+01 -3.95971e-04 2.21588e-03
1.75500e+01 -9.25636e-04 2.27570e-03
1.76000e+01 -1.28869e-03 2.32382e-03
1.76500e+01 -1.62052e-03 2.34153e-03
1.77000e+01 -2.00681e-03 2.31988e-03
1.77500e+01 -2.43358e-03 2.24719e-03
1.78000e+01 -2.79023e-03 2.12180e-03
1.78500e+01 -2.92314e-03 1.97861e-03
1.79000e+01 -2.71387e-03 1.89604e-03
1.79500e+01 -2.14537e-03 1.94251e-03
1.80000e+01 -1.32485e-03 2.09235e-03
1.80500e+01 -4.52643e-04 2.23989e-03
1.81000e+01 2.56855e-04 2.28502e-03
1.81500e+01 6.49231e-04 2.19154e-03
1.82000e+01 6.94236e-04 2.00430e-03
1.82500e+01 4.94946e-04 1.83725e-03
1.83000e+01 2.42585e-04 1.80089e-03
1.83500e+01 1.36377e-04 1.88905e-03
1.84000e+01 3.02214e-04 1.99265e-03
1.84500e+01 7.43597e-04 2.02278e-03
1.85000e+01 1.34386e-03 1.97051e-03
1.85500e+01 1.91662e-03 1.89398e-03
1.86000e+01 2.28134e-03 1.86439e-03
1.86500e+01 2.33167e-03 1.90039e-03
1.87000e+01 2.06881e-03 1.95850e-03
1.87500e+01 1.58856e-03 1.98871e-03
1.88000e+01 1.03109e-03 1.97966e-03
1.88500e+01 5.17817e-04 1.95704e-03
1.89000e+01 1.04068e-04 1.94827e-03
1.89500e+01 -2.32718e-04 1.94855e-03
1.90000e+01 -5.66084e-04 1.92834e-03
1.90500e+01 -9.68361e-04 1.87961e-03
1.91000e+01 -1.46638e-03 1.84002e-03
1.91500e+01 -2.00878e-03 1.87524e-03
1.92000e+01 -2.47708e-03 1.99464e-03
1.92500e+01 -2.72882e-03 2.12034e-03
1.93000e+01 -2.65505e-03 2.15893e-03
1.93500e+01 -2.22737e-03 2.07992e-03
1.94000e+01 -1.51426e-03 1.94509e-03
1.94500e+01 -6.59954e-04 1.87341e-03
1.95000e+01 1.64841e-04 1.92487e-03
1.95500e+01 8.19677e-04 2.02419e-03
1.96000e+01 1.23566e-03 2.05230e-03
1.96500e+01 1.42594e-03 1.95515e-03
1.97000e+01 1.46384e-03 1.76857e-03
1.97500e+01 1.44054e-03 1.58719e-03
1.98000e+01 1.42214e-03 1.49193e-03
1.98500e+01 1.42438e-03 1.47893e-03
1.99000e+01 1.41431e-03 1.48562e-03
1.99500e+01 1.33553e-03 1.47096e-03
2.00000e+01 1.14326e-03 1.43934e-03
