# 		k		<chi>		std
0.00000e+00 -3.06963e-01 7.90258e-02
5.00000e-02 -3.18087e-01 8.26976e-02
1.00000e-01 -3.26398e-01 8.22763e-02
1.50000e-01 -3.51665e-01 8.10730e-02
2.00000e-01 -3.77503e-01 7.99657e-02
2.50000e-01 -4.20801e-01 7.83785e-02
3.00000e-01 -4.64437e-01 7.71503e-02
3.50000e-01 -5.23180e-01 7.60491e-02
4.00000e-01 -5.79270e-01 7.56180e-02
4.50000e-01 -6.42314e-01 7.57073e-02
5.00000e-01 -6.95389e-01 7.61372e-02
5.50000e-01 -7.40850e-01 7.62722e-02
6.00000e-01 -7.65522e-01 7.54391e-02
6.50000e-01 -7.64838e-01 7.26013e-02
7.00000e-01 -7.33698e-01 6.77742e-02
7.50000e-01 -6.64431e-01 6.05097e-02
8.00000e-01 -5.64063e-01 5.27488e-02
8.50000e-01 -4.27416e-01 4.60900e-02
9.00000e-01 -2.74425e-01 4.36646e-02
9.50000e-01 -1.06671e-01 4.54483e-02
1.00000e+00 4.89567e-02 4.86611e-02
1.05000e+00 1.86027e-01 4.99374e-02
1.10000e+00 2.82353e-01 4.73560e-02
1.15000e+00 3.33616e-01 4.05110e-02
1.20000e+00 3.33507e-01 3.12423e-02
1.25000e+00 2.86533e-01 2.30261e-02
1.30000e+00 2.04824e-01 2.11720e-02
1.35000e+00 1.01267e-01 2.49262e-02
1.40000e+00 -2.36650e-03 2.83187e-02
1.45000e+00 -9.31171e-02 2.85725e-02
1.50000e+00 -1.53971e-01 2.56663e-02
1.55000e+00 -1.81287e-01 2.16865e-02
1.60000e+00 -1.72372e-01 1.94316e-02
1.65000e+00 -1.34974e-01 2.00585e-02
1.70000e+00 -7.88269e-02 2.12091e-02
1.75000e+00 -1.55907e-02 2.09181e-02
1.80000e+00 4.26585e-02 1.83731e-02
1.85000e+00 9.01695e-02 1.45612e-02
1.90000e+00 1.20754e-01 1.07298e-02
1.95000e+00 1.37638e-01 8.47745e-03
2.00000e+00 1.39865e-01 7.73687e-03
2.05000e+00 1.36158e-01 7.42557e-03
2.10000e+00 1.22305e-01 6.80304e-03
2.15000e+00 1.01734e-01 6.00563e-03
2.20000e+00 7.78476e-02 5.35944e-03
2.25000e+00 4.75369e-02 4.92404e-03
2.30000e+00 2.08331e-02 4.25005e-03
2.35000e+00 1.49456e-03 3.45791e-03
2.40000e+00 -9.60225e-03 2.93397e-03
2.45000e+00 -1.36237e-02 3.17364e-03
2.50000e+00 -1.37971e-02 3.70253e-03
2.55000e+00 -1.15193e-02 4.24682e-03
2.60000e+00 -8.13645e-03 4.63724e-03
2.65000e+00 -6.71835e-03 4.88657e-03
2.70000e+00 -5.38431e-03 4.89958e-03
2.75000e+00 -4.31512e-03 4.71214e-03
2.80000e+00 -3.38768e-03 4.37725e-03
2.85000e+00 -3.16297e-03 3.98079e-03
2.90000e+00 -1.80207e-03 3.52158e-03
2.95000e+00 9.62607e-04 3.02213e-03
3.00000e+00 4.99118e-03 2.50544e-03
3.05000e+00 9.30922e-03 1.91646e-03
3.10000e+00 1.35641e-02 1.45015e-03
3.15000e+00 1.64704e-02 1.29579e-03
3.20000e+00 1.69057e-02 1.53552e-03
3.25000e+00 1.37166e-02 2.06430e-03
3.30000e+00 7.95326e-03 2.67030e-03
3.35000e+00 5.42967e-04 3.20262e-03
3.40000e+00 -7.14272e-03 3.56302e-03
3.45000e+00 -1.39577e-02 3.68523e-03
3.50000e+00 -1.76871e-02 3.52507e-03
3.55000e+00 -1.76456e-02 3.12865e-03
3.60000e+00 -1.40699e-02 2.59913e-03
3.65000e+00 -7.85928e-03 2.06487e-03
3.70000e+00 -4.67088e-04 1.72189e-03
3.75000e+00 6.24512e-03 1.69634e-03
3.80000e+00 1.06983e-02 1.93098e-03
3.85000e+00 1.19784e-02 2.27217e-03
3.90000e+00 1.00346e-02 2.61322e-03
3.95000e+00 5.62925e-03 2.84188e-03
4.00000e+00 1.65127e-04 2.92588e-03
4.05000e+00 -5.43026e-03 2.91162e-03
4.10000e+00 -9.31276e-03 2.77313e-03
4.15000e+00 -1.09819e-02 2.53414e-03
4.20000e+00 -1.06242e-02 2.20812e-03
4.25000e+00 -8.58370e-03 1.81480e-03
4.30000e+00 -5.88809e-03 1.47634e-03
4.35000e+00 -3.71169e-03 1.51567e-03
4.40000e+00 -2.65365e-03 2.05106e-03
4.45000e+00 -2.58631e-03 2.75784e-03
4.50000e+00 -3.55249e-03 3.40354e-03
4.55000e+00 -4.91709e-03 3.85803e-03
4.60000e+00 -5.97648e-03 4.08745e-03
4.65000e+00 -6.22425e-03 4.11877e-03
4.70000e+00 -5.52389e-03 4.01297e-03
4.75000e+00 -4.08664e-03 3.81277e-03
4.80000e+00 -2.38069e-03 3.53327e-03
4.85000e+00 -7.29035e-04 3.18898e-03
4.90000e+00 5.34664e-04 2.78163e-03
4.95000e+00 1.48487e-03 2.37444e-03
5.00000e+00 2.53696e-03 2.16312e-03
5.05000e+00 4.42181e-03 2.40223e-03
5.10000e+00 7.47146e-03 3.08982e-03
5.15000e+00 1.18093e-02 3.98320e-03
5.20000e+00 1.70601e-02 4.88343e-03
5.25000e+00 2.23463e-02 5.68274e-03
5.30000e+00 2.63739e-02 6.38290e-03
5.35000e+00 2.79255e-02 6.97796e-03
5.40000e+00 2.61192e-02 7.40550e-03
5.45000e+00 2.06121e-02 7.52122e-03
5.50000e+00 1.19947e-02 7.20134e-03
5.55000e+00 1.46273e-03 6.36709e-03
5.60000e+00 -9.34155e-03 5.04809e-03
5.65000e+00 -1.86663e-02 3.40255e-03
5.70000e+00 -2.50310e-02 2.01129e-03
5.75000e+00 -2.75742e-02 2.38065e-03
5.80000e+00 -2.62059e-02 4.02140e-03
5.85000e+00 -2.16271e-02 5.67510e-03
5.90000e+00 -1.52203e-02 6.97305e-03
5.95000e+00 -8.68853e-03 7.77507e-03
6.00000e+00 -3.73186e-03 8.06556e-03
6.05000e+00 -1.61392e-03 7.90259e-03
6.10000e+00 -3.05904e-03 7.47758e-03
6.15000e+00 -7.82729e-03 6.92118e-03
6.20000e+00 -1.48258e-02 6.26990e-03
6.25000e+00 -2.23206e-02 5.50297e-03
6.30000e+00 -2.83101e-02 4.66327e-03
6.35000e+00 -3.09769e-02 3.97207e-03
6.40000e+00 -2.91058e-02 3.78792e-03
6.45000e+00 -2.23571e-02 4.22236e-03
6.50000e+00 -1.13227e-02 4.97839e-03
6.55000e+00 2.76779e-03 5.75747e-03
6.60000e+00 1.78755e-02 6.51680e-03
6.65000e+00 3.21524e-02 7.34055e-03
6.70000e+00 4.41239e-02 8.29332e-03
6.75000e+00 5.28760e-02 9.27981e-03
6.80000e+00 5.80318e-02 1.00499e-02
6.85000e+00 5.95630e-02 1.03307e-02
6.90000e+00 5.75474e-02 9.98649e-03
6.95000e+00 5.19971e-02 9.14657e-03
7.00000e+00 4.28488e-02 8.25746e-03
7.05000e+00 2.99823e-02 7.89359e-03
7.10000e+00 1.40278e-02 8.28488e-03
7.15000e+00 -4.01207e-03 8.99309e-03
7.20000e+00 -2.24696e-02 9.47501e-03
7.25000e+00 -3.91917e-02 9.47782e-03
7.30000e+00 -5.19718e-02 9.03473e-03
7.35000e+00 -5.91211e-02 8.32489e-03
7.40000e+00 -5.99892e-02 7.54028e-03
7.45000e+00 -5.52366e-02 6.83141e-03
7.50000e+00 -4.67283e-02 6.32812e-03
7.55000e+00 -3.70050e-02 6.09917e-03
7.60000e+00 -2.86692e-02 6.13730e-03
7.65000e+00 -2.34188e-02 6.26675e-03
7.70000e+00 -2.15768e-02 6.30242e-03
7.75000e+00 -2.19761e-02 6.22121e-03
7.80000e+00 -2.23219e-02 6.21003e-03
7.85000e+00 -1.99291e-02 6.53397e-03
7.90000e+00 -1.26076e-02 7.28201e-03
7.95000e+00 5.79989e-04 8.28225e-03
8.00000e+00 1.89224e-02 9.26061e-03
8.05000e+00 4.00797e-02 9.98974e-03
8.10000e+00 6.07432e-02 1.02707e-02
8.15000e+00 7.73509e-02 1.00685e-02
8.20000e+00 8.69588e-02 9.53718e-03
8.25000e+00 8.78784e-02 9.05800e-03
8.30000e+00 7.99555e-02 9.10794e-03
8.35000e+00 6.44603e-02 9.86347e-03
8.40000e+00 4.36755e-02 1.09890e-02
8.45000e+00 2.03437e-02 1.19426e-02
8.50000e+00 -2.86094e-03 1.23037e-02
8.55000e+00 -2.38083e-02 1.18681e-02
8.60000e+00 -4.07037e-02 1.06653e-02
8.65000e+00 -5.27034e-02 8.93088e-03
8.70000e+00 -5.96423e-02 7.02449e-03
8.75000e+00 -6.18756e-02 5.40492e-03
8.80000e+00 -6.01313e-02 4.62031e-03
8.85000e+00 -5.53968e-02 4.90617e-03
8.90000e+00 -4.88114e-02 5.75119e-03
8.95000e+00 -4.15218e-02 6.51166e-03
9.00000e+00 -3.44800e-02 6.83735e-03
9.05000e+00 -2.81846e-02 6.70592e-03
9.10000e+00 -2.25384e-02 6.43318e-03
9.15000e+00 -1.69628e-02 6.58990e-03
9.20000e+00 -1.05477e-02 7.48197e-03
9.25000e+00 -2.35718e-03 8.76807e-03
9.30000e+00 8.20519e-03 9.85688e-03
9.35000e+00 2.10765e-02 1.03033e-02
9.40000e+00 3.53704e-02 9.90576e-03
9.45000e+00 4.94444e-02 8.72893e-03
9.50000e+00 6.12066e-02 7.17144e-03
9.55000e+00 6.86712e-02 6.10303e-03
9.60000e+00 7.02060e-02 6.49274e-03
9.65000e+00 6.51969e-02 8.02109e-03
9.70000e+00 5.41240e-02 9.62730e-03
9.75000e+00 3.84605e-02 1.06546e-02
9.80000e+00 2.03354e-02 1.08909e-02
9.85000e+00 2.05892e-03 1.04267e-02
9.90000e+00 -1.43550e-02 9.51932e-03
9.95000e+00 -2.75439e-02 8.42826e-03
1.00000e+01 -3.69485e-02 7.27502e-03
1.00500e+01 -4.28457e-02 6.02577e-03
1.01000e+01 -4.57750e-02 4.68561e-03
1.01500e+01 -4.65667e-02 3.50239e-03
1.02000e+01 -4.59312e-02 3.11589e-03
1.02500e+01 -4.42631e-02 3.78968e-03
1.03000e+01 -4.15888e-02 4.86152e-03
1.03500e+01 -3.76493e-02 5.86084e-03
1.04000e+01 -3.20758e-02 6.70061e-03
1.04500e+01 -2.45952e-02 7.44061e-03
1.05000e+01 -1.52008e-02 8.11225e-03
1.05500e+01 -4.24492e-03 8.64447e-03
1.06000e+01 7.56752e-03 8.90020e-03
1.06500e+01 1.92767e-02 8.75725e-03
1.07000e+01 2.98279e-02 8.16738e-03
1.07500e+01 3.82531e-02 7.18442e-03
1.08000e+01 4.38314e-02 5.99418e-03
1.08500e+01 4.61951e-02 4.98384e-03
1.09000e+01 4.53613e-02 4.72495e-03
1.09500e+01 4.16874e-02 5.41109e-03
1.10000e+01 3.57692e-02 6.51788e-03
1.10500e+01 2.83535e-02 7.47615e-03
1.11000e+01 2.00233e-02 7.94532e-03
1.11500e+01 1.13452e-02 7.86430e-03
1.12000e+01 2.73899e-03 7.40994e-03
1.12500e+01 -5.51425e-03 6.90745e-03
1.13000e+01 -1.32231e-02 6.60540e-03
1.13500e+01 -2.02176e-02 6.43808e-03
1.14000e+01 -2.62910e-02 6.09899e-03
1.14500e+01 -3.11736e-02 5.35507e-03
1.15000e+01 -3.45500e-02 4.29520e-03
1.15500e+01 -3.61146e-02 3.53607e-03
1.16000e+01 -3.56437e-02 3.96831e-03
1.16500e+01 -3.30621e-02 5.30838e-03
1.17000e+01 -2.84787e-02 6.68857e-03
1.17500e+01 -2.21841e-02 7.65159e-03
1.18000e+01 -1.46124e-02 8.05214e-03
1.18500e+01 -6.28431e-03 7.93306e-03
1.19000e+01 2.24833e-03 7.45948e-03
1.19500e+01 1.04431e-02 6.86048e-03
1.20000e+01 1.77887e-02 6.35223e-03
1.20500e+01 2.38696e-02 6.05433e-03
1.21000e+01 2.82021e-02 5.90930e-03
1.21500e+01 3.04834e-02 5.78505e-03
1.22000e+01 3.05668e-02 5.59579e-03
1.22500e+01 2.85021e-02 5.36578e-03
1.23000e+01 2.45582e-02 5.19278e-03
1.23500e+01 1.92106e-02 5.14520e-03
1.24000e+01 1.30828e-02 5.18908e-03
1.24500e+01 6.84590e-03 5.22870e-03
1.25000e+01 1.09551e-03 5.19909e-03
1.25500e+01 -3.76097e-03 5.10107e-03
1.26000e+01 -7.57070e-03 4.96201e-03
1.26500e+01 -1.04312e-02 4.77912e-03
1.27000e+01 -1.26120e-02 4.51446e-03
1.27500e+01 -1.44242e-02 4.15518e-03
1.28000e+01 -1.60804e-02 3.78983e-03
1.28500e+01 -1.75924e-02 3.62983e-03
1.29000e+01 -1.87448e-02 3.87264e-03
1.29500e+01 -1.91568e-02 4.47954e-03
1.30000e+01 -1.84129e-02 5.22011e-03
1.30500e+01 -1.62176e-02 5.86947e-03
1.31000e+01 -1.25359e-02 6.24415e-03
1.31500e+01 -7.61981e-03 6.24921e-03
1.32000e+01 -1.97890e-03 5.89272e-03
1.32500e+01 3.72702e-03 5.32462e-03
1.33000e+01 8.83911e-03 4.85041e-03
1.33500e+01 1.28457e-02 4.78867e-03
1.34000e+01 1.54772e-02 5.14447e-03
1.34500e+01 1.67220e-02 5.58953e-03
1.35000e+01 1.67636e-02 5.80484e-03
1.35500e+01 1.58691e-02 5.67248e-03
1.36000e+01 1.42752e-02 5.28190e-03
1.36500e+01 1.21164e-02 4.85060e-03
1.37000e+01 9.42497e-03 4.56682e-03
1.37500e+01 6.19636e-03 4.43456e-03
1.38000e+01 2.49033e-03 4.31199e-03
1.38500e+01 -1.48256e-03 4.09861e-03
1.39000e+01 -5.33457e-03 3.83582e-03
1.39500e+01 -8.55799e-03 3.65452e-03
1.40000e+01 -1.06553e-02 3.63416e-03
1.40500e+01 -1.13345e-02 3.73386e-03
1.41000e+01 -1.05860e-02 3.85359e-03
1.41500e+01 -8.70020e-03 3.96588e-03
1.42000e+01 -6.22843e-03 4.09379e-03
1.42500e+01 -3.83832e-03 4.23621e-03
1.43000e+01 -2.12007e-03 4.33623e-03
1.43500e+01 -1.40415e-03 4.32253e-03
1.44000e+01 -1.65292e-03 4.16337e-03
1.44500e+01 -2.46791e-03 3.88579e-03
1.45000e+01 -3.21777e-03 3.56680e-03
1.45500e+01 -3.25054e-03 3.32094e-03
1.46000e+01 -2.12323e-03 3.27323e-03
1.46500e+01 2.27773e-04 3.47698e-03
1.47000e+01 3.43527e-03 3.84499e-03
1.47500e+01 6.79061e-03 4.21255e-03
1.48000e+01 9.44871e-03 4.45109e-03
1.48500e+01 1.06844e-02 4.52578e-03
1.49000e+01 1.01168e-02 4.48447e-03
1.49500e+01 7.82901e-03 4.38899e-03
1.50000e+01 4.34427e-03 4.23908e-03
1.50500e+01 4.61224e-04 3.97826e-03
1.51000e+01 -3.00652e-03 3.56644e-03
1.51500e+01 -5.38683e-03 3.08370e-03
1.52000e+01 -6.35041e-03 2.74315e-03
1.52500e+01 -5.96423e-03 2.73392e-03
1.53000e+01 -4.62086e-03 2.98241e-03
1.53500e+01 -2.87581e-03 3.27426e-03
1.54000e+01 -1.25422e-03 3.50245e-03
1.54500e+01 -9.44167e-05 3.67876e-03
1.55000e+01 5.21362e-04 3.82826e-03
1.55500e+01 7.33682e-04 3.91921e-03
1.56000e+01 7.93212e-04 3.88986e-03
1.56500e+01 9.20242e-04 3.71477e-03
1.57000e+01 1.19566e-03 3.42866e-03
1.57500e+01 1.52719e-03 3.09579e-03
1.58000e+01 1.70221e-03 2.77698e-03
1.58500e+01 1.50235e-03 2.55279e-03
1.59000e+01 8.28732e-04 2.55488e-03
1.59500e+01 -2.18695e-04 2.84809e-03
1.60000e+01 -1.34634e-03 3.29090e-03
1.60500e+01 -2.15426e-03 3.64175e-03
1.61000e+01 -2.28896e-03 3.77946e-03
1.61500e+01 -1.61715e-03 3.70621e-03
1.62000e+01 -2.99699e-04 3.53633e-03
1.62500e+01 1.22725e-03 3.40234e-03
1.63000e+01 2.37998e-03 3.32796e-03
1.63500e+01 2.62625e-03 3.21755e-03
1.64000e+01 1.68840e-03 2.98794e-03
1.64500e+01 -3.23773e-04 2.68236e-03
1.65000e+01 -2.90449e-03 2.47271e-03
1.65500e+01 -5.28080e-03 2.51422e-03
1.66000e+01 -6.64389e-03 2.76844e-03
1.66500e+01 -6.40987e-03 3.08698e-03
1.67000e+01 -4.42341e-03 3.37381e-03
1.67500e+01 -1.03342e-03 3.58934e-03
1.68000e+01 2.98893e-03 3.69684e-03
1.68500e+01 6.66711e-03 3.65412e-03
1.69000e+01 9.10309e-03 3.45575e-03
1.69500e+01 9.73723e-03 3.17583e-03
1.70000e+01 8.50134e-03 2.95507e-03
1.70500e+01 5.82771e-03 2.88694e-03
1.71000e+01 2.45961e-03 2.93340e-03
1.71500e+01 -7.45571e-04 2.94459e-03
1.72000e+01 -3.08525e-03 2.84318e-03
1.72500e+01 -4.20255e-03 2.69537e-03
1.73000e+01 -4.15231e-03 2.65577e-03
1.73500e+01 -3.32931e-03 2.80643e-03
1.74000e+01 -2.29311e-03 3.05852e-03
1.74500e+01 -1.55699e-03 3.25709e-03
1.75000e+01 -1.41593e-03 3.29871e-03
1.75500e+01 -1.87009e-03 3.15625e-03
1.76000e+01 -2.66202e-03 2.86601e-03
1.76500e+01 -3.40387e-03 2.51539e-03
1.77000e+01 -3.74006e-03 2.22670e-03
1.77500e+01 -3.48149e-03 2.10026e-03
1.78000e+01 -2.66287e-03 2.12622e-03
1.78500e+01 -1.50703e-03 2.20240e-03
1.79000e+01 -3.16943e-04 2.25305e-03
1.79500e+01 6.56292e-04 2.28327e-03
1.80000e+01 1.31437e-03 2.33701e-03
1.80500e+01 1.75706e-03 2.41431e-03
1.81000e+01 2.17651e-03 2.46250e-03
1.81500e+01 2.79344e-03 2.42437e-03
1.82000e+01 3.72005e-03 2.31469e-03
1.82500e+01 4.87541e-03 2.23076e-03
1.83000e+01 5.97844e-03 2.27149e-03
1.83500e+01 6.62634e-03 2.42586e-03
1.84000e+01 6.43344e-03 2.59461e-03
1.84500e+01 5.18066e-03 2.70481e-03
1.85000e+01 2.92004e-03 2.75828e-03
1.85500e+01 -6.70519e-06 2.79718e-03
1.86000e+01 -3.04664e-03 2.83938e-03
1.86500e+01 -5.58769e-03 2.85251e-03
1.87000e+01 -7.13481e-03 2.79314e-03
1.87500e+01 -7.45182e-03 2.66152e-03
1.88000e+01 -6.62230e-03 2.51747e-03
1.88500e+01 -5.01066e-03 2.43732e-03
1.89000e+01 -3.13832e-03 2.43835e-03
1.89500e+01 -1.51773e-03 2.45975e-03
1.90000e+01 -4.99495e-04 2.42957e-03
1.90500e+01 -1.84291e-04 2.32893e-03
1.91000e+01 -4.14486e-04 2.21259e-03
1.91500e+01 -8.48295e-04 2.16797e-03
1.92000e+01 -1.09422e-03 2.22621e-03
1.92500e+01 -8.49767e-04 2.32591e-03
1.93000e+01 2.57334e-09 2.37741e-03
1.93500e+01 1.35338e-03 2.33148e-03
1.94000e+01 2.93622e-03 2.19591e-03
1.94500e+01 4.39829e-03 2.01823e-03
1.95000e+01 5.42477e-03 1.85581e-03
1.95500e+01 5.82450e-03 1.74919e-03
1.96000e+01 5.56810e-03 1.71475e-03
1.96500e+01 4.76949e-03 1.75560e-03
1.97000e+01 3.62448e-03 1.86761e-03
1.97500e+01 2.33420e-03 2.03249e-03
1.98000e+01 1.04307e-03 2.21522e-03
1.98500e+01 -1.87257e-04 2.37324e-03
1.99000e+01 -1.36291e-03 2.46818e-03
1.99500e+01 -2.51275e-03 2.47440e-03
2.00000e+01 -3.63582e-03 2.38634e-03
