# 		k		<chi>		std
0.00000e+00 -3.12903e-01 4.45103e-02
5.00000e-02 -3.11393e-01 4.39767e-02
1.00000e-01 -3.11944e-01 4.34468e-02
1.50000e-01 -3.13278e-01 4.23956e-02
2.00000e-01 -3.14583e-01 4.22116e-02
2.50000e-01 -3.15526e-01 4.37009e-02
3.00000e-01 -3.16001e-01 4.72241e-02
3.50000e-01 -3.14047e-01 5.40146e-02
4.00000e-01 -3.10602e-01 6.21176e-02
4.50000e-01 -3.02735e-01 7.20936e-02
5.00000e-01 -2.92153e-01 8.12774e-02
5.50000e-01 -2.76133e-01 8.97028e-02
6.00000e-01 -2.56238e-01 9.53165e-02
6.50000e-01 -2.30570e-01 9.77198e-02
7.00000e-01 -2.00189e-01 9.59532e-02
7.50000e-01 -1.64344e-01 8.95989e-02
8.00000e-01 -1.24696e-01 7.91884e-02
8.50000e-01 -8.24947e-02 6.51089e-02
9.00000e-01 -4.14549e-02 5.04672e-02
9.50000e-01 -5.53795e-03 3.93910e-02
1.00000e+00 1.97479e-02 3.90966e-02
1.05000e+00 2.88914e-02 4.82624e-02
1.10000e+00 1.81795e-02 5.86585e-02
1.15000e+00 -1.56808e-02 6.57579e-02
1.20000e+00 -6.94532e-02 6.65189e-02
1.25000e+00 -1.40366e-01 6.10664e-02
1.30000e+00 -2.16564e-01 5.04477e-02
1.35000e+00 -2.89493e-01 3.79806e-02
1.40000e+00 -3.44376e-01 2.95661e-02
1.45000e+00 -3.73174e-01 3.02109e-02
1.50000e+00 -3.68410e-01 3.54947e-02
1.55000e+00 -3.30222e-01 3.92100e-02
1.60000e+00 -2.64367e-01 3.83409e-02
1.65000e+00 -1.80250e-01 3.35414e-02
1.70000e+00 -9.19846e-02 2.65530e-02
1.75000e+00 -1.05695e-02 2.02297e-02
1.80000e+00 5.31970e-02 1.67338e-02
1.85000e+00 9.62379e-02 1.57925e-02
1.90000e+00 1.17348e-01 1.51170e-02
1.95000e+00 1.22641e-01 1.40821e-02
2.00000e+00 1.16241e-01 1.28415e-02
2.05000e+00 1.07811e-01 1.24374e-02
2.10000e+00 9.80237e-02 1.24206e-02
2.15000e+00 8.88028e-02 1.22796e-02
2.20000e+00 7.99583e-02 1.15912e-02
2.25000e+00 7.39096e-02 1.06061e-02
2.30000e+00 6.51635e-02 9.17190e-03
2.35000e+00 5.30310e-02 7.41060e-03
2.40000e+00 3.85020e-02 5.52067e-03
2.45000e+00 2.67588e-02 4.14034e-03
2.50000e+00 1.55399e-02 3.38223e-03
2.55000e+00 5.94896e-03 3.51892e-03
2.60000e+00 -1.19381e-03 4.17200e-03
2.65000e+00 -6.69450e-03 4.98187e-03
2.70000e+00 -1.00645e-02 5.57551e-03
2.75000e+00 -1.12991e-02 5.79306e-03
2.80000e+00 -1.06249e-02 5.56541e-03
2.85000e+00 -9.46186e-03 5.07123e-03
2.90000e+00 -6.93869e-03 4.14833e-03
2.95000e+00 -3.48416e-03 3.08129e-03
3.00000e+00 4.46703e-04 2.60625e-03
3.05000e+00 3.48272e-03 3.39762e-03
3.10000e+00 6.12637e-03 4.80142e-03
3.15000e+00 8.12904e-03 6.05720e-03
3.20000e+00 9.30385e-03 6.77508e-03
3.25000e+00 8.36710e-03 6.76445e-03
3.30000e+00 6.80853e-03 5.94651e-03
3.35000e+00 5.02823e-03 4.43719e-03
3.40000e+00 3.38488e-03 2.60238e-03
3.45000e+00 1.36557e-03 1.82377e-03
3.50000e+00 2.76597e-04 3.41576e-03
3.55000e+00 3.79207e-04 5.19047e-03
3.60000e+00 1.72215e-03 6.37284e-03
3.65000e+00 4.03092e-03 6.73731e-03
3.70000e+00 7.24963e-03 6.21099e-03
3.75000e+00 1.06750e-02 4.96826e-03
3.80000e+00 1.34278e-02 3.36990e-03
3.85000e+00 1.50231e-02 2.07905e-03
3.90000e+00 1.42957e-02 2.35936e-03
3.95000e+00 1.08725e-02 3.42505e-03
4.00000e+00 4.99077e-03 4.24426e-03
4.05000e+00 -2.54017e-03 4.63997e-03
4.10000e+00 -1.07556e-02 4.64200e-03
4.15000e+00 -1.81098e-02 4.44339e-03
4.20000e+00 -2.32117e-02 4.21371e-03
4.25000e+00 -2.54760e-02 3.99954e-03
4.30000e+00 -2.45169e-02 3.78262e-03
4.35000e+00 -2.08458e-02 3.50839e-03
4.40000e+00 -1.56171e-02 3.20218e-03
4.45000e+00 -1.05069e-02 3.02094e-03
4.50000e+00 -6.55075e-03 3.19206e-03
4.55000e+00 -4.55853e-03 3.80050e-03
4.60000e+00 -4.61274e-03 4.67505e-03
4.65000e+00 -6.17094e-03 5.57254e-03
4.70000e+00 -7.96156e-03 6.23194e-03
4.75000e+00 -8.60881e-03 6.48357e-03
4.80000e+00 -6.97667e-03 6.33102e-03
4.85000e+00 -2.73435e-03 6.09229e-03
4.90000e+00 4.09717e-03 6.35360e-03
4.95000e+00 1.26209e-02 7.52897e-03
5.00000e+00 2.14700e-02 9.28188e-03
5.05000e+00 2.91428e-02 1.09109e-02
5.10000e+00 3.46166e-02 1.18201e-02
5.15000e+00 3.72975e-02 1.16180e-02
5.20000e+00 3.72147e-02 1.02228e-02
5.25000e+00 3.48357e-02 7.99558e-03
5.30000e+00 3.08951e-02 6.06323e-03
5.35000e+00 2.59947e-02 6.37012e-03
5.40000e+00 2.04127e-02 8.65786e-03
5.45000e+00 1.39934e-02 1.09925e-02
5.50000e+00 6.60212e-03 1.23711e-02
5.55000e+00 -1.97220e-03 1.24902e-02
5.60000e+00 -1.15832e-02 1.15282e-02
5.65000e+00 -2.14609e-02 1.00209e-02
5.70000e+00 -3.04159e-02 8.81793e-03
5.75000e+00 -3.70745e-02 8.44194e-03
5.80000e+00 -4.02515e-02 8.60724e-03
5.85000e+00 -3.92315e-02 8.61947e-03
5.90000e+00 -3.45277e-02 8.17485e-03
5.95000e+00 -2.73791e-02 7.47959e-03
6.00000e+00 -1.95905e-02 7.07974e-03
6.05000e+00 -1.29456e-02 7.28725e-03
6.10000e+00 -8.85386e-03 7.79364e-03
6.15000e+00 -7.62003e-03 8.01550e-03
6.20000e+00 -8.46894e-03 7.66905e-03
6.25000e+00 -9.80095e-03 6.92472e-03
6.30000e+00 -9.73223e-03 6.36083e-03
6.35000e+00 -6.74704e-03 6.57009e-03
6.40000e+00 -2.44877e-04 7.49303e-03
6.45000e+00 9.20244e-03 8.61109e-03
6.50000e+00 1.99727e-02 9.57204e-03
6.55000e+00 2.98865e-02 1.02555e-02
6.60000e+00 3.66593e-02 1.06812e-02
6.65000e+00 3.88560e-02 1.08917e-02
6.70000e+00 3.61536e-02 1.10809e-02
6.75000e+00 2.93760e-02 1.16952e-02
6.80000e+00 2.01881e-02 1.30976e-02
6.85000e+00 1.05709e-02 1.49760e-02
6.90000e+00 2.25911e-03 1.63828e-02
6.95000e+00 -3.67688e-03 1.63048e-02
7.00000e+00 -6.99173e-03 1.42069e-02
7.05000e+00 -8.17880e-03 1.06396e-02
7.10000e+00 -8.05561e-03 9.05699e-03
7.15000e+00 -7.53458e-03 1.30282e-02
7.20000e+00 -7.26694e-03 1.89290e-02
7.25000e+00 -7.51319e-03 2.33710e-02
7.30000e+00 -8.18814e-03 2.48248e-02
7.35000e+00 -9.02215e-03 2.29095e-02
7.40000e+00 -9.74633e-03 1.83152e-02
7.45000e+00 -1.02180e-02 1.28996e-02
7.50000e+00 -1.04449e-02 9.92520e-03
7.55000e+00 -1.05190e-02 1.10807e-02
7.60000e+00 -1.05373e-02 1.29716e-02
7.65000e+00 -1.04585e-02 1.31820e-02
7.70000e+00 -1.01271e-02 1.16333e-02
7.75000e+00 -9.33352e-03 9.56666e-03
7.80000e+00 -7.90711e-03 8.74657e-03
7.85000e+00 -5.78970e-03 9.56310e-03
7.90000e+00 -3.05275e-03 1.06857e-02
7.95000e+00 1.45666e-04 1.12163e-02
8.00000e+00 3.63218e-03 1.11424e-02
8.05000e+00 7.25137e-03 1.07846e-02
8.10000e+00 1.08858e-02 1.03979e-02
8.15000e+00 1.43647e-02 9.97756e-03
8.20000e+00 1.73687e-02 9.52050e-03
8.25000e+00 1.93800e-02 9.15798e-03
8.30000e+00 1.97388e-02 8.97350e-03
8.35000e+00 1.78247e-02 8.78627e-03
8.40000e+00 1.33210e-02 8.27702e-03
8.45000e+00 6.46493e-03 7.34445e-03
8.50000e+00 -1.83019e-03 6.41938e-03
8.55000e+00 -1.00473e-02 6.44395e-03
8.60000e+00 -1.64391e-02 7.77824e-03
8.65000e+00 -1.94943e-02 9.61076e-03
8.70000e+00 -1.84281e-02 1.11273e-02
8.75000e+00 -1.34864e-02 1.19529e-02
8.80000e+00 -5.94237e-03 1.20328e-02
8.85000e+00 2.23860e-03 1.14924e-02
8.90000e+00 8.96936e-03 1.06472e-02
8.95000e+00 1.26605e-02 1.02232e-02
9.00000e+00 1.26790e-02 1.12078e-02
9.05000e+00 9.46753e-03 1.36326e-02
9.10000e+00 4.37711e-03 1.62115e-02
9.15000e+00 -8.63980e-04 1.74637e-02
9.20000e+00 -4.75372e-03 1.64193e-02
9.25000e+00 -6.49584e-03 1.30513e-02
9.30000e+00 -6.18783e-03 9.13314e-03
9.35000e+00 -4.66467e-03 9.53506e-03
9.40000e+00 -3.07715e-03 1.43474e-02
9.45000e+00 -2.38220e-03 1.87733e-02
9.50000e+00 -2.95050e-03 2.06654e-02
9.55000e+00 -4.44586e-03 1.95981e-02
9.60000e+00 -6.00222e-03 1.62891e-02
9.65000e+00 -6.64204e-03 1.23431e-02
9.70000e+00 -5.72666e-03 9.69784e-03
9.75000e+00 -3.26324e-03 9.04437e-03
9.80000e+00 6.80400e-05 9.00905e-03
9.85000e+00 3.18083e-03 8.51471e-03
9.90000e+00 5.03533e-03 7.68580e-03
9.95000e+00 5.08940e-03 7.02734e-03
1.00000e+01 3.55731e-03 6.77856e-03
1.00500e+01 1.39863e-03 7.16218e-03
1.01000e+01 -1.19578e-04 8.50918e-03
1.01500e+01 9.48672e-05 1.05314e-02
1.02000e+01 2.46670e-03 1.23268e-02
1.02500e+01 6.50434e-03 1.31007e-02
1.03000e+01 1.09004e-02 1.25970e-02
1.03500e+01 1.39604e-02 1.12095e-02
1.04000e+01 1.42122e-02 9.81799e-03
1.04500e+01 1.09731e-02 9.19857e-03
1.05000e+01 4.66599e-03 9.27773e-03
1.05500e+01 -3.24295e-03 9.39585e-03
1.06000e+01 -1.06705e-02 9.10847e-03
1.06500e+01 -1.55679e-02 8.35487e-03
1.07000e+01 -1.65750e-02 7.35314e-03
1.07500e+01 -1.34587e-02 6.67509e-03
1.08000e+01 -7.18873e-03 7.10581e-03
1.08500e+01 3.65830e-04 8.59900e-03
1.09000e+01 7.01262e-03 1.01689e-02
1.09500e+01 1.08915e-02 1.09147e-02
1.10000e+01 1.10001e-02 1.04659e-02
1.10500e+01 7.43017e-03 9.11698e-03
1.11000e+01 1.27221e-03 7.84359e-03
1.11500e+01 -5.76474e-03 7.75744e-03
1.12000e+01 -1.18708e-02 8.68134e-03
1.12500e+01 -1.56279e-02 9.48323e-03
1.13000e+01 -1.63344e-02 9.46945e-03
1.13500e+01 -1.40883e-02 8.59832e-03
1.14000e+01 -9.64138e-03 7.29861e-03
1.14500e+01 -4.10133e-03 6.33072e-03
1.15000e+01 1.40664e-03 6.40790e-03
1.15500e+01 6.01590e-03 7.40462e-03
1.16000e+01 9.26605e-03 8.57100e-03
1.16500e+01 1.11078e-02 9.32100e-03
1.17000e+01 1.17952e-02 9.41324e-03
1.17500e+01 1.17211e-02 8.91460e-03
1.18000e+01 1.12559e-02 8.12177e-03
1.18500e+01 1.06338e-02 7.39533e-03
1.19000e+01 9.90708e-03 6.93856e-03
1.19500e+01 8.96789e-03 6.71530e-03
1.20000e+01 7.61840e-03 6.59241e-03
1.20500e+01 5.62641e-03 6.47822e-03
1.21000e+01 2.91629e-03 6.26556e-03
1.21500e+01 -4.27628e-04 5.92626e-03
1.22000e+01 -4.13383e-03 5.63263e-03
1.22500e+01 -7.77180e-03 5.76477e-03
1.23000e+01 -1.08283e-02 6.48780e-03
1.23500e+01 -1.28184e-02 7.44245e-03
1.24000e+01 -1.34074e-02 8.11745e-03
1.24500e+01 -1.25099e-02 8.22908e-03
1.25000e+01 -1.03347e-02 7.82386e-03
1.25500e+01 -7.35343e-03 7.22698e-03
1.26000e+01 -4.19327e-03 6.83788e-03
1.26500e+01 -1.47811e-03 6.79652e-03
1.27000e+01 3.38310e-04 6.86966e-03
1.27500e+01 1.09520e-03 6.74347e-03
1.28000e+01 9.62480e-04 6.32043e-03
1.28500e+01 3.77850e-04 5.82159e-03
1.29000e+01 -9.97276e-05 5.69002e-03
1.29500e+01 2.58378e-05 6.15388e-03
1.30000e+01 1.02565e-03 6.89595e-03
1.30500e+01 2.87686e-03 7.42940e-03
1.31000e+01 5.21224e-03 7.45410e-03
1.31500e+01 7.51786e-03 6.98670e-03
1.32000e+01 9.26069e-03 6.30055e-03
1.32500e+01 1.00454e-02 5.75693e-03
1.33000e+01 9.71743e-03 5.52552e-03
1.33500e+01 8.38371e-03 5.46876e-03
1.34000e+01 6.35156e-03 5.37866e-03
1.34500e+01 4.01584e-03 5.20019e-03
1.35000e+01 1.73809e-03 5.02548e-03
1.35500e+01 -2.40414e-04 4.98969e-03
1.36000e+01 -1.82797e-03 5.18248e-03
1.36500e+01 -3.05496e-03 5.58258e-03
1.37000e+01 -4.01181e-03 6.02727e-03
1.37500e+01 -4.78462e-03 6.27263e-03
1.38000e+01 -5.41569e-03 6.12501e-03
1.38500e+01 -5.90069e-03 5.56663e-03
1.39000e+01 -6.21505e-03 4.82348e-03
1.39500e+01 -6.34863e-03 4.31185e-03
1.40000e+01 -6.32569e-03 4.31854e-03
1.40500e+01 -6.18641e-03 4.69151e-03
1.41000e+01 -5.97139e-03 5.08475e-03
1.41500e+01 -5.69639e-03 5.32771e-03
1.42000e+01 -5.29806e-03 5.38548e-03
1.42500e+01 -4.63019e-03 5.25779e-03
1.43000e+01 -3.50499e-03 4.97850e-03
1.43500e+01 -1.76970e-03 4.69039e-03
1.44000e+01 6.08682e-04 4.62991e-03
1.44500e+01 3.48460e-03 4.89608e-03
1.45000e+01 6.52904e-03 5.29053e-03
1.45500e+01 9.28754e-03 5.51954e-03
1.46000e+01 1.12875e-02 5.42608e-03
1.46500e+01 1.21616e-02 5.04595e-03
1.47000e+01 1.17482e-02 4.56766e-03
1.47500e+01 1.01343e-02 4.25312e-03
1.48000e+01 7.62894e-03 4.29254e-03
1.48500e+01 4.67618e-03 4.63397e-03
1.49000e+01 1.73689e-03 5.01376e-03
1.49500e+01 -8.21563e-04 5.15451e-03
1.50000e+01 -2.79534e-03 4.92157e-03
1.50500e+01 -4.16370e-03 4.43009e-03
1.51000e+01 -5.02222e-03 4.05053e-03
1.51500e+01 -5.54124e-03 4.16432e-03
1.52000e+01 -5.87764e-03 4.64106e-03
1.52500e+01 -6.11880e-03 5.01501e-03
1.53000e+01 -6.26444e-03 4.99622e-03
1.53500e+01 -6.24623e-03 4.59931e-03
1.54000e+01 -5.97233e-03 4.06654e-03
1.54500e+01 -5.37671e-03 3.68526e-03
1.55000e+01 -4.45480e-03 3.54721e-03
1.55500e+01 -3.27403e-03 3.52142e-03
1.56000e+01 -1.95863e-03 3.48477e-03
1.56500e+01 -6.56347e-04 3.43156e-03
1.57000e+01 5.00205e-04 3.40952e-03
1.57500e+01 1.42524e-03 3.47284e-03
1.58000e+01 2.09632e-03 3.69203e-03
1.58500e+01 2.55302e-03 4.09280e-03
1.59000e+01 2.88005e-03 4.54992e-03
1.59500e+01 3.18024e-03 4.82487e-03
1.60000e+01 3.54385e-03 4.71924e-03
1.60500e+01 4.05321e-03 4.21255e-03
1.61000e+01 4.63843e-03 3.56163e-03
1.61500e+01 5.21694e-03 3.28956e-03
1.62000e+01 5.65506e-03 3.67793e-03
1.62500e+01 5.79047e-03 4.33110e-03
1.63000e+01 5.46718e-03 4.78896e-03
1.63500e+01 4.57723e-03 4.87895e-03
1.64000e+01 3.09953e-03 4.65908e-03
1.64500e+01 1.12434e-03 4.30707e-03
1.65000e+01 -1.14679e-03 3.99771e-03
1.65500e+01 -3.43011e-03 3.80302e-03
1.66000e+01 -5.41375e-03 3.69190e-03
1.66500e+01 -6.82457e-03 3.61432e-03
1.67000e+01 -7.48944e-03 3.55299e-03
1.67500e+01 -7.37322e-03 3.50521e-03
1.68000e+01 -6.58154e-03 3.45562e-03
1.68500e+01 -5.32703e-03 3.38712e-03
1.69000e+01 -3.86945e-03 3.31120e-03
1.69500e+01 -2.44817e-03 3.26904e-03
1.70000e+01 -1.22763e-03 3.28591e-03
1.70500e+01 -2.97920e-04 3.32266e-03
1.71000e+01 4.03815e-04 3.31117e-03
1.71500e+01 9.79243e-04 3.20004e-03
1.72000e+01 1.53381e-03 3.01430e-03
1.72500e+01 2.13064e-03 2.84427e-03
1.73000e+01 2.76744e-03 2.76892e-03
1.73500e+01 3.38231e-03 2.78002e-03
1.74000e+01 3.88301e-03 2.80850e-03
1.74500e+01 4.18576e-03 2.80941e-03
1.75000e+01 4.24682e-03 2.78836e-03
1.75500e+01 4.07453e-03 2.76396e-03
1.76000e+01 3.71840e-03 2.73767e-03
1.76500e+01 3.24152e-03 2.71422e-03
1.77000e+01 2.68971e-03 2.72922e-03
1.77500e+01 2.07171e-03 2.81793e-03
1.78000e+01 1.35962e-03 2.95437e-03
1.78500e+01 5.09972e-04 3.06340e-03
1.79000e+01 -5.03195e-04 3.10255e-03
1.79500e+01 -1.65733e-03 3.11132e-03
1.80000e+01 -2.86620e-03 3.16565e-03
1.80500e+01 -4.00689e-03 3.27219e-03
1.81000e+01 -4.88758e-03 3.33859e-03
1.81500e+01 -5.35731e-03 3.26694e-03
1.82000e+01 -5.32791e-03 3.06253e-03
1.82500e+01 -4.79955e-03 2.86933e-03
1.83000e+01 -3.86117e-03 2.87220e-03
1.83500e+01 -2.66623e-03 3.08895e-03
1.84000e+01 -1.39232e-03 3.34909e-03
1.84500e+01 -1.98412e-04 3.48737e-03
1.85000e+01 8.07009e-04 3.44807e-03
1.85500e+01 1.57847e-03 3.26934e-03
1.86000e+01 2.12565e-03 3.02678e-03
1.86500e+01 2.49119e-03 2.78280e-03
1.87000e+01 2.72439e-03 2.57176e-03
1.87500e+01 2.86089e-03 2.41689e-03
1.88000e+01 2.91434e-03 2.33842e-03
1.88500e+01 2.88077e-03 2.33445e-03
1.89000e+01 2.75087e-03 2.37164e-03
1.89500e+01 2.52289e-03 2.41088e-03
1.90000e+01 2.20967e-03 2.43534e-03
1.90500e+01 1.84448e-03 2.45437e-03
1.91000e+01 1.44736e-03 2.47924e-03
1.91500e+01 1.03395e-03 2.51145e-03
1.92000e+01 6.02576e-04 2.54148e-03
1.92500e+01 1.35328e-04 2.55555e-03
1.93000e+01 -3.92098e-04 2.54071e-03
1.93500e+01 -9.94987e-04 2.49145e-03
1.94000e+01 -1.66455e-03 2.41984e-03
1.94500e+01 -2.35923e-03 2.35937e-03
1.95000e+01 -3.00636e-03 2.34852e-03
1.95500e+01 -3.51449e-03 2.39958e-03
1.96000e+01 -3.79306e-03 2.48747e-03
1.96500e+01 -3.77394e-03 2.57483e-03
1.97000e+01 -3.42848e-03 2.64203e-03
1.97500e+01 -2.77580e-03 2.69155e-03
1.98000e+01 -1.88043e-03 2.72926e-03
1.98500e+01 -8.40576e-04 2.74601e-03
1.99000e+01 2.29496e-04 2.72021e-03
1.99500e+01 1.21864e-03 2.63871e-03
2.00000e+01 2.03549e-03 2.51564e-03
