# 		k		<chi>		std
0.00000e+00 3.08114e-01 9.29627e-02
5.00000e-02 2.94309e-01 9.27284e-02
1.00000e-01 2.80910e-01 9.24416e-02
1.50000e-01 2.40213e-01 9.14586e-02
2.00000e-01 1.98989e-01 9.03144e-02
2.50000e-01 1.29309e-01 8.81039e-02
3.00000e-01 5.92359e-02 8.55779e-02
3.50000e-01 -3.81915e-02 8.17546e-02
4.00000e-01 -1.33323e-01 7.76637e-02
4.50000e-01 -2.48902e-01 7.24239e-02
5.00000e-01 -3.55191e-01 6.71876e-02
5.50000e-01 -4.67748e-01 6.11934e-02
6.00000e-01 -5.60363e-01 5.56004e-02
6.50000e-01 -6.40858e-01 5.01007e-02
7.00000e-01 -6.91199e-01 4.60458e-02
7.50000e-01 -7.13227e-01 4.40202e-02
8.00000e-01 -7.01023e-01 4.42688e-02
8.50000e-01 -6.53321e-01 4.62181e-02
9.00000e-01 -5.77739e-01 4.77128e-02
9.50000e-01 -4.72947e-01 4.75346e-02
1.00000e+00 -3.57517e-01 4.46934e-02
1.05000e+00 -2.31877e-01 3.96418e-02
1.10000e+00 -1.18763e-01 3.42588e-02
1.15000e+00 -2.04545e-02 3.11967e-02
1.20000e+00 4.64934e-02 3.17237e-02
1.25000e+00 8.10040e-02 3.40872e-02
1.30000e+00 8.20206e-02 3.47705e-02
1.35000e+00 5.37852e-02 3.25124e-02
1.40000e+00 1.16681e-02 2.74431e-02
1.45000e+00 -3.48387e-02 2.22274e-02
1.50000e+00 -6.59097e-02 2.06892e-02
1.55000e+00 -7.41605e-02 2.34792e-02
1.60000e+00 -5.30101e-02 2.62348e-02
1.65000e+00 -5.46257e-03 2.62608e-02
1.70000e+00 5.50946e-02 2.26082e-02
1.75000e+00 1.17428e-01 1.66837e-02
1.80000e+00 1.61396e-01 1.19902e-02
1.85000e+00 1.81002e-01 1.28470e-02
1.90000e+00 1.69035e-01 1.62628e-02
1.95000e+00 1.33302e-01 1.82397e-02
2.00000e+00 8.35351e-02 1.72477e-02
2.05000e+00 3.27483e-02 1.40138e-02
2.10000e+00 -3.86327e-03 9.99737e-03
2.15000e+00 -1.94316e-02 6.89427e-03
2.20000e+00 -1.69295e-02 5.38008e-03
2.25000e+00 -1.05681e-02 5.19546e-03
2.30000e+00 -1.73744e-03 5.44068e-03
2.35000e+00 4.65738e-03 5.36286e-03
2.40000e+00 5.83301e-03 4.77553e-03
2.45000e+00 6.34669e-03 4.39970e-03
2.50000e+00 4.09685e-03 3.92906e-03
2.55000e+00 -4.61779e-05 3.41644e-03
2.60000e+00 -4.77091e-03 2.89978e-03
2.65000e+00 -1.03268e-02 2.51764e-03
2.70000e+00 -1.52915e-02 2.18491e-03
2.75000e+00 -1.87973e-02 1.97015e-03
2.80000e+00 -2.04249e-02 1.88951e-03
2.85000e+00 -2.11956e-02 1.89847e-03
2.90000e+00 -1.96886e-02 1.90462e-03
2.95000e+00 -1.64064e-02 1.88703e-03
3.00000e+00 -1.20794e-02 1.92616e-03
3.05000e+00 -6.77394e-03 2.16091e-03
3.10000e+00 -2.00369e-03 2.52774e-03
3.15000e+00 1.65286e-03 2.87232e-03
3.20000e+00 4.05334e-03 3.04301e-03
3.25000e+00 5.25460e-03 2.91487e-03
3.30000e+00 5.75271e-03 2.60142e-03
3.35000e+00 6.22851e-03 2.34739e-03
3.40000e+00 7.15402e-03 2.41774e-03
3.45000e+00 8.55736e-03 2.77598e-03
3.50000e+00 1.03132e-02 3.08266e-03
3.55000e+00 1.18376e-02 3.10114e-03
3.60000e+00 1.24826e-02 2.81438e-03
3.65000e+00 1.17125e-02 2.41035e-03
3.70000e+00 9.36557e-03 2.37448e-03
3.75000e+00 5.75790e-03 2.88881e-03
3.80000e+00 1.51350e-03 3.55274e-03
3.85000e+00 -2.84296e-03 4.01539e-03
3.90000e+00 -6.55457e-03 4.01528e-03
3.95000e+00 -9.23973e-03 3.53305e-03
4.00000e+00 -1.08406e-02 2.75427e-03
4.05000e+00 -1.17784e-02 2.16023e-03
4.10000e+00 -1.20689e-02 2.34357e-03
4.15000e+00 -1.18271e-02 3.08937e-03
4.20000e+00 -1.10165e-02 3.78558e-03
4.25000e+00 -9.79975e-03 4.22137e-03
4.30000e+00 -7.61672e-03 4.34486e-03
4.35000e+00 -4.34755e-03 4.26368e-03
4.40000e+00 -8.76056e-05 4.11637e-03
4.45000e+00 4.62622e-03 3.97390e-03
4.50000e+00 9.60802e-03 3.77194e-03
4.55000e+00 1.43557e-02 3.43685e-03
4.60000e+00 1.84205e-02 2.98128e-03
4.65000e+00 2.14668e-02 2.62195e-03
4.70000e+00 2.33978e-02 2.67611e-03
4.75000e+00 2.40406e-02 3.24922e-03
4.80000e+00 2.32025e-02 4.06210e-03
4.85000e+00 2.07636e-02 4.82424e-03
4.90000e+00 1.64855e-02 5.35698e-03
4.95000e+00 1.03448e-02 5.59497e-03
5.00000e+00 2.62167e-03 5.56976e-03
5.05000e+00 -5.99519e-03 5.37361e-03
5.10000e+00 -1.45588e-02 5.13365e-03
5.15000e+00 -2.19926e-02 4.94200e-03
5.20000e+00 -2.73699e-02 4.82956e-03
5.25000e+00 -3.00797e-02 4.78233e-03
5.30000e+00 -3.02125e-02 4.83306e-03
5.35000e+00 -2.83084e-02 4.99498e-03
5.40000e+00 -2.51920e-02 5.25893e-03
5.45000e+00 -2.14982e-02 5.57724e-03
5.50000e+00 -1.78470e-02 5.90969e-03
5.55000e+00 -1.42511e-02 6.21665e-03
5.60000e+00 -1.03305e-02 6.47316e-03
5.65000e+00 -5.52814e-03 6.64994e-03
5.70000e+00 3.14121e-04 6.78491e-03
5.75000e+00 6.95925e-03 6.91211e-03
5.80000e+00 1.36014e-02 7.05057e-03
5.85000e+00 1.90359e-02 7.15655e-03
5.90000e+00 2.21460e-02 7.20964e-03
5.95000e+00 2.23306e-02 7.17389e-03
6.00000e+00 1.98259e-02 7.03713e-03
6.05000e+00 1.57007e-02 6.76485e-03
6.10000e+00 1.16402e-02 6.41313e-03
6.15000e+00 9.27131e-03 6.05412e-03
6.20000e+00 9.58022e-03 5.85883e-03
6.25000e+00 1.24874e-02 6.04328e-03
6.30000e+00 1.67865e-02 6.67211e-03
6.35000e+00 2.04950e-02 7.56635e-03
6.40000e+00 2.15101e-02 8.45146e-03
6.45000e+00 1.83457e-02 9.11053e-03
6.50000e+00 1.06872e-02 9.43298e-03
6.55000e+00 -5.20625e-04 9.37749e-03
6.60000e+00 -1.30438e-02 9.04152e-03
6.65000e+00 -2.43423e-02 8.55094e-03
6.70000e+00 -3.22373e-02 8.03234e-03
6.75000e+00 -3.55347e-02 7.57124e-03
6.80000e+00 -3.42942e-02 7.22809e-03
6.85000e+00 -2.96714e-02 7.11875e-03
6.90000e+00 -2.34164e-02 7.44156e-03
6.95000e+00 -1.72307e-02 8.32062e-03
7.00000e+00 -1.22222e-02 9.62946e-03
7.05000e+00 -8.61741e-03 1.10400e-02
7.10000e+00 -5.96661e-03 1.22332e-02
7.15000e+00 -3.34609e-03 1.29589e-02
7.20000e+00 1.03574e-04 1.30559e-02
7.25000e+00 4.78890e-03 1.24557e-02
7.30000e+00 1.05010e-02 1.12147e-02
7.35000e+00 1.65155e-02 9.59546e-03
7.40000e+00 2.18820e-02 8.18404e-03
7.45000e+00 2.57634e-02 7.80844e-03
7.50000e+00 2.76806e-02 8.73762e-03
7.55000e+00 2.75088e-02 1.02389e-02
7.60000e+00 2.55896e-02 1.14898e-02
7.65000e+00 2.22983e-02 1.20246e-02
7.70000e+00 1.79436e-02 1.17350e-02
7.75000e+00 1.27098e-02 1.08367e-02
7.80000e+00 6.73398e-03 9.84382e-03
7.85000e+00 2.62656e-04 9.37620e-03
7.90000e+00 -6.21835e-03 9.64052e-03
7.95000e+00 -1.19812e-02 1.01649e-02
8.00000e+00 -1.62205e-02 1.02883e-02
8.05000e+00 -1.83113e-02 9.61868e-03
8.10000e+00 -1.81737e-02 8.28668e-03
8.15000e+00 -1.63632e-02 6.87237e-03
8.20000e+00 -1.39723e-02 6.27117e-03
8.25000e+00 -1.22845e-02 6.83642e-03
8.30000e+00 -1.22938e-02 7.89091e-03
8.35000e+00 -1.42711e-02 8.72639e-03
8.40000e+00 -1.75576e-02 9.07233e-03
8.45000e+00 -2.06942e-02 8.97497e-03
8.50000e+00 -2.18691e-02 8.67872e-03
8.55000e+00 -1.94831e-02 8.55505e-03
8.60000e+00 -1.28894e-02 8.97472e-03
8.65000e+00 -2.61551e-03 9.97436e-03
8.70000e+00 9.68924e-03 1.11717e-02
8.75000e+00 2.17020e-02 1.20139e-02
8.80000e+00 3.11005e-02 1.20359e-02
8.85000e+00 3.62281e-02 1.10205e-02
8.90000e+00 3.65237e-02 9.14559e-03
8.95000e+00 3.25796e-02 7.24823e-03
9.00000e+00 2.58291e-02 6.96776e-03
9.05000e+00 1.80044e-02 8.81245e-03
9.10000e+00 1.05253e-02 1.11943e-02
9.15000e+00 4.17725e-03 1.28441e-02
9.20000e+00 -9.94424e-04 1.32310e-02
9.25000e+00 -5.45898e-03 1.23261e-02
9.30000e+00 -9.79393e-03 1.04786e-02
9.35000e+00 -1.42820e-02 8.31953e-03
9.40000e+00 -1.86828e-02 6.63912e-03
9.45000e+00 -2.22704e-02 6.02479e-03
9.50000e+00 -2.41118e-02 6.27504e-03
9.55000e+00 -2.34659e-02 6.75269e-03
9.60000e+00 -2.01096e-02 7.10560e-03
9.65000e+00 -1.45489e-02 7.31353e-03
9.70000e+00 -7.88671e-03 7.47229e-03
9.75000e+00 -1.49421e-03 7.63526e-03
9.80000e+00 3.41452e-03 7.76052e-03
9.85000e+00 6.14533e-03 7.76193e-03
9.90000e+00 6.69584e-03 7.59799e-03
9.95000e+00 5.68461e-03 7.31605e-03
1.00000e+01 4.07918e-03 7.01235e-03
1.00500e+01 2.83390e-03 6.73734e-03
1.01000e+01 2.58414e-03 6.46633e-03
1.01500e+01 3.48367e-03 6.15314e-03
1.02000e+01 5.23591e-03 5.82607e-03
1.02500e+01 7.28365e-03 5.57886e-03
1.03000e+01 9.06044e-03 5.47505e-03
1.03500e+01 1.01970e-02 5.51973e-03
1.04000e+01 1.06072e-02 5.75182e-03
1.04500e+01 1.04347e-02 6.25745e-03
1.05000e+01 9.90343e-03 7.00089e-03
1.05500e+01 9.14954e-03 7.73416e-03
1.06000e+01 8.11577e-03 8.14535e-03
1.06500e+01 6.55522e-03 8.05893e-03
1.07000e+01 4.14321e-03 7.53586e-03
1.07500e+01 6.48740e-04 6.83671e-03
1.08000e+01 -3.90602e-03 6.23997e-03
1.08500e+01 -9.16405e-03 5.82495e-03
1.09000e+01 -1.44636e-02 5.49555e-03
1.09500e+01 -1.89721e-02 5.24607e-03
1.10000e+01 -2.18791e-02 5.25787e-03
1.10500e+01 -2.26306e-02 5.63854e-03
1.11000e+01 -2.09201e-02 6.18884e-03
1.11500e+01 -1.68732e-02 6.67334e-03
1.12000e+01 -1.09739e-02 7.08573e-03
1.12500e+01 -3.96291e-03 7.58931e-03
1.13000e+01 3.29427e-03 8.20757e-03
1.13500e+01 9.93774e-03 8.66380e-03
1.14000e+01 1.52238e-02 8.58538e-03
1.14500e+01 1.86092e-02 7.80684e-03
1.15000e+01 1.98094e-02 6.56509e-03
1.15500e+01 1.88299e-02 5.55813e-03
1.16000e+01 1.59661e-02 5.51844e-03
1.16500e+01 1.17621e-02 6.20984e-03
1.17000e+01 6.92549e-03 6.82648e-03
1.17500e+01 2.20645e-03 6.96968e-03
1.18000e+01 -1.73784e-03 6.71613e-03
1.18500e+01 -4.46155e-03 6.37001e-03
1.19000e+01 -5.80103e-03 6.16246e-03
1.19500e+01 -5.87919e-03 6.08257e-03
1.20000e+01 -5.04413e-03 6.00243e-03
1.20500e+01 -3.77785e-03 5.87543e-03
1.21000e+01 -2.49453e-03 5.70198e-03
1.21500e+01 -1.56290e-03 5.47433e-03
1.22000e+01 -1.20710e-03 5.16384e-03
1.22500e+01 -1.49223e-03 4.83224e-03
1.23000e+01 -2.34529e-03 4.68150e-03
1.23500e+01 -3.59450e-03 4.87266e-03
1.24000e+01 -5.01027e-03 5.29007e-03
1.24500e+01 -6.33751e-03 5.65591e-03
1.25000e+01 -7.31801e-03 5.80313e-03
1.25500e+01 -7.70938e-03 5.78820e-03
1.26000e+01 -7.30882e-03 5.82972e-03
1.26500e+01 -5.98712e-03 6.09001e-03
1.27000e+01 -3.72976e-03 6.46346e-03
1.27500e+01 -6.73402e-04 6.63943e-03
1.28000e+01 2.87983e-03 6.33892e-03
1.28500e+01 6.48619e-03 5.50682e-03
1.29000e+01 9.62829e-03 4.46999e-03
1.29500e+01 1.18178e-02 4.02876e-03
1.30000e+01 1.27071e-02 4.66697e-03
1.30500e+01 1.21912e-02 5.67559e-03
1.31000e+01 1.03920e-02 6.26891e-03
1.31500e+01 7.66345e-03 6.18741e-03
1.32000e+01 4.47571e-03 5.62943e-03
1.32500e+01 1.29198e-03 5.10820e-03
1.33000e+01 -1.53660e-03 5.03589e-03
1.33500e+01 -3.82312e-03 5.23989e-03
1.34000e+01 -5.53205e-03 5.26091e-03
1.34500e+01 -6.71719e-03 4.90642e-03
1.35000e+01 -7.44608e-03 4.36059e-03
1.35500e+01 -7.74842e-03 3.98432e-03
1.36000e+01 -7.61008e-03 3.91824e-03
1.36500e+01 -7.00806e-03 3.95262e-03
1.37000e+01 -5.96069e-03 3.92285e-03
1.37500e+01 -4.56124e-03 3.95280e-03
1.38000e+01 -2.97425e-03 4.24027e-03
1.38500e+01 -1.39559e-03 4.70376e-03
1.39000e+01 3.53952e-06 5.04398e-03
1.39500e+01 1.12202e-03 5.04366e-03
1.40000e+01 1.94448e-03 4.70736e-03
1.40500e+01 2.51672e-03 4.26260e-03
1.41000e+01 2.93932e-03 3.98804e-03
1.41500e+01 3.31809e-03 3.98113e-03
1.42000e+01 3.70147e-03 4.05630e-03
1.42500e+01 4.06223e-03 3.98924e-03
1.43000e+01 4.31472e-03 3.72840e-03
1.43500e+01 4.35535e-03 3.42800e-03
1.44000e+01 4.10619e-03 3.34405e-03
1.44500e+01 3.54501e-03 3.57946e-03
1.45000e+01 2.71415e-03 3.96621e-03
1.45500e+01 1.70947e-03 4.27709e-03
1.46000e+01 6.55810e-04 4.39066e-03
1.46500e+01 -3.24157e-04 4.29700e-03
1.47000e+01 -1.14044e-03 4.05339e-03
1.47500e+01 -1.75806e-03 3.74007e-03
1.48000e+01 -2.20290e-03 3.42814e-03
1.48500e+01 -2.54542e-03 3.16139e-03
1.49000e+01 -2.86476e-03 2.95370e-03
1.49500e+01 -3.20578e-03 2.80477e-03
1.50000e+01 -3.54894e-03 2.72317e-03
1.50500e+01 -3.79190e-03 2.74191e-03
1.51000e+01 -3.84050e-03 2.86508e-03
1.51500e+01 -3.62782e-03 3.06773e-03
1.52000e+01 -3.12960e-03 3.29009e-03
1.52500e+01 -2.36659e-03 3.47056e-03
1.53000e+01 -1.39184e-03 3.57001e-03
1.53500e+01 -2.72536e-04 3.57287e-03
1.54000e+01 9.22690e-04 3.48025e-03
1.54500e+01 2.12482e-03 3.31445e-03
1.55000e+01 3.25557e-03 3.13136e-03
1.55500e+01 4.21724e-03 3.00848e-03
1.56000e+01 4.89273e-03 2.98619e-03
1.56500e+01 5.16275e-03 3.02092e-03
1.57000e+01 4.93905e-03 3.03251e-03
1.57500e+01 4.20277e-03 2.99523e-03
1.58000e+01 3.03113e-03 2.96773e-03
1.58500e+01 1.59731e-03 3.02386e-03
1.59000e+01 1.37114e-04 3.14724e-03
1.59500e+01 -1.11094e-03 3.23037e-03
1.60000e+01 -1.97337e-03 3.17632e-03
1.60500e+01 -2.39211e-03 2.98072e-03
1.61000e+01 -2.46425e-03 2.72492e-03
1.61500e+01 -2.37017e-03 2.51585e-03
1.62000e+01 -2.30559e-03 2.40064e-03
1.62500e+01 -2.40043e-03 2.36083e-03
1.63000e+01 -2.66362e-03 2.37844e-03
1.63500e+01 -2.97603e-03 2.45965e-03
1.64000e+01 -3.13544e-03 2.59670e-03
1.64500e+01 -2.93746e-03 2.75506e-03
1.65000e+01 -2.26206e-03 2.90854e-03
1.65500e+01 -1.13270e-03 3.05497e-03
1.66000e+01 2.75311e-04 3.18198e-03
1.66500e+01 1.68160e-03 3.23332e-03
1.67000e+01 2.78684e-03 3.13290e-03
1.67500e+01 3.36769e-03 2.85542e-03
1.68000e+01 3.34711e-03 2.49745e-03
1.68500e+01 2.81546e-03 2.29091e-03
1.69000e+01 1.99606e-03 2.41048e-03
1.69500e+01 1.16816e-03 2.71469e-03
1.70000e+01 5.74990e-04 2.93512e-03
1.70500e+01 3.68564e-04 2.93336e-03
1.71000e+01 5.25783e-04 2.75573e-03
1.71500e+01 8.83178e-04 2.58322e-03
1.72000e+01 1.20792e-03 2.57570e-03
1.72500e+01 1.28600e-03 2.69835e-03
1.73000e+01 9.96941e-04 2.78797e-03
1.73500e+01 3.49848e-04 2.74020e-03
1.74000e+01 -5.28504e-04 2.57056e-03
1.74500e+01 -1.44464e-03 2.37041e-03
1.75000e+01 -2.20641e-03 2.22087e-03
1.75500e+01 -2.68215e-03 2.13034e-03
1.76000e+01 -2.83103e-03 2.06282e-03
1.76500e+01 -2.69756e-03 2.00996e-03
1.77000e+01 -2.37731e-03 2.00681e-03
1.77500e+01 -1.97060e-03 2.08174e-03
1.78000e+01 -1.54376e-03 2.21320e-03
1.78500e+01 -1.11199e-03 2.34732e-03
1.79000e+01 -6.47973e-04 2.43700e-03
1.79500e+01 -1.09796e-04 2.45671e-03
1.80000e+01 5.25324e-04 2.40000e-03
1.80500e+01 1.23767e-03 2.28042e-03
1.81000e+01 1.96230e-03 2.12484e-03
1.81500e+01 2.58912e-03 1.98429e-03
1.82000e+01 2.99913e-03 1.90930e-03
1.82500e+01 3.10134e-03 1.91821e-03
1.83000e+01 2.86189e-03 1.98830e-03
1.83500e+01 2.31563e-03 2.08216e-03
1.84000e+01 1.55690e-03 2.17368e-03
1.84500e+01 7.13766e-04 2.25121e-03
1.85000e+01 -8.51102e-05 2.30617e-03
1.85500e+01 -7.40110e-04 2.32280e-03
1.86000e+01 -1.19852e-03 2.27918e-03
1.86500e+01 -1.45696e-03 2.16068e-03
1.87000e+01 -1.55027e-03 1.97838e-03
1.87500e+01 -1.53245e-03 1.78009e-03
1.88000e+01 -1.45714e-03 1.63763e-03
1.88500e+01 -1.36334e-03 1.59769e-03
1.89000e+01 -1.26970e-03 1.63797e-03
1.89500e+01 -1.17678e-03 1.69832e-03
1.90000e+01 -1.07442e-03 1.73998e-03
1.90500e+01 -9.51948e-04 1.76245e-03
1.91000e+01 -7.97542e-04 1.77599e-03
1.91500e+01 -6.07804e-04 1.78817e-03
1.92000e+01 -3.84316e-04 1.79946e-03
1.92500e+01 -1.30724e-04 1.80710e-03
1.93000e+01 1.49624e-04 1.80106e-03
1.93500e+01 4.53698e-04 1.76106e-03
1.94000e+01 7.76074e-04 1.67151e-03
1.94500e+01 1.10463e-03 1.54947e-03
1.95000e+01 1.41690e-03 1.45699e-03
1.95500e+01 1.67949e-03 1.45913e-03
1.96000e+01 1.85195e-03 1.54679e-03
1.96500e+01 1.89487e-03 1.64534e-03
1.97000e+01 1.78027e-03 1.70022e-03
1.97500e+01 1.50084e-03 1.71915e-03
1.98000e+01 1.07495e-03 1.74644e-03
1.98500e+01 5.45089e-04 1.80146e-03
1.99000e+01 -3.00402e-05 1.84942e-03
1.99500e+01 -5.87728e-04 1.84093e-03
2.00000e+01 -1.07381e-03 1.76492e-03
